-1.837872919722830716e+02 0.000000000000000000e+00 0.000000000000000000e+00 0.000000000000000000e+00 2.658533217257963476e-14 0.000000000000000000e+00 6.864338900890931966e-14 0.000000000000000000e+00 7.681979238110637171e-14 0.000000000000000000e+00 6.748200841563957577e-14 0.000000000000000000e+00 3.507168814121481235e-14 3.377776869050522509e+04
-1.837872919722830716e+02 0.000000000000000000e+00 0.000000000000000000e+00 0.000000000000000000e+00 2.658533217257963476e-14 0.000000000000000000e+00 6.864338900890931966e-14 0.000000000000000000e+00 7.681979238110637171e-14 0.000000000000000000e+00 6.748200841563957577e-14 0.000000000000000000e+00 3.507168814121481235e-14 3.377776869050522509e+04
-1.837872919722830716e+02 0.000000000000000000e+00 0.000000000000000000e+00 0.000000000000000000e+00 2.658533217257963476e-14 0.000000000000000000e+00 6.864338900890931966e-14 0.000000000000000000e+00 7.681979238110637171e-14 0.000000000000000000e+00 6.748200841563957577e-14 0.000000000000000000e+00 3.507168814121481235e-14 3.377776869050522509e+04
-1.837872919722830716e+02 0.000000000000000000e+00 0.000000000000000000e+00 0.000000000000000000e+00 2.658533217257963476e-14 0.000000000000000000e+00 6.864338900890931966e-14 0.000000000000000000e+00 7.681979238110637171e-14 0.000000000000000000e+00 6.748200841563957577e-14 0.000000000000000000e+00 3.507168814121481235e-14 3.377776869050522509e+04
-1.837872919722830716e+02 0.000000000000000000e+00 0.000000000000000000e+00 0.000000000000000000e+00 2.658533217257963476e-14 0.000000000000000000e+00 6.864338900890931966e-14 0.000000000000000000e+00 7.681979238110637171e-14 0.000000000000000000e+00 6.748200841563957577e-14 0.000000000000000000e+00 3.507168814121481235e-14 3.377776869050522509e+04
-1.837872919722830716e+02 0.000000000000000000e+00 0.000000000000000000e+00 0.000000000000000000e+00 2.658533217257963476e-14 0.000000000000000000e+00 6.864338900890931966e-14 0.000000000000000000e+00 7.681979238110637171e-14 0.000000000000000000e+00 6.748200841563957577e-14 0.000000000000000000e+00 3.507168814121481235e-14 3.377776869050522509e+04
-5.385423237603017554e+01 -1.887120857996894552e-01 -2.323563068707360202e+01 1.298722052799126558e+01 -2.409581598493348764e+01 1.166179471789743083e+01 -2.474190230482750863e+01 2.518578110062011177e+01 -2.153646866000164195e+01 1.375770855545645688e+01 2.820419673199368593e-01 5.295530755560318159e-01 7.439047109766026011e-01 6.225974886253964542e+03
-5.174863861871492077e+01 -4.526618438297650648e+00 -1.048241561786417009e+01 3.192081089877380506e+01 -1.725961175210530552e-01 1.444010275622688155e+01 -2.068418523418865895e+00 2.871709484989137451e+01 -8.832049861175425010e-01 9.084006467804307761e+00 -5.308422612053965928e+00 -1.341690332683237941e+01 -1.446628318187276818e+01 5.365492546995541488e+03
-5.289522611251354789e+01 -1.953412324237597142e+00 -1.819433352579077834e+01 3.116400615213125391e+01 -6.333524875230836848e+00 2.965400154285762468e+01 -1.377246960890078364e+00 4.202627089246833947e+01 -2.328327206093462109e+00 1.634128900341714541e+01 -6.844182209160409869e+00 2.659866296985591738e+00 -1.361966571245672997e+00 7.119758921910644858e+03
-5.066008946562686788e+01 -3.873116601554139393e+00 -1.212756995706383201e+01 2.790184241700717038e+01 -8.747279661464741451e+00 2.058191567423326873e+01 -1.626911029223927940e+01 2.196707981600927795e+01 -1.291394478580489746e+01 1.155108634400802536e+01 2.143110684853839931e+00 -1.208233912415512590e+00 -5.063360878715839952e+00 5.086291101482925114e+03
-5.197474677964439849e+01 -3.674638419999014527e+00 -1.421054771030480346e+01 3.849487710624468662e+01 -8.559524639764299891e+00 1.448655303110708203e+01 -1.635406146855978449e+01 3.665071723770141432e+01 -8.850190246206441458e+00 1.821109053957069790e+01 -1.538767929348823449e+00 6.520761061869481345e+00 8.734709786961635913e+00 6.823681553978120974e+03
-4.953944877879662556e+01 -7.407119690782807631e+00 -1.602795017519256504e+01 4.070600170802237727e+01 -7.175680745414719786e-01 1.664523477820502251e+01 7.126209781074661631e-01 2.854856725256610517e+01 -6.247139431854452418e+00 9.892299603025763943e+00 5.216459349747517571e+00 7.315421548801173124e-01 -5.645611003980516962e+00 5.712507303085724743e+03
-4.856882663144799750e+01 -9.644806661342512299e+00 -1.992243888625637993e+01 3.846882926229738331e+01 -7.503420149388851712e+00 1.105804545708346254e+01 -1.096306974470632412e+00 2.130478478991598479e+01 -1.145329029456233805e+01 1.739466835817309320e+00 3.528592612418075980e+00 2.600610648079501708e+00 -5.422703609038449502e-01 5.116096841230878454e+03
-4.906857074566034527e+01 -9.222539232786212793e+00 -2.319147072352985717e+01 4.194079162838222175e+01 -1.781009865645938461e+01 2.261539112743891877e+01 -1.376770185714739725e+01 2.217004794694140557e+01 5.851008123810075290e+00 5.852656464090448374e+00 5.066138068337980194e+00 -5.591414893727444380e+00 -2.051611700313302578e+01 6.845698968133769085e+03
-4.811153927624594928e+01 -7.280606360235228891e+00 -3.046461786383503068e+01 4.417776969791469099e+01 -2.262875013909543753e+01 2.800252117296262711e+01 -9.082511215120900872e+00 4.569419550512068184e+01 -1.345204665072967209e+00 1.730082870991439847e+01 -2.519646583908098147e+00 -1.212285173188652365e+01 -1.399294968299944486e+01 9.364391798799550088e+03
-4.787780853749919885e+01 -1.117185888313663611e+01 -2.514013885152892414e+01 3.449343822317834451e+01 -1.385135527254262300e+01 2.018729119243928238e+01 -8.181077961342094751e-01 3.195082072483051405e+01 -2.102115076723571896e+00 2.171720010098216491e+01 7.409934942451894102e+00 -7.189487331306464668e+00 6.463092008063685334e+00 6.484252947384380604e+03
-5.003690204342789372e+01 -1.050461403836406937e+01 -2.288055414874520821e+01 4.096174664973124635e+01 -1.288234481337403636e+01 1.752225239154292780e+01 1.178403286894158297e+00 3.058976588135059416e+01 -5.706801735243269391e+00 1.359933797068539008e+01 5.952821520442692638e+00 -1.838090484831868565e+01 3.800723063769505305e+00 6.830778298885987169e+03
-5.146935439772179421e+01 -3.242621096352172216e+00 -2.681329324031460715e+01 5.443589106455743121e+01 -2.020262485930728502e+01 3.025365737870423288e+01 -1.304261977744524970e+01 3.761245699481675331e+01 -1.482246026685597862e+01 9.537618228914624297e+00 8.191604457057353628e+00 -6.955941104913797801e+00 -8.231643040865576078e-01 9.676901241466612191e+03
-5.055693525249639464e+01 -5.450271927484704904e+00 -2.256114217595340321e+01 3.463591972915499184e+01 -1.781559379147017452e+01 1.982808561733481056e+01 -4.513682657727988712e+00 1.982741341335362151e+01 -1.239622358955784653e+00 3.509388426446676146e+00 7.540349868369037090e+00 -1.021240398462854593e+01 1.443745211373675374e+01 5.801851818706044469e+03
-5.029414307536576700e+01 -7.486233067119861140e+00 -2.166825742983843739e+01 2.747620495027648602e+01 -1.271203810987850602e+01 2.085684180630558160e+01 -1.052187442785153415e+01 1.995548068364465166e+01 -1.504457356580694416e+01 -9.127601709449367773e-01 -2.369705955698667488e+00 5.223888088731865054e-03 -3.069286412962639599e+00 5.157742923163915293e+03
-4.985630047599378400e+01 -1.010462198193442696e+01 -2.337572421841035819e+01 2.541142576125977115e+01 -1.352351513520874882e+01 2.079423046181851120e+01 -1.617753469441077030e+01 2.677762304851679787e+01 -3.651658273324377202e+00 1.934651272500422792e+01 3.499087731925903721e+00 4.626665091942330221e+00 4.273935393376862457e+00 5.813496662873686546e+03
-5.061460644326938052e+01 -1.203806536209311950e+01 -2.020751485922402324e+01 2.390461350945676955e+01 -3.651221893037231325e+00 2.218427837163270411e+01 -8.621338341326465482e+00 1.527677265220010661e+01 -5.355554125700770385e+00 1.599198675464346309e+01 1.353779284684602402e+01 5.360058979170225335e+00 7.174457704463710339e-02 4.996141307598891217e+03
-5.102419178663223676e+01 -4.947125318992152465e+00 -3.235345734367184889e+01 2.979402023605162242e+01 -1.250415225433674138e+01 3.667013458743786458e+01 -2.295740821230129214e+01 1.970527364344783550e+01 -3.096582687487360275e+01 2.476677592099842329e+01 3.068520004136032764e+00 -2.390799263040229494e+00 -3.580723057270434939e+00 8.578993973076127077e+03
-4.916881193835660468e+01 -5.333783028939202531e+00 -2.396279750088941540e+01 2.188534353479434813e+01 -1.779208650421751026e+00 3.237919146911002599e+01 -4.742890397044921436e+00 1.045179869151056096e+01 -2.455229964656012598e+01 -3.939967564450500559e-01 6.847470304723583645e+00 -4.283376777616036968e+00 -8.458444490197710053e+00 5.422269064120555413e+03
-4.950458126781615675e+01 -9.074438383789500406e+00 -2.519831954521341544e+01 1.663203470952793239e+01 2.479263933216744764e+00 2.908326227858959356e+01 -3.142634874693527980e+00 1.319857363038268439e+01 -2.049949168710352865e+01 1.166176629840895984e+01 1.029083642622391359e+01 2.990354846873260808e+00 5.241968261309748467e-01 5.152034550615061562e+03
-5.064170601197890420e+01 -7.251356187546533327e+00 -1.863565557368258041e+01 1.933205174554032268e+01 -1.205430174740094351e+01 2.780069508031775172e+01 -4.613421451249752891e+00 1.759301566027517438e+01 -9.719126503581083654e+00 1.410516703700064411e+01 1.314405565907786233e+01 5.741003667879070349e+00 -1.649045820788532124e+00 5.089024964328179522e+03
-5.158576326220852337e+01 -5.137507353679840350e+00 -2.887709468254520928e+01 2.684065430259634510e+01 -1.534236634075114658e+01 3.384362974411199332e+01 -1.171286310614470949e+01 2.527512497017095683e+01 -1.451598170403725696e+01 1.409195110669386963e+01 -1.044096155284626848e+00 6.672068858171259720e+00 -4.168793007071544210e+00 6.870877143032165804e+03
-5.145813853451595321e+01 -4.199193566771056041e+00 -2.888599684623667585e+01 3.375615626515713785e+01 -2.013879678373460180e+01 3.889163713005807921e+01 -1.925498288648312339e+01 2.353932174206767414e+01 -1.985910976922850324e+01 1.416418227098071903e+01 5.851109445113623631e-01 5.080247621170802752e+00 -3.164600320113080123e+00 8.113611022362847507e+03
-4.993848368635148205e+01 -8.072771077324395250e+00 -2.557272230557197901e+01 3.592479375028617028e+01 -7.287924905229276717e+00 2.690330946141053658e+01 -1.137285209569230382e+01 9.405831513687664014e+00 -3.179402316230881453e+01 -1.750813576858543996e+00 9.573656079709090605e+00 1.362878752644200731e+01 -2.247902480688444005e+00 6.794667121294912249e+03
-4.922079234031121331e+01 -1.314466644122669337e+01 -3.423036754485686117e+01 2.747769221220972469e+01 -1.207747010996458847e+01 2.874428679498090844e+01 2.563305472954694242e+00 1.278964597600873709e+01 -2.017475987782176361e+01 3.266068751811665560e+00 4.343651596013774707e+00 3.869338996245949236e+00 -1.750383347449163463e+00 6.119046249310364146e+03
-4.918654206807017459e+01 -4.047855791742050791e+00 -3.328833149806881408e+01 4.306923569884363445e+01 -1.202186453945301459e+01 3.277838840440553980e+01 -5.565707354022613629e+00 2.001663573671197582e+01 -1.039001827646559128e+01 -4.276597626870183300e-01 9.527829462770371904e+00 -4.997057282868775374e+00 9.524983542032405381e+00 7.363974712588311377e+03
-4.881385910725475696e+01 -1.061446414600968602e+01 -3.324271510700156540e+01 3.550679517524871187e+01 -7.551778945165690260e+00 3.281353792370750000e+01 8.538389710275074762e+00 2.101006037100600210e+01 -3.020621968284224135e+00 2.032748708631401335e+00 1.899578799861003731e+01 2.743193909649481732e-01 2.809226810181222334e-01 6.883605028054094873e+03
-4.668778292117491446e+01 -9.045756693249089153e+00 -2.234191607039152316e+01 3.726549189462205902e+01 -1.754518853612082374e+00 2.797338896176834311e+01 3.665675848548923810e+00 1.346432486574837917e+01 -1.366957596553008969e+01 -1.701873171590426281e+00 6.601391908077347104e+00 5.458221596555773658e+00 -8.715943841586848428e-01 5.393650852285093606e+03
-4.867686245856159388e+01 -6.830191975338558485e+00 -3.047437792207017182e+01 3.579488173593600209e+01 -1.541727232691664362e+01 3.684282577928283331e+01 -6.954978485991981429e+00 2.451138520583933555e+01 -2.721226973419769024e+01 7.170170306938335791e+00 -1.704003771804234735e-01 -4.565711008510925595e+00 -9.848199859681866286e+00 7.780096317406303569e+03
-4.967789758309879744e+01 -4.948045553574966782e+00 -2.580349282400268152e+01 4.324308456031902637e+01 -1.983003263920081594e+01 3.034283695618174903e+01 -1.416138413540092955e+01 1.695328828128944565e+01 -1.058173049527532683e+01 7.820389239393558789e+00 1.053095204540602126e+01 -4.069053439872626576e+00 -6.718856545659711577e-01 7.131079085828710049e+03
-4.889465291558209259e+01 -8.090514995551787436e+00 -2.205984152138309540e+01 3.183457284221747585e+01 1.304401139272802990e+00 2.770759380605373323e+01 4.547552919462969356e+00 1.703855503152288264e+01 -1.459013507884987426e+01 -9.589488682107848438e-01 1.210803967188454955e+00 -2.743274515352568610e+00 -7.518724470410503846e-02 5.259413843580665343e+03
-5.008226873762406939e+01 -5.861526050393901954e+00 -2.343443943089656756e+01 3.612250490590572127e+01 -9.766633783623746012e+00 2.039872074459404061e+01 -8.813244076447261932e+00 1.436754028976060660e+01 -1.311698278314560540e+01 -1.069217787100789785e+01 4.763433546182665346e+00 -3.634761825717759187e+00 4.537478505566717502e+00 5.535062279098548970e+03
-5.128006707440972889e+01 -6.967056630873839751e+00 -2.241838041114458946e+01 3.963775112946447621e+01 -1.269312838370387375e+01 2.667550690025815641e+01 -1.237273879160652790e+01 3.157134927783080869e+01 -1.412764148701553957e+01 1.353432493449612695e+00 -6.076272927495926623e+00 -1.852908481667099760e+00 -5.965623889014747050e+00 7.051818253508943599e+03
-5.021212507596600716e+01 -5.166252081824055153e+00 -1.858138682601692082e+01 3.672921537429404282e+01 -7.900982119282900840e+00 2.258922800138331866e+01 -1.153724002320209152e+01 3.012240423179155258e+01 -1.342528426515566942e+01 5.545920835764639456e+00 -2.625950413942599759e+00 5.712961080268128100e+00 -1.243831432270505388e+01 6.260657446399255605e+03
-5.059966114312481977e+01 -1.075863291419797285e+01 -1.518666457565077899e+01 3.267540183268432230e+01 -2.163598073715483849e+00 1.967143881240842163e+01 -4.232956835496587189e+00 2.476030140368051846e+01 -3.309559264528654232e+00 1.678270320897318868e+01 7.721236625353999017e+00 1.504116452415179594e+01 -3.477924404041908168e+00 5.587590059542877498e+03
-5.111911625660408021e+01 -3.335474389968162701e+00 -1.645351847656155897e+01 3.493264125321369562e+01 -1.767273112110803623e+01 2.520966723277830468e+01 -1.749642511169697201e+01 2.437133130951107063e+01 -1.882827794221523376e+01 2.175660492786899525e+01 8.572331031897057585e+00 1.066864194030486424e+01 -8.205670891336170669e+00 7.045728283404649119e+03
-5.171477493712094287e+01 -7.106539479194739606e+00 -1.228576818064370357e+01 3.531798002917723522e+01 -8.814797973060466418e+00 2.429420063007240671e+01 -4.705131393427994801e+00 2.196944658824748231e+01 1.547371077424054553e+00 1.305497900490036933e+01 4.539692846342829213e+00 -1.260171176013341743e+01 -4.063855645935874783e+00 5.664678062884931023e+03
-5.104403763888451806e+01 -7.268036972791040995e+00 -1.534788770009224734e+01 2.923851671333770597e+01 -1.171720402362547020e+01 2.100486367345104810e+01 -3.914818527689517769e+00 3.040066916785939455e+01 -3.877329761232786720e-01 2.511165258113632959e+01 1.199549902926606393e+01 5.013476021118417059e-01 9.630549534233275866e-01 6.042606567837439798e+03
-5.089230871884362273e+01 -5.241441172495807876e+00 -1.637288914725063194e+01 3.593639734092641191e+01 -3.000899992661139937e+00 2.360097987674470232e+01 -2.968500896361130792e+00 3.703030868398639086e+01 -2.524087233717628997e+00 1.521815104097703042e+01 -1.295355397523824692e+01 -1.259882960978196031e+01 -6.212927526256777355e+00 6.726152029925051465e+03
-5.123588471946309397e+01 -1.687346747615807496e+00 -2.154365081955639027e+01 4.096008245253685232e+01 -1.827067653131345537e+01 2.374535727376434480e+01 -2.155227309644389422e+01 3.846823035889842402e+01 -3.416974458946921978e+00 2.509763904620949759e+01 -3.118078849531012775e+00 -7.759091775215994247e+00 -9.993452360524081257e+00 8.423147313843064694e+03
-5.048986877967919185e+01 -6.855808917065251862e+00 -2.141244002718266515e+01 4.101661524436905637e+01 -9.857628079526943310e+00 2.530099851855121429e+01 -1.351553861073731655e+00 3.771827857400147366e+01 6.617670831380098484e+00 2.094105325976783760e+01 -9.795665604074352828e+00 -1.768061670350158465e+01 -1.079179781115852244e+01 7.906236323635050212e+03
-4.949699985842502770e+01 -1.077553614367403512e+01 -2.148503448951669270e+01 3.876294319035346092e+01 -5.646165753013460353e+00 1.544820177387047622e+01 -4.122822035850725264e+00 2.239947100385109380e+01 1.920055233893333657e+00 1.248607582281596073e+01 -1.456302159487630909e+01 -1.937976707986049263e+01 -1.117558933155915213e+01 6.191637203015670821e+03
-4.857744195640653118e+01 -7.154625235708444109e+00 -2.110818194633372258e+01 3.439810696731994710e+01 -1.168908773472588081e+01 1.903190296446472374e+01 -8.598729553388443136e+00 2.898046611511287196e+01 -6.441088188917057700e+00 1.824916207172008242e+01 -3.226526730213557403e+00 9.022076653056828377e+00 -7.605653698465530965e+00 5.976569149439349530e+03
-4.909246350889402066e+01 -1.002926983718794141e+01 -2.560933630614454515e+01 4.514180623929445346e+01 -6.693024082434246402e+00 2.276430170700665556e+01 -9.513125306338867659e+00 2.817909166581645053e+01 -8.717364019139470344e+00 8.806464830745831307e+00 2.545963917349094885e+00 -6.426339457524438359e+00 -1.158970866901049313e+01 6.987495143588364954e+03
-4.978873233728426584e+01 -8.445348563774629724e+00 -2.971124338024254286e+01 4.896466865486763709e+01 -1.553425754570715966e+01 1.878275887520390697e+01 -1.734805793260129647e+01 3.211551430421523889e+01 -1.371600846348217928e+01 1.337987489299791655e+01 -1.642746095166548903e+00 -7.914262504758085015e-02 -1.125097964348854340e+01 8.253444462864994421e+03
-5.001463650098330760e+01 -1.069526544165190884e+01 -2.443052320659963428e+01 3.519619639397980393e+01 -1.116559911068872069e+01 5.690691208335399764e+00 -1.757618718386467904e+01 8.933369936047439452e+00 -1.157307576747127342e+01 -4.082489282695913602e+00 -9.204880485402414436e+00 -2.481573511916913688e+01 -2.353602056398264608e+01 6.402354895916926580e+03
-4.908983188470286763e+01 -1.263165957794207195e+01 -2.099639012849573305e+01 3.362850218036735583e+01 -7.822734322312189903e+00 2.517644864709865260e+01 -2.404669652503772070e+00 1.821755660503977836e+01 -8.255372499360507987e+00 1.387082654871504239e+01 3.304849414534196228e+00 -8.368478002786527981e+00 -5.056984937971274796e+00 5.540883073683821749e+03
-4.505064741237522696e+01 -3.493774644463134172e-03 -3.164243108387921666e+01 1.291173611371145746e+01 -3.136098735072442167e+01 1.073994341832369237e+01 -2.274152464369476334e+01 8.895772543642202379e+00 -3.427290091759920898e+01 7.340868613288303868e-01 9.561139577345970864e+00 1.760679922141906673e+01 -3.128114741589432590e+00 6.479057334862815878e+03
-4.987937216575323873e+01 -8.322612169300864782e-01 -2.545255620116664019e+01 3.014208910852620349e+01 -1.869643977837472093e+01 1.592824405661816556e+01 -2.270586390646509400e+01 2.789401990982411306e+01 -1.217420572544393131e+01 1.742342547813790077e+01 1.737072182998184333e+00 1.562637779198437826e+01 -1.064614169030438973e+01 6.754249476959429558e+03
-4.340166934854075009e+01 6.489349289210555760e+00 -3.920027473257404438e+01 -6.736786637926592824e+00 -2.965115727783330613e+01 1.666311634595450286e+01 -2.887426159208552434e+01 -1.130787281687815771e+01 -4.028792403992724047e+01 4.679012436520353369e-01 8.717542976386368769e-01 8.518095865453847892e+00 -8.043065519250747197e-01 7.323604510934911559e+03
-3.976545651344707011e+01 9.995577512306551782e+00 -3.010035204120616470e+01 -1.277615423595216626e+01 -1.138606702748214872e+01 9.601584165757703460e+00 -8.820186052293017553e+00 -1.278993176787096253e+01 -1.810051750514319480e+01 -6.483144949886800568e+00 7.613201114036105999e+00 -2.939633243128386031e+00 7.128109089707707069e-01 3.650445665657117843e+03
-4.132489666856314159e+01 2.242336796128085652e+01 -3.376829404524622191e+01 1.770139312488918426e+00 -1.973406880563801735e+01 2.537058033122828249e+01 -2.050942638425064146e+01 -4.325455457666020465e+00 -2.134934906781076691e+01 -6.715593046948823641e+00 2.275333547431409897e+01 7.055852653128006580e+00 2.597102087393134084e+01 6.569318697497431458e+03
-3.975455445889733141e+01 1.583703855437422270e+01 -2.748476915544979704e+01 -1.835933929069012205e+00 -4.856609429734790595e+00 2.588121498097084583e+01 -1.663157048025093943e+01 -2.438874494337124332e+01 -2.671966983354545633e+01 -7.983456107238914079e+00 1.396336482412203139e+01 7.068401796557302497e+00 2.184555808272965649e+01 5.654706136459936715e+03
-4.227584812709045536e+01 1.807524319047688977e+01 -4.204260399377239565e+01 3.922749067506721699e-01 -3.080073767426377884e+01 2.583422873487671723e+01 -2.708387095972078384e+01 -1.499015938321461938e+01 -1.717351630457835654e+01 -6.289505667944029987e+00 2.048550922913051053e+01 -4.580608136184329382e+00 1.082363190802331054e+01 7.348306552306225967e+03
-4.120705575836479539e+01 1.462501275919053434e+01 -3.601483743992580600e+01 -4.474862407717517532e-01 -1.079595753415364001e+01 2.155544885598235183e+01 -1.809679498560560873e+01 -1.971675754091472044e+01 -2.396723637787019001e+01 -2.668717425593844617e+00 2.169017071844618272e+01 5.305601932192823611e+00 2.397903784464494237e+01 6.161773439283324478e+03
-4.068798033399411906e+01 1.411575213419438057e+01 -3.664520062999367411e+01 -5.002327013646864273e+00 -2.310954052145331161e+01 1.761613301950178112e+01 -2.498928248871317948e+01 -3.171488244858568706e+01 -3.764068583790641043e+01 -1.882384049498484657e+01 4.944685120010313462e+00 -9.738520254654357444e+00 1.040921633326892781e+01 7.696135894127000029e+03
-4.141292200133279522e+01 1.265877449734399107e+01 -3.725397333020748647e+01 -6.909904845549950103e+00 -2.441836235522305643e+01 1.722419327941621248e+01 -2.411804357349729244e+01 -2.628368941267088132e+01 -3.231192270239696995e+01 -1.375565591467266380e+01 1.165772046895873260e+01 2.366041854957537716e+00 2.408823656186825701e+01 7.431343763138830582e+03
-4.011176304308261109e+01 1.054658987043450580e+01 -3.323585721459762254e+01 1.459323016640039716e+00 -1.506656124666237417e+01 1.610022284646055368e+01 -1.018243391948175613e+01 -2.018733381711313868e+01 -2.612921442945090789e+01 -7.186728617436207500e+00 1.740852799986024024e+01 5.149373435565985702e+00 2.216326001785791178e+01 5.379532674889779628e+03
-4.104402699622204409e+01 1.526162847376330056e+01 -3.468687244603309239e+01 7.350066923724031476e+00 -2.732285139421554376e+01 1.760552680947361992e+01 -1.308505881011550009e+01 -9.046378503642340974e+00 -2.731155039641488713e+01 -6.092352344815031628e+00 1.658215920283076628e+01 -3.332677622683272389e+00 1.175046630925684710e+01 5.691466314852224968e+03
-4.285536949110385052e+01 2.065653083764266285e+01 -4.353291680774554351e+01 2.381198554403315271e+01 -4.413282244688406308e+01 2.935032844321763079e+01 -1.757282591948824191e+01 -4.421002184853037864e-01 -2.118869630570327800e+01 -5.662495037266735309e+00 1.346882456927879090e+01 -6.248993472262279525e+00 2.013750113391393626e+01 8.950550729852786390e+03
-4.374341159629886278e+01 1.045202548742185300e+01 -3.341393110079329887e+01 2.061819171221073788e+01 -1.860439881704810716e+01 2.484254312990242042e+01 -9.767656496285299639e+00 -1.779872063617775879e+01 -4.294229792502004273e+01 -2.947322493700495016e+01 6.944995461905626222e+00 3.871739799971050111e+00 2.284202229099591719e+01 8.237501942837328897e+03
-4.367813640594169300e+01 5.108587958141423080e+00 -3.378300966523294591e+01 1.539059808449850308e+01 -1.816495223997645425e+01 1.503663092334184626e+01 -9.525222368136519790e+00 -2.521365608141987735e+01 -3.962298171094285948e+01 -3.365465973522132970e+01 -1.032981570972648866e+00 -7.951503022043535651e-01 9.859282439296366718e+00 7.396085162528027467e+03
-4.422351927897863533e+01 5.665427506766785193e+00 -2.808314882809494151e+01 1.679099253315418494e+01 -9.603606666959578320e+00 1.875143888664829106e+01 -1.675049646804432246e+00 -2.647152370086511652e+01 -3.817146538357862084e+01 -2.141938627661435746e+01 9.152630467998795538e+00 1.635061186720463411e+00 1.420343511212515075e+01 6.409843000849060445e+03
-4.571951517278289856e+01 4.996965185179861990e+00 -3.239296677853667461e+01 1.665175838411675002e+01 -1.150829775055117565e+01 2.360863497640774611e+01 -1.010717439513047111e+01 -1.655495996896000577e+01 -3.209035442292356777e+01 -1.946097856614688482e+01 2.066596167522719085e+01 2.257663238679028517e+00 2.498211298972155348e+01 6.972664837519995672e+03
-4.639560921509039559e+01 1.571403443498689967e+01 -3.221755737840005196e+01 2.630206348887978507e+01 -2.149988129472715670e+01 3.857228955924490776e+01 -1.490276129250086434e+01 -1.915878235873423430e+00 -3.449731012552579301e+01 -6.233354874504936305e+00 2.634659095479950697e+00 -3.238318490866315180e+00 2.366586297322592003e+01 8.111502605305850921e+03
-4.717493547128196241e+01 1.217129268386985252e+01 -2.848158375271938425e+01 1.555618175845855333e+01 -7.616202458052681479e+00 3.386696209502139965e+01 -1.113649644176556563e+01 -1.993994524438448224e+01 -4.219125728185964164e+01 -1.401636598971360748e+01 1.108130281959020813e+01 1.042135945717211953e+01 2.755553894446809693e+01 8.120679375272402467e+03
-4.719064262909012086e+01 1.473708705823116816e+01 -3.317829940214190998e+01 1.316643245315653310e+01 -1.403676019406198527e+01 2.417095774029303712e+01 -1.845436471153810842e+01 -1.861190167836721088e+01 -4.037785707525444678e+01 -1.622820689772907699e+01 1.983631255213294509e+01 5.051001257618307427e+00 1.524201023815471778e+01 7.731562103865951940e+03
-4.486036336186883489e+01 1.109213687110510627e+01 -3.077065676548388495e+01 1.366290572085784838e+01 -1.140494965551500250e+01 3.875692533651576355e+01 -3.102113958469988120e+01 -2.376347850557914398e+01 -5.029051219244819038e+01 -1.638951492787405684e+01 6.696598427932047848e+00 4.476893300784377416e+00 1.567505801925301334e+01 9.536528426034470613e+03
-4.094376475004031590e+01 7.737408780024321864e+00 -2.413491859677392171e+01 5.815437071526838864e-01 -2.024993775418050479e+00 2.299219264784884942e+01 -1.911835226646538999e+01 -2.623275902754646438e+01 -4.111220909096910248e+01 -6.126960255638381092e+00 1.102120053145903178e+01 4.061947915886820581e+00 1.868120357349555949e+00 5.774711951429621877e+03
-4.091693687829818771e+01 1.058907627736179435e+01 -3.456292947346956623e+01 -2.202639074396947283e+00 -8.268673862802300434e+00 2.699513643258520901e+01 -2.510622860349196372e+01 -2.677585074919788610e+01 -3.419272297632614510e+01 -8.585994904420841678e+00 3.464781618988128198e+00 -3.217716848001430652e-01 5.854824360092910851e+00 6.419398059094391101e+03
-4.077854093165220206e+01 1.078997701889094785e+01 -3.425569542305754567e+01 1.221145689716125471e+00 4.372414093687155834e+00 3.124981271223679613e+01 -3.640984660227915271e+01 -3.797622555866234961e+01 -3.276318483648284996e+01 -1.804486934877152615e+00 4.609113624612495741e+00 -3.645567313337465087e+00 5.293801459776581453e+00 7.857037184199753028e+03
-3.855681551655903405e+01 5.667125003739161393e+00 -2.794390093311946188e+01 -2.246234594500612580e+00 1.465919215306498025e+01 2.098541210442495952e+01 -3.502040580381717660e+01 -4.444299416635734445e+01 -3.373008872283806170e+01 -6.921697432538324257e+00 1.088882334960396214e+01 4.527058437405134583e+00 -3.136381674850815759e+00 7.496065889350466932e+03
-3.886773075301710634e+01 2.402261960989750644e+00 -3.044871966738398328e+01 -2.755874620481310266e+00 1.533972673209428450e+01 1.552578179399109004e+01 -3.251012801018553233e+01 -4.360226710143882656e+01 -3.128047079339681602e+01 -1.185480246859880005e+01 1.398952487765737906e+01 1.049833809999997669e+01 9.341273957910216197e+00 7.397799469826101813e+03
-3.886671046615003178e+01 7.850762827245663544e+00 -3.144877129534012639e+01 -2.272157365009297436e+00 1.085931512233072205e+01 1.291008365504506905e+01 -3.338442680517401584e+01 -3.194943536621034497e+01 -1.598098245076173463e+01 -7.240991976834647126e+00 1.469640333539115495e+01 -1.349292318934489199e+00 -1.933748387961265358e+00 5.515692941229702228e+03
-3.932110434458650872e+01 9.279696522231249745e+00 -3.683222283507429040e+01 6.744283499401083404e+00 3.164244137787964206e+00 1.717282113980965264e+01 -4.173009466422022484e+01 -3.105301538713651865e+01 -2.050845851011823129e+01 -8.579002654441614695e+00 1.312693600522218951e+01 -8.491708232087852082e+00 -1.507727135883778935e+00 6.785863761203914692e+03
-4.108150029732174602e+01 9.996907911828392557e+00 -3.663496455373141458e+01 1.482552450736555549e+01 1.019328770087876634e+01 2.163552608815217226e+01 -4.046396609937387723e+01 -3.405489483348226543e+01 -1.938590855088358822e+01 -8.858170413594432802e+00 2.083823310886755209e+01 1.512648746214620754e+00 -2.592152314336598096e+00 7.616132109492042218e+03
-4.120523049361437273e+01 9.920366524850305012e+00 -3.559913876491074092e+01 1.010958171871970812e+01 7.123140526280652196e+00 1.655532716834189699e+01 -3.620943098284128325e+01 -3.610872568879008071e+01 -1.791594715407581262e+01 -3.741690501813121905e+00 1.469506973770039338e+01 5.642044047183814470e+00 3.794326948973575586e+00 6.702724029788459120e+03
-4.082606085059759948e+01 7.234627655516256084e+00 -3.356884435948189349e+01 8.409590383226237975e+00 9.452821348461892370e+00 1.370790504129573151e+01 -3.633316588782891898e+01 -4.245353232141677324e+01 -2.048628589544244605e+01 -2.567500473582264853e+00 1.859720290185572722e+01 4.503864385956988237e+00 2.586093577460404358e+00 7.115468044643534995e+03
-4.041389057186147937e+01 8.243942530497957222e+00 -3.272033062187835384e+01 7.488925033574445500e+00 7.481100348916805309e+00 1.289318422838225153e+01 -3.363251213400639728e+01 -3.925150599759603409e+01 -1.817114704795214308e+01 -6.658626337307394394e+00 1.872212278745182346e+01 9.911179442934372474e-01 -2.033476983346929945e+00 6.452139946092957871e+03
-4.093312099206072929e+01 9.974465105845784052e+00 -3.670007366127476445e+01 9.594763311403006867e+00 3.172321315226390048e+00 1.056804988158471303e+01 -3.944103925055224380e+01 -4.076017565035637347e+01 -2.276469078603989971e+01 -1.297290878787987900e+01 1.896715054191268734e+01 -3.342861294216866064e+00 -2.157632577815288055e+00 7.614810443736929301e+03
-4.326527390971881459e+01 1.478991315736648993e+01 -3.796755268827628527e+01 8.501911219636749451e+00 -2.190050916183990282e+00 2.224260915463118238e+01 -4.169218445336655776e+01 -3.921150120637106085e+01 -2.309328764848737947e+01 -1.430725884462784947e+01 2.127830047509782219e+01 -4.679370823765405696e+00 1.073479060531782325e+00 8.593565595352218224e+03
-4.369258299218275710e+01 1.749020644060907159e+01 -3.933774793072116438e+01 1.426292883464445360e+01 2.714612986378422299e+00 2.589983628444900532e+01 -4.035697742407186439e+01 -2.785004915341549037e+01 -1.423871896794243419e+01 -8.067536966148681543e+00 2.563414284876902727e+01 5.375970300001368329e+00 1.031193826556741833e+01 8.108492866547456288e+03
-4.292256460204330182e+01 1.590546856544989041e+01 -3.560380981046630211e+01 8.552528169159188565e+00 -4.850143482565599129e+00 2.384713130562982286e+01 -4.248374700379491742e+01 -3.366874011452686943e+01 -2.813661221420928626e+01 -1.435689823333666837e+01 2.361233905559686264e+01 -8.231361049961018139e+00 3.997631850812047194e+00 8.605838271699725738e+03
-4.134809048471832682e+01 1.265955379384921464e+01 -2.977564598501213666e+01 7.667043587850057129e+00 7.802177596700174078e+00 2.465118794028088089e+01 -2.959155672346912525e+01 -3.271651335583754872e+01 -2.058246609110331349e+01 -9.757465810152796237e+00 3.266646168335356748e+01 1.274753819554975998e+01 1.519488112310058625e+01 7.409214968522949675e+03
-4.292525379904890315e+01 1.852672281437617130e+01 -3.437401198918481526e+01 1.048105953813027469e+01 -1.565527399044406742e+00 3.261213665036394360e+01 -2.964898232634370245e+01 -2.530007521311184959e+01 -1.735631539715283722e+01 -8.244191541892153197e+00 3.132975166772628839e+01 6.043289817817170118e+00 1.084923652137206851e+01 7.567389475769124147e+03
-4.309408469237276051e+01 1.854351922163801092e+01 -3.451326724806355628e+01 1.720929545248154113e+01 -9.807055119891721517e+00 3.314283434482134538e+01 -3.154751320991288921e+01 -2.716658035713716401e+01 -2.166148187203756947e+01 -6.596311239039927443e+00 2.616255168771764161e+01 3.151685339764662253e+00 1.606776925604173556e+01 8.081498742280677106e+03
-4.236785665184920902e+01 1.278892434102094988e+01 -2.747528515733428733e+01 1.024138635407316222e+01 4.264470436722241353e-01 2.478228198560760731e+01 -2.658841075883782779e+01 -3.956306678862244297e+01 -3.155457726885160241e+01 -1.338308931797737245e+01 1.838971629226460180e+01 1.086914646904146942e+01 2.004040824248805563e+01 7.737628749009070816e+03
-4.716728771401188425e+01 1.586779107215985007e+01 -3.713011278846773422e+01 2.359496578180680260e+01 -1.905693909646108608e+01 3.682511371482942764e+01 -2.671293365308321199e+01 -2.761655346029426994e+01 -3.404052321249482560e+01 -1.592268673969332582e+01 1.383956806896517477e+01 -1.093197696347474768e+01 2.783646800858173975e+01 1.010561817639978835e+04
-5.033578643826996313e+01 4.893818633956914965e+00 -3.071307954880760605e+01 2.353584360043354451e+01 -1.637129079315848657e+01 1.929484516364542657e+01 -1.523221337094190631e+01 -1.295497997969694914e+01 -1.439067627312310549e+01 -1.472013063430821944e+00 1.178231656990637966e+01 -1.632175549930746428e+01 1.165103375548969389e+01 5.845259749073058629e+03
-5.073294875399272996e+01 7.300696137721580214e+00 -3.514472841293670768e+01 2.555831787424955692e+01 -1.283207857823589393e+01 2.924252781611621188e+01 -1.111978824310707736e+01 -6.398453390039018807e+00 -9.764620225843231083e+00 -4.568117698768431545e+00 1.358416878842275644e+01 -1.374430181801809070e+01 1.276075044928868429e+01 6.352377104852159391e+03
-4.637034668768004053e+01 1.085588322305264697e+01 -3.531336096318449336e+01 2.086327455361846717e+01 -9.089921476860642002e+00 3.073725468662085092e+01 -8.387307876303539134e-01 -1.791470942132667687e+01 -2.493279486104524167e+01 -1.045534386936470916e+01 1.122590055399266973e+01 -1.048700506559634782e+01 1.081380547156875949e+01 6.383309703494934183e+03
-4.339607507725519753e+01 1.252351885525758135e+01 -3.894926762221340510e+01 1.507320374532727314e+01 -1.426543206637933991e+01 2.828685727772025160e+01 -1.361068761711864994e+01 -2.205707992414074781e+01 -4.440748829432713052e+01 -2.616197138937840450e+01 1.788527617251968849e+01 4.556437107516972951e-01 1.887395031229722164e+01 8.792509693904001324e+03
-4.228540613986037755e+01 1.584303497605604605e+01 -3.621389973332526324e+01 1.579452774418781758e+01 -2.452265024977879904e+01 2.835124997962576643e+01 -1.081875993114397438e+01 -1.826844752466699617e+01 -4.592437501726751492e+01 -2.376760227053222962e+01 1.963467416324047932e+01 -6.266362876093564793e+00 1.632090156769772804e+01 8.821013161902992579e+03
-4.178278105121100339e+01 1.387220069887536589e+01 -3.164487064671396865e+01 1.242582130370535864e+01 -2.462718706752401587e+01 1.898322855691641919e+01 -8.047724410456819299e+00 -2.402022252046310768e+01 -3.743413400375317224e+01 -2.717238603358403992e+01 1.036606762623100231e+01 1.722279215080473325e+00 1.590491761171860929e+01 7.205676844675279426e+03
-4.197436243002328382e+01 1.377595453072593834e+01 -2.677340510821271380e+01 1.333719661851330329e+01 -2.512018062140738195e+01 1.534237601376892890e+01 -1.307797798851987636e+01 -9.215251798196469224e+00 -3.288098837497776827e+01 -1.783600026812035111e+01 1.115527337149607234e+01 -5.703426835957914776e+00 1.682954615812311872e+01 5.808171537175451704e+03
-4.411509924127433635e+01 1.758258772114680113e+01 -3.116025277665973547e+01 1.801820622975111519e+01 -3.815462878120245449e+01 1.464697490917143341e+01 -2.510145136671704336e+01 -1.060533546878386346e+01 -3.188682963559776695e+01 -1.614156158791993434e+01 1.014100026712608482e+01 -1.633929458714462513e+01 8.016203634438591408e+00 7.675163922863224798e+03
-4.371823667618370024e+01 1.739457632342731941e+01 -2.017294940887207488e+01 1.796837561405423500e+01 -2.540206651264218252e+01 1.040246401218823280e+01 -1.259661473723034320e+01 -1.412038674550095685e+01 -1.711810849911131172e+01 -1.722841510442264834e+01 6.389373644155518228e+00 -1.454731868738757328e+01 6.018019610451115220e+00 4.933715241111763135e+03
-4.491964990698102866e+01 1.772459220005847058e+01 -2.295694451944903491e+01 1.928408789874805151e+01 -3.689372601249502992e+01 8.518358875978709221e+00 -2.242397206951989475e+01 -7.984852231313351645e+00 -1.408173370287401127e+01 -1.565284521419208019e+01 8.829897054299486570e+00 -2.366812588204687984e+01 -8.937456308604558863e-01 6.313388143124093403e+03
-4.453159161374749431e+01 1.311119501643773866e+01 -1.450810294163201064e+01 1.472205907064098618e+01 -2.836459531332663531e+01 -2.239563532231148457e+00 -1.744109819467404421e+01 -1.748038346134726240e+01 -1.186190075652962150e+01 -7.396868780404745713e+00 1.093543587431601338e+01 -1.560039198791902493e+01 -4.060293758206374726e+00 4.576372115605998260e+03
-4.478852943196203285e+01 1.219071480736148061e+01 -1.474408070277408811e+01 1.807521612890994334e+01 -2.392697520078652218e+01 -4.616839900300603539e+00 -2.229278240271637301e+01 -6.879827077317658635e+00 -1.262529188449176232e+01 -9.511523898252971065e+00 9.637084841610732866e+00 -1.627013241917963882e+01 4.463128878436056546e+00 4.464219985464812453e+03
-4.511726297960470333e+01 1.707355351766020846e+01 -1.626207462540634907e+01 2.578787249075896426e+01 -2.999141970818314107e+01 4.339456407785577063e+00 -2.555733653571256525e+01 -1.933326587500945548e+00 -9.758282900394902981e+00 -3.848736044520559396e+00 8.291167657942610347e+00 -1.426911787727252090e+01 1.486391074638441268e+01 5.435098310842842693e+03
-4.375864448416055552e+01 1.207443731626939964e+01 -1.651761942427396690e+01 1.038346993311423994e+01 -3.014072259065288861e+01 -3.760477680460327043e+00 -1.836963655821503849e+01 -5.523696356203020130e+00 -3.195750901305188574e+00 1.195561237311160951e+01 1.421284053699633176e+01 -7.823704135568513962e+00 2.207465885602691635e+00 4.153055901487478877e+03
-4.321660444550209945e+01 9.183967051064977127e+00 -1.832957593172381650e+01 9.061116551156782606e+00 -1.984068444017358956e+01 -5.252345225973294340e+00 -1.993592437907172155e+01 -1.180441196970412321e+01 -3.971179239100363301e+00 6.034337937390499285e+00 8.423132850229656299e+00 -1.386295546863147621e+01 -3.751029402183832406e+00 3.657506871616043554e+03
-4.710523878227386518e+01 1.964020353076169911e+01 -2.831489614981916247e+01 3.288135351271365181e+01 -2.976112628159279794e+01 2.198392790180485790e+01 -1.961399036188841549e+01 -1.564187668691078836e-01 -1.202311341371736653e+01 9.611803662262914827e+00 2.168649505321948112e+01 -8.844924826339832791e+00 2.235630204274317379e+01 7.526591706259700914e+03
-4.792043514299758300e+01 1.920423187281277322e+01 -2.565326306913274479e+01 2.476947257669937486e+01 -2.820261637183108760e+01 1.085371599689788447e+01 -1.686787852796006248e+01 4.942698395968939451e+00 -1.355496766028114664e+01 -7.774378925260100104e+00 2.183627930211663681e+01 -1.206194354383789857e+01 3.822407482287801361e+00 6.040036109286736064e+03
-4.638318643624126736e+01 1.261437527889717636e+01 -1.644532456591808156e+01 1.560294145028809076e+01 -1.859074989637587905e+01 9.891458894752734210e+00 -1.313925843348608069e+01 -2.397054278521298931e-01 -1.170976879932216086e+01 -1.171659468612967814e+01 6.568231198721262487e+00 -4.636809728938370512e+00 4.692598054676507147e+00 3.801636859703342452e+03
-4.540534198280712275e+01 1.021213547102153818e+01 -1.940499315012174009e+01 2.688224376506059698e+01 -1.709895134363723912e+01 2.577079219715590952e+00 1.143292193665351952e+00 9.716389316754664662e+00 -4.928537370350308144e+00 -7.906502747605789416e+00 8.825065003896062521e+00 -8.998212968464825323e+00 1.193373404787370529e+00 3.906949408547109215e+03
-4.621000374901814922e+01 1.190879652626423812e+01 -2.100965342641279321e+01 3.050538809717910738e+01 -1.384968575217443210e+01 1.574677325889072677e+01 -3.765956149519519292e-01 6.830523299933566328e+00 -8.512668859194160165e-01 -9.680144944007521346e+00 4.401631813272949501e+00 -1.374967077573884211e+01 3.239206538533246249e+00 4.449090787062922573e+03
-4.636243275879359516e+01 9.780877555713725968e+00 -1.861074561217790091e+01 3.290808686534310823e+01 -1.357042141288301451e+01 1.073609369839639349e+01 -6.456361994605536170e-01 2.187576496968363760e+00 -1.419116977652097766e+01 -1.777544765103427693e+01 2.459458733058407509e-01 -1.417267469309780203e+01 1.975388390170970121e+00 4.701248348149507365e+03
-4.916857619116844802e+01 1.426144069102810086e+01 -2.265329147717210390e+01 4.095798133102818639e+01 -1.848593963323249056e+01 2.200293382142942988e+01 -3.595177703634182542e+00 5.427665789084756831e+00 -6.145340603760347520e+00 -7.868284421832814957e+00 3.473912859297397127e+00 -1.770034391439340382e+01 -2.438622960175258036e+00 6.110901582288222016e+03
-4.853350807263365851e+01 1.085653033827869152e+01 -1.659118127256524744e+01 3.931522404306141283e+01 -1.059822366788479542e+01 1.184054272740209690e+01 4.538727163143554399e+00 9.388436365886780877e+00 -2.109343696247210076e+00 -1.184212671786774074e+01 -1.043240228260946756e+00 -1.423528078969981969e+01 -5.031605054978300018e+00 5.029317287844982275e+03
-4.956198852025936219e+01 1.166938076808358105e+01 -1.557671268044044766e+01 3.499210736625970242e+01 -7.681977928266467082e+00 1.675575223836261074e+01 -4.177162262998852071e+00 3.862297678517545130e+00 -8.139747971447425456e+00 -1.808841085359759759e+01 3.515237751235968044e+00 -1.237156282335044288e+01 1.618830989598115444e+00 4.993259936506285158e+03
-5.263222184058120234e+01 1.308167567900861883e+01 -2.287241543533686539e+01 3.605102565642197021e+01 -7.561893228852881066e+00 3.046226761888699031e+01 1.851362812821156112e+00 1.137244759144469519e+01 -1.312378549351852364e+01 -2.102694930086155978e+01 -5.151663262572482083e+00 -3.538378738883143626e+01 -4.252997017947328651e+00 7.793003309912188342e+03
-5.040309818547729037e+01 6.245094026591908154e+00 -1.357615440246368443e+01 3.214987431987628952e+01 -6.454819867274281364e+00 6.501091848913969073e+00 -1.707496689285597924e+01 -3.181267822563448977e+00 -7.608970510128831855e+00 -1.790643977436506162e+01 -1.154584291921173822e+01 -2.862433019661268929e+01 -2.406797567290632767e+00 5.519992207403906832e+03
-5.160790761101933555e+01 1.045358659668470835e+01 -1.839532670892120692e+01 4.430780301617411965e+01 -1.058918795423299741e+01 2.662921963438256157e+01 -1.086166409777210262e+01 1.635367099680609115e+01 -1.177404918656271349e+01 -1.576763894499345575e+01 2.717256018010975271e+00 -1.276447149695856531e+01 1.039884924965109292e+01 6.946585546209124914e+03
-5.007267546185890694e+01 6.064508312019261105e+00 -2.497111133186819742e+01 3.429720521710595449e+01 -1.501081644376853141e+01 2.400505289496740602e+01 -1.006076689016841108e+01 4.343756597490637361e+00 -2.011789381609447958e+01 -1.926785298440251637e+01 -7.781213252497671817e+00 -2.164159107616110944e+01 -4.359666022032132604e-01 6.570635823514340700e+03
-4.827613070153775965e+01 2.576306393024077934e+00 -1.500785555839481589e+01 3.087174653341901021e+01 -2.245592092741351298e+00 1.620264784513657119e+01 4.320125346344320327e+00 1.337647496315780060e+01 -9.639066581149776880e+00 -1.066692242865030416e+01 9.350339556476567893e+00 -9.335899503948080991e+00 -4.053613816416559601e+00 4.378399152113162017e+03
-5.093030650488896782e+01 -4.069124220538334891e-01 -2.261137606287919510e+01 3.326746430890874962e+01 -1.008504686849545706e+01 9.794244785386243990e+00 -4.058680288330554831e+00 8.238119433805067615e+00 -1.506458765336325456e+01 -1.976279314064520776e+01 -5.047798976190264852e+00 -3.423486737446765460e+01 -1.891288358732781916e+01 6.666748484271986854e+03
-5.189528850866840770e+01 3.884228779729592240e+00 -2.784519242968657338e+01 3.482601883652900199e+01 -1.528651790933749055e+01 2.841475860239309625e+01 6.103872601733630887e+00 2.173953245882593777e+01 -4.600930196214162216e+00 -2.139178697533303364e+01 8.291362530414948750e+00 -1.285983998950625562e+01 4.330349350146187604e+00 6.979006411880315682e+03
-5.228658416958374744e+01 -6.901459559214599970e-01 -2.633964574509444390e+01 2.918873260975708916e+01 -7.514868883214756323e+00 2.494186266347038128e+01 6.466357095402631039e+00 6.296139454137476221e+00 -5.274180690554634232e+00 -1.402498323970548810e+01 2.841335708999520815e+00 -1.674814978054946835e+01 -5.410430412399731104e+00 5.582510752231961305e+03
-5.193905391011689687e+01 1.804993279317746113e+00 -2.882444350612382067e+01 2.902175352852938062e+01 -1.441660495511692552e+01 2.364985621529853432e+01 6.410543100629558566e+00 1.506784786787079966e+01 -5.249037981344629067e+00 -1.217640459861836177e+01 1.099957730620469532e+00 -1.510700374092656340e+01 -8.854921474913407309e+00 5.892981674818624015e+03
-5.133823682388217691e+01 -5.899105860773462773e+00 -2.826953346923935584e+01 2.984151593501534805e+01 -1.145373513266824794e+01 1.432432830646815880e+01 1.665479256975681466e+01 1.092180540748969264e+01 5.323185506814157586e-01 -1.191596936531985618e+00 1.340295398902004997e+01 -4.882179432052860868e+00 -5.342262702688262088e+00 5.326856873552979778e+03
-5.106848708133549053e+01 -1.533297758859585080e+00 -3.334339139017870934e+01 4.347289973135629992e+01 -1.565004652378029704e+01 1.840141769715686593e+01 5.518358544496538842e-01 1.259985072979660536e+01 -9.188559084110673680e+00 -8.164837827519516367e+00 2.035760125026189371e+01 -1.368292362860206168e+01 3.476823172669416540e+00 7.119449847786911960e+03
-5.090911878820799785e+01 9.898395499754077953e-01 -4.105332111177580856e+01 4.540027098250938309e+01 -1.799954877622561256e+01 3.189229476139573904e+01 -7.558730682958064939e+00 1.200002401908122884e+01 -1.264074171442040573e+01 -3.090367102480156447e+00 1.275303994079409975e+01 -1.217273776128701712e+01 6.615883232545399117e+00 8.405439348211930337e+03
-5.078600704367931939e+01 4.474980691355595619e-01 -3.713121723129508922e+01 4.432039762589581500e+01 -1.735168590935830224e+01 3.502833268995465232e+01 -7.422766923992812904e-01 1.292764840497387269e+01 -1.177012405254079574e+01 -5.378644464391067359e+00 1.406971883899489661e+01 -1.768936745151397716e+01 -1.104481562464231237e+00 8.297740092714931961e+03
-5.088579963808059858e+01 -4.276086694292499324e+00 -3.224161224575168205e+01 3.248077850860498472e+01 -1.821946041226523505e+01 2.391849518590287005e+01 4.911519510554348322e+00 1.911234923794771845e+01 -8.643771080967566078e+00 -4.579752204649699898e+00 1.795335581110819945e+01 1.746363894309422182e+00 5.224842446672465890e+00 6.443980781002759613e+03
-5.675384972465430167e+01 -5.013510825141747063e+00 -3.539652130614069137e+01 2.339514069430053311e+01 -2.085421232992660023e+01 2.243117073664605332e+00 -1.349923212456786814e+01 -8.460690238092594129e+00 -2.328802001017255208e+01 -1.199740562029963653e-01 3.748789486827013739e+00 -1.106366676868223431e+00 1.690358964468684277e+01 6.583478453894947052e+03
-8.342099006413415907e+01 -2.896777011060188656e+01 -3.812144518485656874e+01 1.099766298691076294e+01 -8.866521010549456960e+00 5.395053011379360441e+00 -1.268634234199374333e+01 -1.255599417408141782e+01 -2.425967778040056189e+01 -6.376599884048736122e+00 -1.671932104707130762e+01 1.379329345748874225e+01 1.320150569966782328e+01 1.107196791166859657e+04
-1.133942369792364389e+02 -3.643370011847340351e+01 -1.223673829189525541e+01 -1.568107536518066603e+01 9.102420483760576886e+00 -9.971431820465952001e+00 -6.262573074595990441e+00 4.077200371829362346e+00 -9.046102167159224550e+00 2.959926128793616051e+00 -5.640259783988321729e+00 1.804764948342993236e+01 -3.385095846393266772e-01 1.526766616681209416e+04
-1.837872919722830716e+02 0.000000000000000000e+00 0.000000000000000000e+00 0.000000000000000000e+00 2.658533217257963476e-14 0.000000000000000000e+00 6.864338900890931966e-14 0.000000000000000000e+00 7.681979238110637171e-14 0.000000000000000000e+00 6.748200841563957577e-14 0.000000000000000000e+00 3.507168814121481235e-14 3.377776869050522509e+04
-1.837872919722830716e+02 0.000000000000000000e+00 0.000000000000000000e+00 0.000000000000000000e+00 2.658533217257963476e-14 0.000000000000000000e+00 6.864338900890931966e-14 0.000000000000000000e+00 7.681979238110637171e-14 0.000000000000000000e+00 6.748200841563957577e-14 0.000000000000000000e+00 3.507168814121481235e-14 3.377776869050522509e+04
