-1.837872919722830716e+02 0.000000000000000000e+00 0.000000000000000000e+00 0.000000000000000000e+00 2.658533217257963476e-14 0.000000000000000000e+00 6.864338900890931966e-14 0.000000000000000000e+00 7.681979238110637171e-14 0.000000000000000000e+00 6.748200841563957577e-14 0.000000000000000000e+00 3.507168814121481235e-14 3.377776869050522509e+04
-1.837872919722830716e+02 0.000000000000000000e+00 0.000000000000000000e+00 0.000000000000000000e+00 2.658533217257963476e-14 0.000000000000000000e+00 6.864338900890931966e-14 0.000000000000000000e+00 7.681979238110637171e-14 0.000000000000000000e+00 6.748200841563957577e-14 0.000000000000000000e+00 3.507168814121481235e-14 3.377776869050522509e+04
-1.837872919722830716e+02 0.000000000000000000e+00 0.000000000000000000e+00 0.000000000000000000e+00 2.658533217257963476e-14 0.000000000000000000e+00 6.864338900890931966e-14 0.000000000000000000e+00 7.681979238110637171e-14 0.000000000000000000e+00 6.748200841563957577e-14 0.000000000000000000e+00 3.507168814121481235e-14 3.377776869050522509e+04
-1.837872919722830716e+02 0.000000000000000000e+00 0.000000000000000000e+00 0.000000000000000000e+00 2.658533217257963476e-14 0.000000000000000000e+00 6.864338900890931966e-14 0.000000000000000000e+00 7.681979238110637171e-14 0.000000000000000000e+00 6.748200841563957577e-14 0.000000000000000000e+00 3.507168814121481235e-14 3.377776869050522509e+04
-1.837872919722830716e+02 0.000000000000000000e+00 0.000000000000000000e+00 0.000000000000000000e+00 2.658533217257963476e-14 0.000000000000000000e+00 6.864338900890931966e-14 0.000000000000000000e+00 7.681979238110637171e-14 0.000000000000000000e+00 6.748200841563957577e-14 0.000000000000000000e+00 3.507168814121481235e-14 3.377776869050522509e+04
-1.837872919722830716e+02 0.000000000000000000e+00 0.000000000000000000e+00 0.000000000000000000e+00 2.658533217257963476e-14 0.000000000000000000e+00 6.864338900890931966e-14 0.000000000000000000e+00 7.681979238110637171e-14 0.000000000000000000e+00 6.748200841563957577e-14 0.000000000000000000e+00 3.507168814121481235e-14 3.377776869050522509e+04
-5.463459668538713743e+01 -1.618864692102333747e+00 -2.321273891182962501e+01 1.413317040915870848e+01 -2.522480210454397564e+01 7.690664676187908277e+00 -1.716933499518734152e+01 2.355863121321681675e+01 -7.931603942106613125e+00 1.695444782348199553e+01 -1.129843940918680900e+01 -9.661794395403520141e+00 9.232733962833119534e-01 5.843590844541643492e+03
-5.070196671745337369e+01 -1.929426492416711492e+00 -2.312421372568960010e+01 1.471367777124762988e+01 -1.352751132120462074e+01 2.873965764845053172e+01 -3.688369144593530269e+00 2.417197301692350209e+01 -2.873662514362038323e+01 6.052330954848363476e+00 4.561771299236742294e+00 2.141820013040353388e+01 1.322259747066482127e+01 6.449293993083755595e+03
-5.249922709689082723e+01 -3.319358997360735142e+00 -2.620730314443330045e+01 1.943409844651464269e+01 -1.110045975802189488e+01 1.267102061202903940e+01 -8.475494547950455981e+00 2.387626269659164180e+01 -1.875059199409231780e+01 1.986345839248452450e+01 2.985506882128140749e+00 1.223009756089429523e+01 2.527169594389086171e+00 5.668395612126155356e+03
-5.210632414296805592e+01 -4.898133901624254882e+00 -2.422681715481762410e+01 1.972811067503574378e+01 -1.346137028482385389e+01 1.061047070039484730e+01 -8.529939275205739690e+00 1.367236195286226419e+01 -2.822193784204719691e+01 2.390011095509156025e+00 5.766926885303532480e+00 7.578880849552159127e+00 -6.042259180019898146e+00 5.198077380735282532e+03
-5.291765731845864451e+01 -4.542633995195146213e+00 -2.772020420291978127e+01 1.517449643753568544e+01 -1.994974278570585113e+01 1.580806395814067500e+01 -1.604420394975980324e+00 2.492101311726180768e+01 -1.824904946515821891e+01 1.278075800100342185e+01 6.692752667561011393e+00 4.215464350976314556e+00 -3.953535604543167992e+00 5.665676328989407921e+03
-5.528197651294151882e+01 -6.675596431353177707e+00 -3.909323891605052381e+01 1.474929754198771903e+01 -3.310777526214975808e+01 1.795341297923603463e+01 -2.467000546492959501e+01 1.411967926543118068e+01 -3.890925283208684959e+01 8.451442239869933815e+00 -1.829272067907837140e+01 -7.266154728204115010e+00 -1.912647866856238466e+01 9.411507606952598508e+03
-5.414021330324263204e+01 -9.077944685127652846e+00 -3.031645045462274268e+01 1.888290097486232710e+01 -2.438914002277216042e+01 1.909903898505272224e+01 4.788309473038593111e+00 2.754491462374137356e+01 -1.910082532230548225e+01 1.536233705845383390e+01 -1.328149437507050390e+00 -1.983397387530435374e+00 -1.607139889926905374e+00 6.639600236704419331e+03
-5.303399465056106266e+01 -5.905800998305790195e+00 -3.322412651076813717e+01 2.373395827336524277e+01 -2.296577614054483263e+01 2.185033193634171766e+01 -1.134745546559847895e+01 8.931971224572597734e+00 -3.868967311597098302e+01 1.367542292638686163e+01 -2.789572513806887422e+00 3.818587462916752884e+00 -7.440174211849814867e+00 7.489662682079606384e+03
-5.262024304744149106e+01 -5.117769705096852029e+00 -2.918046767698566057e+01 2.685670217458868336e+01 -2.034301354397571870e+01 2.284804191579839028e+01 -1.531285005847716363e+01 2.561653652277203363e+01 -2.728568549943797095e+01 1.213534731103944431e+01 -1.430557758548770586e+01 3.901189855926185057e+00 -2.526290913707069929e+00 7.312451496101620251e+03
-5.260277800492490030e+01 -5.750793897889092676e+00 -2.986178480361839149e+01 3.330883707573063646e+01 -2.161605843683861750e+01 2.114499636642194602e+01 -1.949010378608558369e+01 2.809666633591126228e+01 -1.841069936600988655e+01 3.047514673839227228e+01 -1.942814709819877805e+00 1.154222340936782665e+01 -8.075512808279830423e+00 8.354880138968606843e+03
-5.167641041382095324e+01 -9.193572064862504334e+00 -4.012628988278147091e+01 2.367247754875786470e+01 -1.029778433905671342e+01 2.667517965414547376e+01 -3.325299706084798856e+01 2.134171714647666462e+01 -2.067630962081257451e+01 1.377250411392286011e+01 -2.369131981186529146e+01 5.392569458071474919e+00 -8.438974713203656108e+00 8.583085152888603261e+03
-5.159695411326800496e+01 -9.569970755382641414e+00 -3.108856620713783059e+01 2.630390416036679824e+01 -1.260530342618432087e+01 3.034868442947444223e+01 -1.365504928536241991e+01 1.897939668599667584e+01 -2.412364193951382774e+01 6.394297868582996536e+00 -1.046895909791043167e+01 2.033604794142154226e+00 -1.318463428680145455e+01 6.949244907522229369e+03
-5.121370087665481208e+01 -1.170447644567837209e+01 -2.733249994455320220e+01 2.559974629445765615e+01 -1.294382312493081244e+01 2.252820681393162872e+01 -1.689143661821144704e+01 1.009190813823610355e+01 -2.284958731531503773e+01 8.078960238219293544e+00 6.445838992260438660e-02 3.973864772498915787e+00 -1.600535995413900281e+01 6.083820932535562861e+03
-4.675991761213445841e+01 -1.342398253339583825e+01 -2.631307870589436959e+01 7.560635205415572102e+00 -5.184536310025078976e+00 1.531342928859625552e+01 -3.523421704783836983e+00 4.825390617629428114e+00 -7.897650919601721498e+00 -5.003119329817458105e-01 4.266772297647507095e+00 3.367117223389741287e+00 2.418214959811304965e+00 3.511327736197778904e+03
-4.869271315586490800e+01 -1.610472983196879593e+00 -4.112757714561011113e+01 2.022638808883868222e+01 -1.233337937004474227e+01 4.761870462951671357e+01 -1.827114400606804878e+01 1.253899467113695998e+01 -4.215798856998821975e+01 1.928234193244284356e+01 4.226710942738582943e+00 6.092588279932045658e+00 -2.060937814607292040e+01 1.001370857820621313e+04
-4.971915195896311701e+01 -6.004229150669373460e+00 -3.310898511824679957e+01 1.731736565024268870e+01 -1.471461662906898837e+01 1.680382688205024522e+01 -8.841967226082383391e+00 7.844834896630557886e+00 -3.108797022622354689e+01 5.472919115738303475e+00 9.287311705969389930e-01 -3.701507789540254834e+00 -1.780597816507475528e+01 5.870782543593963055e+03
-5.099141940524256711e+01 -7.754540750114669478e+00 -3.098616507826612931e+01 1.755046055787735781e+01 -1.883417336527475072e+01 1.780653869877670559e+01 -7.705532236194156503e+00 2.036037047591531390e+01 -2.116697481208174025e+01 1.210125826088094847e+01 7.632163282000139937e+00 8.918328351214634964e+00 -1.359218949993805126e+01 5.991153053538771928e+03
-5.072030805011030452e+01 -4.945961596726332843e+00 -3.390054898497382396e+01 9.872571913882755013e+00 -2.244811138703709474e+01 2.060756383636963562e+01 -1.384179689633549515e+01 3.795409845601923404e+00 -2.531669191975981192e+01 7.256774355439434387e+00 3.388391334558908063e+00 1.114454385670707648e+00 -1.646643735547924337e+01 5.955779379223713477e+03
-5.024202428442523427e+01 -4.714813698042176426e+00 -3.393523248849070484e+01 1.128331520542860744e+01 -1.610784451348595070e+01 2.869577539065700833e+01 5.437467981859451349e+00 1.266756141836806115e+01 -2.156936854771184997e+01 4.838578575445141583e-01 5.373136779784337236e+00 8.402708023244851887e+00 -1.692467825976281404e+01 5.949739642108534099e+03
-5.252373672078448408e+01 -5.680939953114094720e+00 -3.237325311659765958e+01 1.580895004359445721e+01 -1.525915282028174680e+01 1.597970889406402684e+01 -5.389971904010838699e+00 7.365918557512245890e+00 -1.889688752623667867e+01 1.249105809694732194e+01 5.456152092926447317e+00 1.414293324131520890e+01 6.718567971834207064e+00 5.448518013633162809e+03
-5.068598334379409209e+01 -3.248616516853613856e+00 -2.930020589919602614e+01 1.747307431697127100e+01 -2.174027041562149520e+01 1.755082828962831343e+01 -1.459013051443144349e+01 1.053644944854843502e+01 -2.390008871238888943e+01 8.655836877611147173e+00 -3.482228676191632566e+00 -2.101796626210371777e+00 -1.902744100791636583e+01 5.872717144861803718e+03
-4.988770190889172795e+01 -4.683531966956009818e+00 -2.984872788794357135e+01 8.638066890838953071e+00 -1.688156225606618221e+01 1.495015885243150322e+01 1.168874235904216086e+01 1.626805722061457971e+01 -1.069089901065301795e+01 1.450340776605198911e+01 3.815257972081830040e+00 2.523251619645072275e+00 -6.561032505208451049e+00 4.774666105311013780e+03
-5.156471073886141454e+01 -5.117816000963976819e+00 -3.632178033515619830e+01 1.452097650150803787e+01 -2.110756813513074803e+01 1.867342312056372222e+01 4.534632843654342466e-02 9.962007354096494183e+00 -2.231485801782961786e+01 1.222183929997197893e+01 -6.746487798440990780e+00 2.732289270301564432e+00 -1.378108965434753230e+01 5.998936908468744150e+03
-5.054421683008053634e+01 -7.395474999299674224e+00 -3.475819420766787005e+01 2.184302899231347439e+01 -1.157766570889698521e+01 2.294859293737096806e+01 -6.045061224069647743e+00 8.322531849687331729e+00 -1.997830846057727783e+01 8.610242156857607299e+00 5.650818443131395696e-01 -5.404056999861301946e+00 -1.282884218807891230e+01 5.728519868613256222e+03
-5.278077566887857586e+01 -6.597662835269778370e+00 -3.421049982757770636e+01 1.745269257883522940e+01 -2.401074758508404017e+01 5.115168440389437521e+00 -7.212843003292382704e+00 6.441507168092212687e+00 -1.502987231466615192e+01 1.137236606276647954e+01 1.593352623645147403e+00 7.378152225268912900e+00 -7.586962886806554174e+00 5.470258958704339420e+03
-5.064521696085921576e+01 -6.088157255453668704e+00 -3.277119160051059055e+01 2.138520463607024880e+01 -1.057599833522251664e+01 3.037835694863524694e+01 -1.747683117924788254e+00 1.392099111704442294e+01 -2.745674519532887459e+01 6.447979429653240224e+00 9.718851072861308893e+00 1.062359161246286732e+01 8.379271392250499106e-01 6.368294519932391268e+03
-4.999740764590126219e+01 -8.052928367778076080e+00 -3.070942716929391025e+01 1.614580103292358260e+01 -9.837484958240537480e+00 2.338311523578497386e+01 -1.180121232210797455e+00 1.857721343906348466e+01 -2.197571345234711870e+01 1.559838907806657815e+01 3.873665851831479490e+00 -1.795781597646389116e+00 -1.040308835428726653e+01 5.611094057940373204e+03
-5.013587749649899195e+01 -6.200600649030056921e+00 -2.909940663426404228e+01 1.918915340225125021e+01 -6.580410887051600710e+00 2.503936741586873538e+01 -5.305684436536411752e+00 1.630082856460936469e+01 -2.629906582865899267e+01 1.264994036662252164e+01 -6.268432335729314353e+00 1.436815760937675268e+00 -9.870005163894706612e+00 5.721628302929321762e+03
-5.188780759419436350e+01 -1.044419004468662671e+01 -3.652877581388133166e+01 1.776353692276518714e+01 -1.965394466222846859e+01 2.546231910164817336e+01 -2.832427515495684389e+00 2.347028462826688866e+01 -2.881202931418303592e+01 1.397572072168075685e+01 -1.339922188424550420e+01 1.065984253114925906e+01 -9.016252261050549777e+00 7.444722527690204515e+03
-5.163606420078001946e+01 -6.611956836841886620e+00 -2.648692728664536844e+01 2.121230448502601718e+01 -1.189604429936310881e+00 1.549690863523908213e+01 2.995734558173907214e+00 -1.159412012050395901e+00 -1.734886221925607686e+01 8.191431774396230381e+00 -1.600776378541411660e+01 2.272888022440433975e+00 -2.783437260360098975e+01 5.517657670143806172e+03
-5.355533066998332004e+01 -7.935509683963155592e-01 -3.566792618416897653e+01 2.913839117255783862e+01 -1.213942234958549271e+01 3.183109613178460506e+01 3.902113986309564631e+00 2.145579530890083575e+01 -2.272199745298622986e+01 1.368687970907331319e+01 -2.493618940082469493e+01 2.637129053532287326e+00 -3.062002703704515838e+01 8.896185758199473639e+03
-5.114158002825211469e+01 -3.967439935713173771e+00 -3.309732131856916482e+01 2.185020436282434986e+01 -1.388640158216937870e+01 1.955195680383749490e+01 8.432457001650876194e+00 2.288739659875032117e+01 -1.588356910696608004e+01 1.046140353629726860e+01 2.393070790839861850e+00 1.061006187575074122e+01 -8.717450589244716497e+00 5.930139191623165971e+03
-5.181505982202212834e+01 -2.697657076168586077e+00 -3.054514938575808358e+01 2.341184222468704590e+01 -1.659604008464593150e+01 2.231858924681992917e+01 -1.511288146328405624e+01 1.815914179518631144e+01 -3.458149538146950164e+01 1.842837207844623748e+01 -3.356254708975132228e+00 1.574698900322277417e+01 -1.019540613009252894e+01 7.403563009509566655e+03
-5.259442432037499060e+01 -5.688231046866498275e+00 -3.226464350342789800e+01 2.432629671128325910e+01 -2.329312189823786028e+01 1.276726332523532470e+01 -2.052653328863277693e+01 1.457786649697316150e+01 -4.219466442293537511e+01 1.209925391473363554e+01 -1.291925264327224987e+01 -5.918079835971922442e+00 -1.603512068513431643e+01 8.156568179407640855e+03
-5.156531998464551236e+01 -3.147079522138811036e+00 -3.341583499875498120e+01 1.959171165077862398e+01 -2.630651124227265925e+01 1.939091490137529661e+01 -1.246802441206751944e+01 2.007831232050194359e+01 -4.142564313031123646e+01 7.496112432584832952e+00 -1.162432003372941480e+01 5.279417131636538585e+00 -2.922497249883947745e+01 8.585341590956708387e+03
-5.066273358860629372e+01 -9.058801688917448303e+00 -2.828809044916655324e+01 1.215241365891045788e+01 -1.645118531174715315e+01 6.618218865626113612e+00 2.119768882063823412e+00 2.096319105672073846e+01 -1.918410581314287455e+01 8.549693628315487848e-01 -3.958812257656780353e+00 -1.575822967996479029e+00 -5.012844985595284797e+00 4.767107716044136396e+03
-5.191445980885398370e+01 -5.492899368748940248e+00 -2.960595300612459724e+01 1.297021022793431477e+01 -2.967643188148636924e+01 1.412511246580167068e+01 -4.681625784053911610e-01 1.859325013287895345e+01 -2.790770150391822568e+01 8.830274509284395279e+00 -2.131462401997058009e+01 -4.745868061964805484e+00 -1.842123593797371939e+01 6.869151370967552793e+03
-5.191266064115946932e+01 -8.505610960852823865e+00 -3.751909503660840528e+01 2.537672694634699866e+01 -1.458124759127287007e+01 3.806639134028977622e+01 -2.614652096746470367e+00 2.834413128887436883e+01 -3.574306272668803075e+01 1.400508362487648384e+01 -1.019583409895852455e+01 6.245662170963903748e+00 -1.254879597352031917e+00 8.909066582790017492e+03
-5.106775329847535261e+01 -1.074628966032549116e+01 -3.203650530279624320e+01 1.858151261350356265e+01 -2.048570033828794124e+01 2.258902458501805910e+01 -6.519243912712088473e+00 1.673703819914302926e+01 -3.367775990797435526e+01 -8.009926074612711000e-01 -2.333074704092967266e+01 -3.319519525895371359e+00 1.924920139406281372e+00 7.041446776855244025e+03
-5.034531360163080649e+01 -1.429817221213541423e+01 -2.738322740715398140e+01 1.263565627330281060e+01 -1.345139627604751276e+01 2.756565444938356890e+01 6.137986889597979001e+00 1.990834590971123319e+01 -1.996289211794349683e+01 2.762908611925684266e+00 -1.223863383316641684e+00 5.653441032271366851e-01 -3.022440849397471485e+00 5.440515099793763511e+03
-5.108736318292100975e+01 -1.135449083069196519e+01 -2.576482140796972686e+01 1.393843813778230434e+01 -1.854080023417552070e+01 1.976452338999999725e+01 3.671622461709773688e+00 1.549657370819383750e+01 -2.308155624663012162e+01 -9.681923580887918934e-01 -1.013924427539690676e+01 -5.942175653565473503e+00 -1.168297035446581944e+01 5.393272642751509920e+03
-5.206770000678540811e+01 -1.007211994495758844e+01 -2.662914705414316430e+01 2.275593830004488183e+01 -1.486122751545928011e+01 2.233327945302192674e+01 -6.303927448614556006e+00 1.914951173231088433e+01 -3.130198067508542437e+01 7.410697918521544914e+00 -3.020090660570465158e+00 -2.283085540951254711e+00 -1.732142172050069107e+01 6.514609455612968304e+03
-5.269813242495950334e+01 -1.433946100161364079e+01 -2.248172658034812699e+01 1.757429751929244333e+01 -1.373112258809165631e+01 1.237520535464248539e+01 1.286099782651355161e+00 9.983946494688115791e+00 -1.582481022417669259e+01 1.960466407912565501e+01 -5.152453899593708447e-02 -5.323377954993201655e+00 -3.834979598749265417e+00 4.917835490023227976e+03
-5.384141680376178840e+01 -1.093991671953810396e+01 -2.781826400332883864e+01 1.906366904539871499e+01 -1.855057002316813097e+01 9.661842358220862792e+00 -8.904003722537906285e+00 1.725844726278113228e+01 -1.767386033921814814e+01 1.662147153097823349e+01 1.761812290722241547e+00 7.759337241320769962e+00 7.877415710331297838e+00 5.684472991441937666e+03
-5.484875397420913856e+01 -6.326919436739889768e+00 -3.375167709862008536e+01 2.377974786534237595e+01 -2.786922574219902060e+01 1.670591637331498802e+01 -9.892928115355106300e+00 2.820419149536649783e+01 -2.209054261199003477e+01 1.324225047259089294e+01 -3.589767369845829670e+00 -8.692557510249692143e+00 -2.992165526692303068e+00 7.462944978384535716e+03
-5.463564029013949863e+01 -7.968256114439380866e+00 -3.151403749051520009e+01 2.125541991766056071e+01 -3.012026138534203668e+01 1.832048328749882060e+01 -1.092226701599455119e+01 2.771632209865862606e+01 -2.799490623804246781e+01 1.230190612566804020e+01 -7.580287942509910337e+00 -6.266065203921828086e+00 -1.003632368819368104e+01 7.756338212709514664e+03
-5.286548568106752555e+01 -6.149966622992552701e+00 -2.635167966200247136e+01 1.963931256588087493e+01 -2.661115304522014213e+01 1.448650302134741352e+01 -2.127326042774071002e+00 3.355204346456194031e+01 -2.521422625663171857e+01 1.962531271306423974e+01 -6.737828573764022000e-01 2.486766658801534025e+00 -1.214008163021447650e+01 7.135902336300663592e+03
-5.385679512683021386e+01 -6.840752990108628140e+00 -3.412104472038898706e+01 1.637477253398837362e+01 -2.171366835644309035e+01 1.349778016857194451e+01 -5.159156285437219047e+00 2.383105424771670755e+01 -2.926594802449355726e+01 1.864722967763214001e+01 -9.506296119626904684e+00 9.215509633071334861e-01 -1.426441528218416543e+01 7.126846008120900478e+03
-5.250903581189434988e+01 -5.243132060461761057e+00 -3.397514642223828929e+01 2.235256311747362190e+01 -1.530559400881025667e+01 2.560700503478264878e+01 -4.648681969778962753e+00 2.665746267517076973e+01 -1.889073687204553309e+01 3.039051151847583299e+01 3.438286456968022264e+00 7.301865949455178750e+00 -1.256331598484256595e+01 7.564266501742058608e+03
-5.302866738079467268e+01 -1.083901266849185063e+01 -3.344457741262792183e+01 8.948392983456601613e+00 -2.035866199717913361e+01 2.859145158974909506e+00 -1.285336579828555159e+01 1.209211082514260838e+01 -2.731362755807613496e+01 1.468069896307947886e+01 4.879957513475638997e+00 1.031903309648629374e+01 2.782645420315945639e+00 5.961811958354635863e+03
-5.191510908147953529e+01 -8.552041988032671682e+00 -3.184043587037394119e+01 1.481613102385821001e+01 -1.476698436677346038e+01 1.381069923568892044e+01 1.551496824721840584e+00 2.399291111654797248e+01 -1.220789931753470192e+01 6.637136931412248586e+00 -8.781926691161386245e+00 1.277494549132867530e+00 -8.080382875752901484e+00 5.325644443493542894e+03
-4.453526159914235194e+01 9.667596475487421515e+00 -2.579478750438139301e+01 -4.149157513538122011e+00 -3.572563660482654768e+01 1.305718726842071797e+00 -1.125056114963922305e+01 9.807297510922319717e+00 -1.654092103308276762e+01 2.134967663478135602e+00 -9.503578413692512328e+00 -6.239396285846622092e+00 -1.806016316603571070e+01 4.993800458456154047e+03
-4.327756750741097136e+01 1.116496178797709682e+01 -2.811440874492632958e+01 -2.460060522896108992e+00 -4.071859741078539940e+01 5.074525366962055806e+00 -9.079151670129871121e+00 1.784816598248281849e+01 -1.980469120807615013e+01 2.004761861805023671e+01 -1.047343236121575138e+01 5.339752603021601374e+00 -1.573240958939151746e+01 6.058666365604502971e+03
-3.969646740214217573e+01 9.833993459323947306e+00 -2.459858859148812016e+01 -1.254740314930667644e+01 -2.787130772185451377e+01 3.446744297341606811e-01 -1.863182480926203155e+01 1.330409099794908068e+00 -2.198615067536541900e+00 1.328494123026095153e+01 -5.642497142083962913e+00 -1.154923128087493200e+00 -4.600259952224137194e+00 3.796545901501493063e+03
-3.818710501525472978e+01 1.385679825588794145e+01 -2.015679928440657065e+01 -8.291157746424842045e+00 -1.581569361618168479e+01 2.543651809197685854e+00 -5.332960997827030702e+00 -6.230495384554112448e+00 1.468502519712514776e+00 1.769448850502284998e+01 -6.751491021915588142e+00 1.119777670239503387e+01 5.720399545703636068e-01 2.935723063257205467e+03
-4.039427448448505231e+01 1.571400478213964291e+01 -3.319942876928375597e+01 -1.252983444392479484e+01 -3.201063125655240071e+01 8.381449179590024556e+00 -1.934593302255933978e+01 1.039800682650402308e+01 -7.360277320036598958e+00 2.878475750819751511e+01 3.890797791302807451e-01 -1.246441655797236869e-01 -6.850287148069917009e+00 5.644968353777465381e+03
-4.074610218046619536e+01 1.917305317705857703e+01 -3.441328688829194959e+01 -8.468446010741628172e+00 -3.837968024842908221e+01 9.390583688976640531e+00 -2.577969678512817708e+01 3.460064764066247633e+00 -1.850645639009993459e+01 1.903822108549935166e+01 -6.930289269541306751e+00 -1.105651958659799483e+01 -6.899404058844388343e-01 6.397281778531091732e+03
-4.002633764623305979e+01 1.894013423740726054e+01 -2.898581322724157872e+01 -1.051119213746452807e+01 -3.140580210651469528e+01 2.802334769990132202e+00 -1.342369434047083487e+01 -1.344695914711990170e+01 -1.236359191303368732e+01 5.703020344783397810e+00 6.833862868026775672e+00 -1.853750722970964659e+01 8.178944797333226546e+00 4.909311525097250524e+03
-4.137533242804924072e+01 1.686595410309817922e+01 -2.018301283090692522e+01 -7.052757963403570862e+00 -2.523690513211646547e+01 4.530625883403065934e+00 -3.440844796373248027e+00 -7.057810202327122084e+00 -2.051326311251111534e+00 1.257162230342338560e+01 1.208204519612872474e+01 -1.076853716087287083e+01 9.896687249207511528e+00 3.694689246660100252e+03
-4.433168581786747353e+01 1.398429347020742775e+01 -1.990621038496557915e+01 6.804308620445818079e+00 -2.301168336558561833e+01 1.775335469159814039e+01 -1.029924866328756927e+01 -1.185527649046574084e+01 -1.269173169168157855e+01 7.604753926528024621e+00 4.310363823762290991e+00 -1.309981415343505873e+01 3.427963870603307317e+00 4.115603575887639636e+03
-4.719470385139588586e+01 1.214935575697986714e+01 -2.516249590270357217e+01 6.084187305088125441e+00 -3.382277831230488374e+01 2.250900740745924722e+01 -1.998398059117088721e+01 4.452792404197154497e+00 -4.729034949700365331e+01 5.804122748871420434e+00 -1.961081629706951190e+01 -1.665973893643705495e+01 -8.965688351230202358e+00 8.127517621154887820e+03
-4.961235966186561086e+01 1.063478458486297029e+01 -2.677442794132826975e+01 2.049054482331209925e+01 -1.968910694530057981e+01 2.556448664511274771e+01 -6.625416715115051147e+00 -1.323975066106803045e+00 -3.564120324360792580e+01 -1.476118481988142506e+01 -7.883380038529364420e+00 -6.593868364749485345e+00 5.493519387072645088e-01 6.392186773817476023e+03
-5.182277996324863523e+01 1.160491689642353386e+01 -2.894145320653331765e+01 2.449226579639358903e+01 -2.656028314825075398e+01 2.676726829338380753e+01 -3.657828981826604764e+00 4.805500626670121456e+00 -2.517813842144508030e+01 -3.744607158998565222e+00 1.301651795819009472e+01 -1.810605482912573549e+01 3.311011157408154659e+00 6.872343752038136699e+03
-5.222545221948615080e+01 8.574417983603293436e+00 -2.825734506580391425e+01 2.018446687625328551e+01 -2.545658042309835523e+01 1.777201565086644663e+01 -1.845040411228390909e+01 -1.715026014985853564e+01 -4.231119186727418935e+01 -2.082174673882957805e+01 -6.065594070861457965e+00 -2.030431156074225285e+01 -5.380777593732540831e-01 8.278467740329117078e+03
-4.945256289625675095e+01 8.026572830184377949e+00 -2.078992317951685109e+01 1.334267487978754296e+01 -1.721239011605043245e+01 2.951874728311469909e+01 -8.217422379512083097e+00 -4.655310021937245857e+00 -3.797381891035890078e+01 -4.925586707559938660e+00 -2.512524319275410978e+00 -1.088138667897743872e+01 -6.743673777885640597e+00 6.013517301384908933e+03
-4.813198440429736991e+01 1.112120717500897094e+01 -2.819793444164168505e+01 1.051903279100830169e+01 -2.030955750211385080e+01 3.722785778950348856e+01 -2.016108609428503939e+01 5.860565710590554644e+00 -4.301988309192012139e+01 8.160251778028406733e+00 4.667001907396633342e+00 4.555315898975562661e+00 -3.873024746543101138e+00 7.560182054588643950e+03
-4.565677396044321057e+01 8.371887226491237399e+00 -2.652968618765129349e+01 -2.364276645917638309e+00 -2.309754347369378635e+01 2.586909105423082877e+01 -2.598767294871376521e+01 -1.664785373414774128e+01 -5.242642497051757999e+01 -1.254935003900190305e+00 -8.773051269535610430e+00 -1.089040225908389026e+01 -1.162930094439901474e+01 8.100172950667206351e+03
-4.304760274913515161e+01 8.752937478875525201e+00 -2.847542651961523319e+01 -2.420965432100877113e+00 -5.330798508194856566e+00 2.827226058021044608e+01 -3.087374137739969626e+01 -3.764880210565159757e+01 -5.284061992973174426e+01 -1.135762297758856398e+01 6.375056328545284368e-01 -8.343966423368526009e+00 -3.815086783349382671e+00 8.950489134263380038e+03
-4.347924782625802465e+01 1.727463634883688215e+01 -3.874044633859510611e+01 1.013837202390453385e+01 -9.252852656400973430e+00 4.227122379936765384e+01 -3.800056474804478768e+01 -4.212827896671396388e+01 -4.106049434809988696e+01 -1.121351956438378927e+01 1.582446670204635630e+01 -1.219485885533481806e+01 9.736274010037984539e+00 1.118940385361070184e+04
-3.970763333967772724e+01 1.098154365436552737e+01 -2.793311577123922973e+01 -5.399242951099160193e-01 6.291625453771197973e-01 3.915529098662580054e+01 -3.509279644396579556e+01 -3.753460900830305036e+01 -4.392043926331017900e+01 4.827895332345455870e+00 3.159170102660074697e+00 -8.516416367087089156e+00 2.870888456866383276e+00 8.694790077253674099e+03
-3.766247378011917846e+01 9.198672339507769635e+00 -2.420909317821908857e+01 -2.177595961668285174e+00 7.302153951610653060e+00 3.589184695109981504e+01 -3.828610126999188878e+01 -3.817954215473634605e+01 -4.636051269896526605e+01 1.245201242734081681e+01 1.115165088556165429e+01 5.239642482160007830e+00 7.787223846021428919e+00 8.875752517471237297e+03
-3.814859110826077426e+01 7.851795849096673052e+00 -3.407790339532282786e+01 -1.243698558205628402e+01 -6.514651037400295053e+00 2.647994723310214127e+01 -5.088406747132691521e+01 -4.757499067755232147e+01 -5.049886482790978448e+01 2.162798740543406595e+00 -7.171221408645870987e+00 1.303468113000798567e+00 -1.351274147530060787e+01 1.121967683088444937e+04
-3.536913398529039654e+01 6.258821047714003605e+00 -2.459635003870604564e+01 -8.150367854797980982e+00 4.975990261597550202e+00 2.981813120505059089e+01 -3.673818401376709630e+01 -4.371414154934105056e+01 -3.254360310229988329e+01 9.412095190090253638e+00 1.189341529531198383e+01 3.021626667265877142e+00 1.493291217080901179e+00 7.436546287351620776e+03
-3.536139623837637203e+01 4.242781393900738607e+00 -2.465817631541198551e+01 -1.037428044153319107e+01 2.475370651988898274e+00 2.008630577947447549e+01 -4.156788346817302937e+01 -4.510654676905168259e+01 -3.260832600922395841e+01 1.429283773509576427e+01 9.185659976841851204e+00 -2.722261825332594753e-01 -6.952135629153232799e+00 7.556528310705310105e+03
-3.808461643566256782e+01 1.356926846822335619e+01 -3.071093510228722323e+01 1.967582169847188256e+00 -1.529981833537157598e+01 4.668205396575325494e+01 -6.113665592111904346e+01 -2.845206677260965833e+01 -3.744390453746785141e+01 2.851834255442141597e+01 4.916654907708943867e-01 1.194234360049055610e+01 -1.149290196885278625e+01 1.203239532502845032e+04
-3.733571191388919885e+01 1.104302165095773347e+01 -2.667437939132643621e+01 6.739949825668837491e+00 -7.408673486910369199e+00 4.997214601929149325e+01 -5.623176918094504373e+01 -3.633503459578970762e+01 -3.934795168196864523e+01 2.746051657312497696e+01 7.650446636753775564e+00 1.706761659675936826e+01 2.386096621276979413e+00 1.196507117492202997e+04
-3.729071541720047378e+01 9.563631306938361831e+00 -2.591577267583247135e+01 -1.350668582902338244e+01 -7.356980650291997215e+00 3.487320716531277043e+01 -4.414538015582320440e+01 -3.427529341581082178e+01 -3.251405724124839480e+01 1.348962790421206570e+01 7.861711440556799602e+00 6.708244675013220082e+00 -1.250945351889309887e+00 8.077500302645829834e+03
-3.928834803455557534e+01 1.349057558960565650e+01 -2.520612514464217568e+01 4.490577184182711901e-01 -4.253243137055455314e+00 4.743818685756912856e+01 -4.711698428559900265e+01 -1.420850660456027903e+01 -4.063475383565965871e+01 1.831245428545305032e+01 8.797578661019327839e+00 1.367309818734893057e+01 9.846326886885789165e+00 9.399314195025417575e+03
-4.288867858281451362e+01 1.343292429109268227e+01 -2.818210844726250741e+01 7.538723317828428527e+00 -9.235320653594511597e+00 3.662339377234937388e+01 -5.283675703776179233e+01 -1.478767432403821358e+00 -3.780031386808234828e+01 2.093983303469024548e+01 -1.273097427057526509e+01 1.372827088393258244e+01 -5.763653383925802842e+00 9.342522721469074895e+03
-4.419623051294361460e+01 1.142997111476807071e+01 -3.121051737886593003e+01 1.506654722784536560e+01 -1.427705706396221519e+00 3.973714431561297999e+01 -4.645737844686347984e+01 -9.711436508256808153e+00 -3.296841353261942231e+01 9.954209815135680373e+00 -2.970561732182905423e+00 1.455300561393584147e+01 1.027271012586758125e+01 8.630872631451602501e+03
-4.088867319399030009e+01 4.403823104954935452e+00 -2.498443634298849148e+01 3.283759508810449201e+00 5.001072558211206776e+00 2.387913814219924546e+01 -3.245212264510524136e+01 -3.081981260787063093e+01 -2.092198672169850937e+01 -8.518563282422634941e+00 1.089578401009002384e+01 3.380296434625210011e+00 2.150496115154163590e+01 6.027410783986520983e+03
-3.974932241634375174e+01 8.015044135578687445e+00 -2.426778510260139754e+01 5.308017464045483358e+00 6.273819511424469475e+00 3.466723454043930985e+01 -3.185593398213910632e+01 -2.972016045392066630e+01 -9.240976387268949210e+00 -3.480786004132303546e+00 2.967743280432479125e+01 3.626553117832036044e+00 1.606138524924966759e+01 6.649997954756441686e+03
-3.912122091409259639e+01 6.690281336687083247e+00 -2.918578488267380422e+01 -3.097675351837071656e+00 -1.405983617855313783e+00 2.849493236999844115e+01 -4.058224851865321625e+01 -3.325069250075564042e+01 -3.003221449286878553e+01 -9.101247291793326255e+00 3.880639140658359576e+00 -7.161544819006537388e+00 2.087271547973831964e+00 7.058571225752032660e+03
-3.880843379291987105e+01 9.336771998853825139e+00 -2.912172479812490167e+01 5.222761389017375855e+00 -1.409699134120376174e+00 4.396250855701912741e+01 -4.140833951454030171e+01 -1.995203467570697242e+01 -2.915658264718060266e+01 -4.039819925956976476e+00 1.360624929071881795e+01 5.910725812266611534e+00 1.925569622350442378e+00 7.606246590344664583e+03
-3.769618698006367197e+01 9.309816507381242445e+00 -2.859359897668440809e+01 2.081153074449324070e+00 3.073003711426006479e+00 3.951080918451194179e+01 -2.464357546310947455e+01 -3.054876040885313770e+01 -2.043318168365294341e+01 -9.080454801370288820e+00 2.911045436324146252e+01 5.101522796070852905e+00 1.330950165523309714e+01 6.991236760645349023e+03
-3.677910382066580297e+01 6.985674330898476114e+00 -2.695912982032921335e+01 -5.559598774218588169e+00 -2.640064156171488818e-01 3.607202178440290652e+01 -2.318255334886688956e+01 -2.115792223752163537e+01 -9.708599992216456087e+00 -1.013638359331929095e+01 2.217150137157712564e+01 2.028141568404198569e+00 1.384774560246681574e+01 5.330006926814094186e+03
-3.954911393107142459e+01 9.180030189491409587e+00 -2.715054923259327779e+01 -2.232095462532171837e+00 -1.352473658706209036e+01 4.002160073488035152e+01 -3.670358723357371389e+01 -3.062732502977325311e+01 -1.994122813778247050e+01 2.180896806853354963e+00 1.067972523960644082e+01 -1.046604495450094063e+01 3.520960666746491441e+00 7.098774002946819564e+03
-4.129803495901558108e+01 4.575309776801981698e+00 -2.354073136833337898e+01 3.786295182133055715e+00 9.244647727372658608e+00 3.166542119165484692e+01 -3.182279992649325706e+01 -2.370156368345431019e+01 -2.443731908861586533e+01 2.687243898908231010e+00 8.174938785887427173e+00 -1.149415857955430109e+00 7.963559160103860002e+00 5.693553242117681293e+03
-4.224986266625262488e+01 -3.005134215178869361e+00 -2.058674949796573728e+01 6.994515116490903850e+00 -4.902631992939907035e-01 2.964551234772665111e+01 -3.969271699407593701e+01 -2.053221017694516348e+01 -2.720313826969783833e+01 -1.002824641982519260e+01 -9.122726221517408973e+00 -1.357782961963600243e+01 6.237249897616162775e-01 6.251546502793624313e+03
-4.105252736442149342e+01 4.047065475893422692e-01 -1.513609460201602275e+01 8.624293228717602844e+00 1.745862347031940098e+00 2.632898829632400250e+01 -2.413550615358262164e+01 -7.597318102962831610e+00 -1.972806575342679025e+01 7.049240980078043783e+00 -2.599538157357294921e+01 -9.558441607741308133e-01 -2.202507498439717271e+00 4.445872060845068518e+03
-3.813844698261192434e+01 -3.276779933089581487e+00 -1.272840547356769214e+01 1.080302881585105190e+01 -1.056292724938447414e+01 2.874294170359441836e+01 -2.248286863890639253e+01 6.029850648507664168e+00 -2.809976877374185378e+01 6.913965683608048529e+00 -1.215409260018927817e+01 1.356512848842266905e+01 1.971526085583565546e+01 4.781392888467606099e+03
-3.456861644045502402e+01 -1.143456711298805395e+01 -9.978355160632052190e+00 1.575974806887728619e+01 -2.009570323682958204e+01 1.794559618521236999e+01 -2.313630487583753137e+01 3.913156661875162312e-01 -3.415114974102834822e+01 -1.986333853490876322e+00 -1.696008047294129639e+01 4.423321271547090205e+00 9.296534512845871845e+00 4.498881446338824389e+03
-3.318388311307569438e+01 -8.254619453355322989e+00 -2.851128647882345035e+01 1.430640847888079392e+01 -5.008000383831958402e+01 3.009772695492404537e+01 -5.287036563405170142e+01 1.356514717562069805e+01 -5.551645254709214328e+01 1.677424792885305393e+01 -4.106757788027653788e+01 2.107329771027423693e+00 -1.578749313784346420e+01 1.388372798178400080e+04
-2.902040447596389683e+01 -9.763863626157863962e+00 -1.288994691232122491e+01 1.825764523575218179e-01 -2.742070816940822908e+01 1.572662844564127838e+01 -2.174126741165691712e+01 3.209402259598942653e+00 -1.941822916267302190e+01 2.575049965899051330e+01 -2.402015720092362194e+00 2.019165494152420592e+01 2.666486772503549574e+01 4.750549660822911392e+03
-3.288449384850932944e+01 -9.745029293794217340e-01 -1.965446743923484263e+01 2.841187086128090566e+00 -3.828284225008685127e+01 1.841673520853091617e+01 -4.043328816554545568e+01 -6.628692163269256810e+00 -3.602961686568362154e+01 1.845956309662309991e+01 -2.011040199287073804e+01 1.759480401055633791e+01 1.464973377093733475e+01 7.527761381420196813e+03
-3.785774086306006581e+01 7.712468697311214427e+00 -2.608477307132289269e+01 2.063694526889090497e+00 -3.584504405553433770e+01 1.264009616912533396e+01 -3.620119906800935183e+01 1.121170499763321171e+00 -3.959472987748667805e+01 3.047619356058024209e+01 -3.486319794694966845e+01 2.374319029423213578e+01 2.139758391361024970e+00 9.214089220126255896e+03
-4.178395048435338310e+01 5.745138380287821533e+00 -2.124447962517280786e+01 4.796961184555415869e+00 -2.808469105453886527e+01 1.126741076735160796e+01 -3.390374730052550944e+01 7.396033020817156522e-01 -4.104105368059990866e+01 1.056062509845568620e+01 -2.243267658285705579e+01 1.401853177156791475e+00 7.576835916619891087e+00 6.677452898522296891e+03
-5.065847628675290792e+01 -4.209253243725314952e+00 -1.810334735489825775e+01 2.985340347917222559e+01 -9.831943683049734872e+00 1.330059299613425239e+01 -2.308195473604823178e+01 1.588106107162990721e+00 -3.333322222907693089e+01 1.100418703671032539e+01 -4.573433196632392672e+00 -1.177575994166598683e+01 -7.228017213284760878e+00 6.055852406143015287e+03
-5.499858053572625494e+01 -3.799267707830415564e+00 -2.003324003642602236e+01 3.915959252335346719e+01 -7.107779033637581456e+00 9.614035850649006676e+00 -3.822143892856680658e+00 1.070003314199854394e+01 -1.031055107577392249e+01 -2.340348692443565970e-01 7.304776386142004974e+00 -1.924917374406026482e+01 -4.973283606348082309e+00 5.801118623834717255e+03
-5.745009432535614025e+01 -5.378780641799754569e+00 -2.413027205262384456e+01 4.103029276390130065e+01 -5.222868848370084471e+00 1.989974238357735103e+01 1.851547181502574801e+01 1.813886997215252350e+01 -6.544125212978650907e+00 5.105636717190025209e+00 4.645846042347798743e+00 -1.980314654333478686e+01 -5.996067724084536144e-01 7.173320106988267071e+03
-5.963549174691681998e+01 -5.979994978351646395e+00 -3.068997457561819431e+01 3.785568538376065817e+01 -1.774506533088663929e+01 4.991155904888127104e+00 -3.885066574129047989e+00 -1.637322111031869865e+00 -2.378737407498385181e+01 -1.231030969632525895e+01 6.922315254991015188e+00 -1.404882122302622705e+01 -7.763339634494564878e-01 7.287926628880572025e+03
-5.989417050037075541e+01 -4.927770511384806262e+00 -3.352304352196856030e+01 3.481671648698772970e+01 -1.116401807547733149e+01 9.247323176679577372e+00 -1.666543831070661952e+00 6.400499236205356546e+00 -1.089706606542042522e+01 -2.336288798889206486e+00 7.360391121888247845e+00 -2.450919405108405869e+01 -1.310661972229443606e+01 7.152348545620177902e+03
-6.129308707226074660e+01 -1.966331433672666718e+00 -3.529962153701991667e+01 3.355698702090135299e+01 -1.873342282924977553e+01 1.839105286871292577e+01 5.268511081428473020e+00 1.890267511984325566e+01 -5.023635943899734002e+00 -1.909584213062325375e+01 6.836115516394641212e+00 -2.185770600234146954e+01 1.780606383633128731e+00 8.124634383859544869e+03
-5.932810802975685505e+01 -1.545993391327144417e+00 -3.060986739326650508e+01 2.826534224491780023e+01 -1.287464212196298341e+01 1.262410625047150070e+01 1.315642820563808213e+00 1.178382128851859711e+01 -1.237055487244808383e+01 8.831507355809241622e-01 7.849610997053046546e+00 -9.207189014277298966e+00 -9.426604245266124948e+00 6.112882053615645418e+03
-5.768249103262460409e+01 -4.839481956920522521e+00 -3.027251260395423316e+01 2.599838819808256929e+01 -1.026206371890491020e+01 2.224307265305693804e+01 -1.470445149625877912e+00 1.879555296126746100e+01 -3.274436921305522930e+01 8.726684256277541962e+00 -1.992164319564795605e+01 -7.182077699004673299e+00 -2.035617699764655697e+01 7.909707601391249227e+03
-5.097530138631504570e+01 -7.206361771268626981e+00 -3.465037728043107279e+01 1.079412063503153796e+01 -2.583010756968293364e+01 2.468799948490903162e+01 -3.273421344099590868e+01 1.147992520211626122e+01 -4.733832534010586812e+01 2.481750630082732556e+01 -1.131974699871575574e+01 1.829954863192197578e+01 -1.399557352271990851e+01 9.963295770713184538e+03
-4.951039792823536345e+01 9.122840997815938380e+00 -2.562666730193712183e+01 1.311176706173285211e+01 -2.939315234170220847e+01 -9.976482576476426445e+00 -3.008801414753899195e+01 3.690145264721842899e+00 -3.822821941602976636e+01 1.155279913689418159e+01 -1.866297727436408849e+01 6.422158612347255158e+00 -1.376586878967586713e+01 7.419457533105153743e+03
-4.593202794445834769e+01 1.908449677105454967e+01 -3.015357960768026757e+01 5.843231673069504417e+00 -2.916057793046147495e+01 8.322346067214006382e+00 -1.983458899602769776e+01 -1.758733386603970317e+01 -2.087271323479871299e+01 1.520957272765861568e+00 5.042439612951061356e+00 -9.407318159774678890e+00 1.822957900056224378e+00 5.594907386617230259e+03
-4.147500561911718364e+01 1.355719414356960151e+01 -3.071802409516759624e+01 -9.384204580055877543e+00 -1.907524847617552410e+01 7.478375750569883351e+00 -2.095134859871041755e+01 -9.073949936712608633e+00 -2.246097958848045550e+01 2.144421363331308328e+01 -7.674444259536328250e-01 -1.523120959815346787e+00 1.662379194686137263e+00 4.846742963334467277e+03
-3.950004242545082889e+01 1.157859106612903943e+01 -2.320388035901118329e+01 -1.344080322307465636e+01 -7.575349088514410134e+00 1.168706545599200730e+01 -2.133830870322022122e+01 -1.162162682729050900e+01 -1.875252232392204021e+01 1.214630212661931097e+01 -6.048744587813634332e+00 -1.480797978625299827e+00 6.756237633233328488e+00 3.781367988457132469e+03
-4.169055827633376765e+01 1.978658250780516070e+01 -3.825940612272147945e+01 -4.265431486958957130e+00 -2.619016098237842627e+01 3.122514080582586971e+01 -3.667271655047237289e+01 9.469577186033014682e-01 -3.815294802891677506e+01 2.992599529767765176e+01 -1.515068675995108549e+01 3.801573380767056420e+00 8.052470136228592423e+00 9.278356560718721084e+03
-4.106135809759979338e+01 1.663586596150153696e+01 -3.964595454760110727e+01 -1.015366235530090933e+01 -2.202714255180850955e+01 2.029344172581372874e+01 -4.340870857708224406e+01 -9.803182679842226577e+00 -4.046048771949494949e+01 9.462273573084678091e+00 -1.521928225669132217e+01 -4.899221053486009225e+00 2.438553102338089307e+00 8.503284041629362036e+03
-4.046152872445951232e+01 1.857771527271663103e+01 -3.264903120177334728e+01 -5.503309769787114725e+00 -1.082088544149168641e+01 1.491714129283540302e+01 -2.108421677769149838e+01 -1.986586086722457267e+01 -1.744439129261819588e+01 -4.420757213910198047e+00 9.741246593800296338e+00 -8.885178353288093689e+00 1.406005297955448263e+01 4.952695010797065152e+03
-4.032762684159448696e+01 1.164938741128833577e+01 -2.709975753971891876e+01 -1.360882247527089817e+01 -6.508591199682403072e+00 8.662987480943954210e+00 -1.823173721865451569e+01 -2.977835344255701955e+01 -1.394232782000742432e+01 -6.046550823238185934e+00 -8.417591751169425374e-01 -8.500274603259947881e+00 1.058714064138875521e+01 4.434178364566480923e+03
-4.410108192570254459e+01 1.579101981879690264e+01 -2.709065467733415389e+01 -3.654703315863641055e-01 -5.121382651830684196e+00 4.756537115759369883e+00 -1.283528450303969848e+01 -2.113435178883093357e+01 -1.214377474100663079e+01 -5.485807355046644629e-01 1.024788076111186363e+01 -1.077671521657754816e+00 1.992928216697530530e+01 4.239686362230258055e+03
-5.022170279498043755e+01 2.169004798374867704e+01 -3.763875958609164485e+01 2.850861837967579504e+01 -1.638839477910247311e+01 1.794991769606724219e+01 -2.635455291254420018e+01 -1.158102174600107936e+01 -2.861347225741118194e+01 -2.285973667864316994e+01 8.297131934834181877e+00 -1.870698134981668659e+01 2.444718083579165580e+01 8.999313266921879404e+03
-5.060861655061978581e+01 1.914463332888329816e+01 -3.513983920698355945e+01 3.133299198206752578e+01 -1.319204706571886554e+01 2.096827148828431930e+01 -3.079397296548534868e+01 -1.334625365538806108e+01 -3.074001216852409968e+01 -2.826513187490142087e+01 -8.548061472833088814e+00 -1.530646960179626603e+01 3.086976336255721876e+01 9.888569197830467601e+03
-4.846460849621796285e+01 8.428753382234425828e+00 -2.507842650226055170e+01 1.225961114123689555e+01 1.797340227857752437e-01 3.952435824830332844e+00 -2.017566619426779084e+01 -3.127593198667274521e+01 -3.381287317438445683e+01 -2.479363241244350036e+01 -2.321808090862054996e+01 -2.194567573685469597e+01 1.317126668766493580e+01 7.552192014014075539e+03
-4.935811346394196875e+01 1.039448211026591196e+01 -3.212333666818006606e+01 2.436211202550907728e+01 -1.861465907255219765e+00 8.890167732818344604e+00 -3.161519152034853164e+01 -3.269406827708957763e+01 -3.267333511480435959e+01 -2.262764087676297464e+01 -1.549256799432909837e+01 -2.445066654062157596e+01 1.216573791328520571e+01 8.886029352603924053e+03
-5.051649714759792431e+01 1.340851846428182625e+01 -3.221519414186051478e+01 2.595155945391250896e+01 -6.058243656786621578e+00 1.331984653920081563e+01 -3.084309357618392511e+01 -3.022860322203360184e+01 -2.318167115950592816e+01 -1.280360836179249695e+01 -1.485693770337332431e+01 -2.697909498595813460e+01 1.305499467765159416e+01 8.342547840341620031e+03
-5.251881855621108031e+01 1.384248164021870053e+01 -3.809662657260107466e+01 2.924526943336401530e+01 -1.786246892107693540e+01 1.692560976442254272e+01 -4.191198243053329975e+01 -2.647826939178973404e+01 -2.880882074099242374e+01 -2.559637804116134419e+01 -2.000165673942432676e+01 -3.727666765216391553e+01 9.945077419561382470e+00 1.169337993380315493e+04
-5.049531426125729183e+01 1.332010161184517294e+01 -2.636579461807532709e+01 2.587120571315614370e+01 -3.654431099383489201e+00 2.740146368759316076e+01 -3.148261428684399732e+01 -2.181097647074875212e+01 -1.473223178555599056e+01 -3.887848834832271283e+00 -7.620859186376902628e+00 -2.849552807752549910e+01 2.227503745575133465e+01 7.921148986768972463e+03
-4.620025967960594215e+01 4.144928855659452793e+00 -2.214490565795682286e+01 5.285553431593733364e+00 6.221485711055054324e+00 1.238247183248463124e+01 -2.372068977832114456e+01 -2.291132850435307233e+01 -3.522930374080285532e+00 -1.173339004542441089e+01 -2.449758717931122476e+01 -2.828106677179953365e+01 -1.889861636039874782e+00 5.503216514629405538e+03
-5.131776740170443674e+01 1.272434288622729071e+01 -3.612670591294422451e+01 2.448947182214746121e+01 -4.386796124525625729e+00 3.212842302114329129e+01 -3.513906507028126214e+01 -3.037715820280180878e+01 -1.323249454185904916e+01 -7.900614419669467203e+00 -1.067844380668655013e+01 -3.076935970602484005e+01 1.621611776898526713e+01 9.470564198142554233e+03
-4.622098546277105413e+01 9.585725005353998185e+00 -2.943025708958156983e+01 7.938384470512963809e+00 4.971960519542562906e+00 1.926874699339331443e+01 -1.571426261188398676e+01 -2.921149487271626199e+01 -3.291488026030463754e+00 2.127836761204150218e+00 2.038507366112728494e-02 -7.385635443431848302e+00 8.388731281267972406e+00 4.793958507297448705e+03
-4.596255863726578639e+01 2.277506144164182800e+01 -3.949516473017985874e+01 2.650989125878993136e+01 -3.477933590311060641e+00 4.991711962002982972e+01 -3.462022134402793938e+01 -2.900220508569310240e+01 -1.056493803997544845e+01 -5.122087214886458462e+00 1.268999229836887466e+01 -3.848753942699844721e+00 4.224307978523867035e+01 1.153558536514421212e+04
-4.367906131530731528e+01 1.580583706483866813e+01 -2.574351878743300759e+01 1.390929266933523500e+01 9.045121322978182388e-01 4.344683404561496332e+01 -9.029274151186298170e+00 -4.159453103760305481e+01 -1.024433953056118085e+01 -3.075437641831318292e+00 9.552949148713308247e+00 -1.021638192607946305e+00 2.467035475194442995e+01 7.529294194274325491e+03
-4.398946245214966666e+01 1.093156795358029854e+01 -2.696558590376358566e+01 1.215077333874044463e+01 -1.949495334579324446e+00 3.758694080741653920e+01 -1.895739929384150457e+01 -3.733235525388704446e+01 -2.021426336330259232e+01 -1.066118008032708353e+01 8.506329958536237967e+00 -3.878842167835681032e+00 2.925170657802393137e+01 7.564365096403279495e+03
-4.737361946779535060e+01 1.226327787566307315e+01 -2.960553308263490280e+01 1.330770014354180653e+01 -1.256438052057677091e+01 2.735488667967437593e+01 -2.337883573221086309e+01 -3.655230821428920507e+01 -1.912128851997190182e+01 -1.352159236528814823e+01 1.585571379965794447e+00 -1.343663018124252950e+01 1.770655539931441069e+01 7.282061263156849236e+03
-5.045374760937064451e+01 1.267190850610808006e+01 -3.078480787295495702e+01 2.800018265517922345e+01 -1.593846323121812603e+01 3.183528958910499540e+01 -1.793748466767465644e+01 -2.139263365273795259e+01 -1.087467899187999087e+01 -4.758331588344638874e+00 -2.965161223589598549e+00 -1.259621137085898823e+01 2.859413436804848629e+01 7.610772546634108949e+03
-5.264172203420807250e+01 6.102870878969747892e+00 -2.347032786558248318e+01 3.005550472910859838e+01 -1.475209254327915609e+01 2.070498987869711627e+01 -1.927857724317635757e+01 -2.133023207981079494e+01 -3.785030031293885600e+00 -4.846868117985088098e+00 -5.693305210893707446e+00 -1.889986753187567814e+01 9.137091926306567302e+00 6.246472516421292312e+03
-5.600956099569822300e+01 1.126103362999780444e+01 -3.114121047027298061e+01 4.019741853127319331e+01 -2.125208693055155607e+01 2.155047736101141354e+01 -1.500174715018111726e+01 -1.271331515025161885e+01 -3.805073096115905162e-01 -9.042308892821450783e+00 2.072226597446563012e+00 -2.439073034822348518e+01 7.277128840876637028e+00 7.886310910621235962e+03
-5.722425418675999964e+01 4.607879101053310222e+00 -3.490232703385677837e+01 3.393295596226511179e+01 -1.933139945389383740e+01 3.145197878666203550e+01 -9.423387460104235558e+00 -1.041042142473057552e+01 -2.563064805653837208e+00 -1.567244774205223656e+01 -2.090408526734308126e+01 -3.732686659861597889e+01 -4.427066809643405598e+00 9.327642420560150640e+03
-5.507799995746381683e+01 6.885547870489509670e+00 -2.948562814896708062e+01 3.113741109159376563e+01 -1.002307067105794225e+01 2.144083049298509280e+01 -8.534256237284516544e+00 -1.801625206322171735e+01 -1.457818080495244928e+01 -9.570998023227831553e+00 -9.467247195293422735e+00 -2.170114613653198887e+01 -2.421028515857195362e+00 6.748084762365382630e+03
-5.751271437475179482e+01 5.021024148302339007e+00 -3.454575940071035234e+01 2.660989519840470408e+01 -1.481422190409081630e+01 2.390506788275306604e+01 -1.182485160157688142e+01 -1.683268351118940487e+01 -4.093402422899391269e+00 6.431661547390438827e+00 4.287486677063635732e+00 -1.190945174863662714e+01 9.315059241133100798e+00 6.753608929262225502e+03
-5.717216858446572303e+01 6.442758016628967077e+00 -3.591371188118506552e+01 3.104381806491336704e+01 -1.727627253069401903e+01 2.462564041382284685e+01 -9.365311946001467547e+00 -8.029806669449612855e+00 1.469983736277882036e+00 8.827673679581849342e+00 8.857837573237615558e+00 -1.380353702754244338e+01 8.425087022319130980e+00 7.040827641040342314e+03
-5.150545464915492744e+01 1.879025234414825274e+00 -4.104471685413157189e+01 1.045789807699511265e+01 -1.160618859835132888e+01 4.466283839281129531e+01 -8.742718691715447576e+00 -3.238375286248480478e+01 -1.335414506338403129e+01 -1.725842995967576599e+01 4.333407634089865290e+00 -1.412450080238476247e+01 2.810165726317555457e+00 8.407357906032279061e+03
-5.576563945525769128e+01 -5.999678810890686442e+00 -3.461384206655936424e+01 1.814491892160707920e+01 -2.088310508593690429e+01 1.773197770413873187e+01 -1.732714099603834867e+01 -3.165394382378372740e+01 -9.396641007794389822e+00 -1.327509361631397944e+01 6.458244347635517357e+00 -1.975853709537565095e+01 -4.763446368835197120e+00 7.445212023257392502e+03
-5.544549412656288467e+01 2.955531562488453279e+00 -3.237504040687719709e+01 3.496443333856458224e+01 -1.852539252042080875e+01 1.808382667780642450e+01 -2.008002394604290330e+01 -1.842518311387104291e+01 -8.808327203269112005e+00 -1.562257315894150267e+01 -5.070838697106963444e+00 -2.992894353837328936e+01 -5.848764883817251459e+00 8.043817052899102237e+03
-5.272207561533868869e+01 4.259395580842193496e+00 -2.352604750862505867e+01 2.766366501051420101e+01 -8.178769515076702135e+00 1.392827114523596066e+01 -1.156685229765478873e+01 -3.143390955758764349e+01 -9.061858579388550439e+00 -1.285521223147977921e+01 -1.121774264372387542e+01 -1.902926810881518804e+01 5.041540979705772862e+00 6.260026423779209836e+03
-5.245162177136132442e+01 5.567988785025617560e+00 -2.711377516709308466e+01 2.483931489217752286e+01 -1.854106741466836539e+01 1.068464126465825892e+01 -1.524640901219899725e+01 -2.726655469739675652e+01 -5.026423423205866214e+00 -2.527418297387649559e+00 -3.320314218404655460e+00 -1.910125818780119289e+01 -1.489913029048393067e+00 5.977929393723081375e+03
-5.246668348881321720e+01 1.487213929147277014e+01 -3.070188137231838255e+01 4.284371583167248332e+01 -2.656499486505851593e+01 2.075749318150564804e+01 -1.821983771516833883e+01 -1.321736853554761559e+01 -6.845463570772485795e+00 -5.306279286372451054e+00 4.098191418834872479e+00 -2.449524072985080281e+01 1.328939260675340961e+01 8.263793620756625387e+03
-5.104480920992497772e+01 1.235850738986408359e+01 -2.239535872809461381e+01 2.869392350082346965e+01 -1.490461962929854955e+01 1.409206565992196758e+01 -2.608592572230502782e+01 -2.256552186013142247e+01 -7.973962742551556460e+00 -4.122198364874456900e+00 -4.852224680020157166e+00 -3.062286789078013527e+01 3.252640525219173018e+00 6.746071282848269220e+03
-5.251720297667922210e+01 6.738362180545025559e+00 -2.272659581097815362e+01 2.355167561386134167e+01 -2.239693818887839427e+01 6.197598767283884591e+00 -2.348043818732706711e+01 -2.289717547555957466e+01 -1.345390869054248739e+01 -4.989728476329267082e+00 -2.656275296576764866e+00 -2.307093613802323162e+01 -4.923876818052364435e+00 6.259759912666427226e+03
-5.243668467934564603e+01 1.066049741663946016e+01 -1.816797649321702579e+01 3.407874749467961095e+01 -2.270472870874196758e+01 1.076883413405177770e+01 -2.535352036428333733e+01 -2.256696869055458521e+01 -4.768586043442983424e+00 -1.245005487062992300e+00 6.780501131010084670e+00 -1.487925107890356813e+01 1.211139964578582884e+01 6.576572832235567148e+03
-5.319508565823567636e+01 1.420734841458268782e+01 -2.457991816240508243e+01 3.362879363691870083e+01 -3.238158698807892222e+01 8.766117921684065450e+00 -2.154214752498102925e+01 -1.682164775915538257e+01 -1.108366950374893811e+01 -5.366959154533963883e+00 -4.106683015866646080e+00 -1.953128337937001291e+01 9.833923136520438035e+00 7.285771878437732084e+03
-5.032147382806181213e+01 1.295972884939620329e+01 -1.868718838865545706e+01 2.642111571865686415e+01 -2.267693247688577785e+01 1.010965246006095342e+01 -2.930920479730445649e+01 -2.325012636285938328e+01 -6.848384170271626381e+00 8.774839005239079004e-01 5.082381393492379829e+00 -1.934589127780601459e+01 -1.036795116898808322e+00 6.212377264748994094e+03
-5.328973460202438872e+01 9.453144323703364549e+00 -2.655373251326684070e+01 3.478838056735007456e+01 -1.941567640719854637e+01 1.400590951734209533e+01 -2.567329350587564818e+01 -1.277129354387882643e+01 -7.772025561292495333e+00 -2.010311663856568565e+00 3.459865483643031592e+00 -1.984617072212566313e+01 3.343085049663675257e+00 6.721310927880812415e+03
-5.205904533126996370e+01 8.353895914911452891e+00 -2.059062934333549322e+01 3.161152025790099884e+01 -2.437598759735553600e+01 9.383585380137327903e+00 -2.370315330979440560e+01 -2.181721692498641119e+01 -2.511659149574226646e+00 -2.290927194779130094e+00 -3.610677435242698685e+00 -1.492789721573837269e+01 1.026661029983936579e+01 6.276104057612204997e+03
-5.307140179147148018e+01 1.242407195907902562e+01 -2.572077948864725983e+01 4.372130643841552455e+01 -2.927108927310129616e+01 2.885797848228140694e+01 -2.357650560807384466e+01 -7.958611872486737404e+00 1.921939858023386183e+00 -4.955990971011467572e+00 6.298686153242869068e+00 -3.107333109331078447e+01 1.305125514808823084e+01 9.056629408038408656e+03
-5.272260137938599200e+01 4.755579880528666870e+00 -2.312544681975530736e+01 2.341146357173542114e+01 -2.229594438906120146e+01 1.145139706146100345e+01 -3.106740301011594596e+01 -3.000932514491851677e+01 -8.415008887081411260e+00 -8.989351276892689313e+00 -5.165941307130247573e+00 -3.294023109702926888e+01 -6.711063629874161052e+00 7.687562870007155652e+03
-5.114921757656166790e+01 1.646975266023624940e+01 -2.342288127249062413e+01 3.429684403482506383e+01 -2.917877797275585294e+01 1.289367941888663793e+01 -3.225203587837193453e+01 -1.940396256765027871e+01 -1.792291672642962075e+00 1.032750350804986184e+01 7.378703374243326119e-01 -2.873563062297807136e+01 1.064870329513351166e+01 8.096301163756559617e+03
-5.059478176208181566e+01 1.420885332489673303e+01 -2.261026190643422140e+01 3.206802673678366489e+01 -2.907306672428856942e+01 1.809709223309656068e+01 -2.884310353409043870e+01 -1.896088137113404315e+01 -5.814519786249645605e+00 1.452469677144984539e+00 -2.338210919750361771e+00 -2.705722658437975525e+01 1.360199263620121890e+01 7.623986589453049419e+03
-5.390125558609857848e+01 3.119101028360630745e-01 -2.674672865162794722e+01 2.563102683597115217e+01 -1.868111255714252650e+01 2.888774223949457109e+01 -1.280814426005409601e+01 -7.703217475686617632e+00 2.314682162697716539e+00 6.401397105525783005e+00 -8.551187569879723505e-01 -1.818905229782276933e+01 3.358343202319095777e+00 6.073840367895442796e+03
-5.014581083215126256e+01 8.446485120372045685e+00 -2.332040897275748037e+01 2.773156150344079762e+01 -3.161942009993625291e+01 4.039434790767322170e+01 -3.694170121024751552e+01 -1.756803852015776712e+01 -1.793184176372548677e+01 -1.763653356885864332e+00 6.948327678783924100e+00 -1.964700759100949057e+01 2.246118899023643678e+01 9.467093366944302034e+03
-5.060584123486114549e+01 3.130054958930767572e+00 -3.016462331215676684e+01 2.008186127028110590e+01 -2.186962400053009858e+01 5.195516928643404952e+01 -1.696939935241220709e+01 -1.479748669961268881e+01 -1.106650223645184461e+01 -8.813946059990110271e+00 -2.738290514096819450e+00 -3.099428010336713868e+01 1.692747449111555014e+01 9.023316402901220499e+03
-5.442508494668910402e+01 -8.885792768094374239e+00 -3.074524959938180046e+01 2.602922436856349364e+01 -1.405152743132374660e+01 2.914038530163370311e+01 -1.284748974031060875e+01 -1.018109209301012186e+01 6.281021444007784282e+00 6.176854987684984977e+00 8.222948788317047786e+00 -1.211804721193582957e+00 1.794460507895727375e+01 6.447857163060109087e+03
-4.496285775655751138e+01 -8.155305879213214482e+00 -4.198268093924890110e+01 -1.176350334237560347e+01 -2.513421649073999120e+01 4.806843352447104678e+01 -1.647775498448142173e+01 -1.044159519055242491e+01 3.007911601795534295e+00 -4.433384406095530750e+00 1.190201369415860455e+01 -1.400467998029110461e+01 9.741340938362117896e+00 7.773324705004799398e+03
-4.366899039191608978e+01 -5.244826019113546955e+00 -3.006906967661522145e+01 9.075041365185148479e+00 -1.058072971667995255e+01 5.171490182572514271e+01 -1.940073839825211266e+01 -1.062244488127452158e+01 1.610314679611341404e+01 2.080213429706939898e+00 -2.481702725105989327e+00 -8.884739546341524630e+00 2.303263313635434173e+01 7.075840405718267903e+03
-4.332332334453197120e+01 7.154456982291965694e+00 -2.800384427232342688e+01 -3.620236327586916492e+00 -3.133576321828792999e+01 1.788768252975793160e+01 -2.017194020509570507e+01 -2.606176954333042417e+01 -1.071973305219907413e+00 -4.904870362337409695e+00 1.471942060754500181e+00 -6.686807215867305310e+00 2.630992410752457999e+01 5.877739242302629464e+03
-4.573328699421627874e+01 1.656976561347144639e+01 -3.339793087706901531e+01 1.159611112438728497e+01 -3.673450480939378338e+01 3.415230861618766056e+01 -3.260304185135449018e+01 -2.764890994611538755e+00 1.705070602362636834e+01 4.570473696219154114e+00 1.900719109059021861e+01 -1.409326767816133774e+01 2.787658150289104597e+01 8.851002348441114009e+03
-4.369097772576510863e+01 1.542082467241136357e+01 -3.558628872442808699e+01 5.147539495098053530e-01 -3.391295562154614629e+01 2.788550331296266904e+01 -3.096058076688466443e+01 -1.693524531783565834e+01 1.278955534747425027e+01 -6.913174374116597409e-01 8.383407168873251436e+00 -8.108037735520756684e+00 1.653522581192371277e+01 7.159888364538150199e+03
-4.630024332928771713e+01 1.046681308550215128e+01 -2.896728501347188356e+01 1.372750466236608169e+01 -3.874743575662564865e+01 2.758313306955067290e+01 -3.875724562880239432e+01 3.819494284973371290e+00 1.216150841656309289e+01 9.024612491499889089e+00 1.570997505325873078e+01 -1.623659046362961433e+01 2.322585616835497646e+01 8.338936825194348785e+03
-4.590113389053347959e+01 2.870013159103318667e+00 -2.587340640565664884e+01 1.209742352385306807e-01 -2.769430082663823001e+01 -4.965247282176245558e-01 -2.311623300259995517e+01 -1.238729003283040164e+01 1.298637237141581835e+01 -6.253082580284332614e+00 1.426442385577141092e+00 -1.524074355814837567e+01 -3.650781717573077234e-01 4.681820072719023301e+03
-4.685328501633310339e+01 1.039482504692131570e+01 -3.044904842265700395e+01 5.904502283583578759e+00 -3.325550003446481639e+01 1.140359214388393916e+01 -2.345495181616322355e+01 -3.991303999797624957e+00 2.867441107421002755e+01 2.074114396386397274e+01 1.162396638868454524e+01 -1.326943148253663196e+01 8.579211173135034230e+00 6.704540044494438916e+03
-5.079858961473153300e+01 9.831509464376287255e+00 -3.367441499217000711e+01 1.689231354596724799e+01 -4.010428359209222293e+01 1.455343454882928889e+01 -2.997172448152016955e+01 -2.624741638170654534e-01 2.825422303544564784e+01 1.376904876382978493e+01 1.622171226024826396e+01 -1.956311477542524813e+01 5.194363047560543123e+00 8.475729586917068445e+03
-4.676377829923455920e+01 1.549921416418744435e+01 -3.449506162012318100e+01 1.527288342518703601e+01 -3.558578958152221361e+01 1.875450781651985821e+01 -2.680778108077594268e+01 -6.495454505030154868e-01 1.849292829862627840e+01 9.927534737747834015e+00 9.298208374811132160e+00 -2.105598745424813245e+01 8.675031624206818393e+00 7.233017667533289568e+03
-5.098875291256953091e+01 1.377559742912361962e+01 -2.874941236325135563e+01 2.639635887241822587e+01 -2.220016546757739917e+01 2.637556817714106572e+01 -1.804723667778874230e+01 4.307777529372982528e+00 1.024331234046201367e+01 -2.988061020410096358e+00 1.000259250212195417e+00 -2.742750829365347087e+01 7.351459152289653964e+00 6.766860761263438690e+03
-5.324875965683723678e+01 1.252918781764151168e+00 -2.692678325058377808e+01 2.549621664183074543e+01 -1.237463446416774460e+01 2.096551134797099536e+01 -1.780368251538149238e+01 -1.070665288424704542e+01 -3.880749337120145359e+00 -7.875295676879506823e-01 -7.030165018035930302e+00 -2.401247946315514525e+01 2.438281133098624542e-01 5.878158961567970437e+03
-5.135212914455884459e+01 9.305354853125852088e+00 -2.615526076286400681e+01 3.206675401535979120e+01 -9.492639012320619685e+00 3.726577067301863622e+01 -1.076633965641566348e+01 -5.416215172280552714e+00 9.666474603531561627e+00 7.840002150033885675e-01 5.988131980767018581e-01 -1.539551815828824743e+01 8.008961102131362253e+00 6.455681893080720329e+03
-5.148310908788116080e+01 1.255547696665075286e+01 -2.785248001310910126e+01 3.049953206002396655e+01 -1.983757988433518804e+01 3.322141359618758827e+01 -2.268950836757863598e+01 -6.402569617513011124e+00 3.288816664789156796e+00 4.667943318756189175e-01 -1.248893397496712510e+01 -2.325274145817930815e+01 1.084471456011879908e+01 7.392436709687038274e+03
-5.103264970283999702e+01 8.785736893304484596e+00 -2.864562402533175600e+01 2.102665056755582995e+01 -1.374514793826234005e+01 2.932437884801771588e+01 -9.860511324372385644e+00 -1.053082491144025212e+01 -3.408567017189211956e+00 -3.483092066549036581e+00 -9.777521859511933755e+00 -2.748299513501450519e+01 2.623059825729390226e+00 6.082734219510726689e+03
-5.241796011207794947e+01 1.110540323356355508e+01 -3.886830823923214950e+01 2.610252101771322231e+01 -2.369137001572738654e+01 2.697718232932187377e+01 -1.455888385125117246e+01 8.410500433009296728e+00 8.051443884993767952e+00 -4.019494535534240853e+00 -4.861093379406047355e+00 -2.111539304664481165e+01 6.991676477681679991e+00 7.234162185611578934e+03
-4.958359294343193824e+01 1.125920383923237189e+01 -3.977539746189604841e+01 1.918140264152549790e+01 -1.944441455095996574e+01 2.484494760101850019e+01 -7.003614368020756764e+00 -7.375285860703074681e-01 1.415986137841999870e+01 -4.136114557735733332e-01 9.991087777406708170e+00 -1.021706546751142497e+01 1.136604165910040187e+01 6.114331965411705823e+03
-4.975025871313635406e+01 9.744638568623146924e+00 -4.136609218894804485e+01 1.517133805166474403e+01 -1.483690139022904653e+01 2.750560697015457379e+01 -1.051964519868014669e+01 -6.356909606293775106e+00 -2.299281482664926823e+00 -3.962669348727481999e+00 -1.959115523742288545e+01 -1.737972504103769467e+01 7.087108384987207188e+00 6.396219351631537393e+03
-5.126192369349550404e+01 8.572141223842070445e+00 -4.809931221236405463e+01 1.945477380574202897e+01 -1.552005790645013228e+01 4.117353981287337916e+01 -6.836423528889638668e+00 -5.292722662803646116e+00 1.505656786387468848e+01 8.470313764791313815e+00 9.714537360670444599e+00 -9.962728435451342790e+00 8.494399798716376182e+00 7.968410136112176588e+03
-4.950104238544032142e+01 -2.035705355400315497e+00 -4.025177545009123037e+01 3.204493931449859279e+00 2.390261975737819178e+00 2.708724399121136273e+01 -5.658190555489717610e+00 -1.688258375452783611e+01 7.100187686475928572e+00 2.633990495858419045e+00 -7.525007412745082780e-01 -1.111176832005104131e+01 -5.056846571714312510e+00 5.348400316652810034e+03
-5.125725612056847069e+01 4.121287017963541466e+00 -4.874993192215757887e+01 1.183954791790644911e+01 -8.501028323953917720e+00 3.227101983340232749e+01 -6.518298790842687929e+00 -2.249045104521199434e+01 6.598820775254242932e+00 -1.857063606788348920e-01 1.531553085752459520e+00 -1.040853452784251587e+01 -1.696055695641336181e+00 6.980155653276489829e+03
-5.165320004780267027e+01 1.704815049676715599e+00 -4.779838826952534703e+01 6.754232199387805835e+00 9.015519135432306097e-01 3.898966407995997230e+01 -3.609226344816759191e+00 -1.803811328204155373e+01 5.505415861959942703e+00 6.465335594726240309e+00 4.693337872843061476e+00 -1.236379276462726295e+01 6.877431539787528081e+00 7.154971814469619858e+03
-4.938373712279879157e+01 -6.443157333543380716e+00 -4.444633331205244531e+01 -9.252172318596446843e+00 6.359979316128342219e+00 2.384021745746073151e+01 -1.902784915307786373e-01 -1.558995273306142337e+01 8.856227348737203187e+00 1.039470522715259548e+01 5.578933303291409906e+00 -1.676610446060486481e+00 4.658434253392456093e+00 5.635354332277085632e+03
-5.385097546505609500e+01 5.420736871902374077e+00 -5.461113473080121139e+01 1.145688522088494032e+01 -2.028933159749432136e+01 3.313906359422917092e+01 -1.785170895540764135e+01 -1.349977471460292300e+01 7.394704792763374890e+00 1.110704791258193547e+00 1.029465411252187579e+01 -1.607575235034951788e+01 7.405099584922571587e+00 8.528890685766082242e+03
-5.077866138764082393e+01 -2.416162836612612552e-01 -4.154157789969594461e+01 3.235142455764533853e+00 6.573398135438041079e-01 2.705150793590189551e+01 -5.188236367857562925e+00 -2.057459437953072623e+01 1.771521316071846153e+00 -1.206425198761553075e+00 -7.719341880248903109e+00 -9.489119732767399285e+00 4.887740022000921947e+00 5.675262964005555659e+03
-5.343780803244558797e+01 4.197606324811939515e+00 -5.009904705989378471e+01 1.813971802209514550e+01 -1.497577590917635249e+01 4.478720067294552365e+01 -1.184403112317676232e+01 -1.845028022371168674e+01 6.460037680581141473e+00 1.556862904402117209e+01 7.889071833482760532e+00 -2.224467538230977937e+01 2.325415568433546465e+00 9.269629126150981392e+03
-5.064079471577461078e+01 -2.591463892416674963e-01 -4.611620719466543505e+01 3.144921997703371552e+00 -5.723778028427787490e+00 3.096611940908991301e+01 -6.707913942772937510e+00 -1.374998075918790619e+01 5.330585610906621419e+00 1.714455408710475970e+00 -1.182953927120597726e+01 -1.571807088066809577e+01 8.355361937477185919e+00 6.415034938196262374e+03
-5.323579719652024522e+01 5.918189512697900945e+00 -5.421760231995898494e+01 2.097874323522161788e+01 -1.864051562481063584e+01 4.019324954264008198e+01 -9.851366421935962236e+00 -6.500067914160828408e+00 4.856417007397791252e+00 2.602058977902652614e+00 9.877669592908421947e+00 -2.179134579811693584e+01 1.206387610658527976e+01 9.099321286204558419e+03
-5.321738024059100525e+01 3.180631449934334665e+00 -5.023172567611373296e+01 2.294737200345467443e+01 -2.358641548378311725e+01 2.791653599352742177e+01 -1.695243124228038312e+01 -5.952476169304224740e+00 1.299808439804422200e+01 7.569549683496655135e+00 4.581745748364518533e+00 -8.765001376745805928e+00 2.827355418777399976e+01 8.673942787254780342e+03
-5.173329962117935565e+01 1.354163592505379654e-01 -4.766350350221310350e+01 1.701347500567992199e+01 -9.026637164906656352e+00 4.284471341464446681e+01 -1.074834933101283063e+01 -1.467371255296901289e+01 2.441381953796564197e+00 7.825293593116026791e+00 4.784925971423696467e+00 -1.299568154041178758e+01 9.145099096897572721e+00 7.828226683084646538e+03
-5.062975277852009270e+01 -4.360860020030193240e+00 -4.270761539053086153e+01 8.968363696025864584e+00 -5.723423767084566016e+00 3.010814264602193191e+01 -9.402676293540260799e-01 -1.620310528576339237e+01 1.759273269701432163e+00 2.415293037569025622e-02 -2.880218733146107546e+00 -5.210102260680768538e+00 1.989805884137705760e+01 6.123912680559193177e+03
-5.066970234451127197e+01 4.621058680160238241e-01 -4.307881782681651117e+01 1.473236278467635074e+01 -7.748967566850867961e+00 2.961969130534606975e+01 8.199798030705217344e-02 -8.881726443378234137e+00 1.529929162964340605e+01 5.783170503450578259e+00 6.986004775595413996e+00 -1.000786589955576567e+01 2.698826848602751571e+00 6.080482430137594747e+03
-5.851019504622132672e+01 -4.157445772939097672e+00 -5.685387673357937643e+01 4.351372458049299397e+00 -1.790119515528138194e+01 1.042655531816718195e+01 5.778030020636616415e-01 -1.946730537766993763e+01 1.841232597755632128e+01 7.013926546455675926e+00 1.455910480958834441e+01 1.578009688786152775e+00 7.354630385516721880e+00 8.157257849419339436e+03
-8.061794906025444618e+01 -7.237328583520362457e+00 -2.902010086177090997e+01 1.350730850537716243e+01 -6.547602077051039693e+00 3.066887555095911821e+00 1.954103691071776794e+01 -9.166437565365068707e+00 2.253192888322061549e+01 1.137835464725025680e+01 9.248652203882560485e+00 -1.512455898622082628e+00 -1.152922418854272024e+01 8.952301740715638516e+03
-9.588953214786218382e+01 -2.180172288036404638e+01 -3.746652304424816293e+01 1.750165765389242734e-01 -2.529046681437592259e+00 -1.481709345123222121e+01 8.449920815422530040e+00 -8.711773625404665822e+00 1.535323588106559534e+01 -5.361756641074140184e+00 3.667760004762859793e+00 1.449241024885599138e+00 -8.757575186149285429e+00 1.180384514530152592e+04
