-1.837872919722830716e+02 0.000000000000000000e+00 0.000000000000000000e+00 0.000000000000000000e+00 2.658533217257963476e-14 0.000000000000000000e+00 6.864338900890931966e-14 0.000000000000000000e+00 7.681979238110637171e-14 0.000000000000000000e+00 6.748200841563957577e-14 0.000000000000000000e+00 3.507168814121481235e-14 3.377776869050522509e+04
-1.837872919722830716e+02 0.000000000000000000e+00 0.000000000000000000e+00 0.000000000000000000e+00 2.658533217257963476e-14 0.000000000000000000e+00 6.864338900890931966e-14 0.000000000000000000e+00 7.681979238110637171e-14 0.000000000000000000e+00 6.748200841563957577e-14 0.000000000000000000e+00 3.507168814121481235e-14 3.377776869050522509e+04
-1.837872919722830716e+02 0.000000000000000000e+00 0.000000000000000000e+00 0.000000000000000000e+00 2.658533217257963476e-14 0.000000000000000000e+00 6.864338900890931966e-14 0.000000000000000000e+00 7.681979238110637171e-14 0.000000000000000000e+00 6.748200841563957577e-14 0.000000000000000000e+00 3.507168814121481235e-14 3.377776869050522509e+04
-1.837872919722830716e+02 0.000000000000000000e+00 0.000000000000000000e+00 0.000000000000000000e+00 2.658533217257963476e-14 0.000000000000000000e+00 6.864338900890931966e-14 0.000000000000000000e+00 7.681979238110637171e-14 0.000000000000000000e+00 6.748200841563957577e-14 0.000000000000000000e+00 3.507168814121481235e-14 3.377776869050522509e+04
-1.837872919722830716e+02 0.000000000000000000e+00 0.000000000000000000e+00 0.000000000000000000e+00 2.658533217257963476e-14 0.000000000000000000e+00 6.864338900890931966e-14 0.000000000000000000e+00 7.681979238110637171e-14 0.000000000000000000e+00 6.748200841563957577e-14 0.000000000000000000e+00 3.507168814121481235e-14 3.377776869050522509e+04
-1.837872919722830716e+02 0.000000000000000000e+00 0.000000000000000000e+00 0.000000000000000000e+00 2.658533217257963476e-14 0.000000000000000000e+00 6.864338900890931966e-14 0.000000000000000000e+00 7.681979238110637171e-14 0.000000000000000000e+00 6.748200841563957577e-14 0.000000000000000000e+00 3.507168814121481235e-14 3.377776869050522509e+04
-5.444944243640482995e+01 -6.247538423219925363e+00 -2.250299104401367245e+01 1.539419399531093546e+01 -1.424616656976547269e+01 9.413954831919227217e+00 -1.177790837363195742e+01 1.866618817665824182e+01 3.563860870622543309e-01 -1.883107545637148439e+00 -2.927022981788989231e+00 6.240172729100315507e+00 -7.235632599952526611e+00 4.629395550310115141e+03
-4.834504366494459759e+01 -9.758794123931462394e+00 -3.363651719604725798e+01 3.886986239081794992e+01 -1.272404635668202566e+01 3.523137525949597659e+01 -1.206669167665895515e+01 2.960484777164167269e+01 -3.127789135463692105e+01 2.135159284536064295e+00 -8.538742291454589406e+00 1.608229283120172681e+01 -4.709744304340949483e+00 8.836559365847313529e+03
-4.605789297004529459e+01 -9.347260135257418057e+00 -2.924129416239048496e+01 3.384705627356743918e+01 -1.237874937000493247e+01 1.906700148150470042e+01 -9.631456963591903175e+00 1.303127180543014063e+01 -2.954598288653485838e+01 -2.000395505378468997e+00 -6.323416902599626077e+00 1.450588073743446849e+01 -5.432738117229532371e+00 6.145627776775936582e+03
-4.766271214148274282e+01 -1.714147597603251327e+01 -2.943296544666374714e+01 3.223527569885241206e+01 -5.522051365594979444e+00 1.822521398092547784e+01 -1.545094701841330043e+01 7.096153074839369745e-01 -4.459340158062381221e+01 -9.625380402848692896e+00 -4.621696952572026618e+00 6.211523028862567131e+00 -9.503363038796544870e+00 7.304339997806488100e+03
-4.651144381979482034e+01 -1.498949908503957040e+01 -2.955694014414320492e+01 3.647374760958677342e+01 -1.570540270035639985e+01 1.842046349328914445e+01 -1.615721613839227544e+01 2.038361925419712151e+01 -3.062313907779301303e+01 -5.813645952770227332e+00 -7.735792591088433312e+00 7.589507494084960726e+00 1.372819480490358179e+00 6.945370051508532015e+03
-4.513167739007204915e+01 -7.644535057065909633e+00 -3.444572289881165261e+01 3.709416861520433173e+01 -2.454692725656730801e+01 2.328132979215902409e+01 -1.031908035093563747e+01 2.545531676480423400e+01 -2.857393787278759945e+01 -2.170094877424746826e+01 -8.974906159917214410e+00 2.355108175413266558e+00 -8.483273109979888815e+00 8.002283418087409700e+03
-4.622455031803196590e+01 -1.332283808675130032e+01 -3.520333304183086653e+01 3.369094020474531703e+01 -1.399967072035229698e+01 2.666731539427052411e+01 -5.580448588183548608e+00 1.486534974475627813e+01 -3.361246348903856784e+01 -1.945006548834437154e+01 -1.877846591740304216e+00 4.885394045623015380e+00 -1.378985079451074469e+01 7.573473813059741587e+03
-4.624465738321178776e+01 -1.612244679380100010e+01 -2.676637637675655768e+01 2.434173527556720629e+01 -9.400453853816198801e+00 1.180852561250513233e+01 -2.811353182913516768e+00 9.422539267825545295e+00 -2.484525603641710845e+01 -1.147163437546774212e+01 4.066321786536645888e+00 1.428878993336356196e+01 5.789170942911308515e+00 5.035062504046520189e+03
-4.494423943622444284e+01 -1.515273893661878368e+01 -2.563358838833065789e+01 2.458748679890327438e+01 -1.000093853962742152e+01 1.356776416368498772e+01 2.817588783184448165e-01 7.563596343640210051e+00 -2.511557978374891675e+01 -1.389489337968437610e+01 -2.196607774464216067e+00 2.040421016368226148e+00 -3.811645900983523294e+00 4.699983348340429075e+03
-4.649638164586659883e+01 -1.266495420721515686e+01 -3.349417591116061743e+01 2.723316590825693595e+01 -2.342247659001956350e+01 1.680397353509441061e+01 -1.515451347168477625e+01 2.363296486228478432e+00 -3.024744229788056060e+01 -4.494074550856068662e+00 -8.236941161501446729e+00 2.083897065007595528e-01 -1.317891791769284104e+01 6.428729076688183341e+03
-4.641999562692886627e+01 -1.109403050485649089e+01 -2.794942327982148456e+01 2.974618216100646606e+01 -1.264355165538621684e+01 1.963750040308287836e+01 -7.536444297695256367e+00 8.638010919483283701e+00 -2.935400842133342891e+01 -1.119054003445189771e+01 -3.834142406727613306e+00 -1.501529762591520489e+00 -9.072865577287203109e+00 5.706961293586985448e+03
-4.643166692964405229e+01 -1.481182382356495353e+01 -2.443828251626167614e+01 1.952017138865819845e+01 -7.316934849968038890e+00 1.460596672597986867e+01 -1.954238792512548395e+00 -3.255761316761818236e+00 -3.078558244854222536e+01 -1.296723249165970770e+01 -8.586996758562635890e+00 -1.173584021341837236e+01 -1.396872763505244386e+01 5.157340408619406844e+03
-4.698659937745591719e+01 -1.168208253385079232e+01 -2.566796505746253843e+01 2.093265558752395350e+01 -9.725938971101543373e+00 2.455386273315418322e+01 -2.462879515003581765e-01 8.335472897824136140e+00 -3.231012748309304072e+01 -1.486132196796826932e+01 -1.391811620685083284e+01 -4.498118478033568124e+00 -9.294809360172630264e+00 5.773402641936965665e+03
-4.848035083016057456e+01 -8.972892579001818802e+00 -2.902872727376285056e+01 3.171167419347646188e+01 -1.435951337344017986e+01 3.498334092127887374e+01 -6.916244883803250865e+00 2.655201659842394690e+01 -2.985211814956517173e+01 -1.735204181012789348e+01 -2.872605568791903252e+01 -6.059186232625646262e+00 -1.137202414738248812e+01 8.645493559601349261e+03
-4.617329267460434750e+01 -8.888465319052528457e+00 -2.763746459610526429e+01 2.369974464921039470e+01 -1.040891242266179262e+01 1.436575428383027209e+01 -1.109332305641182614e+01 1.785397016941313808e+01 -1.807158441710468466e+01 -6.738205412635159597e+00 -1.045745693257055109e+01 -2.446209281053918438e+00 5.437563660755526662e+00 4.809926558527121415e+03
-4.759669384748845999e+01 -1.171402245829031052e+01 -2.929603829740556975e+01 2.684123676549171833e+01 -1.082017308009787371e+01 8.565221942703638902e+00 -1.085054962783328136e+01 1.352867281886975626e+01 -3.206658976016858276e+01 -4.960944464999893500e-01 -2.941243904410149668e+01 -8.637808216134366113e-01 -7.329835407572978134e+00 6.420648489745939514e+03
-4.855664004434019176e+01 -1.145986570923650660e+01 -3.347446956763107551e+01 3.627260099828477280e+01 -1.901704745973895427e+01 2.918847007886902389e+01 -1.543285948127813079e+01 2.866984962616753663e+01 -3.633935453959799844e+01 9.557747064843514551e+00 -2.705338950135286069e+01 1.697369573256323250e+01 -7.894736306195595077e+00 9.693284128459350541e+03
-4.804190068556615500e+01 -1.194735524893744660e+01 -3.156035928993694739e+01 3.683472359956263631e+01 -2.494095592464631750e+01 2.091635329555137446e+01 -1.229137107810116980e+01 2.775032926296443136e+01 -2.246134027336276517e+01 -2.653944177980025909e+00 -7.775623478634086538e+00 5.724951063928331862e+00 -8.311554771750291337e+00 7.458192909359482655e+03
-4.847403184674919174e+01 -8.054201216434760724e+00 -3.799415294971507251e+01 3.696035871721872468e+01 -3.673524395581846136e+01 1.825994023674318356e+01 -2.553177950931553752e+01 1.429637339136366947e+01 -1.570914060403700674e+01 1.031023974998857895e+00 -7.045046094254977298e+00 -6.651329060144478333e+00 -5.521006443967165778e-01 8.105405095399298261e+03
-4.675411133543900633e+01 -1.655434715590130423e+01 -2.747447819978573946e+01 3.337213936227737321e+01 -8.646649114983754103e+00 3.889815232913615084e+00 -1.051806263738556346e+00 1.123625747460857482e+01 -8.513618246142716117e+00 -6.769205940872588201e+00 3.709832698605624923e+00 -2.302047535967008951e+00 -8.681687014806618308e+00 4.758532772050037238e+03
-4.727326103166873139e+01 -1.107802359842313322e+01 -3.628197576356087239e+01 4.478736577992263790e+01 -2.080564890630768105e+01 1.051615582380005698e+01 -9.467004480300177605e+00 1.052940614591534718e+01 -2.482851886726403734e+01 -1.329590662367346532e+01 -5.447718341474589998e+00 -2.423292481684399746e+01 -9.652643148991806754e+00 7.927053123722523196e+03
-4.826872728300752158e+01 -1.344465757646691806e+01 -3.817285451642904803e+01 3.680777645153980160e+01 -2.725097896121486230e+01 -7.649043199606497812e-01 -2.383521814902677249e+01 -2.161653271881118332e+00 -1.948461710163990190e+01 -1.551604064534575578e+01 -1.643601845138011885e+00 -1.365923546525583276e+01 1.966721544316238468e+00 7.452141337210651727e+03
-4.974789659799471764e+01 -9.944923081003237186e+00 -4.097779810324833960e+01 4.898144275701837813e+01 -2.574710651862024946e+01 2.954074252814325519e+01 -1.685664876650983501e+01 1.293874951977583798e+01 -3.035915988890141293e+01 -2.185486382059685084e+01 -6.432086748169465018e+00 -1.753320402338057349e+01 -4.723126319331448109e+00 1.040964976019624373e+04
-5.025373158642707239e+01 -1.364778173256720351e+01 -3.302704617660617004e+01 3.838381727291213252e+01 -2.590925167136825991e+01 1.249274496826981640e+01 -1.959837040859525459e+01 -6.284790340412339305e+00 -3.412501822970589416e+01 -3.035236223225984276e+01 -1.259419789921853550e+01 -1.806826889168993233e+01 4.626030031387970531e+00 9.119014481054877251e+03
-4.622152846955804506e+01 -1.489515571442330533e+01 -2.269600855845182252e+01 3.298111344009373624e+01 -9.505435864726408113e+00 8.437450955266053043e+00 -7.203417766809169898e+00 1.065277962522290522e+01 -1.375565889645767292e+01 -5.863531008328000560e+00 -5.719778179670638174e+00 -1.879048644777272870e+01 1.903489216169638176e+00 4.901093499046385659e+03
-4.867537461025041523e+01 -1.519901486757001585e+01 -2.830718874067177282e+01 3.350316140471610282e+01 -2.304267004013953368e+01 1.574652420992087620e+01 -1.828115679498909074e+01 2.550039686982005449e+01 -1.984748661586163365e+01 5.051213258455385713e+00 7.072747344404292313e+00 -5.710550767035480035e+00 5.306330491952199191e-02 6.789523947581170432e+03
-4.668059036035009512e+01 -2.088795121779774888e+01 -1.709201272652937575e+01 3.196483012376308608e+01 -1.675777002830905005e+01 1.879348110396067995e+01 -2.379409550152284680e+01 1.429909506009141040e+01 -1.709230235958882460e+01 1.694019565189988530e+00 1.033083948805812646e+01 -3.517411161098065620e+00 -9.674270841906075225e-01 5.748963018158839077e+03
-4.500916989379695821e+01 -2.572257747173054199e+01 -1.379358830861252905e+01 3.579667098014216009e+01 -1.512732883332631673e+01 1.806835456292610687e+01 -2.195131168841426472e+01 1.491180741889985839e+01 -1.318660978577609200e+01 -9.629315494560822808e-01 1.521005699526798982e-01 -1.273847875451291145e+01 -1.327460992546825302e+01 5.931985856636531935e+03
-4.457403929822656607e+01 -2.806036868158162179e+01 -1.673567748296877866e+01 3.032531288084250320e+01 -2.342451247021438121e+01 2.346097274874327709e+01 -2.252342550042233427e+01 2.816182785320201987e+01 -5.924707201120915201e+00 1.248970735565255552e+01 9.888955422622732527e+00 7.425999548295598274e+00 7.145602232739084236e+00 6.768546528291325558e+03
-4.616074026606167990e+01 -2.264916145366636968e+01 -1.953910088000825240e+01 2.505536192083094704e+01 -1.643649470426783310e+01 2.101207659301175568e+01 -2.205162204596802766e+01 3.298849116507604151e+01 -1.707148238860608558e+01 1.234294991031236854e+01 1.072341181663466436e+01 -6.346536091225447151e+00 -5.653209115258632345e+00 6.570539163848738099e+03
-5.040997965262048552e+01 -1.761583614043997059e+01 -3.436529116199131551e+01 3.483424882608401418e+01 -2.495649662202974994e+01 1.462428129965341128e+01 -2.441161387851544617e+01 2.948383330278168302e+01 -1.594012508878602574e+01 4.260690015197195812e+00 1.329715881874342465e+01 3.916081210229027221e+00 3.986471231946045357e+00 8.028084649818013531e+03
-4.854906295073299560e+01 -1.710844604997111418e+01 -2.777605982450066335e+01 2.644881356329971922e+01 -1.076951778742134458e+01 5.835773010903308133e+00 -9.999835290363126461e+00 5.296134552564116582e+00 -1.475631339310458223e+01 -1.301050389975194399e+01 -1.620373325522233676e+00 -3.039291710037293370e+00 -8.918089352321109331e+00 4.877261403150788283e+03
-4.834801340228948874e+01 -7.937482273940575261e+00 -3.270590345877501903e+01 3.871352125615251083e+01 -2.588800999380852019e+01 1.713499231734519768e+01 -2.568306891813860560e+01 2.610677062631111411e+01 -1.870572716850158912e+01 6.090160410388818946e+00 -1.027482895182605205e+01 3.231934089372632712e+00 -7.466527777015179446e+00 7.832688226365012270e+03
-4.762177236648496859e+01 -1.625720652485772888e+01 -3.606986538909157503e+01 2.718460256549352039e+01 -1.895132303004878338e+01 2.638438732394301045e+00 -8.300366258876787029e+00 7.536868977461799624e+00 -1.173154149196618690e+01 -3.186484317272877842e+00 3.793647235170024778e+00 -1.184272741094231529e+00 -1.580925363295901676e+01 5.477491760480382254e+03
-4.973535380435310316e+01 -1.752648417362835076e+01 -4.056655959896833963e+01 3.502959641018743753e+01 -3.000721219630240810e+01 5.689078407460898212e+00 -2.049210229068349420e+01 1.449868079636999951e+01 -1.409535688559095234e+01 4.217741578642291711e-01 2.831659021793153208e+00 9.701871417190865987e-01 5.136844217284916247e+00 7.450641549527645111e+03
-4.850681979784115327e+01 -1.782594706073275859e+01 -3.617526465517165235e+01 3.515946936175615178e+01 -2.002373585115162768e+01 1.595561887867105000e+01 -1.365917244608536052e+01 1.665454779603958357e+01 -2.185469110720550034e+01 -5.630162608889481390e+00 -1.220695456192316897e+01 -5.709658363871643161e+00 -1.315437525116079343e+01 7.198966520576068433e+03
-4.567379267614077065e+01 -1.572434646393335278e+01 -3.706164032353724735e+01 2.989101372568833170e+01 -2.231429794337620365e+01 1.042690789741570612e+01 -1.321778826831245901e+01 1.862236444623512455e+01 -1.603626512442454555e+01 -3.342264998201088799e-01 -3.083808740461311260e+00 1.148029865159889251e+00 -9.773442076761247321e+00 6.092160504883597241e+03
-4.332738611752484559e+01 1.391945342350465464e-01 -3.231432158179011793e+01 3.668522305698100894e+01 -4.346234157829150035e+01 3.716833286964616345e+00 -3.277166792152072361e+01 1.093542373030333792e+01 -3.946366847976825909e+01 -1.385348407764828593e+01 -1.988482674664732031e+01 1.360492497924504463e+01 1.965070019040546567e+00 9.697320398183635916e+03
-3.828189285875345149e+01 8.327973307366054456e+00 -2.390305146938366221e+01 1.858036421880676059e+01 -2.961291172880954292e+01 2.663381087948733406e+00 -1.710469471033447775e+01 -2.876335090445683029e+00 -3.630987099038176780e+01 -2.543385447120661880e+01 -1.094318984636426606e+01 1.551982876089754093e+01 1.067250228123188904e+01 6.076114767197717811e+03
-3.640929466712265850e+01 8.745774229289006385e+00 -2.684539887153105298e+01 1.631540217081882460e+00 -2.188707418118993075e+01 -6.834356373251494254e+00 -2.192634613278075051e+01 -7.655474456745459122e+00 -2.813145709713628762e+01 -3.912735068445476116e+01 -1.839096120653939570e+00 1.850861731877611049e+01 1.150520403157363170e+01 5.991235415614887643e+03
-3.684695647198432766e+01 1.733653040202072404e+01 -3.427389792911665012e+01 9.018048638470519407e+00 -2.412501176988575224e+01 6.629806792199934407e+00 -2.411710657467344632e+01 4.234866903471219857e+00 -2.251931554038431571e+01 -3.198096279152558452e+01 1.631308480871299693e+01 2.233590339112143397e+01 2.864038165827609461e+01 7.255000557638952159e+03
-3.571030675050529624e+01 1.491313749704567293e+01 -3.169756411087746173e+01 3.357709557831944469e+00 -1.727063107112122609e+01 2.687606857011328731e+00 -2.239986904851540928e+01 5.887911927970816528e+00 -1.663464463870453613e+01 -2.684368526429181756e+01 1.859509802692750924e+01 2.834908968798155016e+01 3.169330607364357988e+01 6.506766078203985671e+03
-3.469354023537196952e+01 9.413261864498112530e+00 -3.302311240872398201e+01 -1.022574375449312001e+01 -1.838938825538618715e+01 -1.401969931768456412e+01 -2.697649805934957712e+01 -1.181454720429328020e+01 -2.358854187426694438e+01 -3.327602398701960595e+01 5.912016974788885548e+00 1.990281820648481315e+01 1.842350729189129410e+01 6.323592382382646974e+03
-3.244658714116768294e+01 9.949699238454309480e+00 -2.920306364756789463e+01 -4.786984594757543121e+00 -8.828095183557230996e+00 -9.555508015536183564e+00 -2.264639875321253015e+01 -2.374609437424746172e+00 -1.492749362661761303e+01 -2.770067456000843720e+01 1.404552060360686738e+01 2.109964152600880993e+01 1.359782551746233992e+01 4.532782641842148223e+03
-3.593807106606568169e+01 1.964953099592769803e+01 -4.142869996036451141e+01 1.539455983253898808e+01 -1.019117321255683883e+01 6.908331147755554902e+00 -3.129148294108179584e+01 7.495942680504112943e+00 -2.042549408434210534e+01 -3.212155176578500004e+01 1.257611776261416558e+01 2.870966182525905452e+01 2.474503490900797331e+01 7.861624854349241105e+03
-4.156206663977167892e+01 1.492930198062524916e+01 -4.028908564601311326e+01 2.403822015789623023e+01 -2.322107785978957040e+01 1.239342530287191657e+01 -2.586775816247581616e+01 1.344462774829174734e+01 -1.062603597151367829e+01 -2.566256421520797559e+01 -8.943418999277231718e-01 5.231577621704297520e-01 3.182516800592010853e+01 7.479444969550239875e+03
-4.488974639720618143e+01 -5.520683035383323833e+00 -2.678314792401488731e+01 1.978989698089573324e+01 -1.327139406683763667e+01 1.202640227435525766e+01 -6.731655098356904787e+00 -1.164246306250022123e+01 -3.101570966011413688e+01 -1.560218324552050362e+01 -3.775816694054497269e+00 -9.578800972951631465e+00 -3.876970455769906954e-01 4.967733583216577244e+03
-4.502030885421357453e+01 -2.616016949311394946e+00 -3.500915031594791316e+01 2.173306328800535780e+01 -7.997983401044302276e+00 2.784699529317662936e+01 -6.555510635017185450e+00 5.911109317997226498e+00 -1.966035292964417991e+01 -1.011816376480838819e+01 7.749270120622136382e+00 -9.238805240568732202e+00 1.001668318364339338e+00 5.284293982514857817e+03
-3.996528792080350456e+01 3.727645840308613234e+00 -3.580514970996188140e+01 4.647870671915093510e+00 -3.086384398075163205e+01 1.543704558782958003e+01 -1.108046183039718535e+01 -9.118809435330202717e+00 -1.871264783558935818e+01 -1.408962214834016713e+01 1.620718774019094255e+00 -1.373975388663308728e+01 4.996386944823121290e+00 5.076591681294677073e+03
-3.807960277481689815e+01 1.280380226539142541e+01 -3.998732939586643909e+01 1.009623237095914661e+01 -3.882975331374708361e+01 2.304842996797739119e+01 -1.773261114551880624e+01 -1.017698000647514434e+01 -2.728194158634568822e+01 -2.011340579033797482e+01 1.109446889527905711e+01 -7.697000102176911440e+00 1.092988136133310206e+01 7.222556993148218680e+03
-3.664473794502399073e+01 1.124652712307584679e+01 -2.891414640450400952e+01 6.624846479011742062e+00 -2.792511226016391745e+01 1.082577210694707226e+01 -8.622358753950138066e+00 -1.127395764315251547e+01 -2.742254659265306671e+01 -2.249456942030484896e+01 1.482007866543043839e+01 -1.469424163550754336e+00 5.403300178141791754e+00 4.956685379305079550e+03
-3.817464331827653012e+01 1.358273142482605422e+01 -3.114076756906235488e+01 1.684330378509451265e+01 -3.818315853638958401e+01 2.241649004450366078e+01 -2.837079423882510554e+01 8.291421506322789625e+00 -3.928737605328720406e+01 -6.194887776090444831e+00 -7.486545102878817914e+00 1.216058624178671366e+01 6.270904587562629473e+00 7.554467542070036870e+03
-3.922283359883838472e+01 5.842869242650611028e+00 -2.464143629710221362e+01 9.140759865938546724e+00 -2.896869577582438282e+01 -2.372935873276504903e+00 -1.989286450444847176e+01 -5.566690723406420460e+00 -3.877682016652742902e+01 -2.398435553403691500e+01 -1.435701310974908473e+01 2.665081665412758483e-01 6.961737767533085375e+00 5.868405671023661853e+03
-4.196289278894715125e+01 9.576945738542486097e+00 -2.682861250852795365e+01 2.081455134707684351e+01 -3.479958899201722033e+01 1.644265512799058371e+01 -1.301702172166540450e+01 2.767890908956798790e-01 -3.285704589124132724e+01 -1.316623115615010065e+01 -4.155247082867161268e+00 -7.296677311643500197e+00 7.032565590938236966e+00 6.029413690640103596e+03
-4.802533557503167572e+01 3.850833467002829025e+00 -2.714284534180576713e+01 3.715540290048108574e+01 -2.465264218123081008e+01 1.807425474349544459e+01 -9.442525444786532773e+00 2.493619701884808038e+01 -4.651749926023592607e+00 -4.207359425271802067e+00 1.590474003924751045e+01 -1.215953091814959031e+00 7.681660443440528674e+00 6.436714308531613824e+03
-5.155458404183058008e+01 -9.777172176444093310e+00 -2.027800475326991858e+01 5.460714411520223877e+01 -2.342234169559521462e+00 1.912510787090583975e+01 -1.153824343175759637e+01 1.797307183349714066e+01 -1.321327276011998819e+01 -1.183077511747176480e+01 3.983333643362767962e+00 -1.329622079927647427e+01 -9.295054467710425428e+00 7.567636370216171599e+03
-5.155617878281383781e+01 -1.882019525967533369e+01 -2.670649426852761721e+01 2.993283949307214087e+01 -3.916916597094331765e-03 8.721855587076008831e+00 -1.134276768646149769e+01 4.067380517598678580e+00 -3.151488791985270055e+01 -4.636528686448516678e-01 -7.994277844540961020e+00 -7.700817676818696000e+00 -1.822837500157081436e+01 6.291611640747400997e+03
-5.117935111404001702e+01 -1.257897080259935585e+01 -4.032145029343443809e+01 3.647013580966054747e+01 -2.098723347313693210e+01 2.434764150478372358e+01 -3.165969915577354143e+01 3.934698596809013083e+01 -1.530410742484549225e+01 3.385695115236849517e+01 -1.280614699884254470e+01 6.504124210082169455e+00 -6.473683099643743333e+00 1.094595856873225239e+04
-5.083531088019388022e+01 -1.411667808024884962e+01 -3.673419607631546313e+01 1.934476923729577535e+01 -3.069487103402416039e+01 2.998854536562984663e+01 -3.882086712251636484e+00 4.257018021513761852e+01 -2.502646094923308695e+01 6.141737942761003488e+00 -1.843078966681330755e+01 4.063870127887439843e+00 -2.743733095218750861e+00 9.203691304314785157e+03
-4.787111810267445833e+01 -1.246945830793942456e+01 -3.171980987615895131e+01 9.761974808577377871e+00 -3.085347867357983276e+01 1.018726530916757334e+01 4.557078066222909563e+00 3.577122750634541148e+01 -1.756227526048404286e+01 -8.130904707301246148e+00 -1.299217948307977988e+00 1.593078564340592962e+01 1.531171503097065134e+01 6.769110667556634326e+03
-5.081357264473000868e+01 -7.059285284014934270e+00 -3.851262675804397162e+01 3.423666546401722144e+01 -4.245153051605257843e+01 2.425714432991607339e+01 -2.446099812338009016e+01 2.977753963810391014e+01 -2.585354170662574091e+01 -7.919384330802892613e+00 -3.864863978207769613e+00 3.244344020292919240e+00 1.011944650524218225e+01 1.002179655205009294e+04
-4.795181078509496331e+01 -1.128731552495325197e+01 -3.390068874180396818e+01 2.458691553860282752e+01 -2.707103726141392031e+01 8.953218097649777718e+00 -7.738635642577701645e+00 2.021881747314285960e+01 -2.547555379105159545e+01 -1.602800298017129776e+01 1.677739555096885482e+01 1.896013507505932782e+00 1.645007260273042604e+01 6.923822474356808925e+03
-4.974087103108789876e+01 -1.080389817932496399e+01 -4.090755840840197521e+01 3.910368067531668856e+01 -2.874560091792056937e+01 9.216510447350986013e+00 -1.883910921012785167e+01 1.889045280181503195e+00 -3.015111578440709295e+01 -3.477449375525623765e+01 1.557605362156684414e+01 6.538339688923883841e+00 6.391282935833371148e+00 9.507705837809317018e+03
-4.523585664227633885e+01 -1.727528157937028519e+00 -2.828036060782575234e+01 4.084465459673171495e+01 -2.792961915990924027e+01 5.343033088736589775e+00 -3.296734762066726887e+01 -2.836144303719497017e+01 -4.329223610727667904e+01 -3.439063745225198687e+01 8.442004186392736642e+00 -9.568524295867149476e+00 3.590418257405851854e+00 1.044980962091810761e+04
-4.098011047593031719e+01 7.820480316521396524e+00 -2.640008712592658924e+01 3.559654085703549242e+01 -2.417987470929503502e+01 1.598019528369452402e+01 -1.674798021098327183e+01 2.721939883063694943e+00 -2.645723945670907540e+01 -2.813666007974166305e+01 7.610155849372032044e+00 5.854909072497099132e+00 1.296761343432927482e+01 6.584555058974092390e+03
-3.966891615609603150e+01 9.058953795975437373e+00 -2.683308345951233065e+01 2.632841279356170361e+01 -2.152960749661724194e+01 1.397443652449392992e+01 -1.912347506433457411e+01 -6.772789316549386207e+00 -4.061443519655358614e+01 -2.577142368403476880e+01 1.122966034911179989e+01 2.540974207567566090e+00 1.757733211827538966e+01 6.894497140761603077e+03
-3.781186378087348743e+01 6.407944144106960671e+00 -2.444999965056647540e+01 1.880738936806804062e+01 -1.983376386891000109e+01 1.389538015900058276e+01 -1.676632523862530988e+01 -9.009673262715012232e-01 -2.770349569730994688e+01 -1.941777404215804381e+01 2.066298229655232888e+01 9.177587607514603008e+00 7.117504714434534918e+00 4.997079799237762018e+03
-3.894142555350929769e+01 1.105443490360041459e+01 -2.683609475436204406e+01 2.175293544064571449e+01 -2.219097537591495595e+01 2.019112055714099796e+01 -1.328709663685288156e+01 9.454144411312384477e+00 -2.817045914368013726e+01 -8.813314208035883945e-01 2.219894529073257772e+01 2.377769140734412900e+01 1.887428072116284827e+00 5.854135537052211475e+03
-4.123592747107782230e+01 5.790709313800990188e+00 -1.745845115170742901e+01 2.672075998382664253e+01 -2.105565922449718030e+01 1.228703193990181752e+01 -1.594521567554098951e+01 6.486370831572406459e+00 -3.818151721226646345e+01 -9.803474997161313098e+00 5.814457970415032761e+00 1.876475777365310194e+01 7.677226673698068105e+00 5.642165652104775290e+03
-4.319092734866273986e+01 6.943314689762757119e+00 -1.613652496581885032e+01 4.088378585714745128e+01 -2.112372917047574816e+01 1.595636832520328774e+01 -1.839098831236264076e+01 1.861200429674848422e+01 -3.920078396507853569e+01 3.355362777284939479e+00 -3.535058029714948535e+00 1.539505077018854351e+01 -1.315862905498830848e+01 7.201603652289789352e+03
-4.382328362440229341e+01 3.837633122568782973e+00 -1.619353743739593554e+01 3.090645324822990148e+01 -2.177361661559195838e+01 6.219602174907123970e-01 -2.486882788407011446e+01 8.905560107899063382e+00 -3.402819824362559586e+01 -1.937451413517118226e+01 -1.209386146058920808e+01 1.153857339784303448e+01 -1.089625395476346625e+01 6.256310523940903295e+03
-4.187496282452647023e+01 9.916868412262305199e+00 -2.150198463112644731e+01 2.889227490767638784e+01 -2.037648948052157749e+01 1.179463962043218750e+01 -1.543946152265570859e+01 2.301854391058556004e+01 -2.984622273559668315e+01 -1.979282246790195821e+00 -4.349705501118030782e+00 1.048420351129065331e+01 -3.170187835783112362e+00 5.505103988200412459e+03
-3.962059562957862369e+01 8.092262035728653657e+00 -2.057947649838483883e+01 1.396086055810503623e+01 -2.353974309404022591e+01 2.080625416575833952e+01 -1.606581563002284696e+01 1.433454211842176029e+01 -3.861703785206687201e+01 -9.073283243898673689e+00 -1.893208022402816493e+00 1.630909359489182364e+01 -5.168487740117901907e+00 5.574190147628910381e+03
-3.873454421866745179e+01 5.721612579671242038e+00 -1.673672674072233946e+01 9.238771769536452183e+00 -1.773634081845416333e+01 1.464394313164321915e+01 2.291737853664110425e+00 1.088143942529366015e+01 -1.210992151788301463e+01 -5.095109882935311418e+00 3.828627447843151899e+00 1.724550775938924119e+01 5.820248803106885305e+00 3.069806900602437054e+03
-4.208661161544440432e+01 7.167945093039646665e+00 -2.407193330112393070e+01 2.506694313672498353e+01 -3.105116965306929444e+01 1.841695316314592645e+01 -9.469318885614267600e+00 2.618767479200562676e+01 -2.840042804514414954e+01 -4.105322278417789406e+00 -8.248699706258323161e+00 8.861911539017725659e+00 -4.563763127732086033e+00 6.100133978018685411e+03
-4.200424505285972288e+01 6.784420060886187542e+00 -2.329717238707881322e+01 2.660432148985368883e+01 -3.690732520298933395e+01 1.400243143206184193e+01 -1.374328285870336863e+01 1.325485004952891899e+01 -3.410446015889589688e+01 -1.927193033359136365e+01 -7.813408258247950933e+00 -5.621634790605813947e-01 -1.188098392457514230e+01 6.720765391326411191e+03
-4.312029226745764277e+01 9.965800833742536113e+00 -2.664426270573427402e+01 3.100058675132685693e+01 -3.799877503958701652e+01 1.565811252101589268e+01 -1.188044191764187474e+01 1.460248825769750169e+01 -2.607735228590396304e+01 -1.905815989344858963e+01 6.675154688665393188e+00 -7.821568813384597085e+00 -2.832873816016437285e+00 6.830092424897093224e+03
-4.085287024135440248e+01 4.621738725035733353e+00 -2.252876429011022097e+01 2.406456901568051521e+01 -2.441313465231421631e+01 4.281472103680975749e+00 -3.011806567184080130e+00 6.539311084306060451e+00 -9.914060245560063933e+00 -1.642854768134402832e+01 4.039086359722223740e+00 -8.941316288424067338e+00 -2.570805957962649213e+00 3.914188061666532576e+03
-4.123737457122047800e+01 7.741700895012019856e+00 -2.582115331923183987e+01 3.345173745322107095e+01 -3.145561710631320906e+01 1.663604708125392406e+01 -1.076739289688838497e+01 1.814783262312179701e+01 -1.050930458459638217e+01 -1.542961317579161395e+01 1.146554714895630944e+01 -3.304212417911351007e+00 6.901781165138768159e+00 5.796229800376434468e+03
-4.256788894066845330e+01 1.241473362706457095e+01 -2.988576151576585005e+01 3.812834032276357732e+01 -3.412184796346448223e+01 2.306638058885057418e+01 -1.546453403290205131e+01 1.718618213249072824e+01 -1.733781029859335021e+01 -1.840372896821226334e+01 9.867854185137025169e+00 -5.939540992517748919e+00 5.106601980153834930e+00 7.341981931189239731e+03
-4.282963564034204040e+01 8.165354912173212298e+00 -2.648464503682030724e+01 2.805062099629259009e+01 -2.722781948274672104e+01 9.211886182261475042e+00 -9.411621681000482909e+00 1.041594168643778495e+01 -1.063642641096605956e+01 -1.384238214928648603e+01 1.014764516767632330e+01 5.532236323192152305e-01 9.419185670080421957e+00 4.909354863518413367e+03
-4.277777365292409684e+01 6.283049569630623665e+00 -2.061250060301706455e+01 3.210844322948514673e+01 -2.352814470732494812e+01 1.250995814657767546e+01 5.099814442011246785e-01 1.758921229742743719e+01 -1.321701883177917836e+01 -2.120158991473060439e+01 1.304185180138986411e+01 6.006485975487339424e+00 1.210213527022537328e+01 5.321781506835029177e+03
-4.229271166190391540e+01 6.510219608925451595e+00 -2.235670490043328584e+01 2.955594743138300373e+01 -2.395037642055272187e+01 1.106917604281308876e+01 -7.330630181704069770e+00 1.520773228046773262e+01 -1.766458973138141175e+01 -9.917940095918874377e+00 2.744059023263394348e+00 1.226453311379010813e+01 3.926686703448816651e+00 4.769363917587070318e+03
-4.270644595838869151e+01 4.111919419845476042e+00 -2.349412182652410053e+01 3.496551546330649529e+01 -3.260908863868604612e+01 1.056973468146745709e+01 -2.056058644890711662e+01 2.020601598893686202e+01 -3.542241532537024540e+01 -7.558899957488527832e+00 -9.352549243831710157e+00 1.790655945757174905e+01 -9.269150085696280073e+00 7.427318858404169077e+03
-4.398423028041926841e+01 7.058490008771687307e+00 -2.737172922615127035e+01 3.164035156642970037e+01 -3.861040106782415648e+01 1.914333004705852304e+01 -2.675432965647263472e+01 1.683795546058969705e+01 -4.064589919772197391e+01 -3.356643796903952648e+00 -1.653093583859955373e+01 1.069004963392466223e+01 -1.010411288694308674e+01 8.744297535289186271e+03
-4.226900260846832680e+01 1.714617294159087035e-01 -1.759228647372523469e+01 1.901323550952408681e+01 -2.086307788436014832e+01 -1.877915634698955394e+00 -1.457659718282985040e+01 9.555067376506865884e+00 -3.260039072094890145e+01 -1.754210001969676469e+01 -2.385489559262253589e+00 -5.188902285153714544e+00 -1.019450752463763710e+00 4.604426027952091317e+03
-4.240836933403675602e+01 1.096636405839625406e+00 -2.282165880000748004e+01 1.753410917097378885e+01 -2.167507719020665746e+01 7.768769147316268331e+00 -2.535420141921053627e+01 -7.407010652620253488e+00 -3.836297183275221556e+01 -3.007993428845949779e+00 6.738704956315884509e+00 1.486734537481235741e+00 -8.505336556932096670e+00 5.456534483790327613e+03
-4.253520197330723107e+01 -8.895032709874887145e-01 -2.524220851246508701e+01 1.546564438719748225e+01 -2.169672699264843985e+01 6.435337881814599648e+00 -3.311319660280075539e+01 -1.501638914226215604e+01 -3.364099953777527219e+01 -2.332842568340770306e+00 7.033030088526587953e+00 -5.195802456631659183e+00 -1.889132554017695043e+01 6.091028198260037243e+03
-4.496646783229024891e+01 5.796639733437227271e+00 -3.653584287028583333e+01 3.585903357776132339e+01 -4.112102353834264790e+01 1.522457901014245074e+01 -4.767602993010564916e+01 -1.734303127145145451e+00 -4.205830298356381292e+01 1.869632818299451937e+00 -2.501619751072507558e+00 -1.056036006680988848e+01 -1.523760991632116202e+01 1.099742082380915599e+04
-4.328208275389845028e+01 -1.670643349985810433e+00 -1.526298728919782732e+01 3.112881432222119216e+01 -1.570604594209727800e+01 1.449479516754978903e+01 -2.324319879949051071e+01 -1.234320334662684715e+01 -2.663462800821572785e+01 6.857635013305061200e-01 1.305324709261705785e+01 2.068105071407719819e+00 -3.624319428282715805e+00 5.125145214470327119e+03
-4.605043035174971777e+01 -5.078126261942667696e+00 -1.942357676232428787e+01 2.517060818254508803e+01 -3.269364543229995945e+01 1.124461599948224588e+00 -3.782869809055971189e+01 -4.902092705451612353e+00 -4.668264543978092718e+01 -5.623284649342153330e+00 -5.057371943197447095e+00 -2.023248664406254704e+01 -3.201990222009501963e+01 9.353539510559239716e+03
-4.607793129793501663e+01 -3.185684860427982823e+00 -2.086500020951434919e+01 4.218003155123529524e+01 -3.021456822344159576e+01 2.015035594385498641e+01 -2.645487296226164631e+01 1.867344859514947686e+01 -2.884475968971727511e+01 2.321876267943558059e+00 -1.616791687114228893e+01 -1.859608312027701515e+01 -1.836714603272774582e+01 8.497321767328712667e+03
-4.690516210404636865e+01 -6.677418247047099520e+00 -2.284345891915053173e+01 4.063639363420154638e+01 -2.745180993597555741e+01 1.279608263857641681e+01 -2.605236940424257241e+01 1.638044318890419859e+01 -3.519259470914101939e+01 -5.302206651145266569e+00 -1.458561000644701089e+01 -6.819800587708561679e+00 -2.024442930594970846e+01 8.217927454704977208e+03
-4.680938679123385526e+01 -8.976478277304346776e+00 -1.678100717172805290e+01 3.319601529897892078e+01 -1.737461632134992939e+01 1.030058697179423710e+01 -7.317471000377873125e+00 2.507282372120116065e+01 -1.481706750039004916e+01 1.640558685153976404e+00 -6.435003174963695116e+00 -2.517169773264499089e+00 -1.639079845595495044e+01 5.284085348598816381e+03
-4.913119711239974663e+01 -9.442000240824992119e+00 -3.014679305421620015e+01 3.964291607844859300e+01 -2.726715522941710290e+01 2.093094519760605721e+01 -1.943564319635228443e+01 2.662216404304901118e+01 -3.060285820274224378e+01 -2.035855205731434747e+00 -1.736473070464500879e+01 4.918627318340938359e+00 -2.103557278162574562e+01 8.960403616851612242e+03
-4.667833631428383256e+01 -1.308209272079537833e+01 -2.414335168188730307e+01 2.904677675558241035e+01 -2.000511943133225046e+01 1.812570955037820042e+01 -4.916341509298001178e+00 3.973310031389176800e+01 -1.089363239003475137e+01 3.193397404422328112e+00 -5.125995036611592504e+00 -2.264668230210989952e-01 -1.860910661450490622e+01 6.609755700864272512e+03
-4.771653359446557374e+01 -1.140206938847022755e+01 -1.937221504546309703e+01 3.793701923024235612e+01 -2.288354081469052659e+01 1.220183083893557630e+01 -2.307245486592417905e+01 3.028975389349129088e+01 -1.738224605606876949e+01 -1.459844890153192631e+00 -9.726735235673945823e+00 -6.425162562863511617e+00 -1.734175486235857022e+01 7.084625568029969145e+03
-4.755959341721491995e+01 -7.035935908525921434e+00 -3.074664568604708847e+01 4.201292115734637633e+01 -3.006576438614134972e+01 8.788793213732505549e+00 -3.489027180137308903e+01 1.488565509080443405e+01 -2.748205340427369237e+01 -7.137331798811196393e+00 -1.234619264184099663e+01 -9.111532251993994080e+00 -1.402653987841281769e+01 8.680365031580147843e+03
-4.405124702648004131e+01 -2.979531825741057016e+00 -2.491950048731882106e+01 3.667045334204308915e+01 -8.976482856604713234e+00 1.022310006508706515e+01 -2.232607721150844426e+01 6.964025376017686231e-01 -2.296529911263711199e+01 -2.568225429832705231e+01 -1.145478109728200344e+01 -4.660894807646103644e+00 -1.636860747781476277e+01 6.206971757235523000e+03
-4.069157383535142714e+01 2.037232314561314983e-01 -1.718167783518455138e+01 2.683596527146724497e+01 -2.479124363611405091e+00 1.070251187387060554e+01 -1.158671952836238361e+01 -9.651123417328458132e+00 -3.556301760320695848e+01 -2.453487287372760761e+01 -5.936663307282902480e+00 2.296636324537670859e+00 -1.137733214751469646e+01 5.055961244704472847e+03
-3.860173153837843074e+01 5.947000008745771948e-01 -1.917548956759697276e+01 1.883993026242434254e+01 4.524538047179516909e+00 1.614790293942218113e+01 -1.083169789733677035e+01 -2.235516368617829031e+01 -3.727464635196913889e+01 -3.489840957823700762e+01 -6.019704702830527943e+00 -4.119751271840803142e+00 -4.311276864058048552e+00 5.790489510162909937e+03
-3.685633752774376859e+01 2.042986373093029329e+00 -2.007660150552772294e+01 1.492104403083415676e+01 -1.993293311627351239e+00 1.739971191876146861e+01 -9.322525763581985814e+00 -1.948740478114406827e+01 -3.878255255265085566e+01 -2.562776753897400539e+01 7.835471296262882523e-01 9.501586448072016911e-01 1.903207146413453399e-01 4.924084338120226676e+03
-3.710085729520535125e+01 6.055627478734947111e+00 -2.642035331789550412e+01 1.417314792056277462e+01 -5.096880642731082212e+00 1.630005956033540215e+01 -1.594993609170558457e+01 -1.506402638912214087e+01 -3.496443414270844841e+01 -2.801570970134801541e+01 5.017656499690001937e+00 3.881777766801873586e+00 8.060532752825693592e+00 5.197661822588471296e+03
-3.652857048108020876e+01 7.487770643135665871e+00 -2.232727756103862760e+01 1.279461141245577416e+01 -8.196780601784178444e+00 1.398905968059096772e+01 -4.286599917793696868e+00 -1.506618846017321189e+01 -3.446060508457120619e+01 -2.339466325009875902e+01 1.008848458679581661e+01 1.143592393366181525e+01 1.191980399742691787e+01 4.670341727824345071e+03
-3.601144088825601841e+01 4.290071946004873737e+00 -2.179251576517405198e+01 9.918876276089283905e+00 -1.244528527577777410e+01 5.035702245727644133e+00 -1.225586147985472785e+01 -8.941599768853350838e+00 -3.007026689414720266e+01 -3.100486366002094485e+01 8.426185236264085887e+00 1.283419896711529695e+01 1.425979596514209113e+01 4.603509775241398529e+03
-3.538504390476200001e+01 7.265075364539863578e+00 -2.251429417996710569e+01 1.335621029899725087e+01 -1.618567655126360449e+01 7.673188310053510541e+00 -3.046484572272861513e+00 -9.450725476720696960e+00 -2.827078340634901821e+01 -2.667609923020179608e+01 8.061877056677268172e+00 1.095309844660413212e+01 1.589459782507157470e+01 4.358069604543643436e+03
-3.859701605989589268e+01 1.481088096195084525e+01 -2.669030672513405023e+01 2.666616834142885040e+01 -3.634238090634242724e+01 1.732142979384735781e+01 -1.402310510619161832e+01 2.715132813720982696e+00 -2.562691811716285528e+01 -3.121907636644004214e+01 1.171884713622978680e+01 3.087586487305361782e+00 3.022717875421044198e+01 7.649285419067692601e+03
-3.714855869861983706e+01 5.743001101064702851e+00 -1.714109397333301743e+01 7.482257469340558131e+00 -1.820856194884191481e+01 -5.033333639452344244e+00 -4.920240992977815253e+00 -7.461094771019531890e+00 -2.322377163963803781e+01 -2.004226038618644168e+01 4.333503591307948710e+00 5.388545414837341063e+00 1.286593608670739286e+01 3.353945393862378296e+03
-4.006340006075247828e+01 1.209182634098861797e+01 -2.097349281190735582e+01 1.830119125901177668e+01 -3.604438976612947698e+01 7.633051212156553855e-02 -8.017723808446611145e+00 6.636660439451757654e+00 -1.876058360501929911e+01 -2.504684647581920132e+01 -3.151319338339391152e+00 -5.009772160494838644e-01 1.326834155810391636e+01 5.099177002765317411e+03
-4.392075630606991865e+01 1.667345259180868311e+01 -2.725884504295667199e+01 3.684806196369898856e+01 -3.934028267348774222e+01 1.411176621317558144e+01 -1.391229850097729148e+01 1.304960453874356041e+01 -1.899757418209797777e+01 -2.727804518550662394e+01 2.875549623995186987e+00 -1.561130088526879689e+01 1.943790615277848133e+01 8.153318444589664978e+03
-4.607697824863454628e+01 -5.201606295065398511e-01 -8.945928565993391146e+00 3.530299589069037580e+01 -1.358627772058710903e+01 -3.624214012606438162e-01 -8.076227040013792546e+00 9.457410813280805684e+00 -1.948212305079648488e+01 -2.894822574805163029e+01 -8.702096302675071726e+00 -9.851599967800122926e+00 2.134919214854654523e+00 5.183967277004692733e+03
-4.866969238826891342e+01 3.754421503674485461e-01 -1.556494309363877981e+01 4.243490328119698773e+01 -2.155348496539036063e+01 8.197810631692188821e+00 -1.811673816126854319e+01 2.226751887016108711e+01 -2.905588061726568938e+01 -1.408590094407873927e+01 -1.813586699973120986e+01 -3.368652029502591017e+00 -4.095237184907777994e+00 7.167369055292743724e+03
-4.925658278704494819e+01 -7.920356611023581905e+00 -1.892375017242477497e+01 2.355248897613586934e+01 -2.528413237266247648e+01 -7.004867368847252251e+00 -2.470904253553206331e+01 -3.779036869695763023e+00 -3.724116195676167962e+01 -3.850551100320739550e+01 -3.469201399862780022e+01 -1.465694224294318992e+01 -1.438782209943393831e+01 9.209894211107655792e+03
-4.664084893954002808e+01 1.251798365140586178e+00 -1.751899800251032602e+01 3.637453835419562864e+01 -2.132460984512631086e+01 6.087210298906657435e+00 -1.427427844173414329e+01 7.145559857821196736e+00 -1.730352911965174556e+01 -2.698572690186545486e+01 -7.799615061363212476e+00 -1.196712858574524674e+01 -1.690764341200041265e+00 5.788111707591984668e+03
-4.480529793194739341e+01 5.128015076967336050e+00 -1.846604032227611825e+01 3.392730359667087470e+01 -2.381057930308626780e+01 3.118620552043582350e+00 -1.599203608812358546e+01 1.355383307890657996e+01 -2.332895582071048679e+01 -3.779644979733716070e+01 -1.309664894142126812e+01 3.097458723764325850e+00 7.897976378967793920e+00 6.758295218085953820e+03
-4.304546490177674656e+01 6.875260601354564294e+00 -1.698581702210042010e+01 3.012238796238909799e+01 -3.149712856649017212e+01 -1.119152517438640526e+00 -9.439531111629666071e+00 1.063659719852692120e+01 -2.320500806920821191e+01 -3.547811913064703049e+01 -8.646054343424177446e+00 -1.585335111609086134e+00 6.977489016142480516e+00 6.214743283910362152e+03
-4.007991730189336721e+01 4.877642041534202555e+00 -1.588061317778621273e+01 1.846025174114061684e+01 -2.139688262809935537e+01 -2.172516386151228218e+00 -5.553455499926239547e+00 6.475042628789223764e-01 -2.027064905713462650e+01 -2.970750579224565158e+01 -4.101090719169704357e+00 -8.829248696162357302e-01 5.327409684742685059e+00 4.056387384424737320e+03
-3.999992356350952605e+01 4.644057958498481575e+00 -1.566229697919195196e+01 1.911848789570751350e+01 -2.756677792973576757e+01 7.018810353064893759e-01 -7.814346254735237807e+00 -7.356031176351246481e-01 -2.640546209908653807e+01 -3.421126852680846042e+01 -7.316717931853235157e+00 -3.088404038454153344e-01 8.633768604329587149e+00 5.050241314124025848e+03
-4.100328496799755840e+01 7.087754842634936381e+00 -2.280685756302561629e+01 2.831958011135294129e+01 -3.554698061063002257e+01 2.369028554578441526e+00 -1.478261006245097775e+01 4.702518073517056862e+00 -2.450839342357918227e+01 -3.588689296530194639e+01 -2.348520762131792061e+00 -1.801399016030025280e-02 6.468666662220193153e+00 6.499386337343634295e+03
-4.161310650768217556e+01 1.058893564403255283e+01 -2.152435668018281589e+01 3.203050721636264342e+01 -4.293686776506065428e+01 4.949440465168082781e+00 -9.779880675665410195e+00 3.072910891952609358e+00 -2.500165913238905446e+01 -2.828803671700279665e+01 5.984451546788649878e+00 -1.427810472187881885e+01 7.251920697623438272e+00 7.023752205343126661e+03
-4.007588669148774585e+01 6.581426085278301308e-01 -1.579667935170405002e+01 2.044903111376148885e+01 -3.288352027773851916e+01 -1.081333325408609269e+01 -3.554032848281130974e+00 -4.679658954636778390e+00 -2.507868633641031408e+01 -3.483040175096328994e+01 -8.836968542951543881e+00 -5.294355131805360770e+00 -7.925394141144627147e-01 5.455839959680275570e+03
-4.354315326143245812e+01 5.378033789246141616e+00 -2.638003178406505711e+01 3.937421547430419366e+01 -3.443644382905172563e+01 3.190714566523162876e+00 -2.129371827754803803e+01 -5.177528090574109676e+00 -2.761152160825040269e+01 -3.496722206674656519e+01 -5.321805932940725903e+00 -1.548068095190286186e+01 1.552515564578716223e+01 8.341549226317267312e+03
-4.650876034018932614e+01 4.707129903116203273e+00 -2.809630515891160485e+01 3.832268044076307945e+01 -3.765847107363460822e+01 6.529613412312799348e+00 -1.440336055874596966e+01 2.837265806080198516e+00 -2.235216847414437069e+01 -4.571869044442296826e+01 -1.769515904144581597e+01 -1.882619667470376612e+01 1.332954192241170333e+01 9.554594341658652411e+03
-4.752768526133521476e+01 7.100013865577091687e-01 -2.375960262580898430e+01 3.508844978423193339e+01 -2.298443816513058380e+01 5.136128466528565362e+00 -4.856777848200128922e+00 6.986270243224401710e+00 -1.947595225104318928e+01 -4.940058836436562473e+01 -2.222760829247924619e+01 -1.180953916962791617e+01 9.972762665320711761e+00 8.234882097647991031e+03
-4.912831514366371266e+01 5.604511587544069862e+00 -2.964628768370508283e+01 3.599696497491490277e+01 -2.627254816647075231e+01 1.537111595891385818e+01 -6.685657411613994405e+00 9.671104152281337463e+00 -2.331622367474605539e+01 -3.671010875147265295e+01 -1.182442078685238229e+01 -1.634775168566591219e+01 8.001068352205678025e+00 8.046793401245096902e+03
-4.855420708596678026e+01 9.454635539063058758e+00 -3.006836112734366040e+01 3.213920306631411705e+01 -3.890072270489529416e+01 9.179025887319152588e+00 -9.538248238482196939e+00 7.122853686389319705e+00 -1.830223401918060233e+01 -3.386867709837603968e+01 3.975967013520644855e+00 -1.630933941438903645e+01 7.977777004826604568e+00 7.950676691097439289e+03
-4.666986482919957524e+01 5.553645471304836434e+00 -2.601972985285791395e+01 3.324052095357559722e+01 -3.096112654559423660e+01 4.499857534163904660e+00 -5.199710861980034515e+00 1.057850270438568252e+01 -1.568475142328230909e+01 -4.307974819885675544e+01 -1.785591750056979876e+01 -1.932245410896705096e+01 -2.388263598695398393e+00 7.908430581076672752e+03
-4.522046094325564525e+01 1.445068128183573641e+01 -3.166856997047251454e+01 3.308131206760608478e+01 -3.868407708228188113e+01 7.427799240308578632e+00 -2.351875129033016876e+01 3.635692166225897637e+00 -2.256365998373505732e+01 -3.980963972583936794e+01 -7.546963162985720786e+00 -1.346399617299493379e+01 1.215662035403656915e+01 8.948909181889775937e+03
-4.261510183439540356e+01 6.723173391420770528e+00 -1.600211207468272079e+01 2.611369989326909291e+01 -2.298961794167144035e+01 1.192493349390969515e+00 -4.460806938858605797e+00 4.947555343777077397e+00 -1.551388579666299350e+01 -2.654577426022708764e+01 -1.474887982523494045e+01 -8.035029252356675755e+00 1.555267492936243556e+01 4.842898185922002085e+03
-4.311373961134091815e+01 5.751509546910964055e+00 -1.743406536320633293e+01 2.378011399401394854e+01 -3.418616488671617049e+01 -1.061614124456756336e+01 -2.106269574756583296e+01 1.513450430896927879e+00 -9.817937751116307510e+00 -3.242879185039814871e+01 -1.515641846432383488e+01 -1.583589240109207452e+01 2.403029110330415996e+00 6.122924371218229680e+03
-4.430760033583943880e+01 5.514397980762775653e+00 -2.810731418076753130e+01 2.168849758060033039e+01 -4.267750662501642722e+01 -7.892011379544030980e+00 -3.733755759896146742e+01 -3.553861053349110843e+00 -2.387829690685188311e+01 -2.837901993963360781e+01 -1.920527107751992091e+01 -2.546679709058725294e+01 -8.593163524815798482e+00 9.011145108040536797e+03
-4.453673112891696917e+01 2.912501507345148344e+00 -1.633259276315104813e+01 2.991704239471695104e+01 -2.967276304879461790e+01 -1.465154186514964252e+01 -2.352141300757350351e+01 -3.903601380088046469e-01 -4.917057295337815326e+00 -1.575391596744170064e+00 -4.125890053321160877e+00 -1.341605623591242136e+01 9.829251678158141825e-01 5.026974880251805189e+03
-4.542478060066186174e+01 7.731008518919479044e+00 -3.279570592711546340e+01 3.860966077094428073e+01 -5.105429896822427338e+01 -7.510783093825912360e+00 -3.627634135321977027e+01 -2.163624987361137286e+00 -1.744707103984037388e+01 -2.497959124111649132e+01 2.866465319822584679e+00 -2.850044041463903000e+01 1.203075621755889113e+00 1.042337032297598489e+04
-4.455504820126182608e+01 -9.652125935811800561e-01 -1.567701483654492733e+01 3.601129547839905598e+01 -2.996224502580211535e+01 -1.499565129963500176e+01 -2.295176589673268097e+01 2.175870635213410065e+00 -4.036625599139525455e+00 -1.232528502580018603e+01 1.030847256373139054e+01 -3.326640610116175623e+00 -1.799859434075370856e+00 5.471567442994790326e+03
-4.463791077447584854e+01 4.496060244975228493e+00 -2.458247501142351510e+01 3.943653346632677170e+01 -4.230247000102021104e+01 -5.998455242072817661e+00 -3.813660132639791556e+01 5.020136070981997101e+00 -1.461465783828164433e+01 -1.232200490082387390e+01 4.467769985978198299e+00 -1.321104297520643200e+01 -8.282520183666820301e+00 8.105891240181825196e+03
-4.395104779437239273e+01 -3.695987787444706907e+00 -1.292808436726179799e+01 3.541701798675416768e+01 -2.503584477793558349e+01 -1.650925088961765397e+01 -2.460510132268354866e+01 -2.918510996424653059e-01 -3.653397019229720932e+00 -1.248749424661338026e+01 8.582099962891840406e+00 -5.582151217805333410e+00 -4.625923821902904187e+00 5.167197378811247290e+03
-4.294746836169021265e+01 -1.142166627420979852e+00 -1.696414166812079571e+01 3.991290729742658527e+01 -2.818851286311891968e+01 -1.709115815701547447e+01 -2.851604576786315093e+01 1.802520400417249924e+00 -8.748991545615592003e+00 -1.299348874756366534e+01 9.915019064984928576e+00 -7.567041150304373964e+00 -7.719813184447500198e+00 6.090264578693840122e+03
-4.686517777712062838e+01 3.859862509057377711e+00 -2.957222735391077251e+01 4.485643074760113791e+01 -4.557902133772668662e+01 -6.698338457198810048e+00 -4.041992878169755699e+01 5.892333160843589823e+00 -2.168998376758212032e+01 -3.997714777743757164e-01 -5.566477596213798007e-01 -4.315754365207137511e+00 -3.358173181462976054e+00 9.389492726401897016e+03
-4.594638020812543999e+01 5.297085903301380405e+00 -2.883382954985863833e+01 3.929849664983787960e+01 -4.371352384185165363e+01 -9.601308084749325289e+00 -4.442389813329528181e+01 1.233599907524190353e+00 -2.784322586370307917e+01 -2.642932830194788973e+00 -2.259937977454366731e+01 -8.041766143458302096e+00 -2.036520770562620442e+01 1.026532629067936796e+04
-4.663481918415608618e+01 1.461522732589776608e+00 -2.438928583230749325e+01 4.035385765646970668e+01 -3.952058990946563455e+01 -1.344688633943421152e+01 -3.668742575366156444e+01 4.326061776530217173e+00 -1.015988555368928736e+01 -4.596486204855954938e+00 -2.948099090601748795e+00 -2.489675962749725802e+00 3.734901825902420036e+00 7.660781524340151918e+03
-4.584776405250331521e+01 5.880895151172232715e+00 -1.838890372041735688e+01 3.539187360780240965e+01 -3.651999416183806346e+01 -1.188964610684947232e+01 -2.411012229171395305e+01 1.075600450102156991e+00 -1.206360849227343879e+00 -1.321074638012536617e+01 6.502158286783703112e+00 -1.735965507304965527e+01 -1.412535878617385610e+00 6.306477535947579781e+03
-4.518132962026737687e+01 -2.943441836033144021e+00 -1.713181055295030220e+01 2.339953378672445439e+01 -3.235705094923941516e+01 -1.675021806297337434e+01 -2.645219819153373209e+01 -1.959155401843988731e+00 -1.293739914075002773e+01 -1.430403258955948687e+01 6.188176338769684648e+00 -7.787888382291582978e+00 -2.044211056442957197e+00 5.397264316245473310e+03
-4.554458433373020654e+01 2.700356401781386140e+00 -1.962375545335932969e+01 2.449702691979364744e+01 -3.939773390608095127e+01 -1.561070970967836047e+01 -2.865133276638231408e+01 1.777765996563355211e+00 -1.198160248292800922e+01 -1.541383447747799629e+01 3.780442060251126613e+00 -1.186260563687487668e+01 -3.013119243059582342e+00 6.231969342231789597e+03
-4.680689631606620082e+01 9.652720202014172912e+00 -3.237026723159419817e+01 4.169976446392163894e+01 -4.400159161559919596e+01 4.123532114226931888e+00 -3.030266252025371543e+01 1.282115084695613838e+01 -1.414595506774768907e+01 -1.789055195374153584e+01 1.598171162661508937e+01 -9.961418152961840633e+00 9.945970554119151430e+00 9.080289136078641604e+03
-4.384449055560709496e+01 3.127603988339048513e+00 -1.576884750129802626e+01 2.431360255329093434e+01 -2.550161133200753127e+01 -1.556708435572242877e+01 -1.302306862790739039e+01 4.893683633897809138e+00 -1.161666887712500085e+01 -1.989739302424167278e+01 3.757348612079892458e+00 -7.636798172209445568e+00 -6.917827942333966140e-01 4.461913994602063212e+03
-4.576643721030843182e+01 4.132026417383752204e+00 -2.964695031101051015e+01 3.596811587089251105e+01 -3.860439132364952286e+01 -3.713957728652762746e+00 -2.552221465968655423e+01 1.597257450747546770e+01 -1.942242077840772652e+01 -2.225381484665690124e+01 9.490413800072406758e+00 -2.759659608033335765e-01 1.182451482648901830e+01 7.797312494608994712e+03
-4.554247034046245091e+01 -5.101262009875958903e+00 -2.292646464004778650e+01 2.356973166325066771e+01 -3.165673230937031590e+01 -8.404250604387227597e+00 -1.262415133127610289e+01 3.161101442487482260e-01 -1.759143698183317994e+01 -2.332207623378863914e+01 -7.541502163905219547e+00 -4.265553664460174588e+00 2.467691986076615773e+00 5.348080363192219920e+03
-5.245590780776016260e+01 -1.922440908707221752e+01 -3.191969874705404919e+01 4.622974068743793197e+01 -9.322940851285068220e+00 1.790057976980144261e+01 -6.748024128785986342e+00 2.791835796382059698e+01 -1.893576090739419371e+01 -6.679812887030776025e+00 -8.310186325534230534e+00 -8.186497160312525168e+00 -1.499133126959980267e+01 8.273575671167585824e+03
-5.071388718796684003e+01 -1.857776929470901806e+01 -2.371166880488157602e+01 4.509214890109652174e+01 1.384238832896913074e+00 1.624344118023096684e+01 -1.432804161656765096e+01 1.795432871501200722e+01 -2.815973008493465102e+01 -6.062070171751447134e+00 -2.351180498137088293e+01 -3.561760064608496368e+00 -2.379963938816744218e+01 8.267626226877517183e+03
-4.703459476775365289e+01 -1.295952910025120985e+01 -2.535746978876485969e+01 2.739572122248143415e+01 -9.090949219846606866e+00 6.270055965960085409e+00 3.006367375459311653e+00 1.708680599992465687e+01 -9.485780308840247699e+00 -9.165495129348098402e+00 3.223889963310747397e+00 1.824449564807770230e+01 -3.512307224057455990e+00 4.726263177482601350e+03
-5.165479507566919892e+01 -2.521286662845299631e+01 -3.795169071247460835e+01 2.624848224084050230e+01 -1.212817506340751450e+01 -1.411480209913793615e+01 -1.739931400269190576e+01 -1.071457912524462763e+01 -2.111753091202688637e+01 -1.725493375646039595e+01 3.970264529840668993e-02 6.070589407277021010e+00 5.964049497565183877e+00 7.013185117299917692e+03
-4.490611990193738023e+01 4.038651417606307525e+00 -3.176132650882229314e+01 3.428376763747125722e+01 -2.577292700016380067e+01 8.933194712164217455e-01 -1.537988492737879476e+01 4.224144904410239154e-01 -2.031818985133873667e+01 -2.164632026736702741e+01 -2.505337648717069765e+00 3.550605845471130451e+00 1.673956144325052620e+01 6.299278431023624762e+03
-4.579526262040284479e+01 8.184908331946138205e+00 -3.911927058899247100e+01 3.472557068000629243e+01 -4.260459965150389650e+01 1.808448968504216836e+01 -1.922682092524296493e+01 1.353138913259065745e+01 -1.886664948290563970e+01 -6.033896197379156057e+00 1.132980891651172861e+01 6.953990600861198246e+00 2.175683341608533539e+01 8.637791928411617846e+03
-4.405160143673039386e+01 1.845659393015586902e+00 -2.976653747017323681e+01 2.684057208432456676e+01 -3.257674728574167489e+01 1.082102591940146397e+01 -1.317595742819169047e+01 -2.249168199302641558e+00 -3.034493478606331962e+01 -2.661035904847107858e+01 7.403978962281242637e+00 6.121737199615608915e+00 2.524740599848237110e+01 7.266069144244580457e+03
-4.402956588385151093e+01 -2.520013278684486213e+00 -2.442802178525094803e+01 2.490010847973223918e+01 -2.513914728958471656e+01 3.119984798477173915e-01 -1.041855752619565934e+01 -6.296172865342258618e+00 -2.038078575678772708e+01 -1.702568897338516862e+01 1.412256044799739563e+01 1.045333989007514930e+01 1.164884014082955410e+01 5.091624010837987043e+03
-4.357221058065839969e+01 -9.603601121410628716e-01 -1.729493829479654465e+01 1.877721842130746310e+01 -2.324184030973973236e+01 1.317335909591362153e+00 -3.678212654589353647e+00 -1.598385278768512885e+00 -2.273371927428944161e+01 -2.531790494270197200e+01 1.196690503505099556e+01 1.509651152994993950e+01 2.344456570575342269e+01 5.187738687759568165e+03
-4.667383345574827302e+01 4.096574020948170691e+00 -3.325910923926959128e+01 3.367262705698519198e+01 -2.979148714598332148e+01 2.121286045159080924e+00 -1.454778035261112024e+01 7.514779632587185176e+00 -1.993564814460991741e+01 -1.491211002764676685e+01 8.702906667401897778e+00 7.593306370628332580e+00 2.315045587488640777e+01 6.884528781178482859e+03
-4.919732206832564714e+01 5.104781863396921970e+00 -2.084894397747091688e+01 2.206745001718065780e+01 -2.771352439550795665e+01 6.228262443127455805e-01 -7.801171702806264818e+00 1.154876442560204053e+00 -1.841162833582125913e+01 -1.846159054663017685e+01 8.725293119036981793e+00 6.860537814495387465e+00 2.524445086818445816e+01 5.639003880530437527e+03
-7.218009953159425152e+01 -8.555117244313436231e+00 -2.864933458264856370e+01 1.842901530441878322e+01 -2.017187086320200962e+01 7.246304302483852489e+00 -7.596381736779538763e+00 -1.196310024783826975e+00 -3.434573110702535903e+00 -1.945897900600189701e+01 -9.828815381253145134e+00 -8.737003000717191270e+00 1.164854772669031036e+00 7.526865126189510192e+03
-8.921546964591793483e+01 -1.645222618275785109e+01 -1.798359182241459919e+01 1.955705111822167197e+01 1.199533373781792278e+01 -1.755031181714610256e+01 -7.151503957166704950e+00 7.220956838532488486e-01 9.725133761319241898e+00 1.133553442747322215e+01 2.319486713170668679e+00 3.718364458626360669e+00 1.062071314474804851e+00 9.682937316941744939e+03
-1.143902830699170323e+02 -3.953712419152081736e+01 -1.475387989227996677e+01 -5.090184284236055845e+00 7.925903423949405280e-01 -6.439858575778115934e+00 -5.561388318446361723e+00 -1.293601148807821621e+00 8.565953279381005814e+00 7.787760753313153650e+00 8.941657527959346874e-01 -4.033394182700936526e+00 -2.881092824893098481e+00 1.512600368998997510e+04
