-8.134803854342020202e+01 -3.146442999761747128e+00 -1.090123541108526162e+01 -1.390052475783116037e+01 -1.180810498467140945e+01 1.370464221611173983e+01 8.938719576035332182e+00 1.366464994435590619e+01 1.258779436171399091e+00 1.163797683931307070e+01 2.052251277366454119e+01 1.155728211736033373e+01 -6.756038579006368172e-01 8.225564699444548751e+03
-8.074471940749234022e+01 -5.600952269650168347e+00 -1.555113216741131410e+01 -9.489383967007218867e-01 -9.356747428817651979e+00 5.258171559522279104e+00 8.706685718035576116e+00 2.034264574245202795e+01 -5.357439818462061076e+00 -2.101634178243348572e+01 7.655786308632223758e+00 6.718974500674106398e-01 5.710165388128995545e+00 7.960702559153333823e+03
-6.969381166128704308e+01 -2.027513844465755000e+01 -3.595158471471663830e+01 1.484751095623000339e+01 -1.284660060845422080e+01 -4.705446299348389871e+00 -1.068208236659698684e+01 3.722261282726510956e+01 -5.127467283436933698e+00 -2.876450190244736760e+01 7.517413594578181701e+00 9.519522970681361329e+00 2.293326910362693538e-01 9.468952718031299810e+03
-5.785663322730924563e+01 -2.691333995786810362e+01 -4.115847712549424386e+01 3.212191817800138693e+01 -1.833330615508995010e+01 -9.224494042405993355e+00 -3.629425288144334072e+00 4.211633568049723664e+01 1.156618619227156586e+00 -3.914232902934131886e+01 8.606641820822115818e+00 1.657936158581232888e+01 2.477614983299544438e+00 1.089426338530246721e+04
-5.126039363571598528e+01 -2.990338571429725789e+01 -3.374261652542711687e+01 3.480765883349647538e+01 -2.643813817777101249e+01 2.548858913935528214e+00 1.380522335256529010e+00 2.616502114627359532e+01 8.527779507327777342e-01 -3.015398639148539672e+01 5.383524475574085422e+00 9.076733375521151004e+00 1.125143362977268069e+01 8.411918030696577262e+03
-4.630631553908133213e+01 -2.487105100900506116e+01 -2.953149591442267408e+01 4.813616320923568281e+01 -2.963203602858108709e+01 -1.925571135911798848e-01 -1.295700790702229810e+01 2.108240800449607022e+01 6.740661673787115227e+00 -2.277803214006881305e+01 8.017157897798199429e+00 7.173648217903844326e+00 4.572340725969168851e+00 8.143407732360324189e+03
-4.211008236951763450e+01 -2.891475437349463817e+01 -2.557631101981983690e+01 3.175775874652056174e+01 -2.560939197034522152e+01 4.946287408724515444e+00 -6.919324681743999506e+00 1.717530278351726736e+01 4.197137071355250271e+00 -1.491275456733992755e+01 4.675626101834842174e+00 7.985688164245335230e+00 1.147101206913788651e+01 5.752422800781720980e+03
-4.572896288997566927e+01 -3.107006315352759174e+01 -3.852390028230003338e+01 4.376262991674378355e+01 -4.165757939472275950e+01 7.035110829769458896e+00 -1.569748788047562726e+01 3.455133725245552512e+01 -2.831250975384874380e+01 -3.143593661106221759e+01 -9.664723646104343757e+00 1.664018986995704941e+00 -1.192494518928480218e+01 1.170899475794140744e+04
-4.187109345383009185e+01 -2.505951552637206348e+01 -3.910920018905240880e+01 3.470375320493565141e+01 -4.248899561040330042e+01 9.892153327441290500e+00 -9.132643361344040756e+00 1.979471635262564178e+01 -6.512283201116375153e+00 -3.657262351841251302e+01 -1.095018384146072599e+01 -2.484141715570755693e+00 1.341684176790124194e+00 9.001297453219356612e+03
-4.114149132489033889e+01 -2.847199945465981230e+01 -4.253771423302224974e+01 2.834958032667804417e+01 -2.946034912890832658e+01 1.707312114647853818e+01 3.843560889507621869e+00 4.284046625702623601e+01 2.219739441311606498e+00 -2.435756123737867185e+01 2.039738901487364586e+00 2.211634259295800220e+01 1.022283308417009984e+01 9.321932537523567589e+03
-4.157753173987840967e+01 -1.966015086640298648e+01 -4.275249139242117735e+01 2.242265869079205487e+01 -2.473924351169699776e+01 1.263071592367942131e+01 -4.894738579333266060e+00 1.939080762881733477e+01 -1.387352396167880997e+01 -4.290600224131771512e+01 -1.358131222980353670e+01 -7.722822685957279276e+00 4.149252990223798676e+00 7.912000889172932148e+03
-4.394502864035122514e+01 -3.833059579572478448e+00 -2.892747215954364393e+01 1.910746438147361204e+01 -3.462827593366353796e+01 1.162029093269279478e+01 1.047263822292236668e+01 2.596393226548230615e+01 -1.509732395214076561e+01 -5.251653398692463526e+01 -2.547290925364690928e+00 -5.694576576327342821e+00 -2.383157657470727386e+00 8.296214180483584641e+03
-4.124766321443378558e+01 1.559516104134776349e+01 -1.390812058472622859e+01 1.280499265959607946e+01 -1.216561343330038980e+01 -3.293974177154566529e+00 -7.252434668830323616e+00 2.400281545085299584e+01 -8.788745557524396901e+00 -2.553494489528388556e+01 -1.060402392731422516e+01 -9.908039044950438523e+00 -1.260689715753275708e+00 4.031047157056949800e+03
-4.191973238449231332e+01 2.636831389946538096e+01 -1.024919156791944097e+01 1.752599604263247102e+01 -3.204179378253344623e+01 3.551285626264346629e+00 -1.741210118621199143e+01 5.112697099426202385e+01 -1.073283547205635813e+01 -2.021835282822662094e+01 -1.546299068904681384e+01 1.257974966440946041e+01 -1.060548529498930970e+00 7.743649509548250535e+03
-4.108180164312229721e+01 2.507198241947880391e+01 -1.163155241338447432e+01 1.538249357201946843e+01 -3.586433366782699039e+01 8.449147829276625998e+00 -3.692634049173327071e+01 5.269969770412976118e+01 -1.924420269033207731e+01 -2.316742524660301683e+01 -1.001561820785792278e+01 -8.398703030493561705e-01 -9.699128145636054299e+00 9.288844144162821976e+03
-4.196558846012056421e+01 2.938015725430263458e+01 -2.017254406033211467e+01 1.745820231858267491e+01 -3.553889527588265196e+01 1.699495543989230839e+01 -3.599089784281632376e+01 4.973404047527273519e+01 -2.209723889695368015e+01 -2.610079689858781649e+01 -9.053419053060220989e+00 3.253426472390743562e+00 -1.174324330338813738e+01 1.005667822377106131e+04
-4.294473419356363308e+01 2.336389444583064190e+01 -1.255892890033326204e+01 5.143101736562393000e+00 -9.715529639367643355e+00 1.970837175919948692e+01 2.925839101782283347e+00 3.084804540383374416e+01 1.316692482921582297e+01 -2.406962022696876602e+01 -2.925178489722546904e-01 -9.514029553582137311e+00 -1.816663659509877959e+01 5.190617360032263605e+03
-4.360788771368594041e+01 2.565541431236289682e+01 -1.132711684364363514e+01 -5.408288957750094994e+00 -1.385999565675946243e+01 1.595231006507925819e+01 3.028744204616995450e+00 1.914967731629004888e+01 -7.761143823802694186e+00 -2.990349191500881432e+01 -4.157646404614181890e+00 -2.126013689836550213e+01 -2.587794392000192545e+01 5.633262036875923513e+03
-4.228064292822610071e+01 3.097030173569077149e+01 -1.520827497239629089e+01 4.739610739835882769e-01 -1.641793853461864217e+01 1.943124310382414421e+01 4.812908638906605141e+00 1.177801925945317940e+01 -3.170158197266166766e+00 -2.274729393707879410e+01 1.109503395171137718e+00 -2.278935249287173548e+01 -2.139383575774030177e+01 5.293107442001472918e+03
-4.021472652130248804e+01 2.427788731373462738e+01 -1.463156430092631233e+01 5.067046309518834946e+00 -7.024632766260609174e+00 1.769923546436017858e+01 1.598799333534272549e+01 1.805584273197647960e+01 6.164635525498946222e+00 -2.467960961962165101e+01 -1.061278956565647924e+01 -2.299808694724807623e+01 -2.529047044283598211e+01 5.318872525930229131e+03
-3.603709743760830264e+01 2.421669783802505549e+01 -2.494784065006069795e+01 1.329833026491445125e+01 -2.168455764573175415e+01 8.522136767035618732e+00 -6.413362175740410898e+00 2.623902657958290874e+01 -3.165949172271497414e+00 -2.298049929500674438e+01 -3.127890473564845841e+00 -1.373978147085522039e+01 -8.104077113368015617e+00 4.759193713999943611e+03
-3.318257645045322590e+01 2.301768390055508817e+01 -3.027699777485488397e+01 1.138059047610495966e+01 -3.198003344202554388e+01 2.324277229904746722e+00 -2.502289652847224133e+01 2.608650368123572250e+01 3.067425184263595561e+00 -1.120224375998568167e+00 -8.755118143382489393e+00 -1.822445688840946687e+01 -2.522043497563871473e+00 5.437695040359023551e+03
-3.380612747447136002e+01 1.570101576573790858e+01 -1.394046199302894529e+01 -5.594827534135152547e+00 -2.067742786967559709e+01 -1.419632823472600869e+01 -1.772199051202304432e+01 1.388851614473156815e+01 -9.668168980344047370e-01 -9.600254392765908307e+00 -1.330356902503933725e+01 -1.785706649809071678e+01 -1.117420383735889011e+01 3.464888537116591124e+03
-3.529981488703516845e+01 1.935011170160530369e+01 -1.361646583197371108e+01 -4.880234100634034178e+00 -2.275389529498675856e+01 -6.406496340359034924e+00 -2.615643538555770675e+01 1.600304245174800855e+01 1.588780288045474798e+01 -5.084888467732463502e-01 -1.355506443278630968e+01 -7.351346876198084246e+00 -9.830857913203441711e+00 3.915876688055659088e+03
-3.752391991559165518e+01 1.886302823899707803e+01 -8.836720002737092017e+00 -3.436315850140499784e+00 -2.291449165980819558e+01 -1.418088411586105835e+01 -3.095960497386709775e+01 1.284875905313004374e+01 4.760679350193727899e+00 -4.647746065966300577e+00 -1.336412113204953833e+01 -1.630062385630468924e+01 -1.642297351351828993e+01 4.461803181015437076e+03
-4.387494073585651932e+01 2.802668756280990792e+01 -2.763904261295893949e+00 3.104413714719616912e+00 -3.632183777342588371e+01 -6.896340238744111950e+00 -2.282403499041357975e+01 2.071390689309218658e+01 -6.856527477877722099e+00 -2.090214040697366116e+01 -4.755132591014828769e+00 -3.057383717377227583e+01 -3.976462508673970664e+00 6.501714613760032080e+03
-4.822000541700160881e+01 2.128666950391093593e+01 -4.185375767629875732e+00 -6.671252697797506848e+00 -9.159997754409523907e+00 -1.101149045363646745e-01 -5.366390959710732211e+00 1.418023340372196373e+01 4.806422480992746493e+00 -5.089096244001418690e+00 -3.964224792931751729e-02 -2.454533802700672673e+00 -7.966571920009789309e+00 3.272602232827627176e+03
-5.823020170360116055e+01 2.665024391046688734e+01 -1.707874274763905831e+01 -4.104262789959735258e+00 -2.615461475070116748e+01 3.177479060859120352e+00 -2.662193449448934146e+01 1.132695201436702348e+01 -1.298362544481817338e+01 -2.057966235625244167e+01 1.414118766566527441e+01 3.779392839911971613e+00 3.349139364816892783e+00 6.758278567630573889e+03
-6.309794102678846883e+01 1.934859945881786203e+01 -1.289765728594491989e+01 -1.244880842559902234e+01 -2.051430734108801701e+01 -1.911705378966279056e+01 -1.346564855443278574e+01 1.976626262841148929e+01 8.014048052925044630e+00 -1.959771144234253271e+01 2.425036796625332336e+00 7.346165732746293031e+00 1.686877415822931603e+00 6.546356007914998372e+03
-6.420684715251458385e+01 1.952879819214840396e+01 -7.853179110698428111e+00 -9.918718678187982363e+00 -1.768298875486939892e+01 -2.606139764289779848e+01 -5.105632451417401185e+00 2.192580939686207131e+01 1.312775996049811411e+01 -1.256899016346345199e+01 2.917157792536052008e-01 6.672587835723279071e+00 -1.385618562551206523e+01 6.729559723219997068e+03
-7.028481571902666758e+01 2.629320886802249291e+01 -7.194801786388274500e+00 -2.212405014537820680e+00 -9.218851217697286771e+00 -2.729756767435700127e+01 -4.781498967312334258e+00 2.260264749379473415e+01 2.601881428082500136e+01 -1.840729164978757737e+01 -1.879269251093540261e+00 2.099346390707709276e+01 -1.342287483305354456e+01 8.692072717722134257e+03
-7.159021565091113359e+01 2.048380620511644423e+01 -1.271234248635954600e+01 -1.307719466283729304e+01 -1.579047835378877629e+01 -3.049786551604548990e+01 -1.273339792083377908e+01 2.369748094500230551e-02 7.798857455386364101e+00 -2.247639286717893725e+01 -4.725201396489729255e+00 1.874608330885185836e+01 -1.566435886808794820e+01 8.404086677527391657e+03
-7.101085827311447929e+01 2.307109361797345670e+01 -5.896945279355819025e+00 -4.814243961740824140e+00 -6.073790221072055573e+00 -1.977133882336434922e+01 -4.132698436731181424e+00 7.138048967800197708e+00 1.045621502967752825e+01 -7.158357480806504469e+00 -2.365383513608898536e+00 4.289626856457994464e+00 -1.456652140345344115e+01 6.525349966019299245e+03
-4.936578756143683933e+01 1.477540610544502364e+01 -4.051518525700439710e+01 -5.183581620743870744e+00 -3.176604946246652972e+01 -1.808731348006157535e+00 -1.459563358928512677e+01 1.708720564184297785e+01 -9.802800160288551723e+00 -1.824978276945920896e+01 2.712990418116437041e+01 -1.021633471177766417e+01 1.117230728002009421e+01 7.235376993926890464e+03
-4.640236534818820502e+01 2.248976936808483629e+01 -5.531694013218066530e+00 -7.347477831009694427e+00 -2.141532560820365916e+01 -2.024464267610420976e+01 -1.273085369123120358e+01 1.128525994683567291e+01 1.040505962408110552e+00 -1.999594157517691428e+00 -8.525061620462593970e-01 -7.781811616420190703e+00 -3.557135464672325664e+00 3.980465361989541634e+03
-3.822687338968508897e+01 2.560675903791677754e+01 -1.175533712827612121e+01 -6.897191500148280419e+00 -2.723494013658161350e+01 -1.785963882241883960e+00 -2.447081696052210731e+01 9.509901726600595850e+00 -1.618642730438996225e+01 4.755997621125236385e+00 2.279987608650417205e-02 -6.292167479671552321e+00 -6.305843600902815815e+00 4.100925401161008267e+03
-3.518636304772041967e+01 1.658752900177046996e+01 -9.383438088743211836e+00 -1.546565866721607563e+01 -2.279983330677580255e+01 -1.047302686024540286e+01 -2.340669259769945398e+01 5.657138566483451037e+00 -4.164815054379321424e+00 1.156838340838378443e+01 1.734731186410239490e+00 -4.068710012996292313e+00 -4.701646318509019373e+00 3.242697287526315904e+03
-3.557130515376073987e+01 2.274695216816328625e+01 -2.764588061581670075e+01 1.265221982169675019e-01 -3.825231749039165408e+01 1.740083201652949052e+00 -3.933622979903604033e+01 2.443657017853091773e+01 -4.552780450228881559e-01 3.611778168175329995e+01 2.903545121978634125e+00 -2.072075698674657129e+00 -5.097771763852992244e+00 7.501217706642355552e+03
-3.722720719474796880e+01 1.598613383653888498e+01 -1.928968459743234476e+01 -1.738583128407275424e+01 -2.834692517187550109e+01 -2.234627656025315545e+01 -2.045038660995288637e+01 1.569464916174118230e+01 1.503457973317779128e+01 2.181095998702226879e+01 -7.211482770346576920e+00 -8.912877449478438407e+00 -1.685120746507957890e+01 5.400389683997348584e+03
-4.685715464484788129e+01 2.160770869846291831e+01 -1.404671610945163351e+01 -1.938939623013993696e+01 -4.372441770613216505e+01 -2.263823550219859726e+01 -3.225580501602411942e+01 1.743870776106314935e+01 9.253413617536917712e+00 1.501349672415906511e+01 -8.628490802749499977e+00 -1.088755120421159361e+01 -3.371730246029200018e+00 7.519993769311574397e+03
-4.538560116998478122e+01 2.027541491018190101e+01 -8.739318398609924543e+00 -1.941464936493228777e+01 -3.698361401787178693e+01 -3.012502093980027951e+01 -2.234128146925794312e+01 1.074799833956705619e+01 1.455640716370426802e+01 2.453058776349601011e+00 -2.898347662252786505e-01 -7.351385175078426037e+00 1.866667900798265833e+00 6.089724261930484317e+03
-4.278701680242064498e+01 2.154609793045041499e+01 -1.510004467215579282e+01 -9.403253171486543494e+00 -3.135650666974018463e+01 -1.992492771341155589e+01 -3.744126676084195537e+01 6.372863283657990152e+00 1.826832746190993362e+01 1.414318330307679084e+01 4.418465694221860751e+00 -9.001483745719326635e+00 -5.779428737207337186e-01 6.068735749070970996e+03
-4.100515552101347083e+01 1.808068185865098698e+01 -2.568424602242766852e+01 -6.781187342363812931e+00 -4.380364734989154130e+01 -1.677801472975767538e+01 -3.995455537329257822e+01 -5.486979485073666396e+00 -6.608896195707296695e-01 2.567045368279281448e+01 -2.701214614359010113e+00 -3.216470868341468758e+01 -1.855106528063264193e+01 8.586149605159545899e+03
-4.180749894314029547e+01 1.978554053207963648e+01 -2.493006995017127281e+01 -3.710998223091934722e+00 -4.088958584847851085e+01 -1.322573832148926520e+01 -4.573125245179006981e+01 1.178137317224626379e+01 1.280052363265703763e-01 2.597250196606150752e+01 -1.447458508579898995e+00 -2.137102275388705408e+01 -2.779147066465606386e+01 8.757409902304403658e+03
-3.934509468404861110e+01 1.875745437006419181e+01 -1.872235184242719441e+01 -8.620264873474189571e+00 -2.982157389211046095e+01 -2.781343469629394249e+01 -3.135581702052134290e+01 -2.712040444367374570e-01 -4.964160803044996295e-01 2.407859410564027769e+01 1.705959176288310619e+00 -1.617912588475567759e+01 -1.899681416848489590e+01 6.176466709494868155e+03
-3.873401787073771629e+01 1.994307809196970993e+01 -8.689003605694928467e+00 -7.870474085457807023e-01 -2.413137344833135245e+01 -2.611364357279234127e+01 -2.797512314811859113e+01 1.490080938220079609e+01 1.670722385108392061e+01 2.276924058359857739e+01 2.388237551387724977e+00 -8.754080164474711268e+00 -4.951151311282536049e+00 5.147477075022006829e+03
-4.220699240426124987e+01 2.090607689072031050e+01 -1.176279156612057442e+01 -3.461437228985428494e+00 -4.265885692406124718e+01 -2.143139327507436676e+01 -4.364421208024581489e+01 1.389898922770432321e+01 -3.139561212247109490e-01 1.677962417559087527e+01 -1.238664267254031159e+01 -1.737745682773696387e+01 1.369471070818961245e+00 7.484855642759022885e+03
-4.736572353039537830e+01 2.484898854224630682e+01 -1.212164397129948057e+01 -6.619025505945551835e+00 -4.436377273407381949e+01 -3.637607908491092701e+01 -6.220487475715253112e+01 2.793587113573178726e+01 -6.064380136534668786e+00 -1.690384708896488952e+00 -3.772004268492823087e+01 -2.033389953297817243e+01 -6.104251876149869860e-01 1.286922836498752804e+04
-5.016697233236266840e+01 3.258515764577591511e+01 -5.399451327689512858e+00 -8.259683211189152274e+00 -3.408416835117039057e+01 -2.867712083676089563e+01 -3.629318578766295644e+01 1.852050032031339910e+01 1.903066288283167751e+01 -4.248498056815675383e+00 -3.015275713621859754e+00 -2.170972753242111963e+01 9.938658685655967773e+00 8.279603070724899226e+03
-4.561254643762169536e+01 2.449621185438318705e+01 5.823052431694680786e-01 -1.412611991655565902e+01 -2.688705264196451239e+01 -1.738957660376622627e+01 -2.026639838331658083e+01 4.531601835559397884e+00 5.983393617643978146e+00 -7.496024106682518173e+00 -5.789387157767527547e+00 -2.032594966297026318e+01 -6.581005515259059635e-01 4.876114130181190376e+03
-4.992447564455149234e+01 3.090628159521189033e+01 2.645131146146924461e+00 -1.353499870878976097e+01 -2.399875575451244103e+01 -1.907831848465957947e+01 -2.635930443644359045e+01 2.555101588672491530e+01 2.044105847395642783e+01 -3.653530150616318473e+00 -1.234875023801912342e+01 -2.336345911086204552e+01 2.614014602831371992e+00 7.061795356943720435e+03
-5.314751381739773706e+01 2.509101458650527405e+01 -2.971803999186839018e+00 -1.748796499149728589e+01 -3.467902666820322821e+01 -2.132955483322021806e+01 -2.450189125898371501e+01 2.247672858470162538e+01 1.514081506959247214e+01 -1.561248375188880821e+01 -6.355097381387214028e+00 -3.238672886008819773e+01 -1.355032551110163119e+01 8.277901299994011424e+03
-5.767973639723157220e+01 2.611503080875206706e+01 3.535140246632036298e+00 -6.581611365577845874e+00 -2.293702220573134554e+01 -1.702983139420768177e+00 -2.194045731268036548e+01 3.636812840143885950e+01 1.243582209042588893e+01 -1.503800583523622691e+01 7.895579519585120831e-01 -1.286525772232395859e+01 1.040400248426350238e+01 7.052966035758709040e+03
-6.150016876359389073e+01 2.980951120215095784e+01 2.777876154335473746e+00 2.019656309316170351e+00 -3.431551609228946376e+01 -7.317997337535914193e-01 -2.908464087935127651e+01 5.069493523568748827e+01 6.599101260893118770e+00 -2.409645904599041089e+01 -5.993470219461777937e+00 -3.722678799004621197e+01 1.675777400639653436e+01 1.160342218774365756e+04
-6.012111528167553587e+01 2.674087248503308700e+01 -7.269006648668909776e-01 2.855121829777021336e+00 -3.106245351031106949e+01 4.758365262748817770e+00 -1.585398498554480895e+01 4.109347139478400379e+01 7.241862091600799189e+00 -1.350450920503846497e+01 -3.390999900085855057e+00 -2.888495416013291361e+01 2.060652240559382165e+01 8.771127716692890317e+03
-5.852403596304522182e+01 2.922382883480253213e+01 -4.782491695321610670e-01 -1.044855888366895158e+01 -2.340895881540509293e+01 -1.084438456577777599e+00 -1.707419827129682588e+01 4.344351151814435497e+01 3.731049337740666605e+00 -2.299953206950278073e+01 -4.817406593054087693e+00 -2.127635786743871193e+01 7.660754761107451571e+00 8.193995539878129421e+03
-4.901815290876692899e+01 2.289384146989235447e+01 -8.604799058119599664e+00 -1.787659532708685362e+01 -2.099675184988485199e+01 -1.205216706766230317e+01 -7.241677527361471078e+00 2.070167895430361327e+01 -8.453871219826021743e+00 -3.163178109991488540e+01 -6.663566729645872933e+00 -9.501197265934493430e+00 -1.604231673225734012e+00 5.596929187827056012e+03
-4.649902450778073160e+01 2.708491247159292925e+01 -1.011113230386598438e+01 -6.388782255086774775e+00 -3.112264956014725570e+01 2.873309593384644423e+00 -3.854396715813046104e+00 2.110200629680939599e+01 -1.565874355484123015e+01 -4.256780973813830826e+01 1.224922849752438658e+01 -8.600264714772659858e+00 8.901406578232938571e+00 6.836287433033221532e+03
-4.093936253985852858e+01 1.683962226815827279e+01 -1.851685118512362749e+01 -2.152213830803125560e+01 -2.918914515618687489e+01 -1.337337972445509005e+00 -5.316383310501345605e+00 1.164492279341023462e+01 -2.358238506634713971e+01 -3.051717025921938031e+01 1.307856946310330115e-01 -8.138207528279544078e-01 2.240702880477153869e+01 5.773524239657591352e+03
-3.990076037654453245e+01 1.613834346098654393e+01 -2.313538168472278045e+01 -1.336345984822480837e+01 -3.273080308799045213e+01 -4.223660160455164347e-01 -1.876873926775478907e+01 2.406079160918915250e+01 -1.677562128160688104e+01 -4.260883970874350979e+01 1.151685502991423427e+01 1.626072609311168549e+01 2.769642570933374159e+01 7.830091734139426080e+03
-4.183932582320360183e+01 2.468073288149174260e+01 -1.886722167754876978e+01 -1.069347067291013076e+01 -3.230818144785289547e+01 1.524517285961686497e+01 -2.633546166398229715e+01 1.906483453559425811e+01 -1.494692105549898642e+01 -4.889221304365529619e+01 8.836539898755493283e+00 8.042460330586603590e+00 1.348813995494244011e+01 8.101802941022516279e+03
-3.969977344505392125e+01 1.654427614231935451e+01 -1.591353706267029189e+01 -2.615487122626555561e+01 -3.772234956276826523e+01 8.596186567381862709e-01 -9.636425248632388474e+00 3.090137699538237470e+00 -3.220831686409604799e+01 -4.401419830768808339e+01 1.055122125903820418e+01 2.474128694728962241e+00 -1.244817290524714570e+00 7.406851759543280423e+03
-4.052650749267156982e+01 1.249657880154177114e+01 -1.619661540847018344e+01 -2.642228809684392132e+01 -1.986930232985355360e+01 7.376868246010285013e+00 3.897469492513721434e+00 -6.034142419838432581e+00 -2.753659188213428521e+01 -2.239819839087466136e+01 1.094631282593859778e+00 1.314615508110326481e+01 1.887086763593493544e+01 5.049910893675739317e+03
-5.880262769728563654e+01 2.701523361420168357e+01 -1.118204772856864437e+01 -1.573100198607851929e+01 -2.459506937641692303e+01 1.495559675008396994e+01 1.218102619609694948e+01 1.695957479088867181e+00 -1.765677482773739015e+01 -3.268569256744149953e+01 -3.971266230992227975e+00 3.758979989971583446e+00 9.334623112109094123e+00 7.037067739586498647e+03
-4.390982223995231237e+01 2.032059057784291056e+01 -1.283504114366959037e+01 -2.148113039818711556e+01 -2.342784675851475740e+01 1.252974603520602770e+01 5.654667993173909807e-03 -1.857630440076527734e+01 -2.470564663365597013e+01 -1.831079364611333204e+01 9.647278136840037988e+00 8.698671875957749933e+00 1.343110377206216910e+01 5.312899347461166144e+03
-4.352924934205856289e+01 2.805529793764896951e+01 -8.930191255165691899e+00 -1.492717466498090140e+01 -4.626576764964798372e+01 4.492027262515438224e+01 -2.184360053430743775e+01 9.671698506292770503e+00 -1.621268765581122295e+01 -2.978269609198209267e+01 1.117062601909752928e+01 -1.587124985976382163e+01 3.678325476333504440e+01 1.059304845150073197e+04
-3.702919120736110870e+01 1.451009362997705665e+01 -1.387968462255316382e+01 -2.562873581160847536e+01 -3.138016959754296309e+01 6.458864986846774014e-01 -6.555641835271487139e+00 2.923505767664473787e+00 -1.584671993304349336e+01 -1.512818040637803740e+01 -6.155591319639839437e-02 1.277063559347607846e+00 2.352577172366997971e+01 4.502914093033975405e+03
-3.864592995879611692e+01 1.563473468131015309e+01 -1.842803931722970390e+01 -2.753344939176062667e+01 -3.226195972359892039e+01 -2.012445945803066127e+00 -1.458665339095818148e+01 5.816215839404649479e+00 -1.622745220601513338e+01 -2.233056074176814931e+01 -1.443648548605358783e+01 -1.068354004928840872e+01 1.609659976107340640e+01 5.470753920333812857e+03
-4.089896551887051146e+01 1.830835871075835897e+01 -1.467103681428041284e+01 -2.125896606711889802e+01 -3.544576035518884538e+01 5.670586773876325815e+00 -1.407094614885614803e+01 2.860550113648438142e+01 -9.412404960466533410e+00 -1.434752753679360993e+01 -1.137694886428742436e+01 6.583896286688940336e+00 2.466040262809810457e+01 6.055291068068661843e+03
-4.330207651313580897e+01 2.358073128443491484e+01 -7.294350561740172267e+00 -8.732295727138662755e+00 -3.686486861267403725e+01 1.781433497213777883e+01 -2.718454686528303199e+01 4.407850042896022558e+01 -2.466997793178787290e+01 -1.888763447193726108e+01 -2.514403740643249918e+01 9.358054076184828318e+00 1.048239637418709869e+01 8.713891087742686068e+03
-4.450347072454137276e+01 2.020992357201387790e+01 -8.165707131231675575e+00 -2.245240493129517745e+01 -1.454592399473607500e+01 3.843002773017646589e+00 -1.462323770570315951e+01 2.140342837161001555e+01 -1.195525636278958004e+01 -3.414258922568313892e+01 -1.821717955110186793e+01 -2.874668645648696064e+00 9.006020606831965480e+00 5.587969891222645856e+03
-5.417368026608178155e+01 2.099409192558762172e+01 -6.640670096683430224e+00 -3.551294646284799850e+00 -1.168657475552022262e+01 7.623112453063015659e-01 -9.870007831637005680e+00 3.834168157036473445e+01 2.817415032436169309e+00 -2.557088724020183790e+01 4.561034666554077965e+00 -2.309609360049821980e+00 4.728313771987812331e+00 5.847210856008325209e+03
-6.664730845692416494e+01 3.303085771465413245e+01 -2.173071504744677807e+00 -7.583743217282502336e+00 -1.105902301651951269e+01 1.065766084153696092e+01 -1.019882654461154559e+01 2.607281217601912715e+01 -3.309750681582253495e+00 -4.051706189030561944e+01 -1.621435242037107827e+01 -1.655843808464426914e+00 6.684053975368234646e+00 8.577742383687465917e+03
-6.850902614844238769e+01 3.457070887197628650e+01 -7.018058637045108128e+00 -3.521382964571692753e+00 6.721185987269329587e+00 -1.172193080166655221e+01 -2.554583666720148472e+00 1.069992478661751401e+00 2.537987374018387587e+00 -3.126953006679664071e+01 -2.162901190103718108e+01 4.122121371630989906e+00 -1.117655004950559849e+01 7.734468847080018350e+03
-7.159420853726510359e+01 3.403872345054499249e+01 -5.910336503062744384e+00 -1.123996022163593400e+00 7.650252835901142134e+00 -1.484450891711494691e+01 1.218184482331814955e+01 7.897808777711833983e+00 1.050984605965172847e+01 -4.182097127916946988e+01 -1.852720346548538188e+01 1.501147018161739055e+01 -1.259488489174220582e+01 9.396902508721594131e+03
-7.116720793245681875e+01 2.451324749030366235e+01 3.073361764908634441e+00 1.800237153474194995e+00 -5.197091339484436467e+00 6.946989139816825976e-01 -6.287763457245835852e+00 2.127491516737419275e+01 -1.997505260655609760e+01 -4.086146148371472719e+01 -2.255252267792330301e+01 -7.882262482839569984e+00 7.120248771304291679e+00 8.888113588186120978e+03
-6.346076368994147288e+01 1.892370677802110635e+01 -2.697420391950936747e+00 1.720412156061501818e+01 -4.524194098846062495e+00 2.088068663054591667e+01 -2.310344104031819512e+01 1.633575554659803686e+01 -8.264245495535250896e+00 -3.241002917989383292e+01 -6.676824081969726876e+00 -8.311940368771264076e+00 4.539596127029253303e+00 7.198714395927371697e+03
-4.015327139813544477e+01 1.038016958669454048e+01 -2.373726518391377027e+01 -1.045640984687529240e+01 -2.139682424402827721e+01 -1.775955604444730085e+01 -2.371474104313090336e+01 4.662593094109926284e+00 -3.649585244613902546e+01 -6.732195262719316986e+01 -3.267928786539415142e+01 -2.072974573088953321e+01 -1.686429866507191733e+01 1.139643735987760556e+04
-3.947049262975006911e+01 2.420507932852127908e+01 -1.448478422734309667e+01 -6.288266420153268976e-01 -2.349339697036242214e+01 -1.316268654325738474e+00 -2.159685133584843086e+01 3.271119592223817563e+01 -1.078280039467543716e+01 -4.777430535737446604e+01 -1.790811235168807869e+01 -2.888652623409217579e+00 1.242098232077454512e+01 7.326107281980219341e+03
-3.976745542290547064e+01 2.476709703085360559e+01 -1.202319482374795889e+01 -2.243243714463885041e+00 -1.278360991977573669e+01 7.644232849668017415e+00 -2.250308563961062092e+01 3.934035070326386574e+01 -4.322889685180119068e-01 -3.626423403834587589e+01 3.628499197198235549e-01 -8.509468811708362779e+00 1.699209536602589665e+01 6.296911566071171364e+03
-3.683014228499795450e+01 1.895972663119697188e+01 -3.832298005887297077e+00 -7.080432886799972181e+00 -2.166930431585638672e+01 7.347600883962503993e+00 -2.357560310662334402e+01 1.389172382302257880e+01 -8.514636541544547299e+00 -2.053532184057904786e+01 -7.565569468889638216e+00 -1.843737571454952473e+01 1.066079153085514264e+01 4.058110312655857342e+03
-4.076523895584988111e+01 2.129301371110054575e+01 -1.295264988251676996e+01 -1.053567182825070425e+01 -3.797201329925775326e+01 -4.099975246316157618e-01 -3.442759023012455799e+01 8.510243231866388314e+00 -1.708759002820646344e+01 -4.005381060736236520e+01 -8.294950175792326519e+00 -2.424768805635610747e+01 1.374560572773376776e+01 7.835685489230474559e+03
-4.048364674882381564e+01 1.702120769231481390e+01 -3.661274619117133255e+00 -1.164090049751976963e+01 -2.125110528983585922e+01 -9.153863385196785885e+00 -1.457159759083864792e+01 5.559332980097612342e+00 -1.320554385710967082e+01 -2.512562880877419502e+01 -8.846661301213272210e+00 -1.199576053180898860e+01 4.141717290855969402e+00 3.901202112696306813e+03
-4.936505704880379142e+01 2.465174381836668260e+01 -2.560284546415088069e+00 6.688803287266387620e+00 -3.542963164223533568e+01 5.159528711849749705e+00 -2.935406857382139378e+01 3.229786389536743485e+01 -1.542646154328435948e+01 -4.902614406612519815e+01 -5.377878644980878420e+00 -2.423183869325228557e+01 6.852405606842974173e+00 9.587202931481091582e+03
-4.940654763564981522e+01 1.484720938646580812e+01 -6.629504013842569821e-01 1.731003458034716758e+01 -2.690613317540973881e+01 2.921219470132403728e+01 -3.050948374111487027e+01 2.739250607484975930e+01 -2.276085604984157129e+01 -1.907900977233207485e+01 -7.235017224197051178e-01 -3.608192533102126731e+01 9.677338426101121271e+00 8.498138536541169742e+03
-4.977559096016863549e+01 1.612898799764309743e+01 -6.624032169689677563e-01 1.311346695360717085e+01 -2.995095278536763317e+01 3.879027637513387816e+01 -2.689247229890351676e+01 5.024782910001800929e+01 -3.675351430109432727e+01 -1.442857404100184127e+01 1.450936613200074277e+01 -4.805214131343326756e+01 1.459435648286389764e+01 1.285147980629477570e+04
-4.770086649447472382e+01 1.080724427811187383e+01 -9.647137097033116504e+00 1.061479841187824569e+01 -2.482958508854951063e+01 2.734320760154990637e+01 -1.249973030094056803e+01 4.803979760638124219e+01 -3.239106097634040538e+01 -8.041516306220396260e+00 -6.030434783752983030e+00 -2.069257626508368730e+01 -2.195288731357089684e+00 8.009350066431186860e+03
-4.689631677340902627e+01 1.625600534294053290e+01 -4.089819017897096565e+00 -9.983683183107523451e-01 -2.469046243047784728e+01 1.148910577114715359e+01 -8.984079548665883763e+00 2.609861094055114350e+01 -3.144825275770831752e+01 -3.374585469899046331e+01 6.538866709288471135e+00 -1.679413427264812952e+01 5.562123972532416083e+00 6.468227518107732976e+03
-4.541096888280264210e+01 2.836416387918961490e+01 -8.506146620058448349e+00 -3.894701908547037128e+00 -2.996693138819357927e+01 1.554810684025547296e+01 -2.353353575585747492e+01 2.583235319898541960e+01 -3.579503882812487348e+01 -5.380548879582560318e+01 8.560446307954224565e+00 -1.332959466734440568e+01 1.340108850151172604e+01 9.921967438105917608e+03
-4.242525676409725577e+01 2.133411735690970445e+01 -8.486815662274711514e+00 -5.083991666104260787e+00 -2.250307274026094717e+01 -1.284196981481382727e+00 -2.464989786908181557e+01 1.182464830464466843e+01 -3.436462135490560854e+01 -5.992069992149713897e+01 7.637459946595041238e+00 -1.321838745691114525e+01 4.090327012490419634e+00 8.629602019783967989e+03
-4.256663076226176656e+01 2.234119338247769093e+01 -5.009915089936242794e+00 4.277419417889147368e+00 -1.260961002995847480e+01 1.764590908153939353e+01 -1.261809603144562608e+01 1.591145725513628939e+01 -3.082139198508252775e+01 -4.837433857255953740e+01 1.603241134606291141e+01 -1.877181820205781548e+01 3.765544741524881611e-01 7.136809735834509411e+03
-4.524410004027242849e+01 2.498749262344966127e+01 -1.235219471443460293e+01 2.082278395472273047e+01 -1.585741516206294044e+01 2.216039531520227968e+01 -1.064609461755784281e+01 2.187172330080123217e+01 -3.011262534950181191e+01 -3.867161082070767719e+01 2.525042230591639836e+01 -9.553522268524480054e+00 3.111684849579675838e+00 7.732620654723516054e+03
-5.230462094885231039e+01 1.052772345604024551e+01 -7.183251224282352965e+00 1.789023780889275983e+01 -2.187570551939684194e+01 1.783748891727441688e+01 -1.445956586038747815e+01 2.748850070751340624e+01 -3.945206173321044218e+01 -2.014805160238420711e+01 1.585245605532512769e+01 -3.911555351771430544e+00 1.566122151317966171e+01 7.453968905557228027e+03
-6.571951755754854219e+01 1.585356727885844208e+01 -9.531878071271675523e-01 1.788377610566524112e+01 -1.798212713618730518e+01 7.907419800276790589e+00 -1.990774329474056970e+01 8.824935804366438319e+00 -2.703462734686556956e+01 -3.068080855896890213e+01 9.631538721967853434e+00 -2.126647695926409121e+00 2.943034858230714423e+00 7.529344229903837913e+03
-7.257453237665151846e+01 1.640451100468162693e+01 -1.865591227765401650e+00 -3.770294458229350720e-02 -1.824360071273368078e+01 3.438906684494631438e-01 -3.360094689571262894e+00 6.113856222549529207e+00 -8.740584646330882279e+00 -2.744503169197770376e+01 4.552788810907958172e+00 -4.969477126041834669e-01 -2.574882024506912170e+00 6.778501730083156872e+03
-7.492045731401024966e+01 1.999204140799136198e+01 -2.646237567209347663e+00 3.946613632458657150e+00 -3.496635975743843439e+00 -3.197159430045038775e+00 4.279166817127033617e-01 -6.493203311978256842e+00 1.259503764670799386e+00 -2.806115218995333649e+01 -3.480087200953057458e+00 -2.681719267595109812e+00 -2.108471985273995486e+01 7.353010718116354838e+03
-7.814429167426223444e+01 2.046408120044393542e+01 -8.869441897859969615e+00 -2.781294435307344770e+00 1.456763608697400736e+00 -1.692297244657599720e+01 3.195695680346998913e+00 -1.132090623760300474e+01 -8.330309258773796799e+00 -4.066116709296472465e+01 -1.516958651297510308e+01 -6.822432483480746157e+00 -3.010360272844850016e+01 9.944209483434453432e+03
-5.368095683611964830e+01 -3.999859832668791526e+00 -3.298483083789178494e+01 7.334495712145293389e+00 -2.534358590606595030e+01 -6.592173723643751870e+00 -1.053812120472136904e+01 3.967780926037730893e+01 -3.253517666513192097e+01 -1.386330446380726400e+01 7.560386267137806371e+00 3.148362553536343533e+00 8.712683345821570668e+00 7.804283955136232180e+03
-4.940098791028957237e+01 6.167369885473853230e+00 -3.421750918417198051e+01 2.400683506979397208e+01 -3.995402414210039410e+01 1.585519667606615890e+01 -2.221162034197746493e+01 4.909981382503785596e+01 -3.422039295713467766e+01 -1.815129882624020397e+01 2.610030892097552169e+01 -1.833039892718945651e+01 1.943941320951404705e+01 1.187314460505848911e+04
-4.354195344217199448e+01 1.524690232863631323e+01 -1.281772621303833759e+01 6.033424600142912375e+00 -2.881936239722811877e+01 1.335103158296006853e+01 -2.787474204427945068e+01 3.015757945392073225e+01 -3.782838594748847783e+01 -2.633489143924455789e+01 1.613517955765156842e+01 -1.139054725002446844e+01 1.875341829705271834e+01 7.890645168069762803e+03
-4.195663757949765937e+01 1.378676960698520126e+01 -1.861343226438227916e+01 -2.126841342533254409e+00 -1.470951206458886418e+01 8.468622187411666502e+00 -6.374866998754512792e+00 2.386659504610107874e+01 -1.716307578381889698e+01 -3.077655806524603221e+01 1.983415703082672010e+01 -3.789543036659928532e+00 1.046580475657298415e+01 4.958813550665722687e+03
-5.420276079067217267e+01 2.233655018271316450e+01 -2.906108965393351440e+01 -1.272046467854412377e+01 -3.005082757090960399e+01 3.804794653528158221e+01 2.950921861164009563e+00 2.905373211310571335e+01 -3.780210524719127108e+01 -2.893090582501718444e+01 2.230534123903896671e+01 -1.891690510378186829e+01 1.272536513715162521e+01 1.093005260503176942e+04
-4.187752229511233537e+01 1.725763313558556078e+01 -1.084255839850140291e+01 -2.407161762974116215e+01 -2.146804957176113149e+01 -6.492409633556641690e-01 -1.408840863992007364e+00 -2.375785215493591895e+00 -2.321408884370027081e+01 -2.019014997683534673e+01 -1.115516228186438497e+01 -1.495694919193581818e+01 7.837108830193305842e+00 4.573588803583261324e+03
-4.065355742255344751e+01 1.782151023454225580e+01 -1.524366353980142996e+01 -2.148428010647736386e+01 -2.795053928587583059e+01 -8.421518470889234109e+00 -8.728526587438528495e+00 1.244672060473189035e+01 -1.389381475013148659e+01 -2.487341781911871763e+01 9.891884780601124805e-02 -1.434577367241623236e+01 7.921471401085579345e+00 4.827809896555972955e+03
-4.341229587877145235e+01 2.539132568474358820e+01 -2.097519698503843344e+01 -7.475438499062315501e+00 -3.465291532105565153e+01 -6.471869299205761372e+00 -1.551413295397385816e+01 1.920352860443486165e+01 -6.729778600629473750e+00 -2.888398633411435767e+01 8.952833682371926782e-01 -1.637416123698944048e+01 1.909931222643658089e+01 6.390634390068400535e+03
-4.712894494695348158e+01 3.083577658599848803e+01 -2.312072540381285890e+01 3.851065695218274687e+00 -4.067048649469830224e+01 -1.818869127528193630e+00 -2.854681039779387319e+01 2.213983998683806220e+01 -8.190946086673427828e+00 -1.963227475503937569e+01 -1.613140420236283568e+00 -2.603984768918736492e+01 2.011034501690298626e+01 8.221490551053386298e+03
-4.935944332370443988e+01 3.014680787451823818e+01 2.284673557899744800e+00 -1.926147462883766082e+01 -2.880990255544489287e+01 1.124388649822113173e+00 -3.397273673117413750e+01 1.734211006618780715e+01 -5.696382910966933721e+00 -1.556643657407118475e+01 -1.712976856033751005e+01 -2.627307243686274418e+01 1.832253271271382999e+01 7.601760403130918348e+03
-5.118060121529092044e+01 2.860368355728502010e+01 5.001939258201055338e+00 -1.779072819176617770e+01 -2.463869100375172749e+01 -4.543349889520648333e+00 -1.154637787669146221e+01 1.229828766353221603e+01 -5.891769155297962968e+00 -1.050306944038213075e+01 -1.331762421640558713e+01 -1.506325333254782706e+01 7.768364564107871573e+00 5.301063519042876578e+03
-5.796829171544345627e+01 3.780089862346601848e+01 -1.487063511152985740e+00 -3.482843749093376573e+00 -2.789362575492529572e+01 7.888745202807084800e-01 -3.127799697558766567e+01 3.212982797790033374e+01 -2.490152790055961685e+00 -1.605371264724496072e+01 -3.716600114209985595e+00 -3.460287159267052459e+01 2.187578426306225410e+01 9.546532287743995767e+03
-5.490227020721847140e+01 2.828809392944775780e+01 1.858017204794691235e+00 -1.021101683749264843e+01 -2.362833405931392505e+01 -3.512299895163909280e+00 -8.296909979114094114e+00 2.153992510967787766e+01 -4.475203506061244951e+00 -2.364555902273548682e+01 -1.467285550217612489e+01 -2.336763329307542136e+01 1.047095459628277858e+01 6.475753907143851393e+03
-5.174528065668952337e+01 2.324832775700268428e+01 5.182703655118874320e-01 -1.262712892750501581e+01 -2.251397389272231564e+01 -1.192449855893365651e+01 -6.980083728234547813e+00 2.153626277506814901e+01 -8.621439199924738617e+00 -1.822462163138150615e+01 -1.822826967352663985e+01 -2.685791858935246168e+01 1.569761931101205654e+00 6.001924478602781164e+03
-5.184636877942298838e+01 2.871891447468794212e+01 1.866034615879441638e+00 -1.570413857549091574e+01 -2.458630064085593858e+01 3.263633562456844217e+00 7.386234510059206393e-01 2.201668274330972963e+01 -5.726798638928376484e+00 -1.998142938696286208e+01 -8.454396752842807672e+00 -1.801629156447933866e+01 1.008504285392280231e+01 5.793166843210008665e+03
-4.830503508078233921e+01 2.753326223708492293e+01 -3.839939335748506988e+00 -2.459489945131616651e+01 -2.481896500594926991e+01 -1.854119264768764763e+00 -7.146058221135355382e+00 1.427060757931782753e+01 -1.455270474120051816e+01 -2.965264479561570354e+01 -1.767799425661517887e+01 -2.011689563659442470e+01 1.628846528400652360e+01 6.658821958649892622e+03
-4.164430052719301756e+01 1.801033752797819432e+01 -9.533549732547010436e+00 -2.068293893122281446e+01 -1.273780654981798577e+01 -3.197417444836020972e-01 6.068407253859121830e+00 6.399618545744248266e+00 -1.272279791778463220e+01 -2.267777282960998875e+01 -1.834475036881080356e+01 1.646410013138894568e+00 1.372549882627686557e+01 4.021208009643640708e+03
-4.597901692554427200e+01 2.442429896677054657e+01 -1.170657259751383705e+01 -2.487991345850887015e+01 -2.008565993457797560e+01 -2.281400021386663923e-01 -7.604625361085910029e+00 9.057307280166254415e+00 -1.686551381812003214e+01 -2.922188840717202396e+01 -1.807378455817156748e+01 -1.946604994161937441e+00 1.497941213200285304e+01 5.703219303568642317e+03
-4.725176856404542747e+01 3.027086175754969943e+01 -1.652551215347532221e+01 -2.287729934650382901e+01 -2.643351171106523623e+01 4.608309211409141071e+00 -4.441034780896797152e+00 2.472164469073495141e+01 -1.937360379009937361e+01 -2.594483190427005326e+01 5.372540997491898729e+00 3.416237472042335188e+00 2.612668759103578964e+01 7.067977148677345212e+03
-5.057843223695410018e+01 3.361289630886609103e+01 -1.282587064790411269e+01 -2.642522945547531066e+01 -2.933771224751561135e+01 1.887390776816221560e+01 1.148346400924103172e-01 6.485078491877547258e+00 -3.525737788808864082e+01 -3.114109146473782630e+01 -6.390916645618649028e+00 -1.183048690643989787e+01 8.606598649833438586e+00 8.277523549362183985e+03
-5.715574017429212006e+01 2.458145776856976639e+01 -1.236521387052417786e+01 -2.300315419657638571e+01 -1.196858032732511745e+01 2.079388204653391981e+01 1.525499653036972525e+01 1.498244719701906469e+01 -1.199028888792063263e+01 -1.515922186617171086e+01 -2.053734524656819715e+00 -9.718904830674258477e+00 -2.905997826621517621e+00 6.066580201901710097e+03
-4.940574440063941353e+01 2.368769386332771276e+01 -1.595342980768471897e+01 -3.279206704984805043e+01 -2.106754587277439938e+01 2.416083164902981650e+01 1.723317505559764484e+01 -1.324798544312553794e+01 -2.581247973963091624e+01 -8.441232653846130418e+00 1.192504760668696306e+01 -2.165372073689253440e+00 -2.947889175823623198e+00 6.725068886504270267e+03
-4.625045918218877006e+01 2.165656471431439911e+01 -1.091075047085007554e+01 -2.716786950245560917e+01 -2.200522189156139419e+01 8.673031264195381951e+00 -3.197937119290196417e+00 2.650560191809589572e+00 -1.268609875844432899e+01 -1.760976759380336887e+01 3.253966696868812125e+00 5.748011730398363994e+00 1.738760055432661034e+01 4.858950519454829191e+03
-4.505277985671557417e+01 2.239484725525729658e+01 -1.160327856744057584e+01 -3.163396940500642529e+01 -2.758431063504215430e+01 6.046902570654103748e+00 -8.019055778515578936e+00 -3.516821665315101875e+00 -2.273531435294337655e+01 -2.107551010544280246e+01 -7.864944506264715862e+00 -5.414653549263859666e+00 1.200475814362882332e+01 5.737120452512523116e+03
-4.785612363249704515e+01 2.699271980848774177e+01 -6.312401311757952271e+00 -2.729641770641832821e+01 -2.209697203952661937e+01 1.605848539246977325e+01 -8.367121240688584649e+00 4.922343114018141286e+00 -1.138465462368884218e+01 -1.463098228450584948e+01 8.793022663517168880e+00 5.786457105781853016e+00 1.572477579242763390e+01 5.345890538347111942e+03
-5.073065141264743971e+01 3.692460872656751292e+01 -1.622937938725005935e+01 -2.937015067427971360e+01 -3.014537218672822405e+01 3.651523207981701802e+01 -3.529679413012964062e+01 1.567219951098733510e+01 -7.346530048569830385e+00 -2.308490763664091716e+01 2.104066678051726669e+01 6.550518787233626128e+00 2.340272072679665172e+01 1.041680213649693724e+04
-4.707041616636314529e+01 2.768075597246504671e+01 -1.394490004921301463e+01 -2.149802249711645530e+01 -2.681135266566782605e+01 2.162347872707341878e+01 -2.187039548167225789e+01 5.766655403520935863e+00 -1.493410371926469615e+01 -2.779224796753230109e+01 2.017387693266267945e+01 1.488359635334423281e+00 5.870950482223350697e+00 6.775570600491154437e+03
-4.809217985788311012e+01 2.552532379801626305e+01 -9.103831163307356533e+00 -1.913108449386235321e+01 -2.166832540517847150e+01 2.130689191787712744e+01 -2.090698993663904659e+01 -4.801977594653490833e+00 -1.336442018232949991e+01 -2.407493837091708500e+01 1.139099468006855709e+01 7.190013456318865792e+00 4.018001756389413259e+00 5.752745016123997630e+03
-5.190311591190997831e+01 3.333333197431938544e+01 -1.781705742682582994e+01 -1.432458419520011539e+01 -2.427882276521809501e+01 3.820046276413492592e+01 -3.909056471482147543e+01 1.434881771756789881e+01 -1.611962492947230174e+01 -3.625046934711160418e+01 2.886650993854233604e+01 -1.321247375944666480e+01 6.257820206646252714e+00 1.073132712783358511e+04
-4.821116201111950517e+01 2.038576732185757479e+01 -1.105737464731647357e+01 -1.205689983252802477e+01 -9.576400985043038716e+00 1.523584073904562075e+01 -1.782815820607955004e+01 6.943384116333656486e+00 -2.394118422368339338e+01 -2.961682942210011404e+01 5.526210307090295260e+00 -1.001227722920018870e+01 -7.938220992955071331e+00 5.341559061541576739e+03
-4.826699953792451936e+01 1.897150660653493759e+01 -6.408385378631222373e+00 -9.448884462820865693e+00 -1.662543753918202682e+01 2.842507449489493609e+01 -1.826383469663764458e+01 1.373036126621977360e+01 -2.980376251071545113e+01 -1.069692096859392905e+01 1.930345218737683055e+01 -1.250554495604902705e+01 8.952896559915098251e+00 6.038305295619297794e+03
-5.037632572398400299e+01 1.957444040147365882e+01 -1.207446253315758788e+01 6.933941181199349657e+00 -1.232734304940036729e+01 2.600440177949793963e+01 -3.434348557487285802e+01 3.678828944633848863e+01 -3.755138577982021530e+01 -2.303347318641774422e+01 2.151594443379706689e+01 -2.503566308574609423e+01 7.306088877473722043e-01 9.506752178017366532e+03
-4.999160473476460709e+01 1.772014695645262705e+01 -1.979405577842679520e+01 9.923196381422012990e+00 -6.303457561364517403e+00 2.491354097396202505e+01 -3.770507732283842017e+01 1.983277910349910300e+01 -2.480547702603669435e+01 -1.635691702741819853e+01 2.390919371506653235e+01 -1.867073647615184129e+01 2.924767462702755783e+00 7.590529341186022975e+03
-5.166263560529315413e+01 1.635557671467347163e+01 -2.880166706860750381e+01 2.569839228344489612e+01 -7.622149469156542345e+00 3.337819894220599792e+01 -2.707880437551240504e+01 2.491660421636961686e+01 -3.585398603110058247e+01 -2.899285794618756995e+01 2.885593399345220433e+01 -1.308957015982418781e+01 1.353493597025206263e+01 1.026606673000614683e+04
-4.808070887641957825e+01 -1.694927557767550441e+00 -2.968037239700367635e+01 1.681705503129558110e+01 -3.662128676451176013e+00 2.338837302241858751e+01 -5.013633402914702053e+00 3.181265874693194462e+01 -4.164216382063344923e+01 -4.706608540458690371e+00 1.586419097572796311e+01 -1.249637024606604463e+01 2.187884737365811461e+00 7.244814782444508637e+03
-4.321823326706294210e+01 -1.479010447874355094e+01 -3.119348478806986691e+01 2.290601988288432977e+01 -3.298189277643842843e+01 2.175365082439861908e+01 -6.505780334367303297e+00 3.592707991581946203e+01 -5.061974981892330305e+01 6.341056639967225017e+00 2.239738490166000418e+01 6.486689245864771358e+00 7.898750155753205604e+00 9.687067254530307764e+03
-3.966980209112236366e+01 -2.953709626401380817e+01 -2.646662036481715319e+01 2.022555945990332305e+01 -2.671602201972060797e+01 1.552244015755112905e+01 2.217534580831341362e+00 3.797781219981143863e+01 -5.234784162641877003e+01 -6.217836734499036844e+00 2.585649935244057218e+01 -4.686621007575235254e+00 -6.697914417845651336e+00 9.471955212145852784e+03
-3.896378706625899468e+01 -2.764924980357612228e+01 -2.633739281596620430e+01 3.116927216055337624e+01 -3.493701176491077831e+01 3.129785156429165127e+01 -1.583956325391212694e+01 4.557541421354902411e+01 -5.581216955089739429e+01 2.104927746203287597e+00 2.577564071900384590e+01 -9.275462891386847986e+00 2.006340308148649720e-01 1.234588706415351407e+04
-3.193849048577533267e+01 -2.150685834382568373e+01 -2.374944953884569188e+01 2.125658656419121684e+01 -2.206602818656535092e+01 6.813780664855543456e+00 -3.288001373769009916e+00 2.850179008668513703e+01 -2.928665041504923039e+01 -6.943042500681562146e+00 1.949141051472131636e+01 -4.432305603407916905e+00 1.477933986170994629e+01 5.378894189411796106e+03
-3.920207680465710354e+01 -1.618710134247166366e+01 -4.217797693726663510e+01 4.385508715730698270e+01 -5.314681398696858849e+01 2.879156734585940214e+01 -1.443019156843906181e+01 4.686772541001065662e+01 -4.377026986867665670e+01 -1.170441743671419310e+01 3.037843028016408553e+01 -1.862540894058206931e+01 2.394118161651921284e+01 1.545519275836738234e+04
-3.847746644648741210e+01 -3.113870175570569288e+01 -3.971166099306751107e+01 2.543434810899894671e+01 -4.487019151234364500e+01 4.350844189522427463e+00 -9.718780447578889703e-01 2.842298275584998990e+01 -2.355513128833826286e+01 -1.100503545348697010e+01 2.342837210336245590e+01 -1.658029037042162912e+01 8.095179904166924345e+00 9.080412282123830664e+03
-3.356448311604567891e+01 -2.088738982990290793e+01 -2.376805755214965998e+01 2.657775680434960108e+01 -2.747173713140901441e+01 1.492731479394675453e+01 -2.265336801685406076e+00 3.296972250133583060e+01 -2.453048384419904693e+01 -2.000231379461477488e+01 1.714671964485965105e+01 -1.039171157259515610e+01 1.960935354672405850e+01 6.692172323198667073e+03
-3.847300952469456803e+01 -2.644605330986076197e+01 -2.667947702755186512e+01 3.454033233737317232e+01 -2.607009594277809228e+01 1.919646520448846871e+01 -2.493188377092887542e+00 5.531341076026045300e+01 -2.589675565234245269e+01 -1.709405443199730357e+01 3.725467671846642048e+01 -1.011934804171686331e+01 2.736379333836939409e+01 1.140027680531789883e+04
-3.903660323893598161e+01 -3.066267919845547496e+01 -3.536569295035177163e+01 2.337018755247092727e+01 -2.937504004392147294e+01 7.036313591383692945e+00 -1.066458141328448050e+01 3.748219770429538755e+01 -3.372853564881095423e+01 -2.801233425855233961e+01 1.273171054288885884e+01 -1.950622750632276592e+01 4.724733233612118610e+00 9.179222776791573779e+03
-4.312035871853154845e+01 -2.434726840251490287e+01 -4.107851068131409278e+01 2.783027512948116922e+01 -4.075882329194999443e+01 7.997825646640693620e+00 -1.440864377528546569e+01 3.433095064082320391e+01 -3.096953558597124001e+01 -2.522300144765195640e+01 2.015098585649574403e+01 -1.009491885548409407e+01 2.419746222579888695e+01 1.071439187911603221e+04
-4.324263672988071505e+01 -5.750751108374023701e+00 -3.983293630643992600e+01 2.307829383875183993e+01 -3.241423418800596323e+01 1.571135089449145283e+01 -1.270352076533515628e+01 4.491184669261615170e+01 -3.306405734992600287e+01 -1.440487069986996049e+00 6.243509846250394624e+00 1.653310178820212784e+01 1.746499439994340364e+01 9.210907559831981416e+03
-4.928471958839048739e+01 1.793710789881219458e+00 -3.481524463131241021e+01 6.348067288085681881e+00 -4.121092136558014118e+01 9.461776165197163024e+00 -8.937662025334574878e+00 4.532333109975376573e+01 -3.337397631361032779e+01 -1.013182999571087173e+01 -6.312515982547779458e+00 5.088110040146382573e+00 1.562772285132942507e+01 9.132990310165478149e+03
-4.951553218357657471e+01 8.213206311724482234e+00 -2.336517845974841734e+01 4.274193279593958117e+00 -2.914139490221126749e+01 -2.347472722497038422e+00 -5.048371443778179035e+00 5.758495802529858310e+01 6.108478772197529771e+00 -1.260419116673931228e+01 1.186813519162378228e+01 -5.764767294640190443e+00 2.608711755384799247e+01 8.330491973062617035e+03
-5.085596693465927132e+01 1.961488012322525876e+01 -1.836527141984945288e+01 1.305982342287233600e+01 -4.637229757243137129e+01 4.331016619315564142e+00 -1.370032515435552334e+01 5.183680408976221088e+01 -1.556194180902155288e+01 -7.415000600046016466e+00 -7.096074868239812261e-01 -3.327008023444987828e+01 6.682947110987730532e+00 9.972035762393768891e+03
-5.097383534302075958e+01 1.775541613202124580e+01 -8.391357435315695668e+00 -1.885196440996980971e-01 -4.056446715912414192e+01 -1.292695620702755788e+00 -2.658865507005807061e+01 3.249643297361660643e+01 -9.401569346003432415e+00 -1.571782871683529592e+01 -5.610689958848300130e+00 -3.601964809920171717e+01 7.182964868233661093e+00 8.110088424219206900e+03
-4.995911693531188291e+01 1.914189554999143184e+01 -5.158153296825640499e-01 -9.401560276292084239e+00 -3.554886739960833353e+01 -2.173374581030038755e+01 -2.050774386405191763e+01 1.769660594540409448e+01 -2.970682755035733771e-02 7.217368899446255925e-01 -5.726530499920769124e+00 -1.513635420198234272e+01 1.240668679607063396e+01 5.837146065992288641e+03
-5.419683297711788583e+01 2.571160188407224823e+01 -2.909584843143969923e+00 -1.538547442379330166e+00 -3.729964040776329171e+01 -1.190803324567800736e+01 -2.381426562161024307e+01 2.221422693034850582e+01 1.136757620426559079e+01 8.048464548749791447e+00 6.116676056646973336e+00 -2.506518617071883170e+01 1.439774250446264325e+01 7.269843387256624737e+03
-5.438935666190724305e+01 2.523160796399576355e+01 -9.212705425283012062e+00 -1.054039812192697845e+01 -3.573393055587084888e+01 -2.529152544194463204e+01 -3.616220196952010468e+01 2.831849590947786766e+01 1.773642053402456753e+01 1.128895149253646935e+01 8.153916565515993753e+00 -1.261590986146443782e+01 1.512150915150152919e+01 8.713355821548046151e+03
-5.753624345781722127e+01 2.858986259083770065e+01 -6.515041052396147059e+00 -4.175088225552293864e+00 -2.858118148412089710e+01 -2.478261578962176515e+01 -3.900086540760570841e+01 2.671326018028265636e+01 5.352166388166043731e+00 1.677066954893247530e+00 -1.550459482947371459e+00 -9.142437723929516480e+00 1.329276757328489822e+01 8.147548428731040076e+03
-5.746673769218328687e+01 3.279960325494209172e+01 -2.279649513480686895e+00 -1.254667371602814274e+00 -3.148526009551740756e+01 -1.267209994360982783e+01 -3.500516727995070454e+01 2.530472750531648529e+01 9.672147448190067109e+00 5.925208693672953331e+00 5.246937256700813457e+00 -1.401267564745950267e+01 2.038768657448995114e+01 8.170807325019757627e+03
-5.548855283118805914e+01 2.425839822733854234e+01 5.243764725383941450e-01 -1.211030392623338336e+01 -2.097813703659155848e+01 -2.245880909316700880e+01 -3.508553641976889281e+01 9.014705456571606490e+00 6.988527264604226907e+00 6.034912590374546859e+00 -1.330625050780466667e+00 -1.163879962079346164e+01 3.485603187820367044e+00 6.305765263990660060e+03
-5.673664684554081816e+01 2.637261198436580045e+01 1.209128631515389074e+00 -1.772229948123505849e+01 -1.868344790330774075e+01 -2.024217330197656395e+01 -3.304033000421500077e+01 6.834098830575015882e+00 1.193293376395346961e+01 1.718611580528292393e+01 6.176056961322139216e+00 -6.990355704253228275e+00 6.564916254737087620e+00 6.695153130840720223e+03
-6.026852435104856198e+01 3.714828761082718245e+01 -1.667725914556777989e+00 -1.559222487110269739e+01 -3.609138425055233768e+01 -7.283866056169550518e+00 -5.511139098090817612e+01 2.239363769253175107e+01 2.443495364248919799e+01 1.139518334074498362e+01 -7.815338369378516781e+00 -3.304062747021492186e+01 2.584526285244853128e+01 1.270022958507227304e+04
-5.356701341733272415e+01 2.291993985226060460e+01 -1.506916912355158011e+00 -2.095379127179381484e+01 -2.677707779143023714e+01 -1.347818073857022725e+01 -2.478563937120199512e+01 1.560886173731500115e+01 1.824639832037009057e+01 5.816962153372299937e+00 -9.988039594986073411e+00 -2.349965057949257741e+01 5.704578996685544467e+00 6.644023305568409342e+03
-4.937527526585407145e+01 2.015243964146756284e+01 -5.258221672520523526e+00 -2.271080700966700761e+01 -2.451613265064115055e+01 -8.692444517409420257e+00 -3.063392858058882062e+00 1.950131203877134212e+01 9.191578904300632402e+00 -7.499777416302936928e+00 -1.679127803321497225e+01 -2.151726791996086874e+01 9.056519174771221481e-01 5.340245006309774908e+03
-5.049462815800364979e+01 2.134752070448978145e+01 -6.099873682165529942e+00 -2.270789943735219296e+01 -2.424474339884827145e+01 -3.855654044473000752e+00 -5.436697082239445145e+00 1.821487481673773345e+01 6.878787760600052259e+00 -1.176402657994839807e+01 -1.501002284762057393e+01 -1.057101662180447477e+01 1.619678044992168253e+01 5.307387176855702819e+03
-5.322784334765611192e+01 2.762181144265302635e+01 -1.346039931632484432e+01 -2.351545050884410415e+01 -2.795805923515634106e+01 8.010130212939218453e+00 -1.311210097713896339e+01 1.254840424901399665e+01 -1.564652890964535636e+01 -4.177635514359430857e+01 -1.620353708916156776e+01 -2.241390038560206222e+01 4.546896116677014099e+00 8.281220965656491899e+03
-5.396327611915454980e+01 2.403392436645412999e+01 -1.473839996964832721e+01 -2.188741337807665488e+01 -1.353701285478678784e+01 1.025090545418929722e+01 -1.129089812920231850e+01 1.033285456631834132e+00 -2.303593627571029145e+01 -4.137631731860759032e+01 -1.272640254959988226e+01 -1.073946908037621739e+01 1.193569925590320224e+01 7.265240256731873160e+03
-5.483210431071143631e+01 2.100848809011939622e+01 -1.403077677047195060e+01 -1.684855725708623808e+01 -1.964212929428634791e+00 1.259023442588828168e+01 -1.057194915843890648e+01 -1.244900231159252080e+01 -3.340793683526045044e+01 -4.449284408336021102e+01 -3.090320644283670148e+01 -1.653280311284358106e+01 4.348152922027164635e+00 8.700720315560087329e+03
-5.682613813254391744e+01 2.370640733303011416e+01 -1.631165490308607602e+01 -5.170027822839566412e+00 2.765438640904089418e+00 8.016463827036234946e+00 -8.221007561255426754e-01 -1.189918045887450315e+00 -2.946426779522679240e+01 -2.293772454559658769e+01 -5.684599018731803177e+00 -1.263956582134974083e+00 1.106877290619483034e+01 5.708718364773453686e+03
-6.040546696512733149e+01 2.784998542990633297e+01 -1.692551671831456161e+01 1.240165911985332409e-01 5.143226885637472989e+00 2.748241297590255527e+01 -8.589265629524806656e+00 -1.204795197131914408e+00 -4.112090179265585022e+01 -3.303484953915121736e+01 -6.040941082295437248e+00 -2.794826296662674281e+01 1.052000992699074189e+01 9.278392274505766181e+03
-5.832945163295858748e+01 1.834258170401230004e+01 -6.846073203447863520e+00 4.234866253623354559e+00 5.853664242244363436e+00 1.144739168046334754e+01 4.596619581096038409e+00 -1.121671573551763501e+01 -2.562711546831163290e+01 -1.433245883095827011e+01 -8.252738848737370958e+00 -8.332431988775544696e+00 2.885995414946303406e+00 5.123864340930073922e+03
-6.268343864581522951e+01 2.500238086182641695e+01 -1.454704145371818491e+01 1.496361025809935086e+01 2.301010994263728016e+00 2.902250054501351428e+01 -6.114278875657414014e-01 -9.283359760925906201e+00 -2.030113229118408569e+01 -1.816547098099554702e+01 -2.828418222002824223e+00 -3.005587261627028539e+01 -5.954420603387049482e+00 7.612944239581113834e+03
-6.565457820344323636e+01 2.352265960180810822e+01 -7.785298057885160716e+00 1.873898827283528234e+01 4.869352732976889087e+00 1.907185742709931020e+01 1.303531132935245829e+01 -6.403859255145732732e+00 -1.454474086255553189e+01 -5.704314419639850975e+00 9.501811573290646962e+00 -1.877979957804750910e+01 -7.551413321022770297e+00 6.618052625992637331e+03
-6.771624355639484349e+01 2.395252005127077766e+01 -5.012423167183387207e+00 2.012646033833290105e+01 7.110870397703823453e-01 1.160236048005628895e+01 1.877141483487992346e+01 -8.475959520098420796e+00 -4.096314988124565737e+00 -2.299520349245919082e+00 2.738231868240128986e+00 -2.984717950437548950e+01 -9.387611130025076633e+00 7.157286839307475930e+03
-6.910075977107921119e+01 1.744313492198480020e+01 3.195888207660075864e+00 2.149286395517815862e+01 5.093709774745944330e+00 1.989149619042574102e+01 6.183718924054245392e+00 -3.955375801352982279e+00 -2.704785160842384428e+01 -6.356930269708399805e+00 -9.223289894292830970e-01 -1.888456817808707200e+01 -3.687802811846673912e+00 7.169910071405199233e+03
-6.771213717564951651e+01 2.094329524177299717e+01 2.933151973732426754e+00 1.713361485808671958e+01 1.289564127394906112e+00 4.225571051016877355e+00 -2.870984748826769906e+00 2.314205252560590953e+00 -1.825655318897439372e+01 -1.057870960583943587e+00 3.538377508448597553e+00 -8.858547464292900742e+00 -9.633374631072690875e-01 5.785178623757488822e+03
-7.201267121423570927e+01 2.036056866987422609e+01 2.739262746274903293e+00 3.665480036540532183e+01 2.077986336325464922e+00 3.069198482140354400e+00 2.504565025784515697e+01 -1.347750245399707580e+01 -1.418630273338124148e+01 -7.795379745897584201e+00 9.667326010795211033e+00 -2.542931816478044027e+01 -1.823305897128946285e+01 9.108692182564685936e+03
-7.037382861763512665e+01 1.859662837074669284e+01 2.993315988069404909e+00 3.012588631695412644e+01 4.283486896554927981e+00 1.005529515259320306e+01 2.015517632829153172e+01 -1.603875053065128498e+01 -1.804750117287266420e+01 -2.776133308474785011e+00 5.817889803304383989e+00 -1.688570109680792797e+01 -3.975279478259761690e-01 7.650321166552829709e+03
-7.057067593405810157e+01 1.624341719642041681e+01 9.832981514548873037e+00 1.913103750045414841e+01 -4.173665716407534698e-01 2.163123983112356896e+01 1.603313908522894238e+01 7.189038577909829364e+00 -2.573695229819035291e+01 1.554456563993015683e+00 6.806853840513763743e+00 -1.826854057726131941e+01 -9.302687685127796868e+00 7.615001462408594307e+03
-7.244251579805738572e+01 1.534566593288585956e+01 1.053249399472279180e+01 2.007113962552589825e+01 4.842167957476528617e-01 1.498621351586763417e+01 1.417046659641777673e+01 -5.431783146651494310e-01 -1.036696753903962964e+01 -7.083891179679932648e+00 -6.423600228455816463e+00 -1.220365753637262252e+01 -2.351258607317836535e+00 6.776485705781544311e+03
-5.634874033210374478e+01 8.153238549319407058e-01 -6.150400676010173484e+00 1.213547758198882498e+01 -2.670092570765965068e+00 6.379036122650577623e-01 5.203344599819748062e+00 2.549830892780870784e+01 -2.938316577654922668e+01 3.202622994701923798e+00 -3.007367792674534801e+00 -4.845617714046684732e+00 3.341145494940569449e+00 4.963032153566967281e+03
-5.139124854468986570e+01 7.950905952964293810e+00 -1.588841369047274021e+01 3.093633468219596949e+01 -1.772709589240562522e+01 1.716536117202136325e+01 -1.717467373567587430e+01 2.393515525173255654e+01 -4.716720478572988640e+01 1.468645567192511336e+01 -1.328914557849225853e+00 -3.576602087782795536e+00 -3.030610293320384230e+00 7.854716336068128840e+03
-4.935228116492858419e+01 1.267541464738926749e+01 -2.329957719827084262e+01 2.673861273959485985e+01 7.860558100366462853e+00 2.222015751110759219e+00 -3.596107468921712780e+01 4.271635248014082009e+00 -2.439463351730647744e+01 -2.318416699975353268e+01 8.373807504367063004e+00 -2.828335632819118928e+01 -2.303971642662526964e+00 7.240289916218545841e+03
-5.004217856401518816e+01 1.239692399277193324e+01 -3.116534108175724782e+01 2.338035766561951334e+01 7.420413277842921929e+00 -6.984343958822555543e+00 -4.191585134662800272e+01 5.238909272326450761e+00 -3.077083665688472180e+01 -3.360249699258397271e+01 1.034538665050809136e+01 -2.841796219364196219e+01 -1.370549501104035883e+01 9.242471713842040117e+03
-5.221259078021655142e+01 1.223117487132372894e+01 -2.705831231238433432e+01 2.845649284963268144e+01 -4.651281069663533607e+00 -3.256158317901352461e+00 -5.281121498653963897e+01 1.148350510048550888e+01 -1.616334374227526638e+01 -3.955366603152047844e+01 7.631879276438525039e+00 -3.716428711485816905e+01 -7.590035340656010376e+00 1.069359745752077288e+04
-5.224880080959471229e+01 8.290664305742460272e+00 -7.655772837689254651e+00 2.400439991272386209e+01 -2.825372059337306896e-02 -6.803221735739819920e+00 -3.482769717093599127e+01 2.075152632772499572e+01 1.074296458781039965e+00 -1.039071375369738170e+01 1.288594542099578355e+01 -2.895871508686956375e+01 1.257422643360997183e+00 6.238730258774582580e+03
-5.532686644072882842e+01 8.415543747475894065e+00 -1.703105591432738208e+01 2.361783557653087229e+01 -9.017352936019300547e-01 -9.157429233692958803e+00 -4.465603381411279571e+01 1.597581066445854603e+01 -1.067058370587596627e+01 -5.153710864040744077e+00 1.906685017833646612e+01 -3.359186857955708660e+01 -8.804370754328502358e+00 8.023699515759829410e+03
-5.826531058623304205e+01 1.335659604946890333e+01 -2.135402381011635953e+01 3.076708919406926768e+01 1.293842663027108264e+00 8.318981267783620126e+00 -4.719536101647298665e+01 2.259267679656272421e+01 -1.140036080141168107e+01 -5.564517340917534582e+00 2.671817336938936904e+01 -3.437749478381167023e+01 -5.487586732380167476e+00 9.871282434170159831e+03
-6.143601064760346731e+01 1.085316253060185154e+01 -2.598050353794447886e+01 2.040050005186648008e+01 8.396153168957781077e+00 6.611767197821578179e+00 -2.234787897271722557e+01 2.805907025906926577e+01 -8.544547024244460331e+00 -3.060562292175078802e+00 2.261706692245780914e+01 -2.471795606436610626e+01 -3.103065120149123057e+00 7.598805886265411573e+03
-6.415678317575793699e+01 1.290535580089918888e+01 -2.384304036041064023e+01 1.658988690959423806e+01 1.338907960017706777e+01 2.487462500535666265e+01 -6.895738169394085126e+00 1.836410811532563869e+01 -5.198896431465768408e+00 2.762529058002749949e+00 1.881416552722159707e+01 -1.560767445979602996e+01 -1.876172451780762085e+00 6.944914491078417996e+03
-6.752332577936411440e+01 1.719002767259113185e+01 -2.084941989524613604e+01 1.260397942953577655e+01 1.122578486597421232e+01 1.783033652134179192e+01 -6.841567131513693667e+00 1.233722349439732113e+01 -1.272804517324263962e+01 -3.558546212558035826e+00 2.384269115733842881e+01 -7.160616522670499862e-01 1.164202323754911816e+01 6.970598209862903786e+03
-7.167791687306221604e+01 9.349520837924005789e+00 -2.611842410244930335e+01 3.803178901180878757e+00 1.775205550511411712e+00 5.655605116184701409e+00 -5.408906437466056705e-01 2.721999799306720758e-01 -1.282526529361445355e+01 -1.409332556130196146e+01 1.340861035426336123e+01 -1.528724226859980462e+01 -1.122819035040292412e+01 6.859949555589175361e+03
-7.518499557668624789e+01 5.283066407078537807e+00 -1.790622758302532702e+01 3.196641926847053394e+00 -8.421742910419713013e+00 1.550578857547561284e+01 2.064839013670229484e+00 1.279736282374758893e+01 -2.595689772704500520e+00 4.622825250613016301e+00 1.403789678214717540e+01 -8.322690315994265120e+00 1.637813133994841408e+01 7.053618169827663223e+03
-7.772599238328436400e+01 2.139243968541125085e+00 -1.251799053704638887e+01 -3.670705570023579667e-01 -7.646043407943133197e+00 1.776027159703544456e+01 1.276023171210215779e+01 2.735751498401542037e+01 3.131846801159980487e+00 -1.172391403071429555e-01 1.423211793743372944e+01 -1.261696494058666751e+01 2.477655362688274465e+00 7.865589421841729745e+03
-8.041131944568223844e+01 -1.894148422647424113e+00 -2.489461276660490441e+01 -7.822438027919129233e+00 -2.009294007197326692e+01 1.018284829006882752e+01 2.912763907197026114e+01 8.500805998708861333e-01 5.417052464100810205e+00 -1.905863441018527116e+00 8.491271774747755074e+00 -1.280177783238560352e+01 -1.395999375248983654e+01 8.970904420156699416e+03
-7.950037691497145431e+01 -1.869873457383113724e+00 -2.226591024756690729e+01 -2.569895476603146545e+00 -1.897754684655369317e+01 -8.927908253890809442e-01 2.380635797391206765e+01 1.415448727492009340e+01 -1.704495561634990830e+00 9.174820611452989993e+00 1.775345459345167498e+01 -8.832658093347593109e+00 -1.801929610659630088e+00 8.437748615740960304e+03
-8.295281031438322827e+01 -4.402793158504040960e+00 -8.811334243188298387e+00 -8.299192098015009122e+00 -2.683444789183959145e+01 -2.895300444791442551e+00 -2.739513802713181789e+00 2.056776841218805885e+01 -1.110164229452168527e+01 -2.359041332741551855e+01 -3.966580407305865918e+00 -1.090900992320281304e+01 -8.365972660283716777e+00 9.090561737712263493e+03
-8.392849931043970457e+01 -7.727067656995621370e+00 -1.003581534535249098e+01 -6.476841705371808366e+00 -1.912661406247247697e+01 -7.177550894907643197e+00 -5.584594072416285471e+00 2.823289108137761971e+01 -1.212295042568610981e+01 -1.042511011906152341e+01 4.961840912984235352e+00 3.580696267017553502e-01 -6.960704225409838131e+00 8.820844401746249787e+03
-8.337027807172681548e+01 6.091822955335237655e-01 1.068038986548491387e+00 -2.054403835174081205e+00 -7.837594601373580439e+00 7.005799325594977311e+00 1.942008807595044573e+00 2.047459682077814236e+01 -1.333621704088875681e+01 -1.394477040449528715e+01 4.084861863784527536e+00 9.314799984557208035e+00 -8.426206676007636176e+00 8.036589138470274520e+03
-8.664359544850306349e+01 -5.853136339072881000e+00 -2.177257278421603104e+00 -1.067182048671741690e+01 -1.960408951183265103e+01 -5.556345293732714907e+00 -1.690339522405952621e+01 7.404717999989187227e+00 -8.196413187730385630e+00 -2.266046634798319914e+01 -3.325469939361502369e+00 2.669294312439782324e+00 -8.408933363028232577e-01 9.015316864675191027e+03
-8.423572984131911312e+01 9.969171955187451362e-01 3.314924508174629025e+00 -6.142226590551270071e+00 -1.794222003716807379e+01 4.198954895874879689e+00 -3.084448002556747781e+00 2.578231864499372961e+01 1.121991681397195251e+01 -6.086366636627011939e-01 1.702874689371343919e+01 1.367060774059242689e+01 8.100177864582120080e+00 8.827897544157180164e+03
-8.443350230819521585e+01 -4.151391006355341085e-01 -1.130995066010342942e-01 -8.746921410129628427e+00 -2.081627891879471903e+01 1.626046234328736295e+00 4.207434857047352317e+00 2.053713109359677347e+01 8.387768125172625489e+00 2.123992099788064358e+00 4.655143339589796980e+00 1.393579987233145623e+01 4.901517527186981305e+00 8.395915582392113720e+03
-8.399475325948633042e+01 3.414253576458027517e+00 5.096612025882598651e+00 -6.819588958447212690e+00 -1.703981096000476114e+01 7.090869183725973635e+00 4.765481151608707222e+00 2.613675768767899754e+01 1.723387016407356498e+01 5.469155526060037964e+00 1.429989993676144522e+01 1.592640732484237631e+01 7.298538635812966469e+00 9.024057644372105642e+03
-8.427413550324838809e+01 2.246344295517331613e+00 4.387461178107472826e+00 -6.897797160725571253e+00 -2.154992023910748600e+01 -3.105549031773184865e+00 -1.050724311667985056e+01 1.211506263898772673e+01 -5.579361309459387464e+00 -1.335512055762019124e+01 5.150946078475937107e+00 1.482542860209688396e+00 1.263668309279501578e+00 8.145041350695706569e+03
-8.311289520896775684e+01 5.390495609445045133e+00 -7.724506389370459081e-01 -1.045119309726661783e+01 -1.933558658385257090e+01 -2.952209674140473084e+00 -1.376069712524933264e+00 5.240881459734180403e+00 -7.415744769412696336e+00 -1.370157826114247257e+01 -5.827730399362339497e+00 8.604369213030917507e+00 7.373199806303094128e+00 7.863663970785470156e+03
-8.230279918027935082e+01 5.593649548141875094e+00 -2.007038213852345709e+00 -1.204087979385804630e+01 -1.414904532466393761e+01 3.202070622351552487e+00 -1.123782893041498809e+00 1.173967963924099678e+01 4.417053392459986405e+00 -6.515272420686295085e+00 1.952652734163682569e+00 1.413395125295136268e+01 9.148504369989796103e+00 7.652818060987808167e+03
-8.337984714645102713e+01 3.707971529869268590e+00 7.967453384410265738e-01 -1.151422142236121360e+01 -1.885718049605783975e+01 -2.103777979847433421e+00 3.171549049957243405e+00 1.868314217611865047e+01 4.622964966427818290e+00 3.363348124283144447e+00 7.004744640586234361e+00 5.476124341437415666e+00 9.724795343684720095e+00 8.024607669573286330e+03
-8.295674281380458126e+01 3.196739073763741334e+00 -1.331108633371166361e+00 -1.065646943442418149e+01 -1.921696259119422834e+01 1.185506355476754647e+00 6.348023317632802254e+00 1.361202947428030008e+01 -4.408056332873121264e+00 -7.416170711920311298e+00 -4.376505223442394232e+00 4.588685495623343158e+00 5.419809970950585587e+00 7.747669054314123059e+03
-8.454269402741529404e+01 1.913388381866552579e-01 -1.386864361609528640e+00 -1.374890623533310752e+01 -2.281963802649327278e+01 -2.516636156305439798e+00 3.825437453769237717e+00 1.208944018917909524e+01 7.607377099612461224e-01 1.384948009985699890e+00 3.504688604929997009e+00 5.425918023375290389e+00 -7.597589788081734241e+00 8.128261014449083632e+03
-8.456759713953799462e+01 2.467535920191527232e+00 -5.861032692302522301e-02 -9.905254166800657956e+00 -2.195680715942075523e+01 -5.781118851630594691e+00 7.747239952088331272e+00 1.935016331567196346e+01 2.127774007696529690e+00 -1.127163036895578685e+01 -7.828221137358649662e-01 7.257655262605627655e+00 -3.259550266600820922e+00 8.401344089498328685e+03
-8.546622517184509604e+01 2.583825296163778873e+00 -4.257987926584264393e+00 -1.487748931365017846e+01 -1.562328348751601403e+01 -1.123470389376605372e+00 1.114467313712775010e+01 1.765683526890038024e+01 1.269148897440749302e+01 -1.222366127575441386e+00 -1.485473396146160363e+00 9.566947668634220747e+00 4.048695342604951009e+00 8.504631815659560743e+03
-8.505602326131800339e+01 1.169231563157695053e+00 -1.502910278911624709e-01 -9.929343693643239988e+00 -1.863520080270420465e+01 -1.447797978439985256e+00 4.877248017998578433e+00 1.752913065150461946e+01 3.363515862347823848e+00 8.478749971779246941e-01 6.197498847294460766e+00 1.571353128274145661e+01 8.579679275290320817e+00 8.385900531397644954e+03
-8.578687367221405680e+01 -2.449985643632974774e+00 -1.398081015891481815e+00 -1.498246031721931182e+01 -2.578670987186575303e+01 -6.409592383194127940e+00 4.678096007998384209e+00 2.392580401846043259e+01 -2.701240798747250427e+00 -8.799189547273243761e+00 6.941394455245721851e-01 9.954655851363956032e+00 6.829762793060108805e+00 9.123129933554830131e+03
-8.574053040208656284e+01 -1.505793868968085203e+00 -3.163267506243260030e+00 -1.112512425408033856e+01 -2.329250042722037506e+01 -5.357303355411357160e+00 4.349126756103033564e+00 1.669894543590558200e+01 -1.162185240956780596e+01 -1.518565364480801705e+01 -7.325932794379914625e+00 -1.696531431163575121e+01 -1.609057430401028910e+01 9.322560869880790051e+03
-8.597924351183311842e+01 -2.096211777435983414e+00 -2.156071101874997176e+00 -1.072706706019253708e+01 -1.698009496705155641e+01 1.283837178963386005e+00 6.314722619231096346e+00 2.004421506182560719e+01 3.744229889438494663e+00 -6.310336310377437030e+00 1.456963797115094827e+01 9.644156825123673116e+00 1.060490646377985513e+01 8.719748925586423866e+03
-8.526300516804926133e+01 -1.875992525386536158e+00 2.044569648595643052e+00 -8.003726010333442886e+00 -1.745089567434968458e+01 4.738963965878234319e+00 4.917684305581422777e+00 1.164710708512836490e+01 -6.033465694543592717e-01 -1.150712733231167029e+01 -2.291559233943055496e+00 9.365002424005464121e-02 -1.289032605651496910e+00 7.968069180660335405e+03
-8.373270040868206365e+01 -3.595122215288817813e+00 -2.096384119628575682e-01 -4.107963199273377164e+00 -1.021335026236763532e+01 4.082396186298267615e+00 3.083659561271968386e+00 2.944401225580819670e+01 -1.514255066468314315e+00 -1.775466654788210086e+00 -5.923043023225822878e+00 8.332785970359093852e+00 9.002819808677879010e+00 8.229460403035947820e+03
-6.634248155500219468e+01 -1.846264648449586687e+01 -8.659782226045228626e+00 1.699805364381972339e+01 -2.663067063755644881e+01 1.333904359224696634e+01 -2.908017262362294275e+01 1.360610411517310325e+01 -1.064513059761971370e+01 1.883661111976248037e+01 -1.245546718962943444e+01 1.122239780813664112e+01 1.826635742837143539e+01 8.106902454637056508e+03
-6.860362112880248731e+01 -1.640999188887389693e+01 -2.460400290405711488e+01 1.080878764064576814e+01 -4.618460731847554968e+01 4.739718502089830032e+00 -3.425240298895338498e+01 1.048545967586799676e+01 -3.787123827602607573e-01 2.089099685926429828e+01 -2.799828383913051777e+00 5.705261796843782207e+00 1.958419403206753984e+01 9.997093254591571167e+03
-7.334292244030925190e+01 -1.109893748990486806e+01 -1.854754450362425544e+01 7.709222459802718141e+00 -1.731423371548535073e+01 7.761054073412865240e-01 -8.982895139521671624e+00 2.348399630086016998e+01 8.211365041341057491e+00 3.111820250301419577e+01 4.604795686718089698e+00 2.656236182631638343e+01 3.572173174093641990e+01 9.876964090183641019e+03
-7.459112866430210431e+01 -6.744861270195829483e+00 -1.477553842090112646e+01 1.250854777798387474e+01 -5.532836179014324784e+00 1.814134017963385404e+01 5.072752847869281823e+00 2.208583199634342620e+01 -9.599337970261785813e+00 1.462815062552354384e+01 -3.381596847317725807e+00 5.622786390000280576e+00 1.784274564566344523e+01 7.524891804625087389e+03
-7.613249377282708963e+01 -3.459371779256144031e+00 -8.290892020476647417e+00 9.265409594754119738e+00 -1.096331339057122634e+01 2.064704145215244679e+01 6.626222758233837773e+00 2.061674223415233342e+01 -6.392074744408026810e+00 5.861357788968098781e+00 -3.109732355648466395e+00 -2.343773119488885115e+00 1.511547537925289841e+00 7.070824634635639995e+03
-7.813920549689593997e+01 -3.482919689133301855e+00 -1.149304175566415331e+01 6.181570991945470883e-01 -1.321802936633228498e+01 2.683558525830794750e+01 1.770730117500889378e+01 2.135876513983759395e+01 2.142013401710622045e+00 1.862293365497551179e+01 2.893908724830088097e+00 5.456826476328323849e+00 -6.125704875154885265e+00 8.342026394378788609e+03
-7.759767579206820187e+01 -1.207925080253422934e+00 -1.061076333406193051e+01 -2.762166112970686704e+00 -1.707683831460310131e+01 2.171924010311042252e+01 1.434357385765320458e+01 1.419439161698868901e+01 -2.202404774942367638e+00 9.179725272331761943e+00 4.946855771900324328e+00 6.453843855927275719e+00 -3.175415271460310773e+00 7.478963580922670189e+03
-7.917033597766582886e+01 -1.155673012648714915e+00 -6.889612627550692814e+00 4.323973953039443430e+00 -1.479559086422633740e+01 1.241474411325680016e+01 1.336855536276312151e+01 1.234448248531756320e+01 4.292484108333628062e-02 1.043589100078981069e+01 9.166348044232606185e+00 1.271074724257134392e+01 -4.027287553339382598e+00 7.410294833061891950e+03
-8.121066999491119986e+01 -3.690690243126773407e+00 -1.051196549736277142e+01 1.370037965825814608e+00 -1.168220157789369118e+01 1.897976809685645705e+01 2.754089984988620543e+01 1.603217067533658735e+01 -2.790113685673110133e+00 1.208154798603447411e+01 1.142141676188713717e+01 1.437725492023358953e+01 -1.106914405043760485e+00 8.725537645468230039e+03
-1.090477939980256252e+02 -3.602453270503529126e+01 -1.076554170375257335e+01 -1.131928262163988030e+01 -6.794519739924855806e+00 8.260696103796101752e+00 1.109561257782268662e+01 -7.360530776972484368e+00 -1.167890850916919021e+01 -4.964402678464485241e+00 -8.964300865262101681e+00 -1.117751339087867635e+01 -1.168408411549989312e+00 1.409260888184906253e+04
