-1.837872919722830716e+02 0.000000000000000000e+00 0.000000000000000000e+00 0.000000000000000000e+00 2.658533217257963476e-14 0.000000000000000000e+00 6.864338900890931966e-14 0.000000000000000000e+00 7.681979238110637171e-14 0.000000000000000000e+00 6.748200841563957577e-14 0.000000000000000000e+00 3.507168814121481235e-14 3.377776869050522509e+04
-1.837872919722830716e+02 0.000000000000000000e+00 0.000000000000000000e+00 0.000000000000000000e+00 2.658533217257963476e-14 0.000000000000000000e+00 6.864338900890931966e-14 0.000000000000000000e+00 7.681979238110637171e-14 0.000000000000000000e+00 6.748200841563957577e-14 0.000000000000000000e+00 3.507168814121481235e-14 3.377776869050522509e+04
-1.837872919722830716e+02 0.000000000000000000e+00 0.000000000000000000e+00 0.000000000000000000e+00 2.658533217257963476e-14 0.000000000000000000e+00 6.864338900890931966e-14 0.000000000000000000e+00 7.681979238110637171e-14 0.000000000000000000e+00 6.748200841563957577e-14 0.000000000000000000e+00 3.507168814121481235e-14 3.377776869050522509e+04
-1.837872919722830716e+02 0.000000000000000000e+00 0.000000000000000000e+00 0.000000000000000000e+00 2.658533217257963476e-14 0.000000000000000000e+00 6.864338900890931966e-14 0.000000000000000000e+00 7.681979238110637171e-14 0.000000000000000000e+00 6.748200841563957577e-14 0.000000000000000000e+00 3.507168814121481235e-14 3.377776869050522509e+04
-1.837872919722830716e+02 0.000000000000000000e+00 0.000000000000000000e+00 0.000000000000000000e+00 2.658533217257963476e-14 0.000000000000000000e+00 6.864338900890931966e-14 0.000000000000000000e+00 7.681979238110637171e-14 0.000000000000000000e+00 6.748200841563957577e-14 0.000000000000000000e+00 3.507168814121481235e-14 3.377776869050522509e+04
-1.200276352395386255e+02 -1.776226251706562564e+01 5.460355333505837905e+00 -9.053641648586593149e+00 -5.770974580645534147e+00 -2.819296947363584827e-01 8.023708659060734050e+00 -7.326399718317180287e+00 -7.902010720914210751e+00 1.365331450563186877e+01 -2.828185224765229933e+00 -8.808314128596652637e+00 8.353651492422544678e+00 1.538957805696494324e+04
-4.196061302243666091e+01 -3.366080994879200983e+00 -3.608269938245910424e+01 -5.416640412695526763e+00 -1.449364070453147413e+01 2.067551967708537930e+01 -3.712307516639334892e+01 -5.777156481893324091e+00 -1.572370675669734830e+01 1.102639726622015814e+01 -1.025495694509504396e+01 4.872052665744202926e+00 -3.480181424657174727e+00 5.662194808898882002e+03
-3.842554360738726160e+01 5.756637673468914862e+00 -2.822757992607671440e+01 6.716709159122345341e+00 1.409729008949465978e+01 1.100889897222290692e+01 -2.902700165437094171e+01 -1.044737005625354698e+01 5.823012758065709837e-01 2.655692266232935417e+00 -1.891682346299837292e+01 -4.009856454315665175e+00 -2.704148582929307487e+00 4.011844894282996847e+03
-3.919932269769424948e+01 1.002128815372009463e+01 -3.544055595142419435e+01 6.399988813307651014e+00 7.080772775498235028e+00 2.008682790752212455e+01 -2.538958087249731577e+01 -6.808294791657650613e+00 -9.513446514281886479e+00 -3.156248719131125036e+00 -9.303685488736071818e+00 -5.607350048806270415e+00 -6.559214717164357999e+00 4.340099479016342229e+03
-3.876757798943035027e+01 9.283032272419221798e+00 -3.411320402628365400e+01 1.354621569090514344e+00 2.433080525486181145e+00 2.757360352753608623e+01 -1.305869796358813240e+01 -1.461512831767338660e+01 -1.422674123645673383e+01 -9.386267910388436775e+00 -1.224059154664303506e+01 -6.091836329116718574e+00 -4.384005118994736883e+00 4.401664784105725630e+03
-4.322410043630284093e+01 6.888027806102233086e+00 -2.834329109476905018e+01 1.367783693070690987e+01 3.132614371068347836e+00 2.752267681657665577e+01 -1.546133124231535838e+01 -1.760969939665610084e+01 -1.732946830124431870e+01 -1.258195710075337281e+01 -9.832881808635342225e+00 -2.274409535379898273e+01 7.381826557051454074e-01 5.295798915191299784e+03
-4.791306776480215746e+01 9.145801263614645293e+00 -4.291723986978059457e+01 2.491113783350892419e+01 -1.279921704178942576e+01 3.731710251380944499e+01 -2.807361901613218436e+01 -1.827826962290279766e+01 -2.233051167716377350e+01 -5.656664340587377993e+00 -1.308633442247652567e+01 -3.343674257390628668e+01 -3.603627893424811823e+00 9.353274971358749099e+03
-4.635963666026422914e+01 6.484137276745095546e-01 -3.344889005205914145e+01 1.353939156718328185e+01 -2.303073404441071226e+00 3.099530109181421267e+01 -7.020704059901186511e+00 -1.096353732345201948e+00 1.109933008801273102e+00 1.022535303510877736e+00 -7.118025100067546518e+00 -9.661385128147083279e+00 7.885701325303695608e-01 4.615192851744253858e+03
-4.844896394740856493e+01 1.324227267450728940e+00 -3.906128106217493468e+01 2.032071759677900857e+01 -4.663402007098918389e+00 4.377290980631506301e+01 -7.520756879531866446e+00 1.306835009545704018e+01 -1.920431687931890252e+01 8.740710305875536434e+00 -2.430011060752769936e+01 -1.415849001608595259e+01 -1.052595912655131905e+01 7.799889270809538175e+03
-4.949876095280871624e+01 -8.202456479602352246e+00 -4.505513921276790512e+01 1.912978576320412927e+01 -1.269913063175571466e+01 3.535192878398829208e+01 -2.224283113225826725e+01 4.263087304853638848e+00 -3.320135610155040240e+01 6.781243170051646452e+00 -2.872578262884742983e+01 -2.066149805748775492e+01 -1.709417255193349661e+01 9.529860269456563401e+03
-4.652577297225736430e+01 -1.037425999115647635e+01 -4.074512852801331775e+01 1.115636233730873350e+01 -6.726484913183204739e+00 4.410643201982877315e+01 -2.093919621127481534e+01 9.202963987586040062e+00 -1.659699635017538455e+01 1.441221223318554401e+01 -8.322570619574994666e+00 -3.640573010422047506e+00 -9.627582952334179822e+00 7.229051625702139063e+03
-4.418950997010184523e+01 4.632144764786207070e+00 -3.284133359754148529e+01 2.155340031674549905e+01 -1.977486496306303110e+01 4.359746015171742783e+01 -3.591549215972460729e+01 6.251094046433846252e+00 -3.415673455776056500e+01 2.427037667699690981e+00 -3.081859956919955934e+01 -9.075309585859780981e+00 -2.600924077250981625e+00 9.349539541070362247e+03
-4.205969253742158998e+01 1.236077772909031580e+01 -2.939668410950610422e+01 1.999150830284216340e+01 -3.003087298238303049e+01 2.583773568767859885e+01 -3.427357219977786684e+01 2.978896923851695799e+00 -2.401697966513198779e+01 1.400561086761615393e+01 -2.151510410530645601e+01 -4.871134307312022571e+00 -6.041816032436547523e+00 7.234729142116096227e+03
-3.793853972319635659e+01 1.045853278926271557e+01 -2.741682068664503191e+01 6.191138180006379166e+00 -2.054432722706282277e+01 9.745055317915682025e+00 -3.671021738491366193e+01 -5.784911303254603787e+00 -2.009306266767976368e+01 2.382859841517590560e+00 -7.557837687964457984e+00 -1.172128865510326889e+01 -5.402988728533386631e-01 4.841077326073720542e+03
-3.715889854846374618e+01 1.737971232683223022e+01 -3.134485436822366466e+01 5.893654658189157125e+00 -1.803791385484835885e+01 2.030644193519642471e+01 -4.336575407739893961e+01 -5.803919595282050814e+00 -1.385080056358445688e+01 4.120139315598671637e+00 -7.728907749095911939e+00 -5.923930886662564177e+00 3.315688546161600581e+00 5.666708219077256217e+03
-3.789513975589509442e+01 2.317731453855468260e+01 -3.841874413138730660e+01 1.269461859040603002e+01 -1.988723456165547532e+01 2.651584686583194639e+01 -4.455770722023059704e+01 3.443554073196453569e+00 -1.487808338395900698e+01 -4.531366439862807738e+00 8.073047708335689965e-01 -9.152293034049318265e+00 1.539767366453537356e+01 7.269617549074176168e+03
-3.755025600844916056e+01 2.362596024674952488e+01 -4.543203693536502641e+01 3.224465779290170531e+00 -2.860707829036946137e+01 2.410632917015960075e+01 -4.938230467439718296e+01 -5.757555795893485318e+00 -1.290443293189415641e+01 -1.162800842139348667e+01 -1.834330127569949287e+00 -1.182639339156499503e+01 1.007829018712708979e+01 8.460451631515134068e+03
-3.580939280244416523e+01 1.712195757146773900e+01 -4.136585210864016204e+01 -1.051170958170815339e+01 -1.702570286168602109e+01 1.269301780655928624e+01 -4.193479852943809050e+01 -2.403494179748339121e+01 -9.429963010585655780e+00 -1.679243974055674471e+01 4.293643607674919593e+00 -1.323487722923380794e+01 1.218029143561862782e+01 6.897163901828445887e+03
-3.567339880828737364e+01 2.010088290794768895e+01 -3.813600802364189946e+01 -4.122462892054493011e+00 -5.455575778532590014e+00 2.856803141798908996e+01 -3.515397818445782008e+01 -2.270793851254645901e+01 -9.696516657822293439e+00 -9.022028849560266295e+00 -3.482835933598917411e+00 5.236617712759382037e+00 3.101146933229434310e+01 6.922018045562747830e+03
-4.172210270814763788e+01 1.944460087071601251e+01 -5.160238657070997448e+01 -9.148061081805776151e-01 -3.348700206036496496e+01 3.143244923109196876e+01 -3.437985208726252750e+01 -2.836455555368897308e+01 -3.149883265212219641e+01 -1.520253090700421161e+01 -4.134673064181142443e+00 -2.512696696843413591e+01 8.474411908668855631e+00 1.082193899237869482e+04
-4.630854894116335174e+01 2.780506772568059226e+00 -3.355130393822504686e+01 1.235307487089977130e+01 -9.848279159476641453e+00 3.073894194942247182e+01 -2.851673303816080196e+00 -1.642246368591472461e+01 -2.306748536741605804e+01 -2.531384376263468994e+01 -7.036361951678214766e+00 -7.232258112815595830e+00 3.535774686320444449e+00 6.037419103162330430e+03
-4.649275141472738682e+01 -4.166733264135013548e-01 -3.344087199689179357e+01 1.729577336089144879e+01 -5.759276494990495543e+00 4.540364280492983795e+01 -1.748012909972252515e+01 -1.169619350666075519e+01 -3.083991875577025255e+01 -1.487190318281662726e+01 -9.800289566780266526e+00 -1.187288627677394004e+01 1.724572790482649509e+01 7.822901476670873308e+03
-4.421639935968403279e+01 -1.258944099198602729e+00 -4.090049954661138543e+01 2.040295729997774998e+01 -1.102884453777966911e+01 4.167781328985968514e+01 -3.719957607758740892e+01 -1.868856965381897339e+01 -2.256761124063517343e+01 -1.235412846199016634e+01 -9.581458046257354866e+00 -3.033548915448469074e+01 1.232753271336279255e+01 9.463488941344694467e+03
-4.250641974979942006e+01 -4.407389320518234399e+00 -3.017445082317152583e+01 2.377394857497195346e+01 3.490617468990233063e-01 3.420120496177962366e+01 -4.403907453211345313e+01 -9.028228836540730384e+00 -2.245027994276119188e+01 -1.064081364421143405e+01 -1.819422825581334635e+01 -4.044703421331683479e-01 2.453751584425040733e+01 8.043237386813283592e+03
-4.680973618865338892e+01 -1.014832679299516371e+01 -2.237500675382614190e+01 3.502631667002115279e+01 -1.536858497138623747e+01 3.159466629214969657e+01 -4.069891242899412021e+01 9.908342926346493940e+00 -4.174704125119106379e+01 -1.237060470204034202e+00 -1.234761981833503341e+01 -4.528625851134195912e+00 9.341376550327987971e+00 9.015196055003458241e+03
-5.149573258121044006e+01 -1.312548621858672071e+01 -2.554959741782458238e+01 3.784995872896904956e+01 -2.920228060449767238e+00 3.091859033220002928e+01 -2.195922665691851705e+01 6.537864642776805901e+00 -1.872097673531639117e+01 8.149931467952972852e+00 -1.098739971357592893e+01 1.970675991356007239e+00 -8.574875727660099756e+00 7.013959798990257696e+03
-5.268820843236109397e+01 -1.861133286770425599e+01 -3.449660663195597721e+01 2.954697600842344940e+01 -2.020998944847860912e+01 1.955225458537816863e+01 -2.528778603683644377e+01 -4.710607515801894074e+00 -1.088017942797679360e+01 1.229892777198345666e+00 3.882653385816988156e-01 -1.206929895831335742e+01 -9.033035126368096357e+00 6.985170349519346018e+03
-5.382854295007020085e+01 -1.726786849688912895e+01 -3.643428310767691869e+01 3.116270528583563504e+01 -7.619002253527721535e+00 2.650212601595972117e+01 -1.876501730435271353e+00 -4.702652559036788915e+00 -5.645855955642144153e+00 1.995746955814403423e+00 2.867821440078861084e+00 -1.481890008152690719e+01 -4.002832048245929641e+00 6.560016142624440363e+03
-5.576937577791585454e+01 -1.371420800106807292e+01 -4.034345839854543669e+01 3.386187311041326353e+01 -1.225561674888629682e+01 3.049096787445164480e+01 3.880769675600027835e+00 1.251303314826969348e+01 7.681419335454546804e+00 2.956807245237002668e+00 -7.498990506784591371e-03 -2.794804835103759189e+01 2.438011821591979267e+00 8.178843774118617148e+03
-5.619058068147398188e+01 -9.445404629670752783e+00 -3.887354488074070957e+01 3.883594731122199306e+01 -1.215555392708930427e+01 3.159081491141048303e+01 -1.090495932806935109e+01 7.719298643826330242e+00 3.287757453251675788e+00 2.027696424371601136e+00 1.769680463894226463e+01 -2.232789488380394616e+01 -1.258805195616390593e+00 8.418440385387631977e+03
-5.636908704460397956e+01 -1.199252655915801924e+01 -4.025533106894285851e+01 3.088593933773388045e+01 -1.582192156017778117e+01 1.654628423048655250e+01 -1.253373591871210024e+01 -1.241888638040097081e+00 -4.040746002623542665e+00 4.116515756045106222e+00 5.843257426161014401e+00 -1.733308170728978936e+01 7.917774940818287810e+00 7.009021011981302763e+03
-5.614129973857926359e+01 -1.249384201574215858e+01 -3.594739217057962577e+01 3.610923713482938524e+01 -1.475991784657654726e+01 2.481054124125450500e+01 -3.028217697304942746e+01 -7.675603663100415419e-01 -1.582285597874050254e+01 8.202584832612494381e+00 -1.954665928803414332e-01 -8.540443817876331778e+00 -9.763811869394531939e+00 8.141005736917141803e+03
-4.379727766385051524e+01 -1.884352572477840582e+01 -4.072485136134149997e+01 4.100181617412508750e+00 -1.556442043538410758e+01 4.490966832636382122e+01 -3.620980834523098224e+01 8.615068001705484591e+00 -3.190998844753627850e+01 1.770078603412462925e+01 -2.077685767974220710e+01 4.655694715336175626e+00 1.747391982920708076e+00 9.381075985966113876e+03
-4.254293586868462995e+01 -1.047461446291372056e+01 -2.192749571297800060e+01 2.149460886583707975e+01 -1.696489670430948493e+01 3.508655785343656675e+01 -3.275821800952546425e+01 4.139921233243382126e+00 -2.432669879357362319e+01 5.615793958263259000e+00 -3.595023348544162722e+00 1.637763722219936469e+01 4.188021926120073068e+00 6.393582413666317734e+03
-3.766698709170535153e+01 7.834262782282133131e+00 -3.456534803123152955e+01 4.707034310961961232e+00 -3.888847743956388658e+00 2.049454240980346853e+01 -3.277663321100946092e+01 -2.065928260494165869e+01 -2.100981004749251113e+01 -2.382382040898464126e+01 -8.789795396508898406e+00 2.359962167715893067e+00 2.952296751655713791e+01 6.596782166836583201e+03
-3.353911272671447819e+01 8.694851830183562669e+00 -3.607016049633600119e+01 -5.895934482373144547e+00 1.211923902619104432e+01 1.418383856198192916e+01 -3.093134681089588156e+01 -1.689346012847833833e+01 -8.815686088138626531e+00 -2.165038688957321256e+01 -5.082368782920448247e+00 1.428941670112082463e+01 2.974143676609365983e+01 5.787512030758933179e+03
-3.361466845842975459e+01 1.062319798238410762e+01 -4.602012085800964769e+01 -1.052659134598111379e+01 -3.428600999860688336e+00 8.985131936139826081e+00 -4.497573728917662805e+01 -1.498566098233124322e+01 -9.012869807081145268e+00 -2.223791453462230905e+01 -3.946607580751444022e+00 5.590380784253784263e+00 2.238515851341692553e+01 6.935013855991425771e+03
-3.143785639778873175e+01 1.312442191344953457e+01 -3.730062827616765020e+01 -6.562275770177019574e+00 6.916036932998478548e+00 1.420899330402081873e+01 -3.108897614159877421e+01 -5.093497576920681169e+00 6.787686446446261179e+00 -1.493758921903568826e+01 -2.310375707686652902e+00 1.779572162841869698e+01 2.797698771154990993e+01 5.211126455773186535e+03
-3.122189916340894200e+01 9.779433160441959316e+00 -3.342703422192369089e+01 -6.693951309835463270e+00 7.546054086677727923e+00 1.064910438834769302e+01 -2.371419839743808566e+01 6.532971570928376714e-02 6.457281529775279694e+00 -8.146699259746887023e+00 -1.271376369879861246e+00 1.685169666691747636e+01 2.772573133517063937e+01 4.127711181560821387e+03
-3.389265631414155422e+01 1.224680392173787347e+01 -3.748011559401756188e+01 -6.222200135374690078e+00 -5.201961967608147219e+00 2.157146382102461857e+01 -2.976535518988461249e+01 4.614289241246830819e+00 -3.283070319891563393e-01 -2.104758294872747015e+00 -7.739901223181476553e+00 1.241570032125887835e+01 2.982472470674602860e+01 5.249935374499870704e+03
-3.483681545995136730e+01 1.128100299780665061e+01 -3.749867620733633800e+01 -9.666068477310645335e+00 -1.229218108200558568e+01 1.982207209831639716e+01 -4.494541722415453933e+01 5.349854260421521346e+00 -1.888498176864812095e+01 -7.611251947549969366e+00 -1.844220363959613351e+01 1.370014197771647346e+00 1.504806644425139339e+01 6.416181875530975958e+03
-3.516948183984621323e+01 9.488391327949981857e+00 -3.263164345269888855e+01 -1.128837786070472227e+01 -9.194381089986041644e+00 1.431602754036849490e+01 -2.825384160523632104e+01 3.888072458819810118e-01 -6.198360490315623750e+00 -8.277907183978458150e+00 -1.115109886667917216e+01 -3.424532001249289692e-01 7.398938356750055512e+00 3.893241665768603980e+03
-3.816233058163973624e+01 1.561859595665469591e+01 -3.686511728422217260e+01 8.125084071926952589e+00 -1.885947241825615350e+01 4.069282197764824360e+01 -3.981595085881730967e+01 1.645321022386829668e+01 -2.804455808481844414e+01 1.035451055351429517e+01 -1.425287960624595307e+01 8.623578319902060585e+00 8.868357207058627623e+00 8.242832975134228036e+03
-3.849586292233442464e+01 1.080339177343389423e+01 -3.117922946256913619e+01 -1.113872664541225799e+00 1.950641760399347779e+00 2.547534849160900450e+01 -1.865304547326705631e+01 -2.888043671758272257e+00 -1.656742019379599640e+01 -6.370879473633384027e-01 -1.183310553254319153e+01 -6.454681690690744489e-02 9.556034641334489876e+00 4.087334727694641515e+03
-4.034355815719066385e+01 1.432959783530889553e+01 -3.319048708573779294e+01 8.225270112954506274e+00 -1.318817927791995137e+00 2.772880063265649042e+01 -2.894100855941910311e+01 -1.855756408645045852e+01 -1.684302006280830355e+01 -1.132503358806273575e+01 -1.676896875003260234e+01 -1.076948218329578921e+01 6.637330309607792245e+00 5.807972310516912330e+03
-3.995846282208496802e+01 1.193462659185159325e+01 -2.600564999190151028e+01 1.281209289432520571e+01 7.645985590618378680e+00 2.773258739786830773e+01 -5.482898699438712775e+00 -9.983321512445048285e+00 -6.083720062750321844e+00 6.444124240002342408e-01 1.384315745177644663e+00 -6.134107918005954119e+00 1.613469044748406134e+01 3.874142767868826013e+03
-4.409691866530763349e+01 1.475872597027599831e+01 -3.048261987656366401e+01 2.800776637194407215e+01 -1.119400130623549749e+01 3.485036590640488185e+01 -2.015201310196300710e+01 -6.801303877360936667e+00 -1.261260818976072073e+01 -1.013631131314232192e+01 -1.850108005501887254e+00 -1.731229198591626428e+01 1.121272959936812974e+01 6.358884706164679301e+03
-4.637223276382043480e+01 1.831906735147702747e+01 -3.301964205525169405e+01 4.409385006350780145e+01 -1.562831989106003583e+01 3.759952377823501735e+01 -1.773019775131333375e+01 -3.824270496106473516e+00 -8.827763780866115795e+00 -1.920195100098174068e+00 4.772882168638030720e+00 -1.691307279771530503e+01 5.665318770241534629e+00 7.930034938123559186e+03
-4.601849691289945099e+01 9.104278668192842261e+00 -1.809841973147445771e+01 3.251207129483599090e+01 -5.165335251526766314e+00 1.327938585093263768e+01 -1.490620376571554395e+01 -1.381843477917599294e+01 -1.590667744048298538e+01 -1.355793637442526567e+01 -6.670413430227200458e+00 -1.757870420245786391e+01 9.706649923291978510e+00 5.085908687567302877e+03
-4.863518092561341888e+01 6.994044211071580364e+00 -2.230421452347797739e+01 4.059192985985520608e+01 -5.367413217614001475e+00 1.900488239503591004e+01 -1.322418650741223267e+01 -9.808584651617248795e+00 -6.683051075973620136e+00 3.537441596248549036e+00 1.135022735529130911e+00 -1.546882687247871324e+01 -2.078876887673968277e+00 5.522633629764768557e+03
-5.137728206818027132e+01 -9.915051353149063607e-01 -2.562039398800924417e+01 3.477678981300023509e+01 -9.069091820977735807e+00 2.107818606259169414e+01 -1.508270004316844437e+00 5.574507745569599493e+00 -3.992180258285277894e+00 1.992873935917220063e+00 2.290554298158137492e+00 -8.663073199368561461e+00 9.453766191642550831e-01 5.167424525044621078e+03
-5.197321154550064648e+01 -8.957523712757339496e+00 -3.310549624438260707e+01 2.704403525594695878e+01 -2.146935096343969107e+01 2.382118006914127051e+01 -2.696155412115330563e+01 2.289807474520775266e+00 -2.113284022201441203e+01 1.901767144332782777e+01 -5.255862233005211159e+00 9.779133975541336454e-01 1.079362167148341989e+00 7.207370131594631857e+03
-4.703756758826735762e+01 -1.753604255432031778e+01 -3.470617337987837203e+01 1.697753451266023106e+01 -2.634134066339634206e+00 3.759459362601656096e+01 -1.971935929525400155e+01 2.051106799910525424e+01 -2.560360274239641853e+00 2.420347940449383017e+01 2.841389678004389907e+00 9.537092018613153144e+00 1.508795401122748814e+01 7.161689711290858213e+03
-4.326943696528340411e+01 -1.675001978901621413e+01 -2.839821149334357386e+01 1.304840775804302488e+01 -8.722032925783272717e+00 2.346147440205712797e+01 -3.468796954137531685e+01 -1.233709675317921750e+00 -7.684369401898571983e-01 2.145116377410708708e+01 1.072190671282816155e+01 1.502979684432876084e+01 5.915566936564463418e+00 5.797409540725053375e+03
-4.101177968235492699e+01 5.790990150315938223e+00 -2.844362805459947907e+01 8.674182534981973447e+00 -1.376381077986125057e+01 2.562621022023248685e+01 -4.177953570417189866e+01 -1.590599541217646573e+00 -4.596519044192761783e+01 -1.083303424715965058e+01 -1.702642511619854560e+01 1.010087333023024847e+01 1.658902682904748360e+01 8.091263775954268567e+03
-3.859666980493798150e+01 1.301457021020448579e+01 -3.614841411051355635e+01 3.590168185445690163e+00 -1.216740574786542872e+01 3.050171954978105404e+01 -3.900218491102349816e+01 -1.430135390506079318e+01 -1.879264178681145125e+01 -5.207568150897979642e+00 -4.801038966601992364e+00 -3.558809102917443568e+00 2.319313581047697426e+01 6.736697715057593086e+03
-3.369676778337461087e+01 6.694224041643363599e+00 -3.299364792996274076e+01 -1.143125595465829036e+01 2.414918054777355660e+00 1.916171270105367697e+01 -2.646640425521047746e+01 -1.629160013306293919e+01 1.695979086739234809e+00 -5.205237776048628362e+00 2.083373931367022980e+00 2.104841297929101795e+00 1.706807932186192289e+01 4.068490043871084708e+03
-3.482747127368697448e+01 6.558330318762680022e+00 -4.124316808576612914e+01 -2.047827171096554366e+01 -2.090533356923459873e+00 3.530003431223835531e+00 -5.133648230556160996e+01 -3.121801547168812263e+01 -1.685566024767465976e+01 -2.701023760403395357e+01 -1.406046353505674951e+01 -8.354069685416089186e+00 7.502228624692622638e+00 8.340589904627058786e+03
-3.482310232258006977e+01 1.359567448101426557e+01 -3.484321031743487396e+01 -4.757194242470167644e+00 -3.228284905860212994e+00 3.547468132319410472e+01 -4.898200600866073273e+01 -1.599328440536870133e+01 -4.530081192717763550e+00 -1.602845353401416872e+01 1.344711365517172830e+01 -7.521346605205421199e-01 3.264993153497606926e+01 8.082909479113194720e+03
-3.273822695656400583e+01 1.257550777853524693e+01 -3.605784047422422844e+01 -9.671338509356901980e+00 1.058156061550311389e+00 3.849989538165942804e+01 -3.136300061846931087e+01 1.047925553703072721e+00 7.039363485272637000e+00 7.246320231380013466e-01 2.131582752391775060e+01 7.202183303954575955e+00 3.033010570134249306e+01 6.567964131858719156e+03
-2.844261123832007954e+01 1.911825642179805440e+00 -3.060536400739912111e+01 -2.057665551023133332e+01 5.438060156658266919e+00 9.949371084042974545e+00 -2.340260456051488802e+01 -8.592442983366467502e+00 -6.382175565601322376e+00 -6.798531744263804022e+00 8.087532477125980890e+00 8.865463989277937884e+00 1.609751515850197023e+01 3.412885555645977092e+03
-3.484641078988170904e+01 1.567262640205533231e+01 -4.521293582430290314e+01 -6.898339309575239220e+00 -1.220487795076550697e+01 3.208640344850599746e+01 -4.110727918724141716e+01 4.843835771141994928e-01 -5.964489931138831302e+00 -1.282526954023908061e+01 8.941209545345254028e+00 -1.422420781931947875e+00 2.098569869247635467e+01 7.142670313583610550e+03
-3.344611277444843722e+01 8.351803275775290913e+00 -3.820747638869758589e+01 -1.619461468061658138e+01 2.347363365520932721e+00 1.805478157485200796e+01 -3.111813351572174469e+01 -9.223503669770757085e+00 -9.801875247427943805e+00 -1.834267294997080811e+01 3.698489093975656505e+00 5.299212147273770768e-01 1.190579471131954215e+01 4.883606375354755073e+03
-3.561396875491538339e+01 1.189443880624337879e+01 -4.023937511552928470e+01 -3.113540085049217865e+00 3.040326514634085875e+00 2.611403868762313252e+01 -3.411333258405648650e+01 -2.043775174864786948e+01 -6.873708832437076310e+00 -1.083455465526034800e+01 1.383941714505086296e+00 -1.290204003430943214e+00 2.493010220360278240e+01 6.101067009577761382e+03
-3.903492642610195418e+01 1.669743698223611261e+01 -3.785492974845234215e+01 6.392834157642006687e+00 -4.510607390800696059e+00 1.140621561210138424e+01 -2.513580661572026287e+01 -1.363411605652493108e+01 -5.298858170264773015e+00 -1.137473505575713162e+01 -7.459840782314262952e+00 -1.865677577222410122e+01 5.878420541936752564e+00 4.840281976461326849e+03
-3.912909738847235985e+01 1.104143538055279272e+01 -3.340943809925028063e+01 7.026011534959830662e+00 1.134518746411788115e+01 2.568101051454369355e+01 -4.293939935769099492e+00 -2.191624246098603734e+01 -1.446644002409234098e+01 -7.934675453954644020e+00 -7.033212322764847535e+00 -5.177340045560823611e+00 9.740308033265062448e+00 4.548923620958901665e+03
-3.898032463653733970e+01 1.220904165530844665e+01 -3.258389739062273094e+01 8.651532770058782518e+00 9.225921330403505038e+00 1.772268143081265990e+01 -6.435481810224929156e+00 -1.307294895068125307e+01 -7.814226812545597589e+00 -4.811947870902557156e+00 -1.133213952113908363e+01 -1.093133738728359283e+00 1.244090488597101185e+01 3.785219702103924647e+03
-3.953573785585012246e+01 1.793444458670837705e+01 -4.312541779736286429e+01 1.399841905102642237e+01 -4.213242246847858752e+00 3.172928928601926657e+01 -1.618173058078078697e+01 3.975924013630378617e-01 -3.933688884291608456e+00 -1.206648294711526148e+01 -6.647190849585182804e+00 -7.257714709541542852e+00 1.243919367025437062e+01 5.639648986811996110e+03
-3.744659531712431999e+01 1.464688910065033056e+01 -4.027959656181413806e+01 1.962152801685149495e+00 -1.322240886538995408e+00 2.201004442540650885e+01 -1.958480648437721428e+01 -1.308659260026884752e+01 -6.366914060138730846e+00 -1.096821288236293057e+01 -7.578160978418747362e+00 -5.664649986821205907e+00 1.440746346270939071e+01 4.742019806656568107e+03
-3.702524147252862008e+01 1.470015574184896501e+01 -3.953550308097453581e+01 -2.822282958434225719e+00 3.651148611309771308e+00 3.007614213313211593e+01 -2.000455655842451108e+01 2.405203335826643141e+00 1.743853236869410850e+01 9.586496569627940278e-01 1.192240931814803595e+01 -3.645114492130621109e-01 9.094593332492518556e+00 5.011866628645269884e+03
-3.855097977131394060e+01 1.338382798785826289e+01 -4.349187238687068202e+01 -2.940178778121091963e+00 -1.520307137916633167e+01 2.106457640739331438e+01 -4.119714754603204199e+01 -1.133927573846677461e+01 -1.906495407811553244e+00 -1.842738210981880798e+01 -7.108988206158113776e+00 -2.191158094067632689e+01 -4.697724261955111835e+00 6.962053248723189427e+03
-3.885821134045026781e+01 1.368189850380909789e+01 -3.870712139995879397e+01 1.128808930392180887e+00 -8.757629895660384634e+00 2.666994406736224477e+01 -2.706939163965380146e+01 2.406737583162350258e-01 1.123549677619495668e+01 -5.253709781939695844e+00 1.026406648817640743e+01 -1.195801217666793903e+01 1.434434899715222578e+01 5.325405595988491768e+03
-3.910294792284457799e+01 1.209831521500962381e+01 -3.531297035902476011e+01 1.656751978410477388e+00 -7.129902671420122573e+00 1.647768632624109131e+01 -2.365788217761033607e+01 -1.052615190932055356e+00 5.537582310507738192e+00 -4.582326026931655250e+00 5.900675881805174328e+00 -1.080230476549526131e+01 8.143243537031866097e+00 4.077796225708460497e+03
-4.084548634889116414e+01 1.483421393759500084e+01 -3.863345182062053595e+01 1.234527376315231528e+01 -1.686088656198564806e+01 2.704158510771212320e+01 -3.418356818292999577e+01 1.723648608988080477e+00 3.999495131635376621e-01 -8.039905297898354064e+00 1.239309945618419029e+01 -2.063608731418822373e+01 8.812712452383669515e+00 6.442282112475578288e+03
-4.165993973795499272e+01 1.449947078568045100e+01 -3.156318606178788144e+01 1.183871888714960363e+01 -1.654905245876815911e+01 2.056005556700964476e+01 -2.779152319710316377e+01 9.212997945441356307e-02 -2.006844457708343299e+00 -2.621529372811026715e+00 7.201307463411457555e+00 -1.237282858756717729e+01 4.315038981101293913e+00 4.785604601822932636e+03
-4.112448405418626862e+01 8.689788050911849027e+00 -2.211744059742969171e+01 1.335848732023569418e+01 -2.165121451133865449e+01 2.088787560556765754e+01 -2.727284340986047440e+01 1.117153873683668053e+01 -2.080060957055954418e+01 1.098226473259464520e+01 -3.832038851125673329e+00 -3.667991498988498300e+00 1.181917980283056613e+00 4.790866780364553961e+03
-4.251126782880628951e+01 8.109298533887368876e+00 -1.405601082461838125e+01 1.722501517249678571e+01 -2.207776998299432236e+01 1.590124265281930072e+01 -1.688720688232324818e+01 1.264389509189591188e+01 -1.729374250311674288e+01 6.161254949464920472e+00 8.541415465851903699e-01 -3.310701086658039305e+00 -2.620690093658935904e+00 3.908157396176058228e+03
-4.543246529159269897e+01 8.609222545347162026e+00 -1.574605070550351194e+01 3.484033428912329811e+01 -1.832461838844343305e+01 1.374282313425168134e+01 -3.265741337741121697e+01 6.599372006293784843e+00 -7.574045061227842268e+00 9.005190800030373310e+00 8.732805075269622463e+00 -2.091763172804586191e+01 -8.232184831283992921e+00 5.954767496290900453e+03
-4.707103589045411240e+01 1.018523493295691029e+00 -1.924039925796527939e+01 3.774855591431007440e+01 -1.236081390217247211e+01 2.051884315458732289e+01 -2.894538731094046113e+01 -5.531666729595235310e+00 -1.750100059452694623e+01 -5.997551852210838419e+00 1.270754734211151771e+01 -3.525552886455876944e+01 -1.558724571533331904e+01 7.443765629234389053e+03
-4.673287864857785223e+01 -9.258112099198456235e+00 -1.719506814201111666e+01 3.450305612995789062e+01 -9.805871527036330804e+00 4.606572618387077256e+01 -2.432757182908953908e+01 1.625686264791112734e+01 -8.756087612938859621e+00 -8.621644452528705926e+00 9.457300417206768728e+00 -2.845137331751240595e+01 -5.110901835358971468e+00 7.906172732399829329e+03
-4.713216764518407587e+01 -1.997949199170705015e+01 -2.906557626516275050e+01 2.512519604573162724e+01 -2.373072023088027294e+01 4.516614359663660139e+01 -3.927334846706818183e+01 2.174342694938336962e+01 -1.988366624768214663e+01 1.632589605831523460e+00 -2.124179314457140144e+00 -1.553259164427216099e+01 -5.754353618496328870e+00 9.391916311314773338e+03
-4.491272170424797849e+01 -2.708008657313735412e+01 -2.880126120429303782e+01 1.094908116339106741e+01 -2.094851931520853583e+01 4.637978258161623302e+01 -2.544479412077212288e+01 2.507962001075625125e+01 -4.482355230493320519e+00 -5.134460814889966862e+00 1.700794431337427914e+00 -2.283045958727004177e+01 -1.286590090279680609e+01 8.302336455498541909e+03
-4.377546964814064978e+01 -2.746151842176730185e+01 -3.300504396512957328e+01 -3.865950362424633635e+00 -2.437313323095996864e+01 4.894491105358132188e+01 -2.931964251794229881e+01 8.323389992872039400e+00 -3.490456841159150780e+00 -1.259343055830795066e+01 1.139954720910295016e+01 -1.723518941273608007e+01 -6.246832911188558768e+00 8.330081570452384767e+03
-4.492102674148390662e+01 -2.385847479275638250e+01 -3.633549462205181868e+01 -3.574688971150379757e+00 -2.825694949668255518e+01 5.296689944622409740e+01 -2.706539138387311638e+01 9.031193956049047955e+00 -2.257422319836380709e+01 -2.326012200571769739e+01 -3.960125289000236748e+00 -1.138620669716640066e+01 -9.775184300864573572e+00 9.629728892555282073e+03
-4.426551983450123373e+01 -1.822392299480905820e+01 -3.338705149226871782e+01 4.483126724883949699e+00 -2.556800580304769710e+01 5.332207969750353982e+01 -2.106714903589280041e+01 1.968399613496938727e+01 1.886448555614461675e+00 -4.928894596631594460e+00 1.995777084901247633e+01 -1.656238992730978765e+01 4.085269841457698448e+00 8.471760321612886401e+03
-4.293255460136052903e+01 -1.084232565783103119e+01 -3.355623523952815646e+01 8.005890510379677139e+00 -2.665414273513878385e+01 4.947272208058379306e+01 -2.156732189657379806e+01 3.260323042936690996e+01 -7.849474710401532107e+00 6.462909976745245366e+00 5.706409022412948673e+00 -8.449437506407715404e+00 7.710157787603983515e+00 8.103775129624927104e+03
-4.506628479683375588e+01 -1.476010853846576509e+01 -3.779716859853670741e+01 4.580523286335576039e+00 -1.803719756340246150e+01 3.812859052969080409e+01 -1.733685327592444736e+01 1.897290540598597275e+01 -1.570211321853730269e+01 -1.088866212621929286e+01 2.276512390447128276e+00 -1.892585899960829465e+01 8.271550822318205931e+00 6.935014032846786904e+03
-4.743815672580828391e+01 -1.469111013665543908e+01 -3.217685473425634513e+01 1.375164698364624094e+01 -1.247745250010200557e+01 2.313240763304091274e+01 -2.412983110714525026e+01 3.914396941003254415e+00 -9.922698080810528509e+00 -9.377734308067866564e+00 1.863930661928365495e+01 -2.999908435304761145e+00 1.291980717473588314e+01 5.688778019662388033e+03
-4.419202192271936269e+01 1.416058045951836153e+00 -2.705934758108340077e+01 1.790599930484509628e+01 -1.917885720516662573e+01 2.363731874513664621e+01 -2.116954105167350519e+01 -4.112253477470027896e+00 -2.124428588573052323e+01 -5.422971592555891007e+00 5.506903385682409002e+00 -2.229419667684021533e+01 3.837115238433383535e+00 5.422193570189633647e+03
-4.062531326122123687e+01 1.571229469318326366e+01 -2.772657536929410682e+01 1.133874650769258530e+01 -3.061995118511421410e+01 2.502210165994539182e+01 -2.555914638389747040e+01 6.868462794498613633e+00 -9.605333578996166466e+00 -3.105870401881468013e+00 1.266966218597081451e+01 -1.562984417708501539e+01 1.796500242756133048e+01 5.888217708510916964e+03
-3.547618278192951635e+01 1.031557974422661417e+01 -1.965814062118688810e+01 -4.758962063811686960e+00 -1.900775277936535446e+01 1.177229320546929969e+01 -1.675606743230369489e+01 -6.220835399589795145e+00 -8.477948531684678102e+00 -1.332199084479007478e+00 5.848834599847210214e+00 -1.328100941419657488e+01 1.595139563126845772e+01 3.132098550273415640e+03
-3.696145824187157558e+01 2.161369226903849494e+01 -3.151602859589359440e+01 3.319613399776002005e+00 -2.712380841644381491e+01 3.240666137564262073e+01 -3.055658963046150589e+01 1.690449721499666769e+00 -1.356112876116614885e+01 5.491737935610770727e+00 1.488423481797957848e+01 -1.411236618818163535e+01 2.411166963169465305e+01 6.776171791884754384e+03
-3.571707777225927316e+01 2.184352948584402299e+01 -3.239252471734933181e+01 3.148908496081366248e+00 -1.851170870151814185e+01 3.343089904098313525e+01 -2.956643242005493377e+01 -4.036159807122864152e+00 -1.298671473467390669e+01 -3.236136153764815226e+00 1.785139400526892928e+01 -9.575822206824195604e+00 2.725802687285728609e+01 6.495309593720883640e+03
-3.649144049586710281e+01 2.111487362386409572e+01 -4.220657091118279425e+01 7.148031770500307136e-01 -2.610158379974997800e+01 3.124457512693010131e+01 -3.873948462388020175e+01 -1.378071891730132315e+01 -1.598403286066164419e+01 -1.699217321984428608e+01 1.570438550289976476e+01 -1.808843128370636322e+01 2.515371232218521413e+01 8.658292294937262341e+03
-3.560331261245700318e+01 1.688217205391712739e+01 -3.815028228230242746e+01 -8.898909304191167102e-01 -5.584619587726590950e+00 3.114029643759385380e+01 -3.320321884034294868e+01 -2.194592822308726099e+01 -1.527836946478396385e+01 -1.546965569170827415e+01 6.805207341995746617e+00 -6.929044542617724289e+00 2.519838136832091280e+01 6.795842840966166477e+03
-4.056286486947393399e+01 5.822590155347998397e+00 -3.337457836308499992e+01 -2.914889380529303686e+00 -3.014914221490221813e+00 1.907741178126035209e+01 -1.682966992957242169e+01 -3.398224676924758825e+01 -2.213645889825366808e+01 -8.739670459841230254e+00 4.042965722237112480e+00 -9.666278394834268539e+00 1.161659905828000827e+00 5.290212472885017633e+03
-4.540681301376242374e+01 8.931954568246569082e+00 -4.476532791239496589e+01 2.078604936685327687e+01 -1.376579458554900448e+01 3.307171322852080664e+01 -7.146853782965376212e+00 -2.587571518993140529e+01 -2.352162524668409915e+01 -2.130701746637526028e+01 4.518247092054228808e+00 -1.693932095293646967e+01 5.182083178329278894e+00 7.922883368644535949e+03
-4.202664404339406445e+01 1.003113309604782266e+01 -3.800487881374291277e+01 1.120595478502202802e+01 -7.190076129106420133e+00 4.065697332685159182e+01 -5.814750525909718526e+00 -2.580405380735210130e+01 -3.311235798786876217e+01 -1.397113562532579856e+01 -5.522126241523029888e-01 -1.278795254975786477e+01 1.011304851579586028e+01 7.398885170103972087e+03
-3.849772188741913936e+01 8.758393235026376900e+00 -2.844964866185318186e+01 -2.391703261468715036e-01 4.478462941076526427e+00 3.057255432957369834e+01 -9.550243626285253029e+00 -3.103788685672987668e+01 -2.690824362101579581e+01 -6.266349225622738217e+00 8.360911909496968164e+00 -8.671793690536485855e+00 1.282538252951975721e+01 5.450435034593624550e+03
-3.880904850551386431e+01 1.705483231886811879e+01 -3.580995998658998047e+01 6.461050428319881966e+00 -9.925518857555504226e+00 3.734084776546197304e+01 -1.678063909236331952e+01 -2.407058970474752968e+01 -1.809886873978924626e+01 -4.230861490898821131e+00 1.089028766877903998e+01 -1.773286199873847480e+01 1.175293209634742375e+01 6.391599343375759418e+03
-3.712490382418226176e+01 1.370572763296313390e+01 -3.875820835779135365e+01 2.430594082795717981e+00 -1.747489055490748067e+00 2.387680630555158245e+01 -1.607199078542528170e+01 -2.261561160633819512e+01 -1.561079716280577045e+01 -1.627345317303093708e+01 2.460753489730331367e+00 -1.580568600427502801e+01 7.478468694899155444e+00 5.237467108149099658e+03
-3.544296325244338419e+01 1.301296768329221898e+01 -2.974819632907936651e+01 -3.491637317219832504e+00 5.054298091770631274e+00 2.141670218396630787e+01 -1.041637103458169911e+01 -1.078911972068080694e+01 -4.024496437920319636e+00 -5.720057412609437897e+00 1.923958057780522646e+00 -8.871730944688723142e+00 9.172254755358636658e+00 3.247269749785979002e+03
-3.907094454685677931e+01 1.540769850364388915e+01 -3.414878077415437474e+01 5.715667977866934812e+00 -8.608487008145873531e+00 3.586013774770499651e+01 -2.593877824288311729e+01 -1.111884302269348623e+01 -2.051711471916412677e+01 -2.002879493653089682e+01 1.016683766111627207e+01 -1.765797423391264687e+01 1.461630187880125931e+01 6.570157930201988165e+03
-4.118348674432962042e+01 1.430158919866025791e+01 -3.439475737920516707e+01 1.471920038827269828e+01 -1.903953054147084600e+01 3.574623976251491797e+01 -2.588457503545933136e+01 -1.207072562912413183e+01 -3.056168372768622987e+01 -1.733693954269943660e+01 7.365060728299696713e+00 -1.241940222873910926e+01 1.267879312587531615e+01 7.360103703008679076e+03
-4.312287029919676229e+01 1.260379053478386346e+01 -3.384698879754528633e+01 2.547028169257904295e+01 -1.272928384259920875e+01 4.649445620681607494e+01 -2.584075224957750549e+01 -2.123393352914905208e+01 -3.206127137912341141e+01 -2.238255997838607669e+01 1.210851009462718153e+01 -9.597870832020038989e+00 1.739211066653172821e+01 9.325309682192460969e+03
-4.332025778816478123e+01 1.823781731761844327e+00 -2.790415315100273830e+01 2.070658482684351753e+01 -3.403649774054243959e+00 2.489089286330434803e+01 -2.793986572953292580e+01 -2.296189291482667372e+01 -2.772051094923640235e+01 -1.516040581198024029e+01 3.536394798229699266e+00 -1.492166579376990043e+01 3.149513440016175281e+00 6.269747600246663751e+03
-4.394183272840459864e+01 -4.414507267054715633e+00 -3.686517678696981903e+01 2.460561416971360771e+01 -5.308979204681048891e+00 3.491241093874836565e+01 -3.264711689398480132e+01 -1.776337349370334096e+01 -7.593799732340853481e+00 -2.726641634996884633e+01 3.475678928883818131e+00 -2.729116888516099593e+01 -5.175715030037793873e+00 8.128082947415374292e+03
-4.217559616265661759e+01 -1.670225803269807940e+01 -4.307768065980821603e+01 1.873030003990572823e+01 1.178901834703506069e+01 5.164800458975808084e+01 -2.162814085976557976e+01 -1.158348934034769329e+01 3.784463582478718280e+00 -9.549691328432171389e+00 9.178247576495843774e+00 -1.144754448546107284e+01 -3.293351222342363105e+00 8.004359514389047945e+03
-3.620568857333039858e+01 -1.261821803665004005e+01 -3.086563428748351257e+01 6.595152784404352708e+00 -4.741911380935470710e+00 3.453699856918284183e+01 -2.973794533641516935e+01 -7.855350864233512809e+00 2.122162364847285332e+01 -1.471455622842175615e+01 -9.757314044889996429e-01 -2.423583474518027359e+00 3.137484854329492201e+00 5.311141750571575358e+03
-3.991570303150298571e+01 -2.062183604455759678e+01 -4.893775522143364753e+01 1.339668402227836985e+01 -9.774973436938092064e+00 4.494992738849346381e+01 -3.380051229945600966e+01 -1.792787966863425453e+01 2.292607258791607094e+01 -2.472304124098139155e+01 2.912020771764777027e+00 -1.246643195596374820e+00 1.460625966084197813e+00 9.321829063250643230e+03
-3.815103447937027425e+01 -1.886812109222328004e+01 -4.330043777197595034e+01 1.703950564355570307e+01 6.603341767415413788e-01 4.015595896758563299e+01 -3.859800128669145636e+01 -1.470364588640203429e+01 2.618794803608586363e+01 -4.051693563219131988e+00 5.696215758145857677e+00 1.715964742455477143e+00 9.965784958144915606e+00 8.132653198593618072e+03
-3.812986455534164065e+01 -2.697790486610842109e+01 -4.223657164222834126e+01 4.731540609683075438e+00 5.182107288574718806e-01 4.211522111248439870e+01 -3.008673920097923116e+01 -5.370910745214201754e+00 3.087807277744916590e+01 -4.338240976397181647e+00 1.724401890202802878e+00 8.742711561953489863e+00 1.125871374190147733e+01 7.874471247972685887e+03
-3.929101752922212398e+01 -2.122066674967933153e+01 -5.328592490300641060e+01 2.717125849336490617e+01 -1.479685863889181796e+01 5.444279541423788515e+01 -4.947063335134566842e+01 -8.149224793084549390e+00 1.467478192580273522e+01 2.885259356053783364e+00 7.001345504627182192e-01 6.479227727275846505e+00 1.379568728859826265e+01 1.172495177788909496e+04
-3.877716386118637359e+01 -2.192793718219131804e+01 -4.397477818183539711e+01 2.398472081881563511e+01 -5.947097084992863714e+00 5.004645118685046157e+01 -3.320785431567556856e+01 -7.729468212185928166e+00 2.072798111479713157e+01 2.809150326244387319e+00 3.484185860815161906e+00 -8.562282647360672794e-01 6.132750409910050493e-01 8.646861633192809677e+03
-4.212165549430932288e+01 -3.275924851596021625e+01 -5.519328288847554376e+01 8.859219553548822290e+00 -8.238911873985008683e+00 4.755449605984553330e+01 -3.748199174108550835e+01 -1.590403231700127584e+01 1.602010492826483201e+01 -1.210968780735490036e+01 -1.508046590831134992e+01 -2.646820025170975299e+01 -6.106513258568265101e+00 1.132789806666680124e+04
-4.127078071798910486e+01 -2.648632707899438543e+01 -5.547488063093940269e+01 2.059416675774491523e+01 -1.717194406974329368e+01 5.533297561917319030e+01 -3.181943942088126676e+01 -5.597493620347260723e+00 2.387463587729284953e+01 -5.111693173045892991e+00 -5.312188792192645614e+00 1.284972304184426761e+00 1.346459490665443459e+00 1.093461856468106453e+04
-4.150134372938684635e+01 -2.393114594072310197e+01 -4.758601101156982338e+01 1.486963297621769264e+01 -1.042861773205006060e+01 5.035582214634108311e+01 -2.706176965170281079e+01 -1.373091121639355805e+01 2.043421443445623353e+01 -2.065205177578750995e+00 6.231482817289644593e+00 1.394302139562009213e+00 1.645785963551976039e+01 9.079396689890909329e+03
-4.083636948244810583e+01 -1.604793505332867909e+01 -4.322123805853899370e+01 1.446463600501398972e+01 -9.756720168337215782e+00 4.238541655480305081e+01 -3.257865269199335501e+01 -1.579252114499852411e+01 1.292120448811920852e+01 -8.590765611775731614e+00 1.238148399419030987e+01 -2.851955294525460705e+00 6.042992025116029176e+00 7.643647193097722266e+03
-4.273560173560803577e+01 -2.060194618231243879e+01 -4.152242210045179860e+01 5.095018923752230755e+00 5.905894324965956343e+00 3.603158307516472547e+01 -1.696878147693796635e+01 -9.369277026359013050e+00 1.440730680459998680e+01 -3.822922492056990418e+00 -4.849762617941906662e+00 -1.177639265933393631e+01 -1.532810006823457805e+00 6.096458414390145663e+03
-4.512498757307776742e+01 -2.628453578786690489e-02 -4.814317882569516627e+01 1.646860178536499930e+01 -2.635056675352590361e+01 2.915422538043399925e+01 -3.559836586739839959e+01 -7.417573479496965660e+00 1.285258176036638611e+00 -7.443392037467613243e+00 1.732081599449156961e+00 -1.509356216110372806e+01 6.189695688549551100e+00 7.818015012770701105e+03
-4.014952556976164288e+01 1.059410814043995153e+01 -4.274814862343914257e+01 2.000210332744311970e+01 -5.669409929021636430e+00 3.198900041749008238e+01 -3.386690327402423151e+01 -3.095010519229333923e+01 -1.892281965040060498e+01 -8.273318374073140191e+00 2.479518158141939654e+00 -1.504899357761608059e+01 2.365949729682101932e+00 7.776761221020671655e+03
-3.624995415019495226e+01 9.863100405420592409e+00 -3.586147880481886574e+01 9.467901085169337649e-02 2.344754722269484226e+00 2.021063722983707578e+01 -1.734061245770355697e+01 -2.209378232782003693e+01 -1.499016884885678991e+01 -5.003550277603250329e+00 1.611295139939555554e+01 -2.332936289910106709e+00 -1.587423448317119457e+00 4.417524726817321607e+03
-3.736597409472926046e+01 9.125339573052466235e+00 -4.341565909596872785e+01 5.667217130625194166e+00 5.237252975775481545e+00 2.555363195529221443e+01 -3.452960343092577489e+01 -3.814880439151102820e+01 -1.831558906449141944e+01 -9.576322021200956769e+00 8.538564069172071669e+00 -5.146495940163649863e+00 2.583304201532466760e+00 7.257800065208280103e+03
-3.776802352587332479e+01 1.705518672055643492e+01 -4.379904082331773196e+01 6.414665142501832840e+00 7.457040867631897108e+00 3.816314899152619233e+01 -1.952497938833847613e+01 -2.446007545233078773e+01 -1.700263817980358283e+01 -2.862171709272597564e+00 -1.209580695513938320e+00 -1.203845585476183899e+01 1.395860431384433831e+01 6.806872282939920296e+03
-3.884216826032663050e+01 1.077580092369343667e+01 -3.772109427552572924e+01 -2.430697813228183790e+00 9.303760707035827693e+00 2.290002629316669669e+01 -1.897983379749382493e+01 -3.183542170234458979e+01 -2.036736340168329917e+01 2.905075083442018702e+00 2.469096009027947236e+00 -9.095579399200767412e+00 7.738849078708727625e+00 5.610305237329698684e+03
-4.260066029588835335e+01 1.640930519904906504e+01 -4.867871435817286141e+01 1.607545433604714447e+01 -1.279929654264563510e+01 4.108281114138867451e+01 -3.106712825515329257e+01 -3.031931340803657093e+01 -3.030909505773421131e+01 -1.189288077564101620e+01 9.289464566681049362e+00 -1.072941499174507740e+01 7.416351560255328934e+00 9.764664230087006217e+03
-4.477850562456013961e+01 1.817799210225488338e+01 -5.481381639739858258e+01 1.280804105542676297e+01 -2.212645021130541778e+01 3.962023339024580082e+01 -3.473248915071184229e+01 -3.380495333215178988e+01 -4.671907286781502933e+01 -1.596758789381357246e+01 1.127949353193922910e+01 -1.598680141246029862e+01 8.342974865942226259e+00 1.280266336793494520e+04
-4.217301905386623417e+01 1.404283831354063139e+01 -4.245381436412850462e+01 4.797989977083297219e+00 -6.963787584768557082e+00 3.256238998409637020e+01 -2.225156548488914154e+01 -3.598376401919789913e+01 -4.191644369194646913e+01 -2.116012735064612471e+01 1.744160666613423416e+01 -7.692285976693895577e+00 5.815925041712558752e+00 9.301824056431751160e+03
-3.933963221465266002e+01 9.108519115637385255e+00 -3.199895554489874172e+01 -3.000510204349617460e+00 -2.637133752328839176e+00 2.230706062944133450e+01 -1.674234090102827111e+01 -3.498746943453240021e+01 -3.301668404786197186e+01 -1.240495234168721339e+01 1.326337952974036405e+01 -1.138928436304730951e+01 6.263522893363426824e+00 6.261345447350558970e+03
-4.138186209485524358e+01 1.485697280516998120e+01 -3.964222838589305553e+01 3.102155283188144264e+00 -1.082348243372323005e+01 3.749257483590822915e+01 -2.906299322685768871e+01 -2.702394253572840555e+01 -3.682192868139814834e+01 -1.524128803975259672e+01 1.118218359189343758e+01 -1.299467730734011539e+01 1.369261777632875798e+01 8.681651718171538960e+03
-3.825414532550870206e+01 1.173965502558666252e+01 -2.793473244181697623e+01 -3.189151779662396269e+00 -1.370567191070802826e+00 2.783665114610634106e+01 -9.966709824784146576e+00 -2.124365742462683215e+01 -8.979653685857792667e+00 3.471927205828018170e+00 9.149568826894675766e+00 -6.358898334976082367e+00 1.025411684278279267e+01 4.041090556154756086e+03
-4.110874810360451193e+01 1.886397213182705812e+01 -4.421041257797123336e+01 1.341091167711698873e+01 -1.688710537534034017e+01 4.694567439306640466e+01 -2.085938569973730949e+01 -2.113862668621715457e+01 -1.732365541874636961e+01 -8.064320702681753161e+00 7.711988122000226653e+00 -1.698134826023180466e+01 2.155548143663797944e+01 8.728839964646698718e+03
-4.006944775085680988e+01 8.813756786281892630e+00 -3.374798873049930847e+01 3.360023884802823879e+00 -1.210205378248903285e+00 2.848794619032339526e+01 -1.606614085291701244e+01 -3.229333229041397857e+01 -2.264497451142174711e+01 -1.615941051448224997e+01 1.036832395529975592e+01 3.988191308837145677e+00 1.693032291375520870e+01 6.131432387452347939e+03
-4.169083192003772353e+01 1.719393351918069612e+01 -3.809471029071540471e+01 2.176126899992533836e+01 -1.676341767669816107e+01 3.649028874734524663e+01 -7.984038569527996287e+00 -1.725208420379362906e+01 -2.212820187177759124e+01 -7.441803369263618961e+00 1.750838364996880614e+01 -1.727444343379262115e+00 1.227616436506156994e+01 6.937718751966956006e+03
-4.091998072603087166e+01 1.434121341490110169e+01 -3.194532740648329039e+01 1.417251950087105961e+01 -1.344998317688952305e+01 2.616044725776163205e+01 4.220754756959734233e-01 -1.800663851097300849e+01 -2.198812529132498028e+01 -4.817966609819422708e+00 1.022353592946537937e+01 -2.565759853573122307e+00 8.715943645110790783e+00 4.984929643529605528e+03
-4.375558758288661210e+01 1.302285229636457586e+01 -3.372370473252583167e+01 2.194769209400174148e+01 -2.056647828588599580e+01 2.129964159646393540e+01 3.264748797115504253e+00 -1.197477926078143895e+01 -2.033233742080248874e+01 -1.753237094659297668e+01 5.836306234578579222e+00 -7.805679427666298409e+00 8.357106980204747515e+00 5.619464574942790023e+03
-4.861392834048106693e+01 6.159556821993215081e+00 -3.121121254814849522e+01 3.762009592933471680e+01 -2.326949679313269925e+01 7.173955531035344002e+00 -1.235934263035970204e+01 -1.087509779146073008e+01 -1.178047819679463615e+01 -9.769886816275018759e+00 8.929429980261968325e+00 -1.259394628456729492e+01 -3.375565365451716815e+00 6.138588795865569409e+03
-5.173750121553668180e+01 -8.125886793213601411e-01 -3.173921366931917731e+01 3.934036640624159986e+01 -1.564673905938452059e+01 1.868399018159337510e+00 -2.342436918981833571e+01 -1.420481647020007543e+01 -1.289113692921915089e+01 -8.566558627515195035e-01 5.857523593035751652e+00 -2.886716410787562381e+01 -1.382076325791056703e+01 7.456813200590234374e+03
-5.312102180835425713e+01 -2.212164543907331193e+00 -3.090153894348101105e+01 3.358935081205905249e+01 -2.112961073110156107e+01 8.458306840986621111e+00 -1.150205342469567604e+01 -6.384501221637694179e+00 -8.780732640014706547e+00 7.614815579015562497e-01 1.007223892369581009e+01 -2.770026661526937417e+01 -1.688402476227051707e+01 6.832454899606254003e+03
-5.389644009023275117e+01 -2.211264714170052770e+00 -2.984884312572231480e+01 3.737919876473865344e+01 -1.176278024965997204e+01 1.585673642611583745e+01 -1.727992586789163809e+01 1.933646069688270130e-01 1.275641291049891102e+01 1.888959777114258642e+01 1.956588980987192272e+01 -1.473284407079653846e+01 -3.760702299830732009e+00 7.019872793987265140e+03
-5.457797790336262267e+01 -7.086440743441452028e+00 -3.937143111072349200e+01 1.954788274119715652e+01 -2.476678673044222023e+01 -2.159370605100522145e+00 -3.180035142325358422e+01 -1.629828600593613075e+01 -3.909379400332156251e+00 3.345577276993317639e+00 9.219393595309819389e+00 -2.455135741452097875e+01 -1.233512208252335318e+00 7.571919761676163034e+03
-5.591029606773068394e+01 -5.059437508544886164e+00 -4.058652469001788887e+01 3.209452454568266688e+01 -3.486142281410379695e+01 1.658563748253422077e+01 -2.354437228645053892e+01 4.080130065335539236e+00 3.443521132262037515e-02 1.200671590689903034e+01 1.167007346278825430e+01 -2.562631756068387645e+01 5.024403980116651347e+00 8.852576519905887835e+03
-5.310865707231668154e+01 -5.958905633499411714e+00 -3.181822992636028857e+01 2.611324348198644074e+01 -1.940109985284006910e+01 8.105111421635919910e+00 -1.109996017759980624e+01 7.738506134592450181e+00 4.626117446741018213e+00 1.603020068690881761e+00 2.920221089634368994e+00 -3.613818960401641789e+01 -1.391427959153253724e+01 6.707602604557743689e+03
-4.951149180511637127e+01 -7.189617686020979281e-01 -4.802635373963316567e+01 2.366031071432202992e+01 -2.057528923462962922e+01 3.232369129662776430e+01 -2.201522478675594385e+01 1.241345234051271618e+01 7.930032755200056016e+00 6.019635331842259518e+00 1.310425976310844476e+01 -1.951802517650113344e+01 1.004677713195944477e+01 8.177907241461112790e+03
-5.086529139853888637e+01 -8.313257016743028416e+00 -4.845470984062863806e+01 1.440303515258762701e+01 -2.219897237738912565e+01 2.038610962517615732e+01 -1.526735585722983046e+01 2.340192982862333793e+01 8.233103256170100082e+00 2.231916974352217409e+01 2.352800994671843782e+01 -1.560189651052249005e+01 1.534236646232122192e+00 8.266094389599265924e+03
-4.612631316860436925e+01 -7.960271520728898764e+00 -3.801887928586744891e+01 1.010770921878840412e+01 -1.490253306648038567e+01 7.013021117741998545e+00 -2.606241647764120373e+01 -1.343089254635726171e+01 -1.645071313777628674e+01 -1.933877799280914855e+00 4.430389744528928198e+00 -1.722869392617644735e+01 -4.875936210240282564e-01 5.460569882571605376e+03
-4.103190188401488570e+01 6.819285158776652978e+00 -3.295675229931854489e+01 1.788849830430306653e+01 2.888812023864588685e+00 3.331503386086617979e+01 -8.048489045719048107e+00 -2.559065424252850462e+01 -3.815127377002608000e+01 1.045343557114862376e+00 2.111472251539267475e+01 -1.599422286789465630e+00 1.300985344905392305e+00 6.880856647386463010e+03
-3.867556316184576559e+01 4.527392101636163346e+00 -3.994839528059164024e+01 -4.134721541729576622e+00 3.393816382952226540e+00 2.055095719568038248e+01 -2.734826925588359359e+01 -4.777033656240106296e+01 -3.555713358431066951e+01 -1.780307674307607257e+01 -1.380047204624720081e+01 -2.450490245244198917e+01 -1.506755774817456484e+01 9.192293250377073491e+03
-3.718657140089562319e+01 1.395530174067440221e+01 -4.558835888737136344e+01 -7.710670533913901448e-01 3.579970242435008831e+00 2.726655026148949545e+01 -3.311985362259032684e+01 -2.483326146683321412e+01 -1.798990666152388229e+01 -1.001501149195889617e+01 2.422661545314642950e+00 -1.074828699162148737e+01 -5.208407475638438200e+00 6.698840746356842828e+03
-3.498925011798073825e+01 1.521979929177414093e+01 -3.697785188739398876e+01 -6.054157410172911202e-01 1.358598701181293400e+01 2.486912909011088857e+01 -1.892574187738587455e+01 -2.633935650672686890e+01 -6.872909289867460636e+00 -6.025669690898366682e+00 -1.287775609753608885e-01 -7.842502574840359841e+00 -1.432319600998106512e+00 4.825734551376213858e+03
-3.307901211921252127e+01 1.220538194288493372e+01 -3.138511344801074543e+01 -5.744873145246903512e+00 1.743113417498759787e+01 2.526478991203394386e+01 -1.881025686405057940e+01 -2.390556918582903734e+01 -3.557167555397660053e+00 -6.351278523573652635e+00 9.577680976125375889e-02 2.580681451686433481e-01 4.439985818064795531e+00 4.201458780400484102e+03
-3.711912599065910001e+01 1.939054125469605694e+01 -5.107752503808172406e+01 5.771847491796707752e-01 -5.725734970266877610e+00 2.426174085837756778e+01 -3.792274351554500811e+01 -2.588352791801616348e+01 -1.039037727902856822e+01 -2.069186783810817687e+01 -3.250717094217589587e+00 -5.185279008080175167e+00 5.166532231595758695e+00 7.692837584317064284e+03
-3.421234491953212853e+01 1.124833257972065503e+01 -3.537888328491023060e+01 -8.659234586566934289e-02 1.935474775607287157e+01 1.850900674224548936e+01 -2.131905038268506658e+01 -2.274895853296337833e+01 -1.174200210635681074e+01 -1.001057704907819179e+01 1.151415335674830676e+00 5.139120272354398722e+00 8.703121408914814339e+00 4.579455929306834150e+03
-3.489018805530844247e+01 1.049946570352710040e+01 -2.838041392052310741e+01 -1.834403137715478138e+00 1.774434367289381598e+01 1.923884479293618810e+01 -1.566267970859262348e+01 -2.182428705099908584e+01 -1.316595491739825974e+01 -1.183150472328127734e+01 -5.716647783421588080e+00 6.752488603354370511e+00 8.847023545895945418e+00 4.012863716796789049e+03
-3.695790599250289432e+01 5.603185763147316756e+00 -2.749431134630262363e+01 1.233334140811455315e+00 2.182004647313886636e+01 1.887738037321017970e+01 -1.383052123986645299e+01 -2.348175394104431746e+01 -2.119583050586770412e+01 -1.703906977680260937e+01 -5.477254606434388329e+00 7.113527463710015653e+00 1.102949439610960525e+01 4.671732246642979590e+03
-4.043248865682228654e+01 1.212862622207355479e+01 -3.993707163168497232e+01 3.936796315974202543e+00 -2.439474662451345477e+00 1.333254741524368114e+01 -2.770571104515729743e+01 -1.851305941684821477e+01 -1.371966009141800491e+01 -1.744836056790408207e+01 -7.401108698484780035e+00 -1.384965913272145421e+01 7.763239226086571243e+00 5.485937130337052622e+03
-4.228678525574034097e+01 2.190629286647756757e+01 -5.355102894868369390e+01 2.384340052290651357e+01 -2.003475069452711566e+01 3.447490088048611057e+01 -3.938226693734205242e+01 -1.690485985416195902e+01 -2.174399658326618123e+01 -2.274866181688522104e+01 1.295079346123765696e+01 -1.517422447773360261e+01 1.892208888537454570e+01 1.087725417573400409e+04
-3.945767074308535882e+01 1.461573546491249864e+01 -4.537960036857726465e+01 1.670016017649668782e+01 -1.507143949569516472e+00 2.367603462709787365e+01 -2.857571696034196762e+01 -3.295075194043269562e+01 -1.238406716760618309e+01 -2.276089085172110416e+01 1.093201157406823576e+01 1.583452513108200677e+00 9.903736283593108425e+00 7.465404198235757576e+03
-3.791365429476885396e+01 5.504405067456853651e+00 -4.153818948815015943e+01 -2.040867499242369210e+00 -1.834167648668402650e+00 8.219754004235168665e+00 -3.481853228402549405e+01 -4.009724928333375971e+01 -2.666188205963982583e+01 -3.614179150089826464e+01 3.229019093488577630e-01 -3.745524927705113249e+00 -2.445492236410672593e+00 8.125576803351931630e+03
-3.959446356175435966e+01 1.275761455177232762e+01 -4.816595203211984710e+01 1.329450168102661678e+01 -3.475889649519209978e+00 2.830721796916434130e+01 -3.624558606372303160e+01 -3.369283818081121495e+01 -2.944318838561336804e+01 -2.192196980737113066e+01 9.590399753625442614e+00 -4.919483808210909359e+00 2.217728340701334844e+01 9.444994325927060345e+03
-3.997047142257760299e+01 1.624204175274297057e+01 -5.261220958521768409e+01 1.404245220195558375e+01 -2.877595089354959512e+01 3.005805757957886826e+01 -4.823888674384824071e+01 -2.340505233774317162e+01 -3.860581668248197929e+01 -1.251013139511224459e+01 -2.764387689135298309e+00 -5.266850293880647627e+00 6.105242036550810880e+00 1.115257441271082462e+04
-3.877639673049747415e+01 9.071781998667905356e+00 -3.624073087909036417e+01 9.130976320281684266e+00 -6.795449615774967533e+00 3.941761621420984341e+01 -2.733031771144992206e+01 -2.435489569623608830e+01 -3.492622978021655911e+01 -1.720909265816434086e+01 1.594348890475057168e+01 3.877341270381780003e+00 2.929509326148363613e+01 8.566130789078801172e+03
-4.075352362294398034e+01 1.436932301773914133e+01 -3.886550192464594744e+01 1.899141761844392917e+01 -2.430764941091939235e+01 2.883973005696431358e+01 -2.755226452090743550e+01 -7.231036438802203925e+00 -1.991607162218944538e+01 -1.417587802596736779e+01 4.291622896855280977e+00 -4.732918965885024143e+00 2.049007828500520034e+01 7.030802616358234445e+03
-4.440650558109184232e+01 4.955165954813003815e+00 -2.591195212461589392e+01 2.487968994812762702e+01 -1.814985809748101175e+01 2.531732619803453233e+01 -1.556153437905092218e+01 2.196515858433512491e+00 -4.505032365865720756e+00 -5.646826967937478514e+00 1.590471449924810976e+01 -7.408840540720262879e+00 1.672683238445462095e+01 5.144109785811120673e+03
-4.758766376369807460e+01 -3.596875105508329007e+00 -2.350941319297815824e+01 2.478833092803777305e+01 -1.529510731619490116e+01 3.407340842989819407e+01 -2.350861263030855497e+01 1.011595039429746379e+01 -1.453753065371241249e+01 -1.963642452216269429e+00 -2.497644240813705174e+00 -1.314061338837655235e+01 -7.069769190425643224e-01 5.889211354442147240e+03
-4.602262180154063742e+01 -1.400938126613969636e+01 -1.909307430937020200e+01 1.534624919094493478e+01 -3.964948248994899505e+00 4.129996706183224120e+01 -1.722830240424654136e+01 4.882187262461925137e+00 -2.060866491988366889e+01 -1.410223340490875010e+01 3.955561371801422865e+00 -1.821707352226115972e+01 -2.344072484107957433e+00 5.933048547963844612e+03
-4.625918043201636465e+01 -2.122112455343151183e+01 -2.829514419980967332e+01 1.048505155624118679e+01 -2.248672137760845846e+00 4.925122475468013761e+01 -1.123255033513760814e+01 9.090934350169657563e+00 -1.081495536199207130e+01 -2.019845987470579374e+01 -1.379704128744503500e+01 -2.475679912839319385e+01 -2.218439623006706718e+00 7.473474300112793571e+03
-4.904311692566385261e+01 -1.882121528567497393e+01 -4.164838991784222344e+01 1.417248480744524031e+01 -1.599710669826722231e+01 5.047787475806303803e+01 -2.609947650247340434e+01 1.967790548059550204e+01 -5.470298457016069982e+00 4.061058490385770270e+00 1.492736220894308730e+01 -5.358185083350096356e+00 1.989925065032278795e+01 9.261171899212762582e+03
-4.771999736854404972e+01 -1.747743791426477955e+01 -4.623440705100771453e+01 6.274774451771630623e+00 -2.708750464859585350e+01 3.990234919186753615e+01 -3.065641511813623765e+01 1.392694454119591008e+01 -1.981164522378933412e+01 -3.805090434513252795e+00 -6.281048513772349295e+00 -8.985537806095251767e+00 1.481206755883577486e+01 8.965926931098945715e+03
-4.647364104812205454e+01 -1.468651681788744590e+01 -3.739738054224965680e+01 1.482282348284644158e+01 -1.840190559760250011e+01 4.299840470208823717e+01 -2.207688560239887110e+01 3.473999981846555229e+00 -8.198553837032989122e+00 -1.128260046110795756e+01 -5.430205114103291208e+00 -1.801519677197388347e+01 1.271176025883309713e+01 7.390860395636101202e+03
-4.581170599705428970e+01 -1.568870381267219649e+01 -3.868243526666614684e+01 1.072501433814811023e+01 -2.134100523818067074e+01 4.130030768518563633e+01 -2.273755376132747585e+01 1.164383847550868900e+01 -2.046458863743461620e+01 -1.273500982192133435e+01 -1.688629482028354500e+00 -1.563612861074050464e+01 2.393907871119679953e+00 7.603984454974100117e+03
-4.807810782534728133e+01 -1.855990054927251975e+01 -3.390087994334635368e+01 1.150489750890588248e+01 -1.305769950016601832e+01 3.075154617100460186e+01 -1.390875756175720213e+01 1.938081390054162867e+01 -1.058460616658988496e+00 3.578360381206286966e+00 1.111389409521441429e+01 -1.227927834389821804e+01 2.239167384212780831e+01 6.412448658545052240e+03
-5.145844009236760996e+01 -1.105142228544720240e+01 -5.231639652411725905e+01 2.536255690128553297e+01 -3.316465668422193147e+01 3.786804687814503012e+01 -2.186586592082339564e+01 1.594876149914147234e+01 -1.542505915636737868e+01 -5.927076269403855235e+00 1.863823125658150559e+00 -3.764294131641842966e+01 3.215403840348785014e+00 1.112059851481465375e+04
-4.781374392552954333e+01 -1.197417294302886326e+01 -3.853434478718648393e+01 1.981304780327493731e+01 -9.760550284425963952e+00 3.210770960529241336e+01 -1.641611428150276719e+00 1.515449276457147221e+01 2.540606590096663009e+00 4.769058068515747983e+00 1.962552151025744251e+01 -1.399323251374709898e+01 7.159286261872507495e+00 6.326940041482701417e+03
-4.813110957236627030e+01 1.628443793869475131e+00 -3.851860130220308065e+01 3.646333171504534931e+01 -2.617410514813050426e+01 2.648698463448366525e+01 -2.998113687128308058e+01 -4.388617393713869497e+00 -3.325916251429010373e+01 -2.188945473866472469e+01 -1.112698383938189872e-01 -2.198429636093705497e+01 7.475552126449678703e+00 9.561811076917942046e+03
-4.269062379574646826e+01 5.824840513654276464e+00 -2.370760466414121126e+01 2.209140708833235678e+01 -1.990485678897221788e+01 1.987941498984633526e+01 -3.219925346663784183e+01 -5.389232020697530601e+00 -9.612081580846520978e+00 -1.532085027422910972e+00 3.458518016913343374e+00 -1.383334828803693739e+01 1.077750093435568957e+01 5.177945917812404332e+03
-4.089449865672156648e+01 1.187712363313674224e+01 -3.345503915113898330e+01 2.355204850930308069e+01 -3.862377397386048727e+01 3.206703063679074717e+01 -4.753579620315075260e+01 1.679503395255254006e+01 -3.154051048956632286e+01 5.497339204734235985e+00 8.274152447516673448e+00 -6.734245330235349769e+00 1.482135787874894639e+01 9.907689024286684798e+03
-3.618314481037979391e+01 2.990882918872262763e+00 -2.022756296348311977e+01 -5.385794203814761261e+00 -1.667644148297522833e+01 1.080783483835546477e+01 -2.470904319484921885e+01 -1.462720511339609342e+00 -2.306415214903785227e+01 -8.253253907498372399e+00 1.257161691930528491e+01 -8.398155725212681944e+00 1.798579838447639645e+01 3.916050622471643692e+03
-3.764259242323511501e+01 1.636128131240670669e+01 -3.109204363437885732e+01 7.189802599547085116e+00 -1.356809060922175902e+01 3.492761279995814050e+01 -3.001914708130916409e+01 -2.896360336756064857e+00 -1.271054271464820928e+01 -2.039564794061769160e+00 1.742700204669895925e+01 -1.157508343486404190e+00 2.648335934025854854e+01 6.188760311177759831e+03
-3.768508928020614235e+01 1.414903600668174555e+01 -3.832140430726764890e+01 -1.073767030612611029e+00 -1.104538726406716620e+01 2.375868913913878799e+01 -3.118416461019424801e+01 -1.979151149414751742e+01 -1.590003798655261136e+01 -1.607887462362753794e+01 1.079687172388609895e+01 -2.298867820487998870e+00 1.854666114711820413e+01 6.117853405894999014e+03
-3.830762868321468062e+01 1.684038976480909966e+01 -3.900516862987363709e+01 3.111858589555198229e+00 -1.337224858490143165e+00 3.563430914065557431e+01 -2.957366916280005142e+01 -1.945121719043644148e+01 -1.901621661944807684e+01 -1.425669826514366179e+01 9.241287240449207019e+00 -4.882142275989210134e+00 2.166172767024984935e+01 6.950040991346942064e+03
-4.134223830730336147e+01 1.069966352474269300e+01 -3.785530975498957673e+01 -5.457777928418419133e-01 -3.628576102582795393e+00 2.985363304760315017e+01 -1.404240541942836806e+01 -3.320565270021572957e+01 -2.157468371340091906e+01 -1.127067166819874444e+01 5.394606222846729526e-01 -1.413817583263726618e+01 5.854264557992942208e+00 6.288142774068213839e+03
-4.377669227672313212e+01 1.450163932069514061e+01 -4.690409463794914302e+01 1.275552268881967244e+01 -1.140653573231102058e+01 4.389422271238375117e+01 -2.665852319076818233e+01 -2.899643367902394786e+01 -3.521697676777815644e+01 -6.612230322469443422e+00 -2.414671288769156376e+00 -1.287492490174014215e+01 5.967698649611797634e+00 9.588840450631163549e+03
-3.940015736860682694e+01 8.656475603891594872e+00 -3.960430216183610241e+01 -1.053370360052021892e+00 4.583359929009598766e+00 2.310994766274875900e+01 -1.724861733487696824e+01 -4.239962792966885985e+01 -2.143291806730867322e+01 -1.345993366646011502e+01 -4.781200799140707502e+00 -1.309462370290943589e+00 3.582338822644438814e+00 6.525184942553026303e+03
-3.793841546762341466e+01 1.091951387844883570e+01 -4.072919423303990527e+01 -1.539892558988423144e+00 1.281558625034554089e+00 1.893675154311997488e+01 -2.021250542475813106e+01 -2.745297689532148411e+01 -1.513965167432477976e+01 -1.448149220288010319e+01 4.317975395004991057e+00 -6.697846667340435545e+00 -2.458608275214332561e+00 5.250725436361738502e+03
-3.913230689292183229e+01 1.419127802771649804e+01 -4.709509927493944303e+01 8.613892833306122654e+00 -4.286732386008437423e+00 2.850353257889312886e+01 -3.164979281420247759e+01 -2.482073554165868856e+01 -2.754023921628630944e+01 -1.909239125902499623e+01 1.573624063164294284e+01 -2.960612761600168952e+00 -3.210020617083645528e-02 7.852862789960352529e+03
-3.762225021335623154e+01 6.685121574387844490e+00 -3.579674472965128729e+01 6.040911931911419508e+00 1.148665606007649664e+01 2.429381979713310713e+01 -2.444705707732946820e+01 -3.648297179190485906e+01 -2.920405485908472443e+01 -1.606998855383117686e+01 1.622125956945939507e+01 6.157060246758110367e+00 2.325613841254182912e+00 6.846391375052169678e+03
-3.914329738095774047e+01 1.552470599597939049e+01 -4.703671041699927713e+01 1.587234844939832534e+01 -1.417912426628222455e+01 3.762712467536186978e+01 -3.556116017577500799e+01 -2.063520126157669665e+01 -2.989762328535869784e+01 -1.027962379442759122e+01 1.088447690749713459e+01 -8.472197398900707555e+00 1.039708509956894744e+01 8.842741407065901512e+03
-4.019429636238025694e+01 1.318084897903519881e+01 -4.307747997235069448e+01 1.139023425030069347e+01 -1.190942823161283037e+01 2.757521231179521237e+01 -2.778797288168169999e+01 -2.567388491690427088e+01 -3.447046500860535900e+01 -1.459793761547682323e+01 1.170164760053201114e+01 -1.588043767708147769e+01 9.474204636885145803e+00 7.988459726783148653e+03
-4.281237636710916661e+01 1.047172853144785876e+01 -3.787282204449805079e+01 2.063265365364076942e+01 -8.391972485646110869e+00 2.841599014589358774e+01 -2.419951518767324572e+01 -2.326362785303540548e+01 -3.742707189961088687e+01 -1.532581344629722686e+01 7.205067213824292160e+00 -6.008594786254016995e+00 1.098613553725894221e+01 7.651697977088471816e+03
-4.523128181939907222e+01 5.330384693844704813e+00 -3.445781225037988094e+01 3.031251126475146762e+01 -1.216761202679594689e+01 3.502821027713209645e+01 -2.505171095167429840e+01 -1.669120681973893738e+01 -3.902328068954371787e+01 -1.919413865780657247e+01 -2.431890879513705528e+00 -1.400920961512470697e+01 1.491278674357276302e+01 8.777476574967202396e+03
-4.812148359362063843e+01 1.817783843566801671e+00 -3.244070834732856667e+01 3.505637172627953646e+01 -1.503753131947581601e+01 3.471448236974799073e+01 -2.226257109850018523e+01 -1.281724466622558189e+01 -4.646323266995654677e+01 -1.609031012193905141e+01 -2.949665619125539262e+00 -6.620206745016039562e+00 1.140718107182430430e+01 9.291838259753465536e+03
-4.824299413822552651e+01 3.396959544215762072e+00 -3.472685698734868964e+01 2.024149984022692550e+01 -3.444282165718194477e+01 2.779168203480173105e+01 -3.438706983755430002e+01 -1.548564082539625630e+01 -4.155494484919312015e+01 -2.845302517453995605e+01 -5.520118986417813289e+00 -2.813332713303083921e+01 1.087817707310041193e+01 1.081223855602010917e+04
-4.463770266130926956e+01 3.171288407119796204e+00 -2.579116769204088655e+01 9.565134245475011454e+00 -1.164505739958486608e+01 1.937649609214841817e+01 -1.581257396276167881e+01 -3.705672875417117318e+00 -3.037009513395521765e+01 -2.035862951127522180e+01 9.090726703460953573e+00 -6.360186370251911470e+00 1.215670129215753192e+01 5.141778305520559115e+03
-4.411359782274434593e+01 7.780737672220893408e+00 -3.797630546079005853e+01 1.445992682578789612e+01 -1.771135947486590467e+01 3.075703216383012872e+01 -3.417734608222805548e+01 -2.354435994621520578e+01 -4.095910561078466117e+01 -3.031005190518622783e+01 -8.327497448981112882e+00 -1.458825129413745358e+01 1.632187158622376089e+01 9.784869164916624868e+03
-4.024677757207283690e+01 9.226089294043461564e+00 -4.108477349228879660e+01 1.105487671634371161e+01 -2.136175457744867145e+01 2.987606206934080788e+01 -4.523126663353184540e+01 -2.173268968142004098e+01 -2.920077053686436841e+01 -3.574519158052451928e+01 3.702883096529438478e-01 -1.505086451717800244e+01 2.051480953429009446e+01 1.016010043363453224e+04
-3.825977266717042369e+01 1.350870841462366201e+01 -3.558192198628835712e+01 1.187093230751218975e+00 -1.159943094900569704e+01 2.869562450280746901e+01 -3.550098086322536517e+01 -1.625222450657606288e+01 -1.900607736589755703e+01 -2.071259011873284805e+01 3.601263867664463714e+00 3.356596272268188130e+00 3.070552902338667423e+01 7.153525596612515983e+03
-4.032392145449027510e+01 2.184966049000684052e+01 -5.213670946045583321e+01 1.270017422101781079e+01 -3.230867264352711743e+01 3.292335030788714789e+01 -4.402017758524075219e+01 -9.192151578297924175e+00 -2.060687335741918602e+01 -2.749636058898660806e+01 4.770792232657849574e+00 -1.756597004296994058e+01 3.745514344774601057e+01 1.204793082033887185e+04
-4.029163325063536405e+01 2.082966719231867359e+01 -5.397016796379786996e+01 1.116452172592332737e+01 -3.571366393299393138e+01 2.332723751487636576e+01 -4.289339747208831000e+01 -1.399888650233022958e+01 -2.398959601303059586e+01 -1.272327371221172676e+01 -3.669887180976930008e+00 -1.805722439200474838e+01 2.231275951233429211e+01 1.052492756489743988e+04
-3.855517568623414348e+01 1.718852196380236563e+01 -4.376832768432802823e+01 5.352205984097128777e+00 -2.610973087953020766e+01 2.009037528473976053e+01 -3.179838260429250951e+01 -1.404689828686324482e+01 -1.172430037367011657e+01 -1.026063736367725809e+01 2.341622439424105639e+00 -1.350171420806197986e+01 2.446138475579217442e+01 7.048931914825877357e+03
-3.734638432935346231e+01 9.052780996036663197e+00 -3.369366588809543117e+01 -7.506346360793331840e+00 -1.034624404714181978e+01 1.194520012533742070e+00 -1.653963225155165162e+01 -2.125230891960713819e+01 4.565058066895326228e+00 4.614272048030425566e+00 5.516780864685683072e-01 -1.541961454513834484e+00 1.449392275483559622e+01 3.756892388627921264e+03
-3.865268720717744344e+01 1.273544533113546073e+01 -4.295915781435163439e+01 2.316021428690465456e+00 -6.839839776206625643e+00 1.220995572098917670e+01 -2.017479602560544194e+01 -3.243681308664862684e+01 -1.549882185571560811e+01 -1.153388794456013144e+01 -1.188226459079973196e+01 -1.070243391132816058e+01 1.254395543410437242e+01 5.948435827658214293e+03
-4.156420843819878286e+01 1.562999021587071624e+01 -4.740528282529521675e+01 1.648555644023779365e+01 -1.722144446636931292e+01 2.097442851929432095e+01 -2.822464703809562536e+01 -2.161125096340753871e+01 -1.475397731855137273e+01 -1.799957563634359303e+01 -1.482047469891240077e+01 -2.456869528656157442e+01 2.422470704055204749e+01 8.442864357370805010e+03
-4.425327117254187925e+01 1.800930339942545899e+01 -4.342046514216514197e+01 2.076887143310796802e+01 -2.069212970703029697e+01 2.495816746362769223e+01 -2.268400829677749186e+01 -1.376333944081491190e+01 -1.989201664674832770e+01 -1.560642944788282094e+01 -1.136083922514782785e+01 -2.567578346421774782e+01 1.845169098404812047e+01 8.122470323054555593e+03
-4.527469984646275947e+01 1.686299703722902521e+01 -4.309422579851550239e+01 2.680211124841648740e+01 -2.109810119856955879e+01 2.412092798218801448e+01 -2.263040065572944215e+01 -6.796744803707604810e+00 -9.893910520005459119e+00 -9.914412239574925678e+00 -6.489097444878233922e+00 -1.660476683861028846e+01 2.255815668611455749e+01 7.517786530406511702e+03
-4.447059694628374871e+01 9.538631909924790264e+00 -3.882157096075857083e+01 1.351747377763678415e+01 -1.130794932245790463e+01 1.869077156925738592e+01 -2.284263200036747321e+01 -1.595385339435080674e+01 -1.558702128486821259e+01 -2.065548872548593806e+01 -1.775207278669968858e+01 -2.232652123161127378e+01 1.494931508618792115e+01 6.718678002327866125e+03
-4.512480160388557948e+01 7.802514511148713972e+00 -3.942189094440800545e+01 7.376788094707110943e+00 -1.782044529618834616e+01 1.321771979790134921e+01 -3.323708884236319250e+01 -1.620772145318206725e+01 -1.785501381092065998e+01 -2.460681603958846964e+01 -3.075312334386246249e+01 -3.208555126797191548e+01 1.961174718372470149e+00 8.468680452985858210e+03
-4.376964092734277756e+01 1.975763240002212262e+00 -2.917738089046900640e+01 8.133957540092197291e+00 -1.588984422778734862e+00 1.237550614046763187e+01 -1.094112309638022928e+01 -6.692513288053890896e+00 -4.618492957845447222e+00 -9.748222143984518695e+00 -8.987663218453358027e+00 -1.202472622568680194e+01 1.868403666156821075e+01 3.848165529702123422e+03
-4.650779870687757267e+01 1.165255076389392208e+01 -3.915389805773767051e+01 1.911564625350381874e+01 -2.216115071024116645e+01 2.798173205715905709e+01 -2.656478011856678378e+01 -4.020614722179399081e+00 -1.305913192010006263e+01 -1.442621760021087240e+01 -1.849433947808450540e+01 -1.827347649827359533e+01 4.652295567503148099e+00 7.269400830748260887e+03
-4.746528997709366138e+01 3.851496351615919966e+00 -3.774839966404401537e+01 1.949266201297988843e+01 -1.034516767074208232e+01 1.228824541538244475e+01 -2.053768565819710901e+01 -1.279942202584716959e+01 -1.040000937577823414e+01 -8.571667075638888633e+00 -8.684698409417293874e+00 -2.519980498909776401e+01 1.673372501855790517e+01 6.088443914639526156e+03
-4.533819133566863968e+01 1.004119885930565914e+01 -4.122398041461820384e+01 1.159391375984755790e+01 -2.031079202058772282e+01 1.559109041904206627e+01 -3.036821144545966789e+01 -1.201078205125172360e+01 -1.970164829781296234e+01 -3.384324393001760800e+00 -1.313054024123565711e+01 -2.254853896889560971e+01 9.075461852282504793e+00 6.875130492193091413e+03
-4.475301898410247503e+01 1.314567235402217449e+01 -5.099484208711434263e+01 1.518178578508759813e+01 -3.221621990846401928e+01 1.822048629261063368e+01 -4.463416754731273528e+01 -1.305274941584814208e+01 -7.814808245659931707e+00 -2.034936486441185632e+00 -6.974455254252337255e+00 -2.233677328580699140e+01 2.153711601356918948e+01 9.615690102346323329e+03
-4.351588304083792735e+01 1.736403170805818874e+01 -5.093361950406605132e+01 1.340467655971775507e+01 -3.022835014082073712e+01 1.021002585352514735e+01 -3.898641698998275018e+01 -1.318428989790282557e+01 7.940765639379455898e+00 8.499166589951506978e+00 -3.839917558682524046e+00 -1.353088029947430115e+01 1.297065204879160483e+01 8.182183708202726848e+03
-4.283467119871146167e+01 8.770436187800497052e+00 -4.387752921067409062e+01 5.617713798503636724e+00 -2.304957364166363476e+01 -4.747279628942417062e+00 -2.761944263677410305e+01 -1.135636318378994325e+01 1.118491986900777491e+01 7.990650950852897338e+00 5.226495407535154847e+00 -1.469302917614882631e+01 4.871142608194777956e+00 5.770028316867508693e+03
-4.583436565204718249e+01 9.793954898809516862e+00 -4.135794868524349965e+01 2.054947002054426619e+01 -2.999123478326430003e+01 -4.165511432980602891e+00 -2.687403399616307098e+01 -4.881626003245404632e+00 1.135360196251021492e+01 6.653406851745742756e+00 1.145194525357122473e+01 -1.833221021173769216e+01 1.082423184047487474e+01 6.749893966380078382e+03
-4.746571506228410442e+01 2.817920053000964931e+00 -3.286982634404817816e+01 2.473128356509853631e+01 -2.572015533032597290e+01 7.712333100559282784e+00 -1.886192301312660646e+01 -8.795715419928191725e-01 -3.677875993523899822e+00 6.281676575027294263e+00 1.291784063605362753e+01 -3.500397338007210202e+00 1.068402445827188174e+01 5.376806907649267487e+03
-4.463131467348214443e+01 5.643436943432463160e+00 -3.568271633297921142e+01 7.317709462078765270e+00 -2.901960327703539733e+01 5.912289662073000329e-01 -2.424086980000600988e+01 -9.494557753343197959e+00 7.292874286669422723e+00 2.278381641955236248e+01 9.918108766875278093e+00 -1.948858506343064079e+01 -8.398248734473398036e-01 5.922028509433787804e+03
-5.249960037845983862e+01 -7.412763430326460679e+00 -3.198447994621996671e+01 3.774043557766917445e+01 -3.599663162853076415e+00 1.714868180456675972e+01 -9.042063988259544161e+00 1.930279177820196645e+00 9.858674310797191254e+00 1.234190863907065960e+01 1.293793178724244619e+01 -1.395659112350496756e+01 -7.709531178479587687e+00 6.322153851720219791e+03
-4.992045704104215531e+01 2.693096825023261420e+00 -3.052107150596554774e+01 3.353429766076255447e+01 -2.059203908346856338e+01 9.556724494569477812e+00 -2.329358532206917332e+01 -2.195427697141905554e+00 5.048502812336152168e+00 1.859716240893302697e+01 1.976498519821957345e+01 -1.301808117296141276e+01 -9.843628540217357781e+00 6.646527734238299672e+03
-5.456454577876341006e+01 -1.844454042371688418e+00 -4.348040293390035060e+01 5.284518908072896437e+01 -1.088801408202434295e+01 4.193363941392812677e+01 -6.877193700011484445e+00 1.445877228172995288e+01 3.922441106573255176e+00 3.709191803451412639e+00 2.059399053785551814e+01 -1.998446096960785567e+01 9.466652870898332850e+00 1.073943426042609826e+04
-5.624521356105653780e+01 -1.026787136707482517e+01 -4.549363555051799324e+01 3.569865448977633093e+01 -7.906344971838934477e+00 2.545405579216311764e+01 -7.197746195484408638e+00 5.381907867821523084e+00 1.376110800479217522e+00 -1.531436391076152592e+00 1.341282680713156239e+01 -3.910183052439391460e+00 1.089148055392802128e+01 7.722266550073431063e+03
-5.466836341587318060e+01 -1.687048578578139058e+01 -4.026319936718662973e+01 2.794608262875190619e+01 2.064840021172443585e+00 2.134092761721401033e+01 1.238039203254357368e+01 1.471370164268862091e+01 2.345233680589162262e+01 1.930057825887542577e+01 2.322102479656023633e+01 6.417012482126202011e-01 4.131487993716249085e-01 7.967140773387609443e+03
-5.526437953857075058e+01 -1.216976754740968225e+01 -4.176986879202888758e+01 3.216708797611860149e+01 -7.987552575641857722e+00 1.905187765031512015e+01 -5.556393900563617372e+00 -9.839176860046377371e+00 -8.512614842426005524e+00 -3.184426298824154067e+00 8.269900991049052408e+00 -1.488265154340338903e+01 1.436263656694200641e+00 6.910708943284354064e+03
-5.400230757870018294e+01 -9.910903941351673296e+00 -3.355770851446750669e+01 3.628981854147883723e+01 1.514873271646409725e+00 2.345489997805703197e+01 -5.156873023824426916e+00 4.749001428516820056e+00 1.061089195888470194e+01 1.069757355824102518e+01 1.509626862236254752e+01 -1.177475334532378781e+01 -4.702392341037280044e-02 6.652692961344592732e+03
-5.465230928809417321e+01 -7.358432293579852512e+00 -4.312386368449547547e+01 4.225159611393915071e+01 -4.701373349967600035e+00 2.596853410171470600e+01 -1.262804226727329571e+01 -3.217817854946510292e-01 -9.231053566271472943e-02 1.772774362282178018e+01 1.630298234119777234e+01 -1.397447604577973834e+01 1.459716770983357392e+00 8.319410501598773408e+03
-5.419536394904930887e+01 -8.065249267096662678e+00 -3.309243461143389453e+01 4.475900221703317783e+01 -4.435259275655328182e+00 2.307207408921183145e+01 -4.473668587469318503e+00 5.515536998203933727e+00 -2.275845760133623052e+00 6.419724968680311505e+00 1.231336650903635643e+01 -1.553464285245068766e+01 2.751896180940383463e+00 7.149999612443304613e+03
-5.428369391755472151e+01 -1.251564435231988170e+01 -3.398818126156808006e+01 4.679561786905444620e+01 1.030704093689500001e+00 3.299782958748464523e+01 1.600621475645868319e+00 1.564406936386184732e+01 6.324554221580726221e+00 1.337252074794313739e+00 -2.954749210310540497e-01 -7.183637911555434741e+00 1.746738428346617411e+01 8.184194801880176783e+03
-5.392041582059028570e+01 -1.487434262170363652e+01 -4.046977916453642621e+01 3.404329162860519631e+01 -1.121986114453558514e+01 2.180364168382566348e+01 -6.991228446636179150e+00 1.784880780318730265e-01 -2.036052179113759131e+00 2.321195433387759799e+00 9.057447253011222443e+00 -1.055990552347679845e+01 6.552102590514579106e+00 6.821611709674691156e+03
-5.417585401916383603e+01 -1.479844481498543729e+01 -4.345292365221528996e+01 3.889046649645025866e+01 -7.100976278355418003e+00 2.659966254765090099e+01 -9.091335668927635894e+00 1.575432228967931447e+00 -4.427656324159914725e+00 -5.131031613071090014e+00 -1.391882342282708018e+00 -2.799694088079529308e+01 -2.464565251349756902e+00 8.235514111547419816e+03
-5.040058116594900639e+01 -1.250637869290659765e+01 -3.619427109032963585e+01 2.890901751159949029e+01 -6.255689108544127741e+00 9.445494265532655476e+00 -2.384946126485243401e+00 -4.263091751026387044e+00 2.405623686766794334e-01 1.275046582046335963e+01 1.273065242114505580e+01 -9.412383931438867535e+00 4.761979531658980136e+00 5.430568750861694753e+03
-5.578104700501187097e+01 -5.284108310763749650e+00 -4.844593827688908760e+01 4.506200391040334097e+01 -1.356243933305869120e+01 1.832077526604147266e+01 -5.856105582657193054e+00 1.372242760095474523e+01 5.624046712775687240e+00 5.991462897703396351e+00 1.801775711520985013e+01 -1.743543806973766053e+01 -8.076526775773251288e+00 9.020621582423122163e+03
-7.092872022174520907e+01 -9.702158519046047758e+00 -3.666379591726798992e+01 3.032411826945345368e+01 -1.545901326406422704e+01 4.392560500550589886e+00 -1.062614781007473752e+00 -1.013827353432097134e+01 8.583515954670344783e+00 1.875032507195580234e+00 1.262026244185664936e+01 -1.625740450575494211e+00 -2.924980432141219833e+00 7.998652791074728157e+03
-8.814919440826307095e+01 -1.624500691242727157e+01 -2.426622638403702226e+01 1.786790658797315601e+01 -4.137189350254666387e+00 -1.293371642894736695e+01 5.604448681291310130e+00 -1.300449478784452317e+01 -3.316175685244402427e-01 -6.351860878676292899e+00 2.071353676094502827e+00 -1.065567885853118568e+01 -1.623727511009066760e+01 9.749155847083222397e+03
-1.045828028408894284e+02 -3.183770727401929079e+01 -5.510650281989696531e+00 8.802823536195782950e+00 -6.446224313708001752e+00 -1.334488764134785832e+01 1.029808425124696925e+01 3.146249204330460181e+00 3.727850180047254103e+00 -1.016896803353697187e+01 -2.523711379559489210e+00 1.201864653697118701e+00 -1.181891332103205094e+01 1.265945356832182733e+04
