-1.837872919722830716e+02 0.000000000000000000e+00 0.000000000000000000e+00 0.000000000000000000e+00 2.658533217257963476e-14 0.000000000000000000e+00 6.864338900890931966e-14 0.000000000000000000e+00 7.681979238110637171e-14 0.000000000000000000e+00 6.748200841563957577e-14 0.000000000000000000e+00 3.507168814121481235e-14 3.377776869050522509e+04
-1.837872919722830716e+02 0.000000000000000000e+00 0.000000000000000000e+00 0.000000000000000000e+00 2.658533217257963476e-14 0.000000000000000000e+00 6.864338900890931966e-14 0.000000000000000000e+00 7.681979238110637171e-14 0.000000000000000000e+00 6.748200841563957577e-14 0.000000000000000000e+00 3.507168814121481235e-14 3.377776869050522509e+04
-1.837872919722830716e+02 0.000000000000000000e+00 0.000000000000000000e+00 0.000000000000000000e+00 2.658533217257963476e-14 0.000000000000000000e+00 6.864338900890931966e-14 0.000000000000000000e+00 7.681979238110637171e-14 0.000000000000000000e+00 6.748200841563957577e-14 0.000000000000000000e+00 3.507168814121481235e-14 3.377776869050522509e+04
-1.837872919722830716e+02 0.000000000000000000e+00 0.000000000000000000e+00 0.000000000000000000e+00 2.658533217257963476e-14 0.000000000000000000e+00 6.864338900890931966e-14 0.000000000000000000e+00 7.681979238110637171e-14 0.000000000000000000e+00 6.748200841563957577e-14 0.000000000000000000e+00 3.507168814121481235e-14 3.377776869050522509e+04
-1.837872919722830716e+02 0.000000000000000000e+00 0.000000000000000000e+00 0.000000000000000000e+00 2.658533217257963476e-14 0.000000000000000000e+00 6.864338900890931966e-14 0.000000000000000000e+00 7.681979238110637171e-14 0.000000000000000000e+00 6.748200841563957577e-14 0.000000000000000000e+00 3.507168814121481235e-14 3.377776869050522509e+04
-1.837872919722830716e+02 0.000000000000000000e+00 0.000000000000000000e+00 0.000000000000000000e+00 2.658533217257963476e-14 0.000000000000000000e+00 6.864338900890931966e-14 0.000000000000000000e+00 7.681979238110637171e-14 0.000000000000000000e+00 6.748200841563957577e-14 0.000000000000000000e+00 3.507168814121481235e-14 3.377776869050522509e+04
-4.996521399270184816e+01 6.746352706623012230e-01 -3.048054230879235504e+01 2.323575445208847512e+01 -3.242956544652531647e+01 1.482900972631313508e+01 -2.704754375164675295e+01 2.838257176692043871e+01 -1.949699644142487287e+01 1.965224328419968458e+01 -1.613509979150289197e+01 3.891223775437660848e+00 8.669013381500130677e+00 7.891636131195155940e+03
-4.916780996067716103e+01 -1.374164834511385935e+00 -2.569414301395050515e+01 3.049148609064636517e+01 -1.367197259699348688e+00 2.978824368929997846e+01 4.458693069468573356e+00 1.563530937165997159e+01 -1.266141359547691891e+01 3.079043772182922467e+01 -4.672794750302715627e+00 -2.719010704410693258e+00 -3.223676696325973090e+00 6.310815678803552146e+03
-5.193036250495369899e+01 -4.519553988418205215e+00 -3.600822582736293498e+01 2.930992250185208547e+01 -1.371888884603659520e+01 3.534321850615788918e+01 -9.300575869499398962e+00 2.105694793785264096e+01 -2.664433356369238837e+01 3.073660752084337133e+01 -3.567583242266244348e+00 2.636953843334014280e+00 -1.559853643764698283e+01 8.757754643657393899e+03
-5.057435855907383626e+01 -6.490842567473061209e+00 -3.617927798155096042e+01 2.917921563783580652e+01 -1.495679973734152490e+01 3.393784668922835834e+01 -1.648658575937917758e+00 2.383986355759797604e+01 -1.072815496125288348e+01 3.770052702888757779e+01 -8.333646738533630582e+00 2.497661166604928429e+00 -5.407890183295991804e+00 8.348160329861519131e+03
-4.836562384163262607e+01 -4.410498453944298625e+00 -2.973219460701394823e+01 2.029325878409166961e+01 -1.239393875084962637e+01 3.510848600407894082e+01 1.428909380655094274e+01 1.651770508587775055e+01 2.026680306177969904e+00 3.538999540494390317e+01 2.302854545098889982e+00 7.717379284791205052e+00 -3.319185835473219104e+00 6.850171389321885727e+03
-4.826957756181217007e+01 -4.903039763124513506e+00 -2.765403479241616935e+01 2.529719192525985250e+01 -1.403118516983699671e+01 2.490610157257052393e+01 2.925278779208945412e+00 1.325572273250235078e+01 -8.584803010206350393e+00 3.380120950142902814e+01 1.013434868083770901e+01 5.245317806066574384e+00 -9.800463675368767724e+00 6.202633047235903177e+03
-4.897158193012157312e+01 -1.586922951521149816e+00 -3.488643580379113018e+01 2.406297623481131964e+01 -2.689372765506813323e+01 2.525355582757412876e+01 -1.726321009243237015e+01 1.218743114069906541e+00 -2.948949003999450014e+01 1.842973169787465793e+01 -8.000650180168337400e+00 -6.959629178587776188e+00 -2.203204712900390305e+01 7.664485791734847226e+03
-4.886521036585029520e+01 -3.742554852393063847e+00 -3.157013643633772659e+01 2.075205725987012784e+01 -3.140891546924731159e+01 2.356209145873032540e+01 1.795587809861691975e+00 1.746889038248516712e+01 -8.926924942542809660e+00 1.565109300402083292e+01 -3.696752960113486974e+00 -6.723529205381828078e+00 -1.777845816265001844e+01 6.378807390905113607e+03
-4.825855828554082194e+01 -4.367234171141340049e+00 -3.326512616752181373e+01 2.609333100415097562e+01 -1.891836840312998547e+01 3.342405025733131652e+01 1.314705070180313484e+01 2.593282136323292164e+01 -6.719816873296467818e+00 2.306089879986092228e+01 -4.988212206456426046e+00 -1.570579766730073157e+00 -1.328813200487635804e+01 7.236704114859534457e+03
-4.740824259132287466e+01 -2.565334873400849869e+00 -2.690695413547802772e+01 2.706476887323228908e+01 -1.452285577519209170e+01 2.242397883348243326e+01 6.418531672813053035e+00 2.113089323256024699e+01 -1.335354059169464591e+01 1.344372908415378909e+01 -1.304852474093467052e+01 -2.345199485998349598e+00 -9.199120352612689899e+00 5.531507339680794757e+03
-4.778321570997064072e+01 -1.427436755288341130e+00 -3.018113845560008102e+01 2.189513603667065311e+01 -2.478876845291571840e+01 2.588072039683898495e+01 5.248310613828421900e+00 2.850177482458016343e+01 -4.792598221129558134e+00 2.335406240079949924e+01 -1.486568502209111919e+01 -7.919199460665296897e+00 -8.322896308847415270e+00 6.721116184509533014e+03
-4.976851162174566667e+01 1.191977200516533664e+00 -3.260357719650014019e+01 2.524179000855151855e+01 -2.690974053763470408e+01 3.025610852029670284e+01 -3.731960998859199741e+00 2.362389317572070624e+01 -1.239870473252288363e+01 2.916409306336515428e+01 -1.253326301090621087e+01 -9.092985021654724775e+00 -1.134657321619365433e+01 7.762830853111939177e+03
-4.901485340487714382e+01 -3.085625421988644312e+00 -3.274105196430933518e+01 2.020710435495649548e+01 -1.510930056195804738e+01 3.110891649591671282e+01 1.793475668485055152e+01 1.704898434152039854e+01 -9.459131753256063035e+00 1.324920710267806534e+01 -7.186625985631865277e+00 -9.989515585990723423e+00 -2.371267127256046603e+00 6.122737086995855861e+03
-4.759594658810770085e+01 1.180209063952537774e+00 -3.181697365596292215e+01 1.848204352873363732e+01 -3.142476342276316714e+01 2.323022852249787107e+01 -7.869497714047587245e+00 2.026691898746185672e+01 -2.571950263307384077e+01 2.855839464370092173e+01 -2.996361183027355324e+00 -3.888146179546782655e+00 -1.337196676861488065e+01 7.300489120206407279e+03
-4.806478022735523581e+01 -5.615037457480396732e+00 -2.711266587918251147e+01 1.653445680819929109e+01 -1.149384682760980958e+01 2.294037279497288040e+01 1.425037232344735649e+01 1.810991141054939035e+01 -7.767045605401841968e+00 2.934745922789107553e+01 4.735363993771976254e+00 -5.174103040256508912e+00 -1.136996516976139482e+01 5.639719361450383076e+03
-4.765967864284613142e+01 -6.632520351773693257e+00 -2.620927212864574685e+01 1.395564572717911744e+01 -4.190265969673676594e+00 1.648412177426385838e+01 1.198057597623128068e+01 1.414757770533835135e+01 -4.934143650423902905e+00 3.655738157958136725e+01 4.248080787582099838e+00 1.231484274899399267e+00 -1.081366927134686229e+01 5.327380151473550541e+03
-5.113530032628646893e+01 -9.310703458078746664e+00 -3.829225015949872102e+01 1.275115399165336960e+01 -2.580420145993297965e+01 -4.544428503049619650e+00 -1.724866659845865868e+01 -6.515513471964025527e+00 -4.174324901684295952e+01 2.243936021724427121e+01 -1.796080157996123461e+01 -1.274093330647822242e+01 -3.867490875117897531e+01 9.583567614640835018e+03
-5.056778356081576931e+01 -3.015409475592682575e+00 -3.918153080610394312e+01 2.794977163444975687e+01 -2.767352897827062819e+01 3.298454469727546012e+01 -2.258198011904548885e-01 2.724967632580621313e+01 -1.688980588555942930e+01 3.323198842216120852e+01 -1.142379380103058395e+01 8.850110428718931388e+00 3.788283535132410229e+00 9.091784977622201041e+03
-4.816905244525427321e+01 -5.718459422477245369e+00 -2.303502090596985497e+01 2.949314574836470015e+01 -1.402887060327284097e+01 7.560860475932876135e+00 9.800924237714099263e+00 7.276986695763352220e-01 -2.023187663655688695e+01 9.315253051999425438e+00 -5.521484227291672653e+00 9.013012962815096785e+00 -7.288452753471452716e+00 4.764925214659268022e+03
-4.816957015888399241e+01 -6.178429753182358652e+00 -2.534635945912087251e+01 2.612869815134653351e+01 -1.375770620674905764e+01 2.248303468571020147e+00 1.289636837751000087e+01 1.738899530759533718e+01 6.033011048105478835e-01 2.940460661221342420e+01 -1.086127551241452061e+01 -4.629121950005856689e-01 2.800080846209658691e+00 5.337667020560081255e+03
-4.595643317914013437e+01 4.582571666699490898e+00 -3.894438756010583802e+01 1.600589077021934870e+01 -3.422554824471790624e+01 7.952700013051579475e+00 -1.141434240115360410e+01 3.361717447054529018e+00 -3.548510396042378545e+01 1.241550607170018594e+01 -3.664094499562656182e+01 -1.508666326769248478e+01 -1.343063282225764965e+01 8.445955073032922883e+03
-4.281761432000489975e+01 1.272552245707671581e+01 -3.764217573284832952e+01 1.310834784209229475e+01 -2.637456108335085148e+01 5.227689594168286824e+00 -5.572891854193327887e+00 -6.146304378325917916e+00 -3.449809263934688897e+00 9.113124980178003653e+00 2.832712923876014033e-01 -8.654723042491950125e+00 1.427134045607029833e+01 4.749435449718393102e+03
-4.195150423385606331e+01 2.326694925395223024e+01 -5.413207210539463432e+01 2.128852857416195121e+01 -4.079069809921568179e+01 1.663185768247477725e+01 -1.790043564247373808e+01 3.616980350761133778e+00 8.535607112666209417e+00 5.100374452118712654e+00 1.479664568558592563e+01 -1.780931471925279297e+01 2.157377266441465835e+01 9.059180688409005597e+03
-3.838102135875540455e+01 2.144849326634040665e+01 -4.659502466737231430e+01 1.847770580549423869e+01 -3.202896497438486989e+01 2.012942215063259610e+01 -3.265812936924221077e+01 1.102039044879820961e+00 -4.061399068830080061e+00 5.993278118553083011e+00 -2.446208190392815673e+00 -1.661937804544337638e+01 1.021098843754763763e+01 7.383345027930733522e+03
-3.929936645094163339e+01 2.217999430655672555e+01 -4.658225162356809079e+01 1.590169115889631435e+01 -3.234955909766733129e+01 1.766237820258738722e+01 -3.026608861709655329e+01 3.427280435969557004e+00 1.018067956331981527e+01 1.543274086165774861e+01 1.111141746710328704e+01 -9.535532858965266811e+00 2.485589029308921027e+01 7.919419242036863579e+03
-3.943946870517063985e+01 1.143438713274060348e+01 -3.427096302742364031e+01 9.291686210145526648e-01 -1.912734798972589090e+01 -5.890125781651771586e-01 -2.484469745421942832e+01 -1.912892997493004543e+01 -8.385641565974106371e+00 5.804911292697423342e+00 -7.432443166743625262e+00 -1.633308221993682707e+01 1.281865304385620874e+01 4.801301124193549185e+03
-4.553838915378230467e+01 1.023763947549900699e+01 -2.990977556856377007e+01 2.548492396246841096e+01 -1.377628497068440261e+01 8.817897982686901059e+00 -6.892954372278030206e+00 -3.603348448811650062e+00 -1.980502088173365394e+01 7.958533631375970252e+00 9.961057915958294595e-01 -2.487513079402430805e+01 1.239272912567976981e+01 5.279589668772689038e+03
-4.948800042560695545e+01 9.105082909253809476e+00 -2.410684104445223852e+01 3.825642223597778724e+01 -2.373378485843807084e+01 5.360386030401196322e+00 -1.999239478587310970e+01 1.134319570508475872e+00 -1.722512912196130230e+01 6.115454209196898638e+00 -5.441853152047890774e+00 -2.920380358751476635e+01 -1.807335742932794087e+00 6.789513386260251536e+03
-4.813559129477188492e+01 5.184657606904854887e+00 -1.981276879893619025e+01 3.417431499916528992e+01 -1.478425164195046015e+01 5.333577108219851759e+00 -5.987202081215663441e+00 -1.518191159832095627e+00 -5.258940828003010104e+00 4.722302496052804166e+00 -7.291357109744238230e+00 -2.125020203404554309e+01 -1.322583654528267871e+00 4.745958873490836595e+03
-4.617879129919077030e+01 1.015023270894270091e+01 -3.685665229850683744e+01 2.340044438138724914e+01 -1.570166636372590752e+01 1.860373253044171449e+01 -5.371915460050534108e+00 -1.865868350315994206e+01 -1.850215272394989086e+01 9.665779674606085337e+00 -2.263510626826157779e+00 -3.313181112203649548e+01 2.623997315021152854e+00 6.656629444874021829e+03
-4.767622562341609438e+01 1.133592816773385259e+01 -3.152174144960940083e+01 2.996012180642581768e+01 -1.705139353361487409e+01 1.922716579546553106e+01 -3.256275171149988434e+00 -1.521601538499282391e+01 -1.178866753370113685e+01 -4.221354336995708501e+00 -1.846280517094656126e+00 -2.389298204529731606e+01 -1.302785217989768984e+00 5.928092324689431734e+03
-4.672699479037486725e+01 8.613011415413517113e+00 -2.171723075406870507e+01 3.315225102593139184e+01 -1.076790755990263548e+01 1.307333617136392689e+01 4.913282929949704947e-01 -9.731612456380524634e+00 -1.113444554728734737e+01 7.565989666046116113e+00 3.770547211606891658e-01 -2.560538341895694714e+01 1.942931353491692104e+00 5.050884393665527568e+03
-4.800156269002508935e+01 1.082626931625960331e+01 -2.739064423457834963e+01 3.355353036336398276e+01 -2.217816715970392849e+01 1.328645591305652651e+01 -5.562109086740098185e+00 -5.035932470525686711e+00 -1.668020253226125860e+01 -1.930571095696807848e+00 -2.991842973416233065e+00 -1.455751899908410074e+01 5.111187009419997374e+00 5.551096579761210705e+03
-4.715852675844096353e+01 8.659270314426928294e+00 -2.512923836673562050e+01 2.645850444129591139e+01 -2.508947784246656809e+01 9.159637962314825188e+00 -3.834489334081830236e+00 -4.086113675369404064e+00 -7.352856131758850999e+00 8.182357834692908227e+00 -3.332293911352648408e+00 -2.331688135385875427e+01 -3.944769685762362865e+00 5.066579005681305716e+03
-4.498578714389734756e+01 6.948634532059615232e+00 -2.784342294042646415e+01 2.783423787576684916e+01 -2.592317298595754593e+01 2.178097863641119858e+01 -2.422354389241660133e+00 1.021639003104816013e+01 -3.372349965551170925e+01 1.274733424535022408e+01 -2.118477516295350327e+01 -5.488299078819044219e+00 -6.240286415189601144e+00 6.696296179458705410e+03
-3.864042848268872632e+01 1.428894068556948937e+01 -3.060028838461913026e+01 6.583504988522121515e+00 -2.485019140750225120e+01 3.370559981071954869e+00 -4.042124918374316422e+01 -5.049146594395516052e-01 -1.473875449607401222e+01 1.320437828388975987e+01 -3.203086728660973392e+01 -6.862600146624640018e+00 -3.592831952105487225e+00 6.417568409660864745e+03
-3.580556435905880619e+01 2.092789206269272029e+01 -3.733261367334899461e+01 1.099473363727546626e+01 -2.279128614473096448e+01 1.202029889887622716e+01 -4.066569441704113075e+01 1.196597597937957680e+01 -1.040221082724172597e+01 2.240169581646102870e+01 -2.457579512197184357e+01 9.014017509855262844e+00 1.707629208993204628e+01 7.282300844638591116e+03
-3.483560070751653370e+01 1.300062539721047905e+01 -3.290475980588389149e+01 -3.515019850105993715e+00 -1.576368073677473625e+01 -7.548679449776578565e+00 -2.645459467980209212e+01 -4.261353348070334945e+00 2.237881353060667156e+00 5.605648851167281954e-01 -1.274518086567182529e+01 -3.118956676860729527e+00 9.020109059484981984e+00 3.759947063074464040e+03
-3.539137877882612315e+01 1.071514729177248881e+01 -2.936004433486042231e+01 -3.516205738632148137e+00 -1.685826340357400710e+01 -5.942267154931593076e+00 -2.239288835877506756e+01 -3.490387458216089644e+00 -9.944215218727865846e+00 -3.590308966159844850e+00 -9.801310002142985311e+00 -6.011684406959117766e+00 1.885673290121331647e+01 3.674435954737531119e+03
-3.742737770309810941e+01 1.527233957711164436e+01 -2.697175393412886990e+01 4.949405464913795960e+00 -2.197934048915668370e+01 8.162757962508278453e+00 -3.370526451463937434e+01 3.710726740811785884e+00 -1.446058612424376477e+01 6.897629716895465890e+00 -1.253680278547952653e+01 3.958431217581695361e+00 2.445881868203451504e+01 5.113321717342892953e+03
-3.889146392221542925e+01 9.473865320800765488e+00 -1.862419000773988031e+01 4.984317251668445081e+00 -1.989749055207716566e+01 -6.298505467947226877e-02 -2.251588607727144264e+01 -8.163799772345868178e+00 -1.645922297511381771e+01 4.543577244085952316e+00 -1.056061550612924194e+01 -4.221653063560384389e+00 2.697226729730661177e+01 4.091933084726279048e+03
-4.179551228814016639e+01 6.128406705115891029e+00 -1.687539987046550749e+01 8.379713476255863824e+00 -2.187461938286242713e+01 -1.765457010013331773e+00 -1.818229396733291381e+01 -8.834373968912954567e+00 -1.661759127710197070e+00 6.220034042690653076e-01 -6.126965917766447944e+00 -1.678669269617919468e+01 1.554971501373049136e+01 3.593953455515173118e+03
-4.673461500719036366e+01 7.461645899524291359e+00 -2.660281742406669636e+01 3.265985924445917021e+01 -3.065675555294590637e+01 2.004918187788018713e+01 -2.182662242638695815e+01 7.965752940879574417e+00 -1.397936995123226822e+01 6.249911334421055287e+00 -3.678386051263325296e+00 -1.742708137590672024e+01 -3.890747035178406144e+00 6.462693499268783853e+03
-4.422927143792124838e+01 -2.508364318828581574e+00 -2.114454236971134193e+01 2.148839187236757553e+01 -1.452496843089044987e+01 2.468728458332173759e+01 -1.827722753909250031e+01 1.854787861104326296e+01 -2.718488522458955892e+00 2.063493104179838511e+01 -6.365818837671270991e+00 -7.833522154827903705e+00 -1.128848708851855775e+01 5.032388794790672364e+03
-4.332949479555987438e+01 -1.469779844492296661e+01 -2.694769441157973233e+01 2.343208747228329969e+01 -3.658755249373922425e+01 4.265459577893747678e+01 -1.406252231646598538e+01 2.406389861784207440e+01 -2.077802126147406625e+01 3.144469437934116129e+01 3.430369497393968459e+00 -8.336550279560782428e+00 -1.506512474674243940e+01 9.032319106151855522e+03
-3.806243998586489852e+01 -2.584608269852980200e+01 -1.610408124438007604e+01 1.139619457131328062e+01 -2.236572412530155418e+01 4.030908622317545564e+01 -1.942391817317957070e+00 2.006014496489606813e+01 3.790287816924512443e-01 2.119552358789465174e+01 -1.397369136589830418e+00 -8.979910612733235098e+00 -2.653920456357231394e+00 5.576242973638346484e+03
-3.702854202585479015e+01 -3.234374474026139268e+01 -1.119681825696813604e+01 1.966944968863376175e+01 -3.711290542832610129e+01 3.774717513067573549e+01 -8.377905956199413140e+00 2.193714487455289586e+01 -6.603242034055150533e+00 2.285082402953817038e+01 -1.289081205565652510e+01 -1.552153376213149905e+01 -2.668871185740687491e+00 7.263108235031332697e+03
-3.506576477894232369e+01 -3.473426879251319832e+01 -1.186527861232302605e+01 1.640631847630050189e+01 -5.092957914352847126e+01 2.273460824194148699e+01 -1.983715993372330999e+01 1.612093439734985978e+01 -3.549091949776506993e+01 2.807459308838246237e+00 -3.179252327534027600e+01 -2.289484481184243947e+01 -1.505673718267317795e+01 9.639242278634894319e+03
-3.572739984324299201e+01 -4.188281614435663158e+01 3.732019786177414478e+00 1.318348422818525378e+01 -2.714685700106863564e+01 3.761719456508274106e+01 3.129190153408687003e+00 2.063081932163510146e+01 -4.725198891001248569e+00 1.840142912245703144e+01 -2.134891243413953532e+01 2.116888881296626668e+00 -1.116967469884415642e+01 6.751736336544713595e+03
-3.853906900092304966e+01 -3.744520691011302205e+01 -1.606927567759109943e+00 1.336494273089342855e+01 -2.944420300983416894e+01 3.932380678513928274e+01 -4.964499754915211227e+00 2.391946742236563495e+01 -1.851653138412172339e+01 1.145966894076631704e+01 -3.200263962076058988e+01 -3.174984171558632440e-01 -2.954815961043519223e+01 8.450266751988681790e+03
-4.279928818542679636e+01 -3.112605944603241781e+01 -5.957754287934113435e+00 1.464826997150503018e+01 -3.396483930966952158e+01 3.596824066589400104e+01 -2.477683350629839509e+01 2.607431183649301332e+01 -2.895003290160412490e+01 2.033867799474808891e+01 -3.657432343649904993e+01 6.575077846138310811e-01 -3.559803046600044496e+01 1.064886260936828330e+04
-4.775566600057502598e+01 -2.249650111254737084e+01 -9.418398398115755299e+00 1.740894505550408411e+01 -1.801084125070300956e+01 3.804634341095687233e+01 -1.177702274894814671e+01 4.282463960989748131e+01 -3.736047781053342476e+01 2.813419085445137213e+01 -1.326415935788114986e+01 -8.106433808230899984e+00 -1.978620605911070029e+01 9.743520605883983080e+03
-4.967642626077096679e+01 -1.740273070034952596e+01 -1.419419515835278212e+01 1.673376305375611395e+01 -4.505595888104101832e+00 3.003270660137763670e+01 5.180980241108376738e+00 2.324572492539429192e+01 -2.176709033278238792e+01 3.141350974542612207e+01 -1.653091846712088397e+01 3.393397009411222687e+00 -1.575210655621138578e+01 6.735096593350354851e+03
-4.790918660778731208e+01 -1.784304740052702698e+01 -1.129653097916183846e+01 1.682001241604212183e+01 -5.862777245274194193e+00 2.357368493594803738e+01 -5.769270264580806717e+00 3.023126412231243876e+01 -3.271109889007054505e+01 3.422107379352485168e+01 -2.359665090607040483e+01 1.957501437608477701e+01 -9.372510588586969504e+00 7.830418478819958182e+03
-4.601293284784582482e+01 -2.824717657917482327e+01 -1.154886066249343557e+01 1.082341350027515148e+01 -1.351634894307785828e+01 3.315782942050650206e+01 -2.768222653517500120e+01 3.065060039677770476e+01 -3.836475898833096920e+01 3.866411283320795889e+01 -1.096749778917818041e+01 1.959346787459508121e+01 -1.283689804177473981e+01 9.789258043468320466e+03
-4.114747248227689624e+01 -2.633348576850576706e+01 -6.158633268220138568e+00 8.909122548026704891e+00 -2.020909284291501606e+01 2.252991743710846961e+01 -3.032731907523776016e+01 1.253220395717116631e+01 -2.654978241195417610e+01 2.152945888926151596e+01 -9.388021607959480264e+00 -2.203522963660486944e-01 -1.173603952229752423e+01 5.891001898981385239e+03
-4.265220853707027970e+01 -2.527023399354024136e+01 -3.024562661494386351e+00 2.791042690523132919e+01 -2.698603967978529283e+01 5.415805104391791502e+01 -3.490252086263298992e+01 2.224515346252733750e+01 -3.484073813302033784e+01 2.093873475777336424e+01 -6.599123404661468406e+00 -3.909404496653201555e+00 -4.580971098402105035e+00 1.035243399045894512e+04
-4.390354379043086652e+01 -1.924971055855118962e+01 -1.443233623591145154e+01 2.954952735389992924e+01 -2.023582245949285863e+01 4.765910767751489630e+01 -2.659576126809231411e+01 2.208877667186581206e+01 -4.592132896721451374e+01 1.337959513209808193e+01 -1.510254080375649366e+01 -3.079858700568346652e+00 -5.964524065438356004e+00 9.816596873215345113e+03
-3.949975663687445149e+01 3.600080401927388429e+00 -2.379730726820314501e+01 1.233740665246387458e+01 -2.114851504003915750e+01 2.503835095623526996e+01 -4.349501936401554758e+01 6.314711280387583336e+00 -3.447843004666991362e+01 5.458380044025472166e+00 -2.231766390594735583e+01 -7.251292587978135806e+00 1.013872536851617845e+01 7.169594954136905471e+03
-3.722717968758208684e+01 7.669148035290477949e+00 -3.252102899452814455e+01 2.596794599793188496e+00 -1.240227084778565292e+01 9.621401298623430520e+00 -2.838918168270328835e+01 -3.608414134258929984e+00 -1.092862199263790934e+01 -4.416048684975423910e+00 -1.659436006158476307e+00 -3.275250866470136302e-01 2.737903405346715502e+01 4.465802153331895170e+03
-3.532372664289447073e+01 5.171968429232057574e+00 -3.444130170770660015e+01 -6.959754037442890784e+00 -2.278873287732055886e+01 -2.372200543939684714e+00 -3.449553407777311520e+01 -1.704979452432062104e+01 -1.808166781874362528e+01 -2.139965096776225550e+01 -9.446779756976745546e+00 -5.232064840690403784e+00 2.019965374249178325e+01 5.824281341404794148e+03
-3.342287194446947751e+01 9.001937263559581126e+00 -3.020164255083493998e+01 -3.949986953641274390e+00 -1.289781400751862961e+01 1.833433862919777013e+01 -2.133743500669519477e+01 1.006982166845608972e+01 -5.107669879588393691e+00 3.755954022946870197e+00 1.684503099955827921e+00 -4.442398097188751116e+00 1.672712092353400948e+01 3.527618381617435716e+03
-3.500245135804743768e+01 9.539993613680438855e+00 -3.662125206449882597e+01 -3.907983535375634254e+00 -2.382611109491152135e+01 2.557665291029933741e+01 -2.912526965399426970e+01 1.906639925439749916e+01 -2.143948498901901090e+00 6.168627428534333212e+00 7.014506417940052252e+00 -2.470924252387579845e+00 2.526361317495653225e+01 5.842436571373032166e+03
-3.518866716611292134e+01 6.945259613104595608e+00 -3.822689084533488568e+01 -2.506928619740196762e+00 -3.145265757638518878e+01 2.659821088972083913e+01 -3.228020283774891652e+01 1.430163843422806558e+01 -2.117642095699300242e+01 8.275678964541619109e+00 -7.517182176519266790e+00 -9.082472752336286703e+00 1.419041230852034552e+01 6.554636458657167168e+03
-3.419023401770564163e+01 3.304550614751714743e+00 -2.719005698942929072e+01 -8.006032450170906145e+00 -1.754008341499304535e+01 1.686119577561221661e+01 -1.609345169089636229e+01 2.694240927475453962e+00 -1.835063572931224130e+01 -1.684888101736164323e+00 5.270890701443268433e+00 -1.094988404362217160e+01 1.191480198964212178e+01 3.470729917716465934e+03
-3.708696918453360780e+01 1.089438253205911522e+01 -3.681007418014117860e+01 8.646758838188352669e+00 -1.819394258235833206e+01 3.617009127604555374e+01 -2.359801958110611864e+01 2.458387274426480573e+01 -2.598202274810335410e+01 2.319606834870004519e+01 -9.011850171922253239e-01 -1.650445196418015570e+00 1.545070835866836667e+01 7.179790815953497258e+03
-3.844235774707118480e+01 2.976957734421703083e+00 -3.770880850688591579e+01 6.877970209238587707e+00 -9.067281933713802644e+00 3.041117812832990452e+01 -2.591871628880300449e+01 -9.350335591232033394e+00 -2.595388615183786385e+01 2.210529293602335965e+00 -1.605684644945146999e+01 -1.205524501386227598e+01 1.188424227446876102e+01 5.945078957085306683e+03
-3.869789423151301833e+01 9.428981899782227671e+00 -3.332538684813175678e+01 1.442099567330489585e+01 -1.301649589558057762e+00 2.977792416223343608e+01 -1.711549896452496711e+01 -8.968983536983524019e+00 -2.115180236653434420e+01 2.507034824316066057e+00 -1.583898558638968090e+01 -1.384070540339389765e+01 1.399418895801744256e+01 5.258741153989316444e+03
-3.975135251374477008e+01 9.889053069883665614e+00 -3.152089906811462328e+01 1.140364536464751488e+01 -1.877092903067410834e+00 2.712646931713272025e+01 -9.420532743790834829e+00 -1.742234416691320220e+01 -2.303493897052173267e+01 -5.227043716763401626e+00 -5.751829012794670071e+00 -2.838495142236695301e+01 1.443445597662883628e+01 5.538299854759603477e+03
-3.943187324939581373e+01 1.242145804245517127e+01 -3.071897002545915001e+01 1.174365292094461388e+01 4.355102684032916560e-01 2.826691626891155096e+01 -6.763674170231892546e+00 -5.733802897293949208e+00 -1.272659379032319649e+01 6.789168858916219129e-01 -1.025937266069755616e+01 -2.493417574818955984e+01 1.039771295227451198e+01 4.666073159615591976e+03
-4.211294322830433856e+01 1.851028444772856929e+01 -3.626119153607709222e+01 2.484785528549760159e+01 -1.831016030829921348e+01 3.507883638390030967e+01 -2.770732649368722633e+01 6.376321130290975248e+00 -2.112596250352198979e+01 -3.815939192454563589e+00 -1.130944432987249648e+01 -2.197367409497638135e+01 1.444000425749442051e+01 7.702687977599653095e+03
-4.259103055324192155e+01 1.422301389080929646e+01 -1.986013619832911559e+01 2.329157714583593730e+01 -2.053271366632678507e+00 3.167181955429478535e+01 -3.748337118505889354e+00 -6.224097585979738945e+00 -2.178422224136528129e+01 -8.149327362384639173e+00 3.886644172609550640e+00 -1.537989340352507384e+01 1.234689964149858987e+01 4.958379012486579086e+03
-4.389948965366063049e+01 7.956149193991751467e+00 -8.687519610662700842e+00 2.802742582036325558e+01 -4.308674975620520264e+00 9.098645772777729235e+00 -8.701585388302135016e+00 -5.242325075702525261e+00 -1.657699530186955172e+01 -6.865316097550366869e+00 -1.100904389647512360e+01 -2.026730384287726849e+01 4.473981786922347936e+00 3.929933196325029712e+03
-4.775489764278382410e+01 6.983108907218933403e+00 -1.253394525338459431e+01 4.319205261552603048e+01 -5.463115826552739307e+00 3.253028408923867687e+01 -1.325255357301900183e+01 2.242084942316551022e+01 -3.858899257254402926e+01 1.505760676417700417e+01 -2.540119640092401099e+01 -1.678828581972150680e+00 -1.153551436933223595e+00 8.483548728315015978e+03
-4.598514393950527790e+01 -4.414406991578784023e+00 -3.336046086855047665e+00 2.812165671171716497e+01 -8.803430749378996722e+00 3.670507291736486621e+01 -2.054792012680814750e+01 2.438638082514977512e+01 -4.618601159527322153e+01 9.819537366554090596e+00 -2.973352407470938275e+01 -9.879859514635757733e+00 -1.626405061960380749e+01 8.853536995703871071e+03
-4.310062581654340619e+01 -2.168397972287948150e+01 5.349889779843614690e+00 1.428741215288180300e+01 -2.412414066998610096e+01 3.255173492981267458e+01 -7.924904999410719242e+00 2.393446207529493819e+01 -2.210178330976982153e+01 1.380305497107628554e+01 -5.946672765635543811e+00 6.301155718201805200e+00 -4.213760133134577757e+00 5.609699000004953632e+03
-3.542593317029506750e+01 -2.997785554775988714e+01 7.131087349316562296e+00 3.594774873280317973e+00 -2.368400976376863554e+01 3.593291259115172664e+01 -2.839474736938030830e+01 1.643942138457325086e+01 -1.946027333227353751e+01 7.523504099413655943e+00 -7.592950831423632252e+00 4.658408671222828978e-01 -1.578562581097883033e+01 5.888427401192682737e+03
-3.707076007659859584e+01 -3.630981156626339157e+01 1.964294791407312335e+00 1.140528094791007163e+01 -2.225387847147813147e+01 4.410225184225294015e+01 -2.840710201116552369e+01 1.733151340042952171e+01 -1.941039294277709004e+01 2.024428362318924002e+01 -7.856606614918332454e+00 2.752207057065005458e+00 -6.177196203890774839e+00 7.268224119902492930e+03
-3.863159512218244629e+01 -4.105270208478276572e+01 -4.385959530854126598e+00 1.539930066814024556e+01 -2.503960601845869505e+01 5.204450414893243959e+01 -2.127919891889765580e+01 2.358691724094601838e+01 -9.519861547485678699e+00 1.997834839443237342e+01 -1.299848154411386147e+01 2.785411550462582486e+00 -2.197578497033849221e+00 8.450169405110724256e+03
-3.801976568153224179e+01 -4.345593442022565966e+01 -1.961871218809366990e+00 1.557199084351060492e+01 -2.867721648872942097e+01 3.120779770450256052e+01 -1.253510496628314996e+01 1.395214969252544002e+01 -1.734895492130201333e+01 1.304776776240730563e+01 -9.619450901791676500e+00 -6.617444896999440829e+00 3.596421729268926004e-01 6.336041612540562710e+03
-3.949204017909931252e+01 -3.496182200253501549e+01 -6.371034846298935683e+00 2.426264385890381803e+01 -2.189636732591546320e+01 3.625553892840511594e+01 -7.314010878324832099e+00 1.878887872809585602e+01 -9.097820635455956761e+00 2.468927301486221637e+01 3.370884164498286761e+00 -9.014724899709047889e+00 8.009742531278039479e+00 6.460762574131753354e+03
-4.248761595216214459e+01 -2.706161828772793143e+01 -1.452435398095553865e+01 2.223704620582878633e+01 -1.113332840269151269e+01 3.147961315016102191e+01 -6.569923933764408197e+00 1.054083755498784747e+01 -1.238274517653402107e+01 1.954462691453100120e+01 -1.617025827573931807e+01 -7.598175602871329204e+00 -6.489850780847826961e+00 5.408814486124480027e+03
-3.788134583921016230e+01 2.601112794910272807e+00 -2.743714723558539248e+01 1.687589799925077827e+01 -9.362396141855930054e+00 3.009213683726661870e+01 -4.693617418151746534e+01 -6.247640636516631929e+00 -3.973572701876934588e+01 3.880037501020308532e+00 -1.035700144361022446e+01 1.309866565800275851e+01 -7.555999047764115240e+00 7.644502088592995278e+03
-3.953160372205623929e+01 1.021117415919699134e+01 -4.123329329288320366e+01 2.531404391763343042e+01 7.449947793534558160e-01 5.398482104823673922e+01 -4.996101052129538544e+01 -1.445665184859529795e+01 -3.804988667277272896e+01 1.679212021386202958e+00 -8.178481941908623654e+00 1.034542303217576897e+00 -4.972769650558099386e+00 1.117131425307223617e+04
-3.488406948603020652e+01 -2.002344447756210677e+00 -2.485551038112241784e+01 7.572126269723070457e+00 2.235843245417349223e+01 2.694417611610597518e+01 -3.215339074003584585e+01 -1.791416451433099866e+01 -2.146455681760095402e+01 6.435651869678659764e+00 9.427255958096408150e+00 -1.052330792261270176e+01 -6.750700822558254321e-01 5.178900832969134171e+03
-3.747371805549493473e+01 1.050798659539513658e+01 -4.113408174226811553e+01 1.574973853411673552e+01 8.640917557259612636e+00 3.678365354332128589e+01 -5.167941681091140538e+01 -1.200524656358762421e+01 -2.564056902834800766e+01 1.409784124663342553e+01 1.947646496899471114e-01 -2.788740801275099823e+00 -1.205000904063886402e+01 8.706560597376961596e+03
-3.554413511865030983e+01 4.267169578228059201e+00 -2.708091602805091114e+01 4.559796747840279885e+00 2.259694927302770395e+01 2.422552883319816885e+01 -2.580328747189640382e+01 -1.743386839852039927e+01 -1.045489558362471350e+01 1.122002926155209401e+01 7.138814939905372192e+00 2.970384070006561572e+00 6.308471766376796408e-01 4.398387538956758362e+03
-3.810480723051806962e+01 5.210212080121582545e+00 -2.505805740567214457e+01 4.623743866148158688e+00 2.341004988580837054e+00 2.288105743306643092e+01 -2.805515475031936745e+01 -8.186134563184733537e+00 -3.336442308918104516e+01 1.615126403296338964e+01 5.382709844358948281e-01 -2.717786795307145731e+00 -1.265570877660148597e+01 5.053426616335224935e+03
-3.906056647896568990e+01 7.352022825102402237e+00 -2.146649091294906952e+01 7.891480897175670250e+00 4.288818119361967440e+00 2.443378758682016638e+01 -2.136036519795052158e+01 -2.459671984731746530e+00 -3.255706884460790462e+01 1.603688707805383729e+01 -1.196817986265719114e+01 1.819351752314298798e+00 -4.276509767143544138e+00 4.662565305224668009e+03
-3.920315190869261812e+01 9.248437928316294077e+00 -2.289602918905593754e+01 1.269781503965065461e+01 -5.137961889652938652e+00 2.008708242398490995e+01 -2.720979497122559110e+01 -1.977213028669058570e+00 -3.769888034689173395e+01 1.390602989858198413e+01 -1.541255018676008071e+01 5.673449864970221412e-01 -1.556891106611658593e+01 5.576898051848855175e+03
-3.895439376109818141e+01 5.381902747991946789e+00 -1.514183829956172289e+01 1.793446488486375401e+01 7.583682536794320583e+00 2.302273398339320210e+01 -1.805635861268032016e+01 1.442331557141154352e-01 -2.724911700228057398e+01 2.442321704811540073e+01 -1.497079259371610327e+01 -1.338721281268868690e+00 -6.516245892241525617e+00 4.618327553186375553e+03
-4.090319291707982785e+01 6.233199821068024171e+00 -1.804044658289523539e+01 1.792483272693327478e+01 -5.595009875230915197e-01 1.744832264247891374e+01 -2.265382283595102209e+01 3.271076776495265293e-01 -3.101953182670727927e+01 2.080930902564229257e+01 -2.743233002726926983e+01 -3.356417433756419211e+00 -1.929785490869697284e+01 5.708185174591108080e+03
-4.041106849623257347e+01 7.691232549000276641e+00 -1.889971531300975371e+01 2.230601237723444541e+01 -5.457300951720144511e+00 2.217455163482927816e+01 -2.011445676343995714e+01 1.225186606655165455e+01 -2.455060759584187124e+01 2.158180439619136592e+01 -2.460282498117508609e+01 -2.445638476267984807e+00 -1.162189968791759220e+01 5.438014720387952366e+03
-3.953876563977315328e+01 6.400500697862940847e+00 -1.580563448793732917e+01 1.959667909795489749e+01 -2.962109595953701824e+00 7.517024046332116072e+00 -1.527763695502530439e+01 -6.327008376995448380e+00 -1.757594489605414267e+01 1.605272791561031198e+01 -1.503812000451637054e+01 -5.339601434390026213e+00 -1.231095116564665837e+01 3.549665108311506629e+03
-4.092786375483287742e+01 5.565246382478814979e+00 -1.354986642376561967e+01 2.517125135104074474e+01 -7.483788632096921134e+00 9.886066763692458181e+00 -2.116826986959123147e+01 9.446264287538020943e-01 -1.235505707858337843e+01 2.808171286972853409e+01 -1.161560685041448338e+01 -1.081445373520889852e+01 -1.488511486945344942e+01 4.540653560102974552e+03
-4.315216820429508005e+01 6.628592103476925068e+00 -2.042911103334452250e+01 2.485404899245130750e+01 -1.844788517209533296e+01 1.839041031279707639e+01 -1.126833003198246708e+01 -4.363670719261441455e+00 -2.122119968730266848e+01 1.530515334832922392e+01 -1.851913162317777761e+01 -1.172965342060369842e+01 -1.373066177756710360e+01 5.119329839067861030e+03
-4.626496732477414042e+01 1.126004922517917173e+01 -2.455933863081899560e+01 3.622676883129410896e+01 -2.334665144588214858e+01 1.519620230519785764e+01 -1.246025327605684652e+01 2.068628088826244138e+01 -1.492016022135518938e+01 2.149652840211729554e+01 -1.711134879960341593e+01 -1.229414027091316974e+01 -3.068993002162278216e+00 6.680021406146569461e+03
-4.603528711942366414e+01 1.654440079683103360e+00 -1.873352150470348931e+01 1.540802644333320970e+01 -1.688336522150526164e+01 7.604762438075373332e+00 -1.369232736421330721e+01 5.694431427865708883e+00 -2.032460355660366602e+01 4.198147626851674308e-01 -1.822064057739939003e+01 -1.821902540343587162e+01 -1.234122447050512106e+00 4.351837191952628018e+03
-4.191164408039924183e+01 -2.014158487894053717e+00 -2.486886793123144201e+01 1.305660926320820181e+01 -2.926050024443877007e+01 2.493016897549890132e+01 -3.529787282844778673e+01 8.801051456605506473e+00 -2.265258212789877845e+01 9.532490917833796873e-01 -1.535118437112593703e+01 -1.636236386581871471e+01 -7.074224315390164719e+00 6.418145537656760098e+03
-3.998473536168247477e+01 9.969131395998884315e+00 -3.504907032727238914e+01 4.992215581857349704e+00 -1.281378849240969942e+01 2.143237159098496392e+01 -2.151046840537109262e+01 -1.518408549997182178e+01 -2.134014223891004036e+01 -1.593763795772171399e+01 -2.373027586783189147e+00 -1.800265914208733875e+01 2.087527478829936811e+01 5.743232689036636657e+03
-3.640694561587041989e+01 1.616117011677694393e+01 -3.988798592338221027e+01 -2.315919234586939768e-01 -1.019648085118950576e+01 3.041565344254729908e+01 -3.768522533645061401e+01 -1.444500346384455369e+01 -1.609007085457190200e+01 -2.407990331413129326e+01 7.945432401571654424e+00 -6.647955609365123308e+00 2.935265854374976158e+01 7.643304591419708231e+03
-3.299551107578222542e+01 9.317772332191315954e+00 -3.162639265139744538e+01 -7.132405703136327269e+00 3.102513540161043970e+00 2.580033116799297233e+01 -3.757343085715176301e+01 -1.395358741427002336e+01 -1.479249372358301251e+01 -2.109380266023538297e+01 1.716963453255241845e+01 1.118613678285623436e+01 2.559668679209824660e+01 6.247255304461106789e+03
-3.378146144623673308e+01 1.349448200450627589e+01 -3.775880416253608729e+01 -2.763214498388295137e+00 -9.402157385657856636e+00 3.433871359326850126e+01 -5.238102947304953716e+01 2.591426986778173180e+00 -2.737200077806479115e+01 -1.604371802009086778e+01 -2.471061121801105376e+00 1.781074907731783696e+01 1.329106203861402236e+01 8.281294955771578316e+03
-3.335404546449341012e+01 1.229134894741637218e+01 -3.224712654644071819e+01 -6.620833868847404879e+00 -4.774284511878481574e+00 2.884071561160335406e+01 -4.577459022923289211e+01 -7.784608928720758492e+00 -2.038809125116204868e+01 -1.705835548021389414e+01 4.578261760422194904e+00 1.448510136069306142e+01 1.852120722147914478e+01 6.638251651505252994e+03
-3.348479404052300623e+01 9.647727721883521568e+00 -3.507099601758654472e+01 -9.470183389420055775e+00 -5.216914466870350431e-01 2.187774419700948414e+01 -4.047678165492267510e+01 -1.504652839585780555e+01 -2.315969884744414742e+01 -2.504448218273580906e+01 1.442090463674218448e+00 1.255947938965045552e+01 2.255357927633591331e+01 6.709726764373753213e+03
-3.480224882648912654e+01 1.072125652142976904e+01 -3.991217704210085770e+01 -2.060870905388205276e+00 -3.194507705981223022e+00 2.998920097921237371e+01 -3.542668513316085921e+01 -1.564695585579000969e+01 -7.055838121423584575e+00 -1.868480361175504356e+01 4.913357196115406111e+00 2.667181876444063349e+00 2.645586024055934260e+01 6.462879448612417946e+03
-4.383031416257011159e+01 2.055361058649492811e+00 -3.025259635385091173e+01 2.192728736952328106e+01 -2.629800860231058302e+00 2.274816986895838156e+01 -6.786723667238901747e+00 -8.990542290335119091e+00 -8.476294611661002065e+00 9.358669406517795553e-01 6.437958632454592767e+00 -1.342883205776630362e+01 5.285985868329492021e+00 4.295076925630265578e+03
-4.769736895076349725e+01 7.749480878004809448e+00 -3.885693241688506561e+01 3.531490479195056764e+01 -1.272730895282689190e+01 3.139243994176626629e+01 -8.549764261545954369e+00 -3.433677846409721734e+00 -1.574489001385811981e+01 -1.208684793464172103e+01 -2.049592893789188019e-01 -1.448092399588100676e+01 3.233900453305037725e+00 6.938646181948083722e+03
-4.573735074414052804e+01 2.089321958505991006e+00 -3.818863374675817113e+01 1.510475347463955309e+01 -9.770229272784776597e+00 3.445646079439289622e+01 8.623790020599622963e+00 -1.057814797384161665e+01 -2.853258320345013388e+01 -1.395869311129784940e+01 -1.409573545592731181e+00 -2.585273111350552711e+01 9.174034264000770378e+00 7.015234809628608673e+03
-3.828201960669176174e+01 7.001491195596901029e+00 -3.270813360625292887e+01 1.198993970305824996e+00 -2.923499465126266017e+00 3.294216165866721724e+01 1.623080561418625667e+00 -1.879754100187392396e+01 -1.308529514747452005e+01 -6.548443805113540073e+00 5.747949211307019191e+00 -8.383025715901771591e+00 1.305017094277490131e+01 4.523236364058951040e+03
-3.485960937114942482e+01 8.726402140673780394e+00 -3.056948218540380680e+01 -8.325838250192616030e+00 -7.159600282934522220e+00 2.067973539443023512e+01 -2.483036408478290014e+01 -2.246534786674357420e+01 -1.167190652377365190e+01 -8.213822181159089908e+00 7.323620675553547121e-01 -2.440814979565605825e+01 2.801213114280149075e+00 4.703146653313904608e+03
-3.470047803622135518e+01 5.121470992046313064e+00 -2.563492663790426818e+01 -7.954326258974153685e-01 3.662891412000691127e-01 3.451061000183947414e+01 -3.517359744668301857e+01 -2.667066694905136615e+01 -1.297357413032437456e+01 -2.009301112698635805e+01 1.431056013555138451e+00 -8.093524814303027171e+00 3.188286139284658205e+01 6.683870258833636399e+03
-3.508307448227068903e+01 6.333453018842453375e+00 -2.448099187511693842e+01 4.067797369919867734e+00 3.796487878431656249e+00 2.741256234118598201e+01 -3.363676754356742293e+01 -1.471340818140468620e+01 -1.524259894954106009e+01 -2.291479944105672573e+01 3.572239632388000796e+00 -2.683898248026927558e+00 2.837657931433354719e+01 5.583198401855840530e+03
-3.784025953057485481e+01 2.144896941031259718e+00 -2.568149240690694768e+01 3.078061383292832076e+00 -4.886852469341725680e+00 1.521396233175503809e+01 -3.756198890895105791e+01 -1.835184456227658956e+01 -2.551160338574300468e+01 -3.337005727740928052e+01 -6.218420275073683889e+00 9.525121531249394202e-01 2.649486833512312955e+01 6.614495233101379199e+03
-4.260066368583559182e+01 -1.764680889873163627e+00 -1.985564627991303510e+01 8.326645445666015277e+00 -1.946404440943662451e+01 1.242745660273756947e+01 -3.027999158250415590e+01 -2.576410905060997081e+01 -4.163117703281393744e+01 -3.984409666674901018e+01 -1.287004015043828353e+01 -1.715060739465431539e+01 8.694330109489758485e+00 8.251547850340281002e+03
-4.474996350884930507e+01 -3.041919170988020671e+00 -1.865370173211718452e+01 3.218511078518589841e+01 -1.222561577459762105e+01 3.872938870055347138e+01 -3.373306768795570321e+01 1.659820446838229202e+01 -3.870526583574994817e+01 -1.331655894858468692e+01 -4.389779647695559284e+00 5.761304054056811452e+00 9.332996088928172895e+00 8.273501879654491859e+03
-3.989072825623638607e+01 -2.323653190717148576e+01 -1.440325317655672954e+01 1.780752843033333122e+01 -1.670540753698823977e+01 2.974425276331576384e+01 -1.695113856809985364e+01 7.663719983187429641e+00 -1.825044011643137765e+01 2.545542817904357102e-01 6.151945320620511026e+00 -1.055543747298690427e+01 -2.372331553378242752e+00 4.653668313710546499e+03
-4.101037302920781258e+01 -2.316145020111968122e+01 -2.924526565607808237e+01 2.795367698301049586e+01 -3.378828993744119202e+01 6.810736267722950288e+01 -2.247064174061397068e+01 3.714508841702807018e+01 -3.490998416652074354e+01 3.190029989362365015e+01 -4.573157070442652183e-01 1.481769020644237322e+01 2.116482132001398231e+00 1.398053451820185364e+04
-4.025919714895015034e+01 -3.338483180119678906e+01 -1.749867909702383884e+01 2.227612027779504089e+01 -2.992275200105824950e+01 5.820347811347345157e+01 -1.984388917154774745e+01 3.401413894444728214e+01 -2.682081287411809356e+01 3.009745655797330244e+01 1.610430957236794747e+00 2.707131721915585043e+00 5.877717981134651382e+00 1.104121930483203323e+04
-3.784570481361650707e+01 -3.484537863405332558e+01 -1.014823811285096511e+01 2.764460531544013122e+01 -1.956211546584459526e+01 5.042747240264910147e+01 -1.373455321677241514e+01 2.863854635258578440e+01 -3.248377798229513047e+01 5.907429920457333061e+00 -2.560994277954883547e+00 -1.404273967958482139e+01 -5.208066260372544498e+00 8.769094092344939781e+03
-3.657871358599284406e+01 -2.899024542338752397e+01 -9.105131783173307625e+00 3.061961834951193140e+01 -2.972491674499865155e+01 4.898850631008992451e+01 -2.750190695873288504e+01 3.574182929925748198e+01 -4.042414513963500156e+01 1.059693793748695256e+01 7.290937527104966343e+00 -6.252276867199192623e+00 2.703485705299566888e+00 1.036214291891618632e+04
-3.612996125874207820e+01 -3.447556694172412506e+01 -7.452692430273071267e+00 2.544272123196651592e+01 -3.061965580640341145e+01 4.850203122078461604e+01 -2.163648271441475757e+01 2.294719180705966011e+01 -2.322965270323314257e+01 9.925791592431476573e+00 3.901071222583622600e+00 -1.653317001573212153e+01 -6.234096008710010572e+00 8.447100978932847283e+03
-3.863625562716379136e+01 -3.160099792898186166e+01 -1.380712023255577847e+01 4.208230180388794395e+01 -3.707270135789926968e+01 6.499653727213846821e+01 -2.592111368938407523e+01 3.254995018987068534e+01 -3.041726884842095302e+01 2.346726562455254239e+01 -5.349054653815333182e+00 -1.162870690254062289e+01 -7.366930395608337179e+00 1.347731212228519325e+04
-3.542156347813781281e+01 -3.023668973982718455e+01 -4.732099772060515797e+00 2.693751475207811907e+01 -3.320039053784006455e+01 3.924336544533944959e+01 -2.597277448110894227e+01 1.839419370736944259e+01 -1.350507930286344838e+01 5.904168857960091721e+00 7.750465867394370711e+00 -6.677012518738332680e+00 2.051410950528528065e+00 6.898312955766731648e+03
-3.907824890933749629e+01 -3.364948632437200615e+01 -1.535001096048158686e+01 3.709633707112263323e+01 -3.143370416396090405e+01 4.907318385725884724e+01 -3.390012487173861189e+01 2.298758411795835244e+01 -3.657732500167223577e+01 1.962425455712794031e+00 -4.128280460818203323e+00 -1.351408436135706914e+01 -1.434311113109876779e+01 1.109221098010619971e+04
-3.856243672834209235e+01 -3.535772576446778714e+01 -1.483737641799350548e+01 2.804302201280703244e+01 -3.039514409365641967e+01 3.594592866034879108e+01 -2.743735636218394802e+01 1.265384821122462355e+01 -2.601926732089996008e+01 -9.520149156349226871e-01 1.079388952744744579e+01 -5.503050721525277744e+00 3.467993779411463251e+00 7.709419294214416368e+03
-4.096752038702265253e+01 -3.357956790609623710e+01 -3.041726601403454566e+01 1.952307713967994829e+01 -5.579563862197314705e+01 3.578173205632633369e+01 -4.267606059303317778e+01 1.295693596091410882e+01 -2.401248921329607100e+01 -2.401199191786561882e-01 2.468913357689423105e+00 -9.175198465612464105e+00 1.059242838993777447e+01 1.127403633065306167e+04
-4.068967008787110728e+01 -2.616716411833929357e+01 -2.401758663937999927e+01 3.696315433438486053e+01 -2.910942226343323824e+01 5.127119355307656434e+01 -3.460734381815982630e+01 1.806577210896072572e+01 -1.021816019297790312e+01 1.444852600539920573e+01 4.350750807522738128e+00 -5.826037777723081845e+00 -2.757114752120919388e+00 9.657267229083741768e+03
-4.267113196025758981e+01 -1.846249419530413149e+01 -2.637400342137174647e+01 3.210877065677651387e+01 -2.358447321504755934e+01 3.941412442697724572e+01 -2.664340138039209549e+01 2.480498822018942562e+01 -3.046050692064293575e+00 1.172599918651588879e+01 -5.253676800318176632e+00 -8.055322627526457779e+00 6.662478504813299507e-01 7.562819973633120753e+03
-4.239847479419116638e+01 -5.636783163800259899e+00 -2.545402718133946252e+01 1.822096323766197656e+01 -8.777363226362751902e+00 3.460534525828369112e+01 -3.651936993035277368e+01 -2.836775195575973640e+01 -3.406029174867821041e+01 -1.851562948505970141e+01 -9.478344473409709536e+00 -2.095724638225004099e+01 -8.406689941622376594e+00 8.324930382042564815e+03
-4.035629560345262234e+01 7.629685605343794030e+00 -3.725367067599610493e+01 2.421130734631885417e+01 2.359349125880484266e+01 3.674264583637278037e+01 -4.504136339257529187e+01 -2.386727327081996819e+01 -6.318636183033033760e+00 -2.740114684119651756e+01 2.381674663204380149e+00 -2.145947436444543399e+01 1.495512444855185974e+00 9.425078065104273264e+03
-4.027768067489863313e+01 8.044449688657534736e+00 -4.253207345716079146e+01 1.452863618954062197e+01 2.948928351340631338e+01 2.285993841764550183e+01 -5.083799183273901434e+01 -4.566987627906387104e+01 -5.307044537008936302e+00 -3.531623441149231724e+01 -6.055216732057187912e+00 -4.629977253323859898e+00 -3.296854193009581824e+00 1.111386963429275602e+04
-3.814448365118424533e+01 9.573896222660476241e+00 -4.104019124729922652e+01 1.473108093119656559e+01 2.409599472660897490e+01 1.937191976609704014e+01 -4.939159186838579529e+01 -2.931950727457324035e+01 -1.339968666072747006e+00 -1.507779053077919329e+01 -3.584526225436059033e+00 -4.849707023042372001e+00 -5.519311557666887857e+00 7.998980826176802111e+03
-3.744759667436807860e+01 4.247050609526872300e+00 -3.829427433607123277e+01 1.739173300291079372e+01 2.837587815195855256e+01 1.614141353011154223e+01 -5.615500813990109918e+01 -2.577986809076940844e+01 -1.727741027557914588e+00 2.612073004268738785e+00 -8.795242554983559558e+00 2.729930795125331322e+00 -9.752872211362964006e-01 8.168574002300357279e+03
-3.507314763887862341e+01 7.025403672179744596e+00 -3.999651124855499518e+01 6.247780173965701067e+00 1.500070382851897399e+01 1.628222740957102843e+01 -4.134731394616377997e+01 -1.700059498686303527e+01 -4.029827654311205265e+00 1.224424966494559230e+00 -4.833272735910409068e+00 -1.310544973727120199e+00 1.048430769207156210e+01 5.559727785123464855e+03
-3.490092684296754300e+01 1.449622055662451459e+01 -4.772199992571646021e+01 7.338392587050713622e+00 4.095388208867517754e+00 1.636536872370868068e+01 -3.055494651767817871e+01 2.415074151866280702e-02 -2.358655539683885305e+00 1.402182924253195395e+01 5.894155750626304702e+00 7.748011466813464754e-01 -2.707013288891875202e-01 5.215248844897609160e+03
-4.031959348127070086e+01 1.179340269368612582e+01 -5.031804398152824120e+01 2.304288835364333110e+01 3.668519434426104731e+00 1.962338079755889808e+01 -4.890973253473278248e+01 -3.160017614931666330e+01 -8.071197919440987079e+00 7.198184669976182448e+00 8.925286478398065881e+00 -6.818222239405479002e+00 2.424988526834409353e+00 8.865889958430103434e+03
-3.984676982646233512e+01 6.879479374985195683e+00 -3.601882669470448661e+01 1.713052795693775110e+01 2.271741769423853530e+00 1.204939879026238714e+01 -2.049245628425707366e+01 -1.436966957251263999e+01 -1.152562251785651881e+01 -1.872588538356120047e+00 -4.274123133294868815e+00 2.724503461941989002e+00 -2.429121403666636980e-01 4.164776772918345159e+03
-3.931472849892895738e+01 9.654093283516184343e+00 -3.544882607851509704e+01 2.134801917899714496e+01 4.452217986739873679e-01 1.220532720634370527e+01 -2.522042726283260805e+01 2.757278706023923665e+00 -1.822256864848689872e+01 9.084064972387132286e+00 -7.215224225729873986e+00 6.845364228213556501e+00 -2.672934810956242746e+00 4.664692656248877938e+03
-3.780630947938094266e+01 5.194085477024228403e+00 -3.173152658279788696e+01 1.356163344451205788e+01 1.169142432223599037e+01 6.760201590304364849e+00 -2.388291255935839175e+01 -2.160859136000433445e+00 -8.759507740939683984e+00 -4.817699785652960753e-01 -5.410090005393754176e+00 1.064459867848038499e+01 1.209696693315699956e-01 3.624108060828295493e+03
-3.839504922739521220e+01 1.069020148183101782e+01 -3.872607596629622151e+01 1.594240404643323750e+01 5.908130986418265174e+00 1.918128346631706194e+01 -3.524531415542822543e+01 5.411104231044542523e+00 -1.374687102251294668e+01 1.288806808218679478e+01 -8.031145999622381737e+00 1.446039755704255647e+01 -4.650330553896271368e+00 5.666976025141422724e+03
-3.778609512144760174e+01 8.148925139769717774e+00 -3.107644624430996672e+01 1.099082350824396848e+01 1.129235112995852219e+01 1.262974478914309451e+01 -3.455891190704390681e+01 -1.693892424542610131e+00 -1.238974628975291203e+01 1.209295941611397041e+01 -1.635701178641617659e+01 1.578957003050196839e+01 -6.065151869515751137e+00 4.918346893345019453e+03
-4.005942747117190095e+01 1.308661845478769870e+01 -3.878488384310367110e+01 2.324105044783811991e+01 -4.479000176485016027e+00 1.508391932950993031e+01 -4.016769402994280114e+01 9.254646264100665931e+00 -2.298061446186407508e+01 1.269746458278781809e+01 -2.591679856137410098e+01 2.499085626430034068e+01 -8.885889121669235280e+00 7.831625756470472879e+03
-3.714314043204135629e+01 9.495294671338792014e+00 -3.218751805378400377e+01 1.113869862546760459e+01 1.137088059910052351e+01 1.157183474527111500e+01 -2.857057572299831705e+01 2.544205437511511736e+00 -1.098806112465681295e+01 5.003751488641158929e+00 -1.061888392018745186e+01 1.245162223281529634e+01 -6.433471898713313486e+00 4.170803659854237594e+03
-3.736477362539273628e+01 1.052358406569872429e+01 -3.319739073450891453e+01 7.436836795385874943e+00 9.027476790767982706e+00 1.585852367030544841e+01 -4.035449951560575244e+01 1.320467294297454863e+01 -2.284032588557713339e+01 8.943132454918191199e-01 -1.942770166757694028e+01 6.066118976332639967e+00 4.658711292117234670e-01 5.737013261829833937e+03
-3.522028525767857587e+01 9.508678936098933221e+00 -3.192413824444484405e+01 2.124435641502260719e+00 2.515040045544737524e+01 2.301504235300500767e+01 -4.403904360912449079e+01 -1.109738281205546784e+01 -2.874877280917358391e+01 1.476521759701972414e+01 4.448892037289430945e+00 6.790520314937736224e+00 -1.278317848959720848e+01 6.853188430575788516e+03
-3.481612427642607344e+01 1.037848379742304239e+01 -3.414617156292440825e+01 6.106544884281195351e-01 1.103039053471212938e+01 3.476044894640284610e+01 -5.647802261559476023e+01 -1.188802736173852637e+01 -1.477021519507135672e+01 1.432001028681365895e+01 -4.272802915228288256e+00 6.303505048960330370e+00 -1.591871107671802399e+01 7.881878260820488322e+03
-3.439455963214822987e+01 3.513046126711094175e+00 -2.628096102595831951e+01 9.400256113667904145e+00 2.575863674858794283e+01 2.793635036900587565e+01 -6.003950028051283994e+01 -1.796943752689535145e+01 -1.985689691234185261e+01 2.021127064646899640e+01 1.767169253227785930e+01 5.131364565742018158e+00 -2.780688182083611348e+00 8.495113933040634947e+03
-3.382868589529783776e+01 7.049601848994123010e+00 -3.089346221564641226e+01 9.978429395766291066e+00 1.493180887713999816e+01 3.576727669403283016e+01 -5.142238133748087137e+01 2.455492562594807193e+00 -1.046122320532309935e+01 1.434706519533528990e+01 2.328350114622861255e+01 8.474696459732905751e+00 2.404225143605060211e+01 7.907846911597239341e+03
-3.688282787929541229e+01 8.997307007938276868e+00 -3.476462918110076572e+01 1.904488681629025493e+01 2.018751826485937206e-01 3.658294108941403522e+01 -4.937599323958864517e+01 -6.743358810119237656e-01 -2.378490970512599745e+01 1.223933091538964568e+01 -1.084817076465899355e+01 1.206048339801448499e+01 1.126056675617538794e+01 7.894839034671484114e+03
-4.033735724248465004e+01 7.587928452026091009e+00 -3.602316733669899662e+01 1.501147730068308306e+01 -1.231515092573018944e+00 1.711759378496066120e+01 -2.878175363803672582e+01 -3.222633350828179921e+00 -2.837734778548326986e+01 1.052851159049594365e+00 -1.035116308360439064e+01 6.652357990085242534e+00 5.152973683806957084e+00 5.325331382521323576e+03
-4.096270530418090061e+01 7.802334483494748341e+00 -3.257652366158965407e+01 2.729706007925690159e+01 1.796961979186658098e+01 2.727674339728782371e+01 -1.820843165780639694e+01 -1.080715652992696540e+01 -2.499359455096650606e+01 -1.052292942483606275e+01 -7.706196926843840167e+00 1.620946115122482212e+01 2.002229178727460734e+01 6.518884696160563180e+03
-3.984911361768320859e+01 5.849918897520577588e+00 -3.121978700651306937e+01 1.864311303029856859e+01 8.327956331433837178e+00 1.695559247881985954e+01 -1.403371593709921683e+01 -1.467071683525787051e+01 -1.248556463917175918e+01 -1.661723920567013479e+01 -1.208487299258510994e+01 -7.721024690618598640e+00 1.923002409281218661e+01 4.720910427152306511e+03
-3.905933818933203128e+01 7.068705561721372987e+00 -3.177748792090534380e+01 1.613669070187596688e+01 9.491026324434207240e+00 1.717995966204483693e+01 -1.871392135619536745e+01 -9.670442631582211845e+00 -7.715203001667568117e+00 -1.125011741622089545e+01 -1.356370658831187193e+01 -7.817253858292811941e+00 2.786530282285891857e+01 4.882407126319531017e+03
-3.894677070891098936e+01 9.536092003111562576e+00 -4.255742598182581560e+01 9.057096310696501007e+00 -2.413160263557013074e+00 1.936196904894495319e+01 -4.010573379907494740e+01 -2.438005190696807034e+01 -2.291505409523585968e+01 -2.617966823174972291e+01 -1.447221574742659733e+01 -5.489972845230757237e+00 2.111966610249230669e+01 7.980619361257010496e+03
-3.479484312721458394e+01 1.066343782404014284e+01 -3.822511833512680823e+01 -5.232025903986397886e+00 -3.961465402980988149e-01 3.050038268094449379e+01 -5.085815655101335153e+01 -1.578865606905647212e+01 -2.190741049543890639e+01 -1.145470049874776741e+01 -1.524111241125615734e+01 8.381820668006030317e+00 1.855197803640614751e+01 7.837054917706994274e+03
-3.179626822843224687e+01 6.766653043159521097e+00 -3.419865632329275940e+01 -9.056652143342651229e+00 -2.596234300473026391e+00 2.753752896840429898e+01 -5.512947296217780746e+01 -1.585330955450167068e+01 -1.973535033998431842e+01 -5.816288896387832530e+00 -7.618715008660760901e+00 1.971304954980782043e+01 1.411728161435732787e+01 7.433263506855727428e+03
-3.231090134558116489e+01 1.048747480237411800e+01 -3.557137550428728190e+01 -8.877451784952681280e+00 -9.695599092460267521e-01 3.179910898099034355e+01 -5.834607743626885679e+01 -1.132774669166531822e+01 -6.857119525785324576e+00 -4.598536744617859107e+00 1.523091214152508321e+01 1.501108242822561856e+01 3.175433357980315918e+01 8.576636964477376750e+03
-3.101019130011432878e+01 8.193045572365170059e+00 -3.160216205596429617e+01 -1.469756115291974119e+01 1.947090623643450424e-01 1.613382762411845306e+01 -5.017438296960148847e+01 -1.865335067074900621e+01 -9.081280784830903841e+00 -6.691565829033788937e+00 1.205925924330582433e+01 1.857052116377331785e+01 2.746218871623955238e+01 6.740935926540682885e+03
-3.105056103212357854e+01 1.060241681890067333e+01 -3.088205823231510294e+01 -1.981443789930461108e+01 -2.096548557345267128e+00 1.567186658712477509e+01 -5.448973940085377876e+01 -7.968499380449708624e+00 -1.026503276413751387e+01 7.619128104303947158e-01 1.026499546505055172e+01 2.010267117972954054e+01 3.001775973206307313e+01 7.221998481837186773e+03
-3.292537440443279451e+01 1.331507944611296068e+01 -4.100336219904535540e+01 -7.645708723504226256e+00 -4.478177707793808970e+00 2.533350473364360411e+01 -5.517060920623841724e+01 -1.523851980867574696e+01 -1.944278529706697967e+01 -1.401475658998068319e+01 1.661653083039283274e+01 1.264346202046219503e+01 4.932592564835368876e+01 1.038240180980958758e+04
-3.537535911015122991e+01 1.299421169535320608e+01 -4.234033057996535376e+01 -7.181532487611379523e+00 -8.880008059763054851e-01 2.174889690376349094e+01 -4.053614540560091939e+01 -1.988130157458759939e+01 -1.471820293927131118e+01 -1.843766202700060930e+01 -1.961123946628727355e+00 7.033204423561456586e+00 3.989864455859004266e+01 7.978578558846674241e+03
-3.514698051079088970e+01 1.081509857318551582e+01 -3.708808359576034519e+01 -2.498443023151168507e+00 -3.205794616484298754e-01 1.366625828774640361e+01 -3.199038468430561011e+01 -2.087244567132877648e+01 -1.548086635623780793e+01 -1.361267876735845483e+01 -5.531252792731304879e+00 6.226593711081351845e-01 3.422902366535416974e+01 6.007528615446619369e+03
-3.801172422611584523e+01 9.684506940655319696e+00 -3.846422816034914405e+01 8.738200679216054922e+00 3.310392315881542924e+00 1.472127663455309232e+01 -1.494173905126042534e+01 -4.413345662659921564e-01 -6.325733641239111193e+00 -1.439398315283723484e+01 -1.133666548738507984e+01 -3.053310043775208982e+00 2.654634418161257869e+01 4.635411610627948903e+03
-3.880501297271871408e+01 1.192775273577072248e+01 -2.690298615158742024e+01 1.257006261725296170e+01 9.180258869707213165e+00 1.364439629130284182e+01 -1.973822657815953230e+00 4.430030790031759536e-02 4.789456877754164843e+00 -1.062859932966254917e+01 -1.684655319170831334e+01 -6.418086380802016322e+00 2.571157770940686405e+01 3.926211533117194904e+03
-4.070252921502007126e+01 1.861777871318785671e+01 -4.695915255811616618e+01 2.319890989737499254e+01 -4.667697256476994738e+00 2.759795040201235494e+01 -2.382451998516445002e+01 -2.121624635628895028e+00 2.719148468596260582e+00 -1.810587718277020386e+01 -8.563699232128692884e+00 -7.262347588455729586e+00 4.228890650639956306e+01 8.351859113296552096e+03
-3.597542776386839591e+01 9.638059337370190605e+00 -3.856896107493854231e+01 -3.067551965346584808e+00 -1.059038754448128783e+00 1.179607613674718181e+01 -2.373850467997310432e+01 -1.231975231134866355e+01 -3.726341251153669099e+00 -1.086827246361782784e+01 1.803418178413096207e-01 8.488919977982597231e+00 3.500194515877293355e+01 5.168895516730737654e+03
-3.438313199931930342e+01 1.133252806951452563e+01 -3.488992247427304250e+01 -7.626483846228881980e+00 -4.686506743503888295e+00 1.042784853123289679e+01 -1.929278003802003383e+01 -1.134651797763960701e+01 2.972122932087702285e+00 3.031543005665229717e+00 1.309583759686139537e+01 4.320329903284206630e+00 2.199938946316008526e+01 3.909917224213108057e+03
-3.972746298975732060e+01 1.983624531616083431e+01 -5.761180180385137817e+01 1.254044514915849007e+01 -3.457745925542257481e+01 2.601190696214587916e+01 -4.333973290505119991e+01 5.106980650543996525e+00 -1.623276701742303096e+00 6.555129948697998366e+00 1.210032514758794697e+01 -1.071033806719460912e+01 3.417500067401559249e+01 1.069942874463935368e+04
-3.983329592024622912e+01 1.408182753380257957e+01 -3.602259863475769919e+01 8.759612338121213426e+00 -2.291534779357269258e+01 2.063037752759569088e+01 -2.436385274425141034e+01 -3.337134053659352784e+00 -2.194921577369658650e+00 3.747695414590000773e+00 6.956582798288762248e+00 -7.033223024848314076e+00 3.067374591154695551e+01 5.772409037188048387e+03
-4.328492359950614343e+01 1.071277377289538180e+01 -3.371175141730524416e+01 1.879529159526835969e+01 -2.809276916926982537e+01 2.063034625622295337e+01 -3.014277246645141872e+01 -1.079496798971969262e+01 -9.995268624097722210e+00 -1.332193347709171860e+00 -7.975959590522809783e+00 -2.579012145388141164e+01 2.324917682774545824e+01 7.088976887957467625e+03
-4.785624005529138003e+01 9.615345644071428666e+00 -2.758143306336662093e+01 3.186470801643834605e+01 -3.270479399322421443e+01 2.111338637457904355e+01 -1.800101521200954124e+01 5.717629551022581857e+00 -3.329900861401241752e+00 8.865683014889459201e+00 8.967858321791597476e+00 -2.260012722793582540e+01 1.799677494818423185e+01 7.035636838775167234e+03
-4.959198427008978882e+01 -2.188189250779958961e+00 -2.554344064331391451e+01 2.250264934309063491e+01 -1.944229822381139527e+01 1.102371259950826143e+01 -6.613098723736944295e-01 -1.081671803555175160e+01 -9.717827329065730879e+00 -5.826825410827159324e+00 -7.386747809019481359e+00 -2.034407977878856499e+01 -5.324531492372093666e+00 4.865137906125594782e+03
-5.397665788306812118e+01 -9.735967718926654690e-01 -4.049188904774321429e+01 2.409161925074974064e+01 -3.196870138659345884e+01 2.090551564646407101e+01 5.964363766448933513e-01 5.015920865094547487e+00 -1.503128471745584172e+00 6.418636057374154547e+00 1.511029101743701730e+01 -1.901155689228713896e+01 1.759057972581068441e+01 7.561627304173881384e+03
-5.116505056246316485e+01 7.481926072746706957e+00 -4.086770009252884961e+01 2.633381454071606242e+01 -3.074335766399891767e+01 1.751512379833507183e+01 -1.503809876236741161e+01 -8.277866556727577318e+00 -2.100347116164022410e+01 8.415519902618381565e+00 1.177175577964701070e+01 -1.279515599891737665e+01 8.099526659000249040e+00 7.463940766521797741e+03
-5.278929638968347149e+01 -4.944636542089599907e+00 -3.191659057552708489e+01 1.793610228726881672e+01 -2.205894989442946041e+01 4.934621733164865076e-01 -6.688206993105544562e+00 -1.351167081700347516e+01 -1.713314815814525005e+01 2.895548653221809321e+00 3.511385539261698607e+00 -1.930983111435673294e+01 -1.025666154452939871e+01 5.657997379409017412e+03
-5.423262025912718087e+01 -3.618353297471521124e+00 -3.192136132689913097e+01 2.624547895327137326e+01 -1.197345457145011061e+01 1.278252378478748241e+01 -1.965380561106730151e-01 -3.953753380956719798e+00 -1.520099935000567370e+01 1.137770314992134679e+01 9.658792018576940919e+00 -1.947864800774690508e+01 -6.176746370293244581e+00 5.855880074290603261e+03
-5.451321960737994488e+01 -1.508540936376748576e+00 -2.910594946139197958e+01 2.518671358037074981e+01 -1.627191618078498081e+01 1.299096727422388575e+01 1.005753271589684772e+01 -3.222847314327232038e+00 -5.442865552805938201e+00 1.986355313945108136e+01 1.893730562187180766e+01 -8.133951662443649866e+00 1.231971210597783362e+01 6.001318387792186513e+03
-5.419444063237006048e+01 3.285976228239601227e+00 -2.828527697857669310e+01 3.944023365433881878e+01 -7.408788981932297624e+00 2.309081123341026753e+01 1.669654847726375024e+01 3.970197241466429272e+00 -7.795171034304120283e+00 4.383336335883912582e+00 1.983511804724149385e+01 -1.481822628944394538e+01 -7.175527894606302581e+00 6.930515142244213166e+03
-5.577388945981240198e+01 7.254836434874542661e+00 -4.114920744578993350e+01 4.026009773792978308e+01 -1.351232089868277342e+01 2.724653955036346531e+01 9.787940709660592375e+00 1.274540793553652307e+01 -7.514195513426089046e-02 1.024549345172578718e+01 2.294363149481569053e+01 -1.566941468746087907e+01 8.728837954122019127e+00 8.613807258003647803e+03
-4.663398994897498540e+01 9.663538565993777807e-01 -2.771414665783172993e+01 4.071653192396563092e+00 -4.303601467420448756e+01 2.328759516655118489e+01 -2.788263197745113686e+01 4.596968509471406605e+01 -2.923826052376925055e+00 3.085063951099930080e+01 -9.083378009449369017e+00 -9.659465558207489977e+00 2.354744108379938528e+00 9.387047472175789153e+03
-4.829187172506042458e+01 -9.633149759781948207e-01 -3.096301783731196977e+01 1.861782349728711239e+01 -2.939498183307744839e+01 1.166460336636141371e+01 -2.188378106534589662e+01 1.352601436498844656e+01 -2.624460999872843558e+01 1.307151111255130616e+01 -3.225979438905298036e+00 -1.331501203726915250e+01 -5.939522761375138238e+00 6.382963919078482832e+03
-5.116033691638729408e+01 -1.108504075217411566e+00 -4.020972359296376908e+01 2.764200083935509511e+01 -3.280961289164248029e+01 1.543848131064154572e+01 -3.562325473070000026e+00 7.161012852591142952e+00 -2.300061479108295970e+01 1.057134028940085457e+01 7.416980649024423222e+00 -2.693176802065526232e+01 1.353619550094077439e+01 7.982640443226183379e+03
-4.953394769718516244e+01 1.980567631578726173e+00 -3.311033655965696454e+01 2.893004486315438228e+01 -3.315045099508658666e+01 1.457215812005712507e+01 -1.076715942566872641e+01 2.455398493997051013e+00 -1.633769587645737076e+01 5.030369243192303053e+00 1.516984251301279407e+01 -1.280957491864073994e+01 1.047923461750358065e+01 6.620286013713322063e+03
-4.376540763018185487e+01 1.063569889921064160e+01 -3.520724955999780548e+01 2.384357871247083338e+01 -3.392460162575936522e+01 2.195263445295895011e+00 -2.881537092911244358e+01 -1.206390524469534675e+01 -1.672717508925543228e+01 1.982448143951424546e+00 5.897062574370704802e+00 -1.584080485517742076e+01 3.806167721116540559e+00 6.552078697401650970e+03
-4.188308868485380287e+01 1.168508919093589959e+01 -3.310457621992452459e+01 2.136586957741577208e+01 -3.166150547158897766e+01 -2.609062432824312161e+00 -2.276054363686356297e+01 -1.116541261771641658e+01 -1.530054867101853233e+00 6.999761652044672822e+00 1.681929068230990865e+01 -1.551419144257584470e+01 2.712298251192551746e+00 5.677387665816783738e+03
-4.050437631024621510e+01 6.398611670956761088e+00 -1.998803327303640742e+01 1.042314293743179654e+01 -1.677332321342981203e+01 -1.126073167625136229e+01 -1.831145308981540154e+01 -1.576701704045507313e+01 -6.359285164697319637e+00 7.458839137905718175e+00 1.437881344380354598e+01 -5.697773666995542996e+00 4.932769045677398267e+00 3.541388604898208087e+03
-4.387587067998224910e+01 2.037860529670131626e+01 -4.136999969520597631e+01 2.863024157034941553e+01 -4.085797025759090673e+01 3.320214617245738076e+00 -3.491120513245330415e+01 -1.367542293812183551e+01 3.034078800392101982e+00 7.188955248492810313e+00 2.773261790196458065e+01 -1.122908494295960935e+01 1.060265763201583233e+01 9.026247688880806891e+03
-4.257245364574315971e+01 1.073299790228958983e+01 -3.058153017157402331e+01 1.740493555182584728e+01 -3.122815156543392945e+01 -9.911731566606341914e+00 -2.300154242057711684e+01 -1.064572766387608560e+01 -9.231686095658599989e-01 5.848962410547747126e+00 8.531805962914022601e+00 -1.147642475939805884e+01 7.302780297296399326e+00 5.174508406528015257e+03
-3.985622956624028035e+01 1.723108697845453818e+01 -1.857177480526005198e+01 1.922458484874890061e+01 -9.167955542896750742e+00 3.112021034406239117e+00 -2.369063261997533587e+00 3.894421808903886228e-01 -4.340066513294956185e-01 1.246681064995015653e+01 8.437397516095154870e+00 -5.707785421901359513e+00 5.792064252007164349e+00 2.992351314548237497e+03
-4.110655323906191683e+01 1.618364429822776174e+01 -2.079750382282791321e+01 2.096156027434507152e+01 -1.848110121367121295e+01 1.201321609217302688e+00 -9.317264857469607975e+00 -6.790231291465646635e+00 2.180042709001025258e+00 2.237919695464983505e+01 2.503322008534463805e+01 -1.663033788322161532e+00 1.318251065266280797e+01 4.608282596335553535e+03
-4.444319540327814622e+01 1.586633916208545436e+01 -2.725154176214198287e+01 2.620807027913538079e+01 -2.596874092245340648e+01 -3.444673299733657768e+00 -2.419606903992859159e+01 -1.325578518619414936e+01 -4.515673567704793889e+00 1.520852082410937633e+01 2.300108456147029301e+01 -4.681248335708801278e+00 1.593208236706584024e+01 6.160340328319968648e+03
-4.431183735246866462e+01 1.410759499829604025e+01 -2.320571140198421389e+01 1.996907285042068381e+01 -2.240053676665610638e+01 -7.388945722994782805e+00 -9.161422041602422794e+00 -2.966138267164610376e+00 5.397331476951858775e+00 2.600482824836035078e+01 2.165606720568649024e+01 1.497674987578647698e+00 9.632235711840857917e+00 5.018332796034052080e+03
-4.395012850372648217e+01 1.142425611952193876e+01 -2.640928748902813439e+01 2.226235588842589763e+01 -2.772055939629136034e+01 -1.474164974951936280e+01 -2.869187538520358771e+01 -9.597085318944904131e+00 1.135893389355667082e+01 2.224565897546473181e+01 1.956405049261717011e+01 -9.514253207579693949e+00 4.955024897093041503e+00 6.277983869036846954e+03
-4.693020709879809260e+01 1.267577031159708234e+01 -3.158688206111142449e+01 2.426939121196543780e+01 -3.448118665293624474e+01 -5.962627563867213709e+00 -2.790465043240393328e+01 -5.188209110384820910e+00 -1.726951999356521605e-01 1.368696345397380121e+01 2.139261261743225617e+01 -1.154893885356425365e+01 1.521762680857265515e+01 6.989906970608563824e+03
-4.511541608466317399e+01 1.269310131654752816e+01 -3.087180911675438466e+01 2.050560988327037393e+01 -2.525656989013328868e+01 -8.946180587955542052e+00 -3.350723485850843986e+01 -8.700990580599594182e+00 3.784258561162307632e+00 1.470949523970468498e+01 4.536911039089330799e+00 -1.723310079578791587e+01 -9.065505497591013206e-01 6.035509740803336172e+03
-4.241934022605739329e+01 9.649254356431409718e+00 -2.131205198577523774e+01 2.415891576926701845e+01 -8.968762009667356594e+00 -6.056142372576709398e+00 -1.380595130274066129e+01 -7.834653636730205761e+00 8.967589217991845274e+00 1.514764059918460148e+01 5.843630976666371879e+00 -1.755558897192269985e+00 1.272719267573531177e+01 3.808547062787159575e+03
-4.469054961775905355e+01 1.808352413689873117e+01 -3.904746988172632172e+01 3.184134524375290809e+01 -3.067900793120989889e+01 5.225735554465698485e+00 -3.260604093665495640e+01 -9.336331550026871540e+00 -1.175774488665659069e-02 1.301232913761179688e+01 6.155082870115604621e+00 -2.245366680406661430e+01 5.198736965701085566e+00 7.720065985501351861e+03
-4.226392942287354515e+01 1.157671020029060927e+01 -2.388180043787570028e+01 2.555919387095509876e+01 -1.206858885800060932e+01 1.684656410996744569e+00 -2.210878275427573314e+01 -9.762138980715969083e+00 6.256065522649177701e+00 5.027667560122647927e+00 5.670801895631159439e+00 -8.832743556983952971e+00 1.281940885578782385e+01 4.215387662625456869e+03
-4.519560183557072719e+01 1.117537680566645264e+01 -3.234421574568179381e+01 3.359224667708963352e+01 -2.241989003991812623e+01 1.351928759814071235e+00 -2.874692574767944109e+01 -5.743064466191179385e+00 4.744169971642808292e+00 6.622332546200166981e+00 1.840011484471096859e+00 -1.905004186256599397e+01 1.412968274623272968e+01 6.338266620034764856e+03
-4.513538486130234872e+01 1.120684811538934156e+01 -3.375237677785402468e+01 3.372539288925911194e+01 -2.117716944576334015e+01 6.660424268145660243e+00 -1.865105472943441711e+01 4.067058961637909142e+00 5.457829196279159412e+00 4.080264680242862707e-01 9.170756305362342431e+00 -1.632312378481111992e+01 2.274237137024136146e+01 6.194375025215418646e+03
-4.692949960000866128e+01 7.379889917485075834e+00 -3.081153093195106507e+01 2.922367295682641952e+01 -1.157547296882636978e+01 4.418054320086789666e+00 -2.378713795280138754e+01 -6.816957809567527171e+00 -7.091471250546860894e+00 -9.120983081665235304e+00 -9.597241366236373139e+00 -2.280151642258192979e+01 1.463405306717229948e+01 5.785676830607075317e+03
-4.921786269928155377e+01 8.840130652956485591e+00 -3.693706754097095768e+01 4.080129241184607736e+01 -2.119093094886038031e+01 1.188252865416062853e+01 -1.409387931354125101e+01 9.749995779345882241e+00 -6.598717363353671317e+00 3.209449856076122654e+00 2.252960320154479223e+00 -3.064125380384312081e+01 8.751228387651824647e+00 7.487978135536791342e+03
-4.769036432612156062e+01 2.210592282070340975e+00 -2.634835944412778019e+01 3.139704090573022199e+01 -2.881955057818517218e+01 1.821460498143954609e+01 -1.232163583733738221e+01 8.001754756242966948e+00 -2.286574537335038571e+01 4.434584623969668016e+00 -7.894402316433323463e+00 -1.632743182798139259e+01 5.084363118370401891e-01 6.209129887654606136e+03
-4.613810194427418310e+01 -5.302334875574580941e+00 -1.688446564534186578e+01 2.891235784474604742e+01 -1.946867443965365041e+01 2.697848425096352898e+01 -3.029357441573129694e+00 1.709008399491354524e+01 -1.659225687719071374e+01 -8.448849709783788242e+00 -3.455567280628621951e+00 -4.955564379287463517e+00 6.887658899637120413e+00 5.116589155166234377e+03
-4.584317287196947177e+01 -8.127230894131646011e+00 -2.307834849563120017e+01 3.004449039983504832e+01 -3.704155810651054281e+01 3.901579076860033979e+01 -1.597340843134269051e+01 3.031341739720868489e+01 -1.098577885504023399e+01 1.080911255411288074e+00 1.698178395701132715e+01 -5.162321917255979109e+00 1.287975314576671337e+01 8.274066262346268559e+03
-4.450158687623603981e+01 -1.663287893098796388e+01 -1.534704618446846425e+01 2.978258296932065718e+01 -3.527648012120712195e+01 3.384791121961223581e+01 -1.585431922472471733e+01 2.193653181596325652e+01 -1.709853053234425246e+01 -1.796926096623929325e+01 -2.040418472897007174e+00 -2.234376947074495945e+01 -2.571971770855741912e+00 7.627536447348415095e+03
-4.091396124514273680e+01 -2.796802787790484501e+01 -1.301866261267478819e+01 2.783725696051164178e+01 -3.181859752325535950e+01 4.012076139930125152e+01 -2.493136438929407728e+00 2.708915136457754613e+01 -1.463451357337016923e+01 -1.510405044750510051e+01 -4.015641000733547905e+00 -2.288666089063963938e+01 -2.541267649687205310e+00 7.751381742106386810e+03
-4.142493248570313114e+01 -3.290781237501408185e+01 -1.564140891184532833e+01 2.576527329144864353e+01 -3.845851747139822407e+01 2.740378775204927564e+01 -8.932483017649573753e+00 2.713404670746956171e+01 -2.807780201705650924e+01 -1.270985599983504066e+01 -1.122608231979938331e+01 -2.238388201093181351e+01 -7.450481525413491291e+00 8.385999198862053163e+03
-4.080858102224999584e+01 -3.150636020023410921e+01 -1.011681077026318931e+01 2.905772485542509997e+01 -2.699559836114930533e+01 4.642389124312880000e+01 -2.056950502969821670e+01 2.710493683447315760e+01 -1.597673848196266277e+01 9.142613483005733954e+00 1.662400939874986605e+01 -1.720298189873640382e+01 -7.470822790622425602e-01 8.558116359499566897e+03
-4.052754883970897737e+01 -3.644204572406646037e+01 -1.093554117847076768e+01 2.700359027548320157e+01 -3.354871467630034232e+01 3.216143481660081704e+01 -1.906501711477597283e+00 2.252558848253453405e+01 -1.987350558465332995e+01 -2.554771287383419853e+00 1.409951731143150688e+01 -2.573434196490592996e+01 -6.056218212809394430e+00 7.789409495674106438e+03
-3.988522743404318760e+01 -2.756304911838873650e+01 -1.845247597496035752e+01 3.802350283801273179e+01 -3.697758686396274186e+01 3.733872713307907532e+01 -2.271100961631331927e+01 2.224073997376334688e+01 -3.919609763577583550e+01 -6.869159753825811343e+00 -1.357029478206978368e+01 -5.631740105527574869e+00 -3.216159569286966224e+00 9.718529133480635210e+03
-3.831628819556645738e+01 -2.949071895244424368e+01 -1.476065586750122094e+01 3.051083539826429458e+01 -2.894538465155400786e+01 3.440458154818000480e+01 -1.380130252723359696e+01 2.466247964667608983e+01 -3.412872549018504120e+00 6.792737383967149434e+00 1.378659112327423841e+01 -4.098582099938369083e+00 4.195259568155195851e+00 6.589110514737124504e+03
-4.161465370940612729e+01 -2.884201587891393359e+01 -2.026637104957752555e+01 2.844211872100467886e+01 -1.315309512819302107e+01 4.162301531179440417e+01 -7.237676647865899149e+00 1.049414640181665703e+01 -8.902094218650370649e+00 -1.517420937109983825e+01 7.626779876166714267e+00 -1.156991105115305984e+01 -3.646778679609531615e+00 6.366145102496036088e+03
-4.463854148843304159e+01 -1.331246789021959565e+01 -3.382904548607161388e+01 3.490294671467840715e+01 -2.927870811545264118e+01 3.040360124076489612e+01 -1.973941803688055430e+01 2.405535016972509510e+01 -1.933610486271787821e+01 3.411402456088121760e+00 3.932602813261068864e+00 -8.620441532653064343e+00 -1.517998272872250354e+01 7.988099279677698178e+03
-4.355109095446483281e+01 -3.180453233310757966e-02 -3.568501642975431309e+01 1.988770580363448914e+01 -2.369270546065586913e+01 -4.978599759795272472e-01 -1.852424558588630532e+01 -2.082612974390219307e+01 -8.336978040344542151e+00 -2.953894991221851285e+00 -3.207342336562212459e+00 -2.377313172387154694e+01 9.245745868362853059e+00 5.643270637764401727e+03
-4.264877934533735271e+01 8.255210037870796214e+00 -4.955271280517581545e+01 1.939924738994581688e+01 -2.659947408607590802e+01 7.403543690486118045e+00 -3.439961458346731860e+01 -1.283162622741039982e+01 -6.058863137955644795e+00 -5.778417667889026887e+00 -1.347787731043479020e+01 -2.225227311206334946e+01 1.295603475251140679e+01 7.743973219255340155e+03
-4.068208583905615683e+01 7.105918017614603066e+00 -3.193638319160549699e+01 1.252664090588772972e+01 -1.619276092069164230e+00 3.762830229784517311e+00 -1.543170415635173676e+01 -7.382465481617865422e+00 1.620015341313794011e+01 1.269034331077861211e+01 -2.652831514098989985e+00 -8.633911784088070362e+00 2.533762836539230889e+01 4.338861861867458174e+03
-4.370745406564662261e+01 1.453796844559315282e+01 -4.030489160616161115e+01 2.571059241655882133e+01 -1.938489754545960508e+01 1.211630574259600657e+01 -2.142019768033938121e+01 -1.182120977326257183e+01 8.609912978121448290e+00 1.385990638087812066e+01 2.595806810245872231e+00 -1.875228250298137311e+01 1.862603705934556331e+01 6.499901079066231432e+03
-4.504426007666287290e+01 3.056430265976236349e+00 -3.676599072054609962e+01 1.330691027639516122e+01 -1.471119426015858167e+01 -2.275921972263176940e+00 -1.543936234822331066e+01 -1.866079067114150547e+01 -1.652314931256085417e+00 1.599456455938558364e+01 4.137793325868084793e+00 -1.875529535105170709e+01 9.012699948285490592e+00 5.084004579914994792e+03
-4.737567457478882460e+01 8.727563488527527724e+00 -4.621016287286184365e+01 2.302662226800090295e+01 -2.735234191622547684e+01 1.235359937520027529e+01 -1.754924575870258252e+01 -1.198918481833239191e+01 -7.583546092200750266e+00 2.027231660834649674e+01 3.180029241006364771e+01 -5.968173510839688278e-01 3.036608340523870098e+01 8.740898798496305972e+03
-4.504116562280898250e+01 9.623628338247083747e+00 -4.574234319485607614e+01 1.343917361234675845e+01 -3.091060355550132854e+01 1.755182839305525277e+01 -2.187072836719830349e+01 1.185661415572506705e+01 -1.007774998030279612e+01 2.257337417297092585e+01 5.319499014457587549e+00 2.244114472635656554e-01 4.124596074978720495e+00 6.933212311309612232e+03
-4.176499428860432772e+01 -4.431836335359647272e+00 -2.908602833055506665e+01 -4.490724519509983748e-01 -1.325107494123195195e+01 1.702924273417734469e+01 -2.527702190023473960e+01 1.200056206162243555e+01 -2.765200948159500172e+01 7.512688709660886310e+00 -2.210005663668595588e+01 -1.098578040960225977e+01 -1.193027753988149975e+01 5.431187569230808549e+03
-4.354626610841989987e+01 -1.006849976436958194e+01 -2.105509191408224012e+01 2.828922555217781021e+00 -9.860286492456782348e-01 1.982228311376799113e+01 -4.018210339656288710e+00 1.168528435570834922e+01 -3.013492632402657279e+01 7.282762203270824131e+00 -2.485452956989757656e+00 1.926924393573677285e+00 -7.348869999790415442e+00 4.020607537128966214e+03
-4.620452301293728681e+01 8.308431309211577798e+00 -3.546235234367888722e+01 1.707296988206301691e+01 -1.675410354739939223e+01 3.368543475115627217e+01 -7.797049638814169015e+00 2.527523201162185629e+01 -3.378395596147599633e+01 2.375600248025493144e+01 -1.367813980108842564e+01 -2.968087344697191821e+00 -1.577235791793362374e+01 8.018364207820934098e+03
-4.938434712673382165e+01 3.131624118312984706e+00 -4.052620983781522312e+01 2.007504079488033710e+01 -2.712865625910236744e+01 1.410151149798817904e+01 -7.595591885109430841e+00 -7.193205947822296942e+00 -2.433604964818189487e+01 -6.002969851183056482e-01 8.088021718846860608e+00 -1.811542567298518236e+01 -1.085382506125399971e+01 6.642247532379646145e+03
-4.632727433278551388e+01 9.807241778279985667e+00 -3.270216217970047268e+01 3.185465070320880088e+01 -1.223520386655833825e+01 3.311458662569684464e+01 1.240366725287562755e+00 -1.839685253512335583e+00 -2.750349144240345467e+01 1.121171584953368772e+01 1.344853441304588770e+01 -1.936793719866563901e+00 -8.259350002594652296e-02 6.644513216817382272e+03
-4.800254377959877417e+01 5.005452594761512053e+00 -3.486972620098323006e+01 2.587350757248346156e+01 -1.816607250327071910e+01 3.293091166341425691e+01 1.034298766287496285e+01 -9.080202927552257108e+00 -2.509948741101411684e+01 6.215018445063526187e+00 2.066990750881127425e+01 -1.540135291115620930e+01 1.358104354665710112e+01 7.336015790904315509e+03
-4.768179251466811053e+01 -1.920084709920979238e+00 -3.787467614171104913e+01 1.984848795755540607e+01 -1.405122384621754072e+01 2.308610655021274738e+01 7.895550929321630385e+00 -7.420581982263515286e+00 -2.339384017738364463e+01 4.230358623021412079e+00 1.151335113811288657e+01 -8.202218029860720350e+00 6.389641321952215236e+00 5.759332441989543440e+03
-4.699931288115021744e+01 -1.698269843369479393e+00 -3.426657230057146819e+01 2.326165878425377542e+01 -2.200651160561170272e+01 1.749951189272659491e+01 3.032420955698566178e+00 -4.786040975837699385e+00 -1.988975114149580392e+01 -9.859759268197043625e-01 1.937745016200361192e+01 -1.126898331420267141e+01 -2.716947586966750983e+00 5.656175225898990902e+03
-4.839874127885541810e+01 2.717582274346878712e+00 -3.775849433353241835e+01 3.545136351190647162e+01 -1.967122436798539198e+01 2.723180573400719240e+01 -7.491425348522726679e-01 2.305943409453386383e+00 -1.485646052994153443e+01 6.297149358876449554e+00 2.073886045377527410e+01 -1.110198786822238048e+01 4.810673258563936017e+00 7.003598935473310121e+03
-4.725454791662089349e+01 -2.248768669498348416e+00 -3.066557006212171643e+01 2.712406038037962119e+01 -1.186555802846738494e+01 1.474015168119468377e+01 3.698428936819218471e+00 -2.120812685498239869e+00 -5.211044736787695086e+00 1.322087788414470744e+01 1.608613863125681931e+01 -4.762972658117844205e+00 4.062206003873709115e+00 4.790278741545906087e+03
-4.978220719116076509e+01 2.835804640077255190e+00 -3.736930007627633898e+01 3.985752487841763525e+01 -2.286460789576187835e+01 1.646967736338637422e+01 -7.269691129777371863e+00 1.139117525021950783e+01 -9.766115060219885180e+00 9.259477998872108984e+00 2.172141607215048786e+00 -2.911800797533753027e+01 -4.541733528170708745e+00 7.502363535024940575e+03
-4.960093566327239500e+01 5.204888190282210836e+00 -3.978556466847439310e+01 4.042974513166252137e+01 -2.644445735530906205e+01 2.743656932470924659e+01 -2.926753270126547513e+00 1.290506549689197158e+01 -8.615970983250782922e+00 1.645588671583927010e+01 1.929167856556529159e+01 -1.917871200866603942e+01 4.407586761932114960e+00 8.436430229296733160e+03
-5.019414158326501507e+01 -3.859719945505022398e+00 -3.753652485979155529e+01 2.751672951060811911e+01 -1.648502561759693563e+01 1.061980291083400729e+01 -1.327854396561129846e+01 -1.058754174664993286e+01 -2.123712693772453974e+01 8.495189282021323507e+00 1.544660719483276345e+01 -1.386843484195241771e+01 -8.100966765080114484e+00 6.393203065242084449e+03
-4.779015093976131823e+01 -5.309526182184374221e+00 -3.639886548254506238e+01 2.145526820986299299e+01 -4.987766355858792799e+00 2.040639740255894452e+01 9.717620835999138507e+00 -7.131302091810863608e+00 -1.595591734326028543e+01 8.579372258978057886e+00 2.377750839830151719e+01 2.358064203309404583e+00 7.857017804315556297e+00 5.644742057725386985e+03
-5.073725167958082949e+01 4.409477348499507343e+00 -4.593657707607983554e+01 3.350990038834575557e+01 -1.881278934902193001e+01 3.058804154788186480e+01 -6.567486881382093244e+00 -3.881690584940150845e+00 -2.113909129600996906e+01 6.498779721305196766e+00 1.359167182288025799e+01 -5.287162493890996018e+00 9.812750180752043860e+00 7.972616485522121366e+03
-4.924055439206239271e+01 -1.921749067318004878e+00 -3.451998219704786663e+01 2.425493327138051569e+01 -2.660837229528517422e+00 2.772760307723120121e+01 1.321809049748030418e+01 1.068925621655537395e+00 -4.384426954135506094e+00 5.866349329923004063e+00 5.862274166825479860e+00 -9.286419522432369789e+00 -2.139444978327406099e-01 5.334303693132386798e+03
-5.165634287255866042e+01 3.311475282123315544e+00 -4.213149539499538321e+01 3.685564604441364622e+01 -1.426616187040797534e+01 3.570773909188147854e+01 -2.952507575206852586e+00 2.175683292257891033e+00 -2.098907594405685373e+01 -2.408884644889231819e+00 1.484246631351795687e+00 -1.904958927072587471e+01 -4.619925778561897012e+00 8.137539669280725320e+03
-5.066115325657819568e+01 -6.916291436659525615e+00 -2.751159115591184445e+01 2.154212885298487024e+01 -4.321333751646734278e+00 1.557266844635035419e+01 1.592866083557201584e+01 -1.800045372509775088e-01 -4.491563543761642130e+00 1.243498860817974894e+01 1.196835148444523789e+01 -3.462764264631038813e+00 3.560089462092332457e+00 4.692984560892095033e+03
-5.332030677989249767e+01 4.138682470750393527e+00 -4.049260505571657376e+01 3.386017771490509887e+01 -2.542647567055552926e+01 2.555829854193638795e+01 -8.611817918076118517e+00 -1.055220361820065067e+00 -1.433625099069394437e+01 1.090289151866401873e+01 2.267144889318708056e+00 -1.801460930349811562e+01 -1.347698466811859230e+00 7.677239215429161959e+03
-5.163483232206196050e+01 -8.882878824804658624e-01 -3.705943508650484830e+01 3.618006775730285085e+01 -8.243751246844521319e+00 2.141497632126633732e+01 -2.327577774221194939e+00 -5.656809930397952435e+00 -9.699492033580630945e+00 6.524990436400850413e+00 1.400482443374496988e+01 -2.071237857959172857e+01 -7.847679316688298101e+00 6.736701208893999137e+03
-5.023154260683686090e+01 -3.637596385165732027e+00 -3.263992081585774940e+01 3.289752680307298505e+01 -1.112275332780446746e+01 9.755080887846750315e+00 7.791600948766889800e+00 -3.569391139383137013e+00 -6.045592897511456343e+00 7.301844323976305340e+00 5.725254544841619442e+00 -1.995027380595276156e+01 -8.969712078364397101e+00 5.577492347237053764e+03
-4.854468213667060894e+01 -3.783786655458629689e+00 -2.472403530801885196e+01 3.658445835440254257e+01 -9.445290731109793114e+00 7.421322021162490845e-01 5.044817188649726170e+00 -2.705402610643967254e+00 3.339931001607591377e+00 1.231561700223816480e+01 4.597954267657956784e+00 -1.736826423113197038e+01 -8.079579329824309042e+00 4.994044330392904158e+03
-4.936755075320145636e+01 -6.458900938369528610e+00 -3.116308418852681328e+01 3.113784306590121176e+01 -1.497743490404466726e+01 6.151272433458887967e+00 -4.974516082718601351e-01 -6.734273781077175336e+00 -4.148346763309127994e+00 1.573646932992935987e+01 -9.894304773864686098e-01 -2.695051014045397153e+01 -1.097577956771874952e+01 5.839957120416007456e+03
-5.026816294038362543e+01 -3.235070562976236630e-01 -3.825213074440534911e+01 3.756644476404765243e+01 -3.227947859753533066e+01 1.700540002964573461e+01 -9.895379942980202514e+00 -1.177032122749283594e-01 -3.832670522943181890e+00 1.296578136004497495e+01 7.776394117016825369e+00 -3.133106888192678241e+01 -6.015004377547934489e+00 8.091626217895950504e+03
-4.827206192957552844e+01 -5.913901197440552870e+00 -2.848322313111112791e+01 3.585822793260404495e+01 -1.756493070989038685e+01 1.212742113663677301e+01 1.124350484271990602e+01 6.702639901039332493e+00 3.970768241155427702e+00 1.587224427897798407e+01 1.672236403086014178e+01 -2.232475838169425231e+01 -1.017410146005566318e+01 6.238455392746634971e+03
-5.069076130390763524e+01 9.317138558341104826e-01 -3.646938039653269925e+01 5.127010002405918243e+01 -2.687016704726810090e+01 1.796381969554201774e+01 -1.722416822458828101e+00 1.871112223304911737e+01 4.482842452686409018e+00 1.032363497919801532e+01 9.222047414701100010e-01 -2.622017017052147736e+01 -5.752324207820370461e+00 8.774948080182857666e+03
-5.074234709287630807e+01 -4.452710743555934769e+00 -3.520026105763621160e+01 3.499750985273065140e+01 -1.950938787698304466e+01 1.498063861602233438e+01 1.242227420041900787e+00 5.710339572765265714e+00 -8.488902874432985968e+00 -5.155405188978806619e-01 -9.030540684915994376e+00 -3.199836247160027725e+01 -7.788551166186988617e+00 6.936118000787590972e+03
-5.156108510218559360e+01 -3.855399124511781572e+00 -2.997522762104958005e+01 4.111039826057662339e+01 -9.475182538161584844e+00 1.263371738683599332e+01 2.666890637006077647e+00 -1.651029958391423691e-01 -2.298899206313250065e+00 8.832212740861459466e+00 4.542393689929666856e+00 -2.403078342414329427e+01 -7.860878906796614274e+00 6.261716408272312947e+03
-5.213590678002181278e+01 2.903556524809321360e+00 -3.580878229715679595e+01 3.855846896983685923e+01 -2.148175348932928230e+01 1.297410428992155929e+01 -9.763369532422842667e+00 7.023854832348005672e+00 -1.782643527212148626e+01 -3.436903149748192998e+00 3.225681728300606288e+00 -2.663645827577095559e+01 -6.994797262471286192e-01 7.320048173354040046e+03
-5.687116554626245346e+01 -2.194370612144689758e+00 -3.356926729106344709e+01 2.724435978675602499e+01 -7.996412497912819717e+00 6.719677832751283830e+00 -1.431898101727377526e+00 4.966610148773762390e+00 -1.933903959613202872e+01 -4.791843296207467517e-01 8.033319513561789194e+00 -1.978262467068952901e+01 -1.080884001919577386e+01 6.191055365130714563e+03
-8.093967791566853975e+01 -1.970653434934695980e+01 -3.195106178862271662e+01 2.256726619052960103e+01 -5.306175051523939423e+00 -6.226762804799680140e+00 1.416430755808827824e+00 1.419840816452804155e+01 -7.726736880664480944e-01 7.694181051425648121e+00 -2.242773944454269142e+00 -8.596534551302340788e+00 2.563429707545263447e+00 8.885559008889480538e+03
-9.529518562527536574e+01 -2.636873186773704347e+01 -2.463589806211551547e+01 2.036559097203999258e+01 1.198761087447914342e+01 -8.630421152273321184e+00 1.507508148134154702e+01 -3.467620652940139880e+00 -7.965213572152977761e+00 2.578573512046304828e+01 4.009031075726543492e+00 1.220251874466266040e+00 2.193974238005852673e+00 1.200636028175400861e+04
-1.294860378623438066e+02 -4.043623196520506724e+01 -1.318295206673624698e+01 -7.674462502219331128e+00 -8.998144273913052160e+00 -3.679254273090563743e+00 -5.221506813898696642e+00 -3.361607379967405662e-01 -2.150382538238920116e+00 6.146470686643970005e-01 -1.075437861381923987e+00 -4.054990902578295975e-01 -1.497361856928929313e+00 1.876485613126987300e+04
