-5.514839781572492683e+01 -4.436056268654186852e+01 -4.432608443250475716e+01 4.173405935381847343e+01 -3.601721636984189701e+01 2.307081438890340763e+01 1.462973399565373356e+01 -2.420598277289472122e+01 -2.812885696599474628e+00 -2.021363698101960082e+01 -5.428933602553771109e+00 -1.144085752072611406e+01 -1.333694218912188134e+01 1.209994385892719947e+04
-5.204432376867453058e+01 -1.984291945198493323e+01 -2.857899112251349294e+01 5.398246377800322193e+01 -3.517339749263878446e+01 2.367700280279570180e+01 6.609418148709697016e-01 -2.971161679704616176e+01 -2.161423003289842271e+00 -1.867867471279057767e+01 5.665064620707711995e+00 -7.696750971648016915e+00 3.686593367988883485e-01 9.959237068525000723e+03
-5.046572650810994531e+01 -1.763638311251151691e+01 -1.876566817426632738e+01 4.195362352215921220e+01 -2.445473869060866789e+01 7.963477466396382987e+00 2.865900754683843310e+00 -4.277999811096723448e+01 -2.464217549224374082e+01 -2.833723043789820650e+01 -1.028104168074683322e+01 -1.031185298680619766e+01 -9.336731310345737000e+00 9.179325356747618571e+03
-5.022488476482446629e+01 -1.117188664700685408e+01 -1.460474681088557602e+01 3.872285810880995172e+01 -1.829637151248513760e+01 1.373311000122837378e+01 8.927659297064217014e+00 -3.475716733150201776e+01 -2.590924244834752344e+01 -2.372891360788257842e+01 3.107767730747056589e+00 -8.140493021757655434e-02 -6.171741260050340294e+00 7.453333195151324617e+03
-5.298123980657310739e+01 3.757006120469655874e-01 -2.755393539866697949e+01 5.165394964670515776e+01 -3.170630988757994473e+01 3.293670843841683649e+01 7.195774480031915665e+00 -2.810487329149339075e+01 -1.957388228595902291e+01 -2.610582232317910822e+01 2.221185790458859000e+00 -2.193932579200378541e+00 -3.764526895023843633e-01 1.024082226501189325e+04
-5.074748938790014563e+01 -7.397658401148149210e+00 -2.634484827452228828e+01 4.534603497444535236e+01 -2.782937789973347620e+01 2.950488334272290558e+01 1.577057715921568537e+01 -2.588988237793600078e+01 -1.170168868531021111e+01 -2.347074842311256404e+01 -2.663459089236607902e+00 1.319216792125763149e+00 -5.753200990473152032e+00 8.674095694868736246e+03
-5.002658899943955362e+01 -9.138348841293391089e+00 -2.870406513008725469e+01 5.169643450603789603e+01 -3.928233601498523342e+01 2.990466376496090106e+01 5.528134118001300834e+00 -2.917496457799111198e+01 -6.623351665344178407e+00 -1.781749754324908963e+01 -1.044864027278283203e+01 2.355853217826432644e+00 -7.627479388713421571e+00 9.935977960482305207e+03
-4.804527416181569066e+01 -1.494999738543886458e+01 -2.357611425212935785e+01 4.949425349648773675e+01 -4.183439011276971087e+01 2.877491945335471968e+01 1.363098534001227824e+00 -2.254077404551423314e+01 -7.695587485304996811e+00 -1.304138437242186122e+01 -1.512271880814121161e+01 -8.817636229279996130e+00 -6.545812792231807009e+00 9.204016572377686316e+03
-4.637866712286623283e+01 -2.557586016566286347e+01 -1.877181143459310064e+01 5.177789546151940669e+01 -3.169840991166751820e+01 2.882780560996077668e+01 1.300345072343111852e+01 -2.205896542671273508e+01 2.173869257277734335e-01 -1.281869877280007941e+01 3.949671866710882551e+00 7.599930466351270120e-01 -3.030142958143835052e+00 8.519681562830195617e+03
-4.485229804093714989e+01 -2.664290687539213920e+01 -2.464615858946793026e+01 4.598276718715550260e+01 -4.637794943814832038e+01 2.478870259998511472e+01 9.120239533116889064e+00 -2.046749220235768618e+01 8.311331830983261781e+00 -5.580629615598799553e+00 5.388734604816488805e+00 -4.863931727609293709e+00 -1.075843527291345247e-01 8.863841645198326660e+03
-4.834396685384559333e+01 -4.191341765113193674e+01 -3.182941350300007599e+01 4.150307218628823591e+01 -4.128265159952266572e+01 2.862141846124784550e+01 8.087896354830204970e+00 -3.578351567493501761e+01 -9.469382883411750385e+00 -2.754832085939920816e+01 -1.436555053277734828e+01 -6.007716832077147018e+00 -1.241660490034332653e+01 1.194402022979587673e+04
-4.557779447369972559e+01 -3.309211510988040317e+01 -2.611876841590034815e+01 4.353042091672076452e+01 -5.227486659156834037e+01 2.821413347010645012e+01 6.254911396331613860e-01 -2.620834836235108867e+01 6.427308512333993917e+00 -1.826395802043912298e+01 2.981531310732479678e+00 5.712171645946613197e+00 4.800229196072618443e+00 1.040492189945560676e+04
-3.874110239230363106e+01 -2.318076302171671443e+01 -1.058846784068872893e+01 3.103587694750196846e+01 -4.344232691954282899e+01 2.020111204779716729e+01 4.448742894340186105e+00 -2.167635714874828068e+01 1.934685921570001810e+01 -5.880561400653734339e+00 -7.103184074886757848e+00 1.067246623859138488e+00 1.759904395818869816e+00 6.362112033425112713e+03
-4.919740577870133791e+01 -3.783117471957113764e+01 -2.688559655454023556e+01 3.777095309411682678e+01 -4.482171003357058936e+01 2.879135476758735024e+01 7.827077550568340314e+00 -2.859383724795970139e+01 8.691901544687382852e+00 -1.589639157875944164e+01 6.346658185407339836e+00 5.877819969717576143e+00 -6.730063889446968872e+00 1.016622820234301071e+04
-5.029643856826895387e+01 -4.099092033007437408e+01 -3.076205142178797303e+01 3.893862462428003823e+01 -4.123266032058008790e+01 2.689255003624294460e+01 6.585125471087888371e+00 -3.290986927495480785e+01 6.324149408271662054e+00 -1.097043287043515747e+01 1.058551082667541543e+01 1.203502264628573748e+01 7.081753428652454829e+00 1.068966377947959882e+04
-4.853257795636674388e+01 -2.436033875451224162e+01 -3.605327729573268414e+01 4.527267764952231488e+01 -4.550420346314812292e+01 2.985399445745524005e+01 3.019379466310290194e+00 -2.384677789069624509e+01 -1.820546539664303493e-02 -1.393028737029404240e+01 5.947955416372331605e+00 -6.517955359015399353e-01 3.743185334547292076e+00 1.008183804381957088e+04
-5.005410904557174945e+01 -2.366829634593262099e+01 -3.603512984288398968e+01 4.127359589670134454e+01 -4.919691964533047468e+01 2.181855908815666112e+01 -3.163960522703157086e+00 -1.173876526296534628e+01 1.320905151871486050e+00 -1.161293571241168898e+01 1.285417609690065177e+01 4.560894767542146511e+00 -1.418200010523179122e+00 9.436486026424716329e+03
-5.067376736195008391e+01 -1.624576591756725108e+01 -2.241703112157552980e+01 5.004220627780410524e+01 -3.647928688388953589e+01 2.636580357001250619e+01 1.359328792828185417e+00 -3.405333512824668674e+01 -1.353980467989983261e+01 -2.431668171359951813e+01 -6.400139070841884603e+00 1.701654735499611881e+00 -4.112304020180735264e+00 9.861268453580403730e+03
-5.066551687690532901e+01 -7.027476469474041032e-01 -2.839454991913353510e+01 4.936412147455363453e+01 -3.365288602211819580e+01 3.622339616486545566e+01 -1.229145950536972443e+01 -4.493256208379718686e+01 -2.556501567268874098e+01 -3.258549077865242793e+01 -3.425019793344528551e+00 1.721035737854436087e-01 1.750835055148166841e+00 1.215543172749053338e+04
-4.715616585957957341e+01 3.770184370639317883e+00 -2.305458388002383430e+01 3.235891071244144968e+01 -2.206572287440124569e+01 2.751900960397149376e+01 2.798499804167882687e-01 -5.495087755595633894e+01 -1.546752099610242226e+01 -1.663782382781170099e+01 -6.065224178167101243e+00 -4.379812569717179471e+00 -4.754189976383942806e+00 8.675033897175193488e+03
-4.535646065777095259e+01 7.794985966724582660e+00 -2.631048506304131962e+01 3.498157138710405434e+01 -2.435036638496886852e+01 3.015755255582563166e+01 -4.361414917462850260e-01 -6.049497476730428502e+01 -9.682891836412625963e+00 -1.694013421937749087e+01 -1.704127070090821761e+01 -4.256548779481535760e+00 -3.192976011192608876e+00 9.895617553430125554e+03
-4.589863870522001577e+01 9.383054355564189875e-01 -1.921334339271125913e+01 3.196694256412635582e+01 -1.054781277919143356e+01 2.400585164142092509e+01 -5.654529887666424059e-01 -6.524043637974951082e+01 -1.343451334626099047e+01 -1.764832145158809595e+01 -1.795952805979407074e+01 2.540810733473452210e+00 -6.446048647396166231e+00 9.305276286252455975e+03
-4.801918863331172105e+01 -4.427344939825036185e+00 -2.353942517120944444e+01 3.229159202166547971e+01 -2.592451854684284385e+01 2.187056250008651404e+01 -1.364884197621247175e+01 -5.923208750143376733e+01 -9.976746882042988318e+00 -1.772414155015480119e+01 -1.342818670239300261e+01 -5.447275641942787239e+00 -3.282780790318025943e+00 9.401874887716527155e+03
-5.458538007179454610e+01 -1.375306124072859904e+00 -1.950143133459886613e+01 5.123343751293414527e+01 -3.206252387197948650e+01 3.296842732442938484e+01 -2.415661508902356047e+01 -4.576598524724923323e+01 -2.712192853893978794e-01 -1.802453287389522885e+01 -3.034265720659101273e+00 -7.806666578431367576e+00 1.482716348369365278e+00 1.117692282802807495e+04
-5.534698826531934657e+01 -7.841465314770734274e+00 -1.114702411348077149e+01 3.606229538612407737e+01 -1.994749645082761091e+01 1.851036862836456720e+01 -1.859736783040052543e+01 -4.094602773154554853e+01 -1.279910257184663358e+01 -2.907346012365825416e+01 -1.469106084856069216e+01 -2.485623510976534334e+01 -2.282646305966535394e+01 9.676288840761080792e+03
-5.886775835704802518e+01 -1.474240015871925458e+01 -2.399187904433408391e+01 6.328858004042871244e+01 -1.468257910938313948e+01 3.688067171342681405e+01 -2.578267807478184892e+01 -4.492239292009484330e+01 -8.713350121524749525e+00 -8.721858385272826197e+00 2.011300192087429650e+01 -7.210495850783598115e+00 -8.498478199680649325e+00 1.320307742217412670e+04
-6.005952996576838387e+01 -9.484768193259538904e+00 -1.268834484442505683e+01 4.128809520497255647e+01 -2.387547175089347107e+01 2.020954223847429887e+01 -1.172833243320844865e+01 -1.628183750899649596e+01 -4.914126430981241356e+00 -6.332581055259301372e+00 -7.475195238723761904e+00 -7.579427054810844666e+00 -1.007310646319230507e+01 7.222968584640569134e+03
-7.029614236490321844e+01 -9.328083030685638377e+00 -5.080024385785421259e+00 4.607364526854595965e+01 -1.826056101617957594e+01 1.814435508442783984e+01 -1.169211680113130924e+01 -4.888042964849145733e+01 -5.696154130526990933e+00 -5.080319267970808461e+00 1.364839304649589558e+01 -1.099804104884694667e+01 -1.144669668848651511e+01 1.086233412895912807e+04
-7.865533998293147988e+01 -1.469128707308680326e+01 -3.409048639649683299e+00 5.626936367473692258e+01 -1.557552065670872921e+01 2.451820778179419591e+01 -2.848537230201974779e+01 -7.878953396075908699e+01 -1.467342426995507765e+01 -1.921595269819686314e+00 9.611068329952020761e+00 -1.945991680911762955e+01 -1.316867420139224620e+01 1.830678266324906144e+04
-8.279578893829145159e+01 -1.165363630063926692e+01 8.299518060412944820e+00 4.781298508910923317e+01 -4.136895147850079724e+01 -1.311841889263066496e-01 -2.400329750418511932e+00 -6.341751981601255039e+01 -1.666466302042955405e+01 -2.295871004470151533e+01 -2.432924457342118529e+01 -1.677295816041632293e+01 -1.581918642533583963e+01 1.701316849298035231e+04
-8.478168537248554060e+01 -9.459317234162961441e+00 1.043539174239713674e+01 5.457616335966485366e+01 -1.521480144453712491e+01 3.385307564355515719e+00 1.132569006153962832e+01 -4.677727947483288062e+01 9.320727957742962477e-01 -5.070578937260988184e+00 -1.382102149992434192e+01 6.945231605990416668e+00 -3.594160436515998036e+00 1.320295788281368004e+04
-8.916978155315254639e+01 -5.826736503116501709e+00 2.045736899791131691e+01 4.688717766332975856e+01 -2.608733931198038647e+01 -1.350805724448193246e+01 2.196294183646045894e+01 -5.625621610583363008e+01 4.450439919838839131e+00 1.365988033776690092e+00 -3.366340538661625459e+01 1.587954634132077381e+01 5.316070287048352272e-01 1.651960152267094963e+04
-9.266457508969388357e+01 -1.064601245404861274e+01 2.032815295406440015e+01 5.143438454346346589e+01 -5.725459375293659114e+00 -1.858679754069948942e+01 6.566365600707699812e+00 -5.304197046798945081e+01 -1.213233005777306595e+01 -1.412406145931987211e+00 -3.819641256370583449e+01 3.496643355310923962e+00 -4.528730619091508203e+00 1.663449866208346793e+04
-9.676362999434471135e+01 -9.595696881178159998e+00 1.982197110660276707e+01 2.860723132834686311e+01 -6.057062999085244259e-01 -2.089006186536662213e+01 -4.184924889470262865e-01 -4.098480180377470106e+01 -1.251400122161822281e+01 -9.429005119430968307e+00 -4.219516041854243582e+01 3.937433833895664481e+00 -9.563993424272887012e+00 1.491616367314032868e+04
-9.967228644753301126e+01 -3.366545441170188280e+00 2.717389633558283180e+01 1.319185861309934360e+01 1.568948255038737472e+01 -8.976037120878123332e+00 -8.848754913234422759e+00 -2.698259671720808939e+01 -1.973030028116344425e+01 -1.582429546708680768e+01 -1.988090999303723194e+01 5.592243500991068927e+00 -1.251874101707568876e+01 1.321436990621659243e+04
-1.003761354205721403e+02 -1.841784502821615765e+00 2.918729596958284489e+01 6.426732390046586474e+00 1.956390798936002540e+01 -1.257345753697485691e+00 -1.511880849435269525e+01 -2.062711900958719013e+01 -1.812682549216916073e+01 -1.466805919803822711e+01 -8.338497905360227946e+00 5.286224187937053287e+00 -1.290368889334809666e+01 1.281805935403809235e+04
-1.023837181428157947e+02 -4.958400702908154045e+00 3.110793398797147447e+01 4.133902145170055498e+00 2.057463216856525179e+01 -4.606164094811789234e+00 -1.614293688852404074e+01 -1.599980004251660226e+01 -1.563736998909762477e+01 -1.262371296880146510e+01 -9.184858533434757888e+00 -3.697450803473813608e+00 -2.143791427604169897e+01 1.341442683807630601e+04
-1.033985287646570725e+02 -5.120418685113537371e+00 3.325904402907470825e+01 4.370768299683739144e+00 1.679389751310122847e+01 -1.113356577887483212e+01 -1.362922881969417510e+01 -6.279303350111203663e+00 -1.809111154281908895e+01 -2.319325685483208233e+01 -1.793236755787850356e+01 -4.542419848272071903e+00 -1.565352230633647324e+01 1.392637049817204752e+04
-1.053416581058672108e+02 -9.322514553724262854e+00 3.395503698952162352e+01 7.442484184200070629e+00 2.393173962824663192e+01 -1.002228837908217152e+01 -1.562959662105676450e+01 -5.595038182108577729e+00 -1.012309521082696406e+01 -2.572815236687352325e+01 -2.230667326132843087e+01 -1.370555943270576948e+00 -1.321275760062250626e+01 1.477933042652818222e+04
-1.052282779580231278e+02 -8.480113804773859343e+00 3.249774490418166550e+01 5.204098768594793256e+00 2.144555027645836631e+01 -1.356001929704376785e+01 -1.300198126390395537e+01 -8.187105866182447400e+00 -1.400107612038919491e+01 -2.343356873073141955e+01 -1.843406257276090798e+01 4.029392001708043125e-02 -5.788897780146920802e+00 1.422644474928302952e+04
-1.068047308784629905e+02 -1.189229339764400528e+01 3.233282495267204837e+01 1.113114904406433325e+01 2.754243342405067452e+01 -1.047800791302632994e+01 -2.110486474962962689e+01 -1.767227524539129391e+01 -2.312784011871088197e+01 -3.144965578768696091e+01 -2.400065810932327182e+01 -1.728827470132408894e+00 -7.092370761259611633e+00 1.649739014076852254e+04
-1.070462758345047547e+02 -1.287796891157513279e+01 3.218832332610953983e+01 9.297403875877501278e+00 2.213128894086473153e+01 -7.517707249406775816e+00 -1.509414622941513073e+01 -8.399555637150925236e+00 -1.599705068811213593e+01 -2.433063000525392283e+01 -2.572327761571521521e+01 -2.564954641220431153e+00 -3.350330233847466310e+00 1.511934869192320548e+04
-1.043102656539163320e+02 -1.972276916534145030e+01 2.456239693177604977e+01 2.080819343100728247e+01 -4.861934352648139779e+00 -1.162833253421586477e+01 -3.918056383172089596e+00 -4.629641118626150131e+01 -1.239685355933938737e+01 -1.712003883590016784e+01 -5.209862299963004517e+01 6.303823046591254808e+00 -1.209636542403947601e+01 1.797058124680780384e+04
-1.018237187234906287e+02 -2.047110277569468550e+01 3.070595497352832481e+01 3.709297912193908786e+01 -1.710038637849669385e+01 -3.339373984264833339e+00 1.229220393162088776e+01 -4.956087425320565387e+01 3.084230199035065567e+01 7.057076611766514240e+00 -4.940113402878889559e+01 4.341535237337495090e+01 -7.570335475935513481e-02 2.134325420005075284e+04
-9.602305584552267703e+01 -1.568687556912337833e+01 8.819203248972726783e+00 2.017469769241451871e+01 -8.860917573497378852e-01 2.124805963166378042e+00 1.839471641484826492e+01 -1.831999809217646202e+01 2.079345658897875371e+00 -6.625016365881227109e+00 -2.266584226885401421e+01 -3.821513414037995826e-01 -1.819944952804535632e+01 1.152391090176967009e+04
-1.034473108774406001e+02 -2.143538109683032999e+01 2.543411937551485025e+01 3.803135886775582719e+01 2.948957223802624483e+00 -2.574973166989269480e+00 2.746801015449231542e+01 -2.879879494984394128e+01 -1.440453794266460008e+01 -6.187235347291306642e-01 -3.976754224313009445e+01 -5.418544935431359733e+00 -1.337401804527570981e+01 1.685084532031102208e+04
-9.407182672975797288e+01 -2.034083421263943947e+01 -4.808142208000860229e+00 3.026268876709470135e+01 3.811575729482102881e-01 3.863106689031806873e+00 2.054405200474704074e+01 -4.587714560620781157e+01 -1.839548817576427098e+01 -2.136719134785402652e+00 -2.447759177519938945e+01 -5.835311902043477161e+00 -1.564649053411838509e+01 1.396502170380662392e+04
-7.892634684375724419e+01 -3.039203788131159456e+01 -3.810113757347060215e+01 4.564195583078154783e+01 -1.315957113027682723e+01 2.401309158054072768e+01 -2.846632304704816097e+00 -5.398730484923866157e+01 -1.400312545052574364e+01 -3.037613709009628593e+01 2.906533593169510876e+00 7.392262795361489225e+00 -1.898581557944162057e+01 1.590281619596272503e+04
-6.357849684828008208e+01 -2.317750880678454450e+01 -1.785223861981958748e+01 3.116390058387065665e+01 -2.290873848863939344e+01 1.035613510869299603e+01 -1.743408652996307540e+00 -1.711314034999689682e+01 1.465631694636535087e+01 -9.097452709244629787e+00 -3.379333871635975761e+00 7.828180192986410546e+00 -1.069865776403364244e+01 7.282005031947119278e+03
-6.152525229759711323e+01 -2.526372534950819926e+01 -2.058145203554137126e+01 4.045422706930810364e+01 -4.578178595806721773e+01 2.592032369229453792e+01 -1.393807773592875776e+00 -2.257507019137358029e+01 1.763760701358319594e+01 -1.101176775873203972e+01 8.536800242885619339e-01 6.626704731642517388e+00 -1.131247441432207701e+01 1.036812301746035337e+04
-5.478745572895097382e+01 -2.544988815513288927e+01 -1.136526386296474556e+01 3.699682884709738317e+01 -4.597875710552153805e+01 2.373997705687032678e+01 2.134681103725474483e+00 -2.413823703827213762e+01 2.674405939260400444e+01 -1.370681231100289210e+01 -8.125080512889089945e+00 1.223603839238084845e+01 -9.625778132306489709e+00 9.623655236193784731e+03
-6.258594558919301676e+01 -5.252113644427766559e+01 -2.537701436462696236e+01 3.244589299208734445e+01 -5.395090969345048393e+01 2.606416457978673051e+01 1.441377512222221380e-01 -2.868513794450243637e+01 1.114634597464784349e+01 -2.498012768809681106e+01 -8.223317796231095045e+00 -3.029522791592694553e+00 -2.294667441922506512e+01 1.413669707411252239e+04
-6.183661261347766214e+01 -5.108005391875834533e+01 -2.843259370563745492e+01 3.902297133741184609e+01 -4.770854082340172653e+01 4.211086024988257748e+01 3.412653713052181459e+00 -2.568131021162078298e+01 9.377348978685299485e+00 -2.488754869726849606e+01 1.644722985496465395e-01 2.750264161867795210e+00 -3.528749415134188716e+00 1.421211639327573903e+04
-5.147996940933713006e+01 -3.079084435396720210e+01 -1.015568045246897455e+01 3.603229970917956138e+01 -4.367234293512481713e+01 2.116491388116945060e+01 1.339343323633388483e+00 -2.016989632732952487e+01 1.720710363059344417e+01 -1.385893859390119509e+01 4.128020418795597557e+00 4.564497658017132586e+00 -9.419808686352714844e+00 8.378336071074601932e+03
-4.699653833797297864e+01 -2.886470754844808795e+01 -7.871433544347183897e+00 3.106125086158514037e+01 -4.512213307878611346e+01 2.515394947907476819e+01 2.190762947918152292e+00 -2.575731114692415247e+01 2.264356821355231730e+01 -1.235119618892762539e+01 -3.280153730962434011e-01 5.034004908303460368e+00 -1.025843595284029597e+01 8.201540852967877072e+03
-4.825240270003378384e+01 -2.508269875625732581e+01 -1.684425294355358105e+01 4.672771606838193037e+01 -5.899059848923979388e+01 3.043363734970613166e+01 -4.730653141158347452e+00 -1.821196522748456914e+01 2.149140467664528842e+01 -1.578529453340599531e+01 5.933922646819158597e-01 -4.515320379379035298e-01 -1.221960703715595953e+00 1.089790138046249922e+04
-4.072653725797027846e+01 -2.435255531127616990e+01 -1.115306239501403773e+01 3.463140000286914244e+01 -4.631341103395782710e+01 2.691351361338056947e+01 -4.754512017461165030e+00 -1.715222323535049043e+01 1.875893529388510927e+01 -1.528207884299522057e+01 3.041635989851725785e+00 2.614049539909903963e+00 -5.649425186982454328e+00 7.394936253775700607e+03
-4.141607193450021640e+01 -2.137775371404418578e+01 -1.623420191265076085e+01 4.139094879149283202e+01 -5.699650156337853701e+01 4.010771561361892878e+01 -1.380355659989353789e+01 -1.508763060836988323e+01 1.887087829299716901e+01 -1.357525664169420843e+01 -1.377962111901048115e+00 8.875670819439017478e+00 -1.010097143832367195e+01 1.014756771284263050e+04
-4.863395860845096763e+01 -4.042386335595887203e+01 -3.408807861927977001e+01 3.936222830771865944e+01 -6.064025237148474190e+01 3.699763202513535987e+01 -1.251423568639411954e+01 -3.385215455552972230e+01 -4.573136441997304180e-01 -2.900502012315359224e+01 6.749635965881780608e-01 -2.322691916173578619e+00 -3.051998046929638608e+00 1.391603771965005399e+04
-4.183547695770538155e+01 -3.099681980144716675e+01 -2.647877222921057694e+01 3.971826483640135308e+01 -4.293936202299372695e+01 3.099877609802116041e+01 -1.876490718130477742e+00 -2.476143212022905971e+01 7.543052619240838474e+00 -9.699996995229732022e+00 9.826262271085408173e+00 1.238057996710881792e+00 1.158017465697151804e+00 8.661455385838256916e+03
-4.082857012259388796e+01 -2.452406138436608174e+01 -2.289593835715339765e+01 3.102037519546049893e+01 -3.584604129223733793e+01 1.949478177647867128e+01 -5.959013168838674268e+00 -2.729235796619203924e+01 3.789364422612341965e+00 -1.138914210161777163e+01 1.251085824728922979e+01 3.884958806374451790e+00 -8.062046398889847865e+00 6.580940141386945470e+03
-4.490878070183128301e+01 -1.342629877347961731e+01 -3.602470696817597684e+01 4.346603858600694537e+01 -3.938633322111381574e+01 3.964579015447144883e+01 1.219638461838424170e+00 -3.013822488271583921e+01 -6.386169251032703720e+00 -1.845645172094695496e+01 -7.909020296587757848e+00 -1.693669049746083122e+00 -9.523165308910721549e+00 9.954547706252080388e+03
-4.221349144764139538e+01 -1.466809071594747138e+01 -2.066079526152986290e+01 2.996261394202045736e+01 -1.922711508479468989e+01 2.276165289205479425e+01 -1.284446469182063311e+01 -6.294029833383105199e+01 -1.123154647868643252e+01 -1.551615114165968912e+01 -1.494256892265652858e+01 -1.510710253947582071e+00 -2.930954521799408408e+00 8.937046353404481124e+03
-4.473768485256756833e+01 -3.131144384670925263e+00 -2.609035417052686867e+01 4.429961658485447629e+01 -2.285206587813940970e+01 2.896702453143835854e+01 -2.238536509257970764e+01 -5.586755972393198277e+01 -8.883742078191139147e-01 -2.447876630059782244e+01 -1.935926481011642508e+01 -2.141710795419386670e+01 -2.256476560796121245e+00 1.107658588828454958e+04
-4.766502610170481091e+01 -9.772821396254175452e-01 -2.307479483737152037e+01 5.834664458879471027e+01 -1.817659003844229559e+01 3.483147416689837428e+01 -3.016019562722475555e+01 -5.340678242046758584e+01 -8.362294265990694697e+00 -1.893542216790492816e+01 -2.189055939873661316e+01 -1.976003923932550776e+01 -7.998688313721552534e-01 1.281400242180359601e+04
-5.131322454328165605e+01 -3.048824476772790337e+00 -1.190858086879318201e+01 6.432622093277709041e+01 -6.341624189932537625e+00 3.292980885402015900e+01 -2.417820874960965583e+01 -4.217134192462217612e+01 5.018492663463633541e+00 -7.332890193764750819e+00 -2.168464936873803595e+01 -1.433664371434005957e+01 1.285820854642961208e+01 1.132966915357974904e+04
-5.251283125109197414e+01 -7.051975368101283337e+00 -4.099927979923744026e+00 5.040671887444514709e+01 -1.974714842353390898e+00 9.765021350103639364e+00 -1.873797853907738897e+01 -2.989913382221224580e+01 1.262094714049044519e+01 -6.002997519540521409e+00 -2.206081058173126408e+01 -2.181337992622863453e+01 -7.007682850523441864e+00 7.916234515657150041e+03
-5.788269542779917032e+01 3.560809519527594613e+00 -1.078363361919696040e+01 5.189076983564956436e+01 -1.622054584703399627e+01 9.203845568355291107e+00 -9.300303599482459660e+00 -1.918838265320753678e+01 1.768884895052304174e+01 -2.225225174774051595e+01 -1.469686642441753399e+01 -1.957837751544710869e+01 -1.119712933007705136e+00 8.383153690227603875e+03
-6.521669461059238415e+01 6.528060768089789079e+00 -5.351394379104362109e+00 5.687960951584064873e+01 -8.258577436446181252e+00 1.754994267601694347e+01 -1.425246212716986527e+01 -3.411631821159855349e+01 1.690879812816785943e+01 -1.341040460540877177e+01 -1.417827354136541018e+01 -1.995946856499848465e+01 -2.514364020888063767e+00 1.037449292626546594e+04
-6.897789577879828471e+01 -7.236628704299967740e-01 -3.392251318886955413e+00 5.196051434870538799e+01 -5.871853552474863847e+00 1.522279076424614708e+01 -9.999028380497000157e+00 -4.277290269703446057e+01 9.430486222713058808e+00 -1.239654886957268154e+01 -2.228096668004628356e+01 -2.380579880336438237e+01 -2.032329960227353638e+01 1.138439254475085545e+04
-7.122383162855375360e+01 -1.856633991406202666e+00 -1.123248175503081114e+01 6.130704104809468902e+01 -5.063470192059082997e+00 1.004799266403962399e+01 -7.855296975373227575e+00 -2.977252833083456807e+01 5.310274575284681831e+00 -2.602427912686088973e+01 -7.335873654044551273e+00 -2.385372471017342733e+01 -2.017708106918897215e+01 1.177110517625175271e+04
-4.832169817835671211e+01 -2.141698286427250508e+01 -3.302013365778692133e+01 5.070282061863676404e+01 -1.993907071601896419e+01 1.557243858256286018e+01 -2.404852867883233358e+01 -1.508150020063708752e+01 9.548209182768028214e+00 -2.867377198150133211e+01 1.570569521410323910e+00 -1.488148870327451867e+01 -2.135174309603193876e+01 9.493805505788295704e+03
-4.660320721862643722e+01 -2.289008017801545947e+01 -3.582959677632270967e+01 4.624673783387378734e+01 -2.628510268715290366e+01 1.130957332940896087e+01 -2.629548516061389662e+01 -1.797666619301477198e+01 3.586556447336559650e+00 -3.300806897797048123e+01 5.000958628717225851e-01 -1.344609380295233159e+01 -1.834287697369305903e+01 9.571666273368018665e+03
-4.795568927896459854e+01 -2.106826398922142474e+01 -2.929234870385502987e+01 5.313059008564641772e+01 -1.794963501575921327e+01 1.077567144674016397e+01 -1.488726534821260472e+01 -1.466006435284622000e+01 -2.836405652442465897e+00 -2.764945558589593588e+01 -4.175391935754923622e+00 -1.133291844295372641e+01 -2.205250461036790899e+00 8.222643484951446226e+03
-4.703559441311672629e+01 -2.055235146060800488e+01 -1.970653134501522885e+01 5.420510258277622029e+01 -1.383268058131709211e+01 3.727038340353574508e+00 -1.536679971074901196e+01 -2.808964598148691749e+01 -1.107872701967420381e+00 -2.717235948917101140e+01 -1.284751421976609009e+01 -1.876410232413710588e+01 -1.129638449898147101e+01 8.576010390126803031e+03
-4.816421080742721017e+01 -5.876459855240835140e+00 -2.555324037732520637e+01 5.167143143212954470e+01 -2.249955801992421556e+01 2.659676650305272005e+01 -1.258729432212239452e+01 -3.371969531532359809e+01 7.669205023590308201e+00 -1.723728169014871625e+01 -2.857685570409759013e+00 -1.263272272559577480e+01 -9.727645135708570479e+00 8.804624549105794358e+03
-5.220990704993386089e+01 -6.051904599161898268e+00 -1.902368473420231965e+01 5.216557290466354146e+01 -8.728713696301174663e-01 2.254721549201772746e+01 -9.117191009148868375e+00 -4.718789873864742646e+01 -4.111936986426896645e+00 -1.637675416067822098e+01 -1.049179236608409838e+01 -1.354229578529398914e+01 -1.802134049422040718e+01 9.567953608933410578e+03
-5.835848708848236299e+01 2.685932468114120120e+00 -1.449698281373348330e+01 4.888191116828955529e+01 -2.419937077896711131e+01 1.097423895112405212e+01 -2.480737710536948804e+00 -2.279249583310371463e+01 4.769351069370029172e+00 -3.236804107588356239e+00 -2.315257456200504382e+00 -8.003079577603241290e+00 -3.917268893228419202e+00 7.362204697040492647e+03
-6.618839850195475094e+01 -4.000041578375829410e+00 -1.031413962316242028e+01 4.877204080323492974e+01 -1.819122020334513090e+00 7.743662610560038573e+00 -3.440393301226000400e+00 -4.094783189428115122e+01 -7.547575153616981503e+00 -9.353321854899984800e+00 -2.334923355235177578e+00 -1.468212873765560644e+01 -1.746720425787304976e+01 9.304403143972302132e+03
-7.163074356394155018e+01 -5.059058308686920746e+00 -1.582143231150126894e+01 4.881171533811039609e+01 -5.503095342114804112e+00 1.924702389275696035e+01 7.918060226042319960e-02 -5.090811204008137736e+01 -1.009983997174232151e+01 -2.143460730463633013e+01 -1.187079368504679699e+01 -2.231227444420767014e+01 -2.274277017264640222e+01 1.249926898372718097e+04
-7.376999244292993296e+01 -5.128156587135618949e+00 -1.865805313112901231e+01 5.024742982038292638e+01 -5.045997702084346948e+00 1.941462485412121097e+01 6.062354169076185073e+00 -3.883526069244787493e+01 3.341867537794211973e+00 -1.837207321040422414e+01 -1.531407797837597728e+00 -8.436489382867311093e+00 -1.777539646860228473e+01 1.102674172262299180e+04
-7.436803356890703753e+01 -1.139472132773634172e+01 -3.181613687851381300e+01 3.367550067478079967e+01 -2.530190831272228991e+01 9.174326550455511153e+00 -2.184110557437300315e+00 -4.171391568354479062e+01 -1.310625735097588951e+01 -3.376473957501607259e+01 -4.006725907076946314e+00 -1.689130387067306316e+01 -2.275458273451186741e+01 1.240689858979940072e+04
-5.874181769245822693e+01 -1.072364424217985857e+01 -3.075390212248604627e+01 1.966417666665216046e+01 -1.554029602515136865e+01 -4.550731793976214412e+00 -2.700904063015292511e+00 -2.450303552421695841e+01 -4.623009911309097220e+00 -2.259991250534363871e+01 9.599680849080199252e+00 2.744289340211779660e+01 -8.705072289902735960e+00 7.221156444598168491e+03
-4.449295779845365217e+01 -1.290319572396695769e+01 -4.382635268562803788e+01 1.563163357099012352e+01 -1.732249455179913156e+01 3.822155428562384216e+00 -1.229168391462773569e+00 -1.141366369723614405e+01 2.572088511298235680e+00 -2.476862647563406128e+01 8.908707267293976884e+00 1.662105385927418055e+01 -6.324960320857226925e+00 5.773403291341196564e+03
-4.406390595108032215e+01 4.008280855528337794e-01 -5.024758971805168528e+01 3.444987719242307378e+01 -4.034432521124858795e+01 1.696561951850628347e+01 -1.164335152081794433e+01 -1.473226307336422813e+01 -4.228739273965563150e+00 -3.672742023703226266e+01 5.755261563348176068e+00 8.238114776879097434e+00 7.807579763518591953e+00 9.450240319782396909e+03
-4.413269874283553662e+01 3.874786007164010115e+00 -2.582624387804358079e+01 3.569891643260886127e+01 -3.829014911523477593e+01 5.138789989043831774e+00 -3.305692172107161930e+00 -3.464566270431738104e+01 9.889814202692605027e-01 -4.015026267923440884e+01 -1.808788709432780450e+01 -1.813374059685446404e+00 -8.229918401341882017e+00 8.619122018385634874e+03
-4.311140192320240061e+01 4.621050985875923445e+00 -7.227331158252219723e+00 3.648138129895096426e+01 -3.477540149882309350e+01 -6.512333710916500706e+00 -3.815117861602222438e-01 -2.784288243033526911e+01 2.193709068794970563e+01 -1.412512679947938921e+01 -2.391805172262613510e+01 4.655547074477528469e+00 -5.074413194469830302e+00 6.590435419177400945e+03
-4.614995011712741046e+01 1.110922387845840653e+01 -1.185714751910354181e+01 4.220216577902542809e+01 -4.836265616323552052e+01 -2.570403297278009980e+00 -2.113256588826785354e+00 -2.979736207431438544e+01 1.877201024644210392e+01 -2.105402983164023567e+01 -1.909437844759851544e+01 1.259596571284763433e+00 -8.626029605519178745e+00 8.649000418419120251e+03
-4.682658118530100211e+01 8.133720807869284641e+00 -7.958046588459637860e+00 4.065097933393997920e+01 -5.072195930633947114e+01 -3.825495373299680479e-01 -1.458948197623314513e+00 -3.254083984791252249e+01 1.346249263261166007e+01 -1.930465685836308865e+01 -2.226634354558170159e+01 -7.124620175211484607e+00 -1.064185406528365974e+01 8.822324843649732429e+03
-4.788363297265891561e+01 8.325069426886964052e+00 -1.026888015407789823e+01 4.778801376340677365e+01 -5.283537281060735324e+01 -4.375579961880028179e+00 -1.444529718020023701e+01 -2.194352403776306559e+01 1.571655599070771459e+01 -1.972635007531916784e+01 -3.121374999276285322e+01 -1.707547029820206674e+00 -1.496540506209762356e+01 1.008951669819752897e+04
-4.812662436592987802e+01 1.406490958096147637e+01 -1.888953940874047532e+01 4.893072480881827602e+01 -4.964899969473100327e+01 6.102770946999063639e+00 -5.988275860808033535e+00 -1.710912468573362943e+01 2.007007728705323757e+01 -3.170367235480036427e+01 -1.738408887414268378e+01 6.594758295945183590e+00 3.140193928156316261e+00 9.859361806947936202e+03
-4.366531864677381236e+01 1.440941163465369268e+00 -2.302946259609172586e+01 3.866339183841525795e+01 -3.390928644651803836e+01 7.029715344824472467e+00 -1.411236312418147065e+01 -8.690598999593483143e+00 1.305797314233090844e+01 -1.910677619701053231e+01 -1.195377257796380910e+01 1.376792737419081192e+01 2.259629266550276405e+00 6.281026275615656232e+03
-3.920527660641194245e+01 -1.421352107358969619e+01 -2.959014738332843208e+01 3.139739263498113431e+01 -2.909900281548641132e+01 2.747296775017339243e+01 -1.270860284709876531e+01 -4.946145278999741990e+00 2.173553579999349594e+01 -3.381528370021660379e+01 -1.105922905484108121e+01 8.492478977605916413e+00 -1.901928629320414066e+00 7.201892850063409242e+03
-3.931110889773705708e+01 -1.859637629384573287e+01 -3.897694127261717512e+01 3.248898724274923211e+01 -3.479320066032244085e+01 2.535036986212199395e+01 -1.337191449759441753e+01 -6.516313109596774567e+00 1.496949376097460238e+01 -4.108062201330310614e+01 -9.732206528076437380e+00 -6.405499774723219630e+00 -3.867258488193166865e+00 8.602808443213099963e+03
-3.578412225395430823e+01 -1.724123836501581764e+01 -2.475111846005824745e+01 3.062224031311838957e+01 -3.126198641781285303e+01 1.959403363128129882e+01 -7.982329817690004603e+00 -5.216085710063907754e+00 2.233231448149187415e+01 -2.555796550611128026e+01 4.101803382348102822e+00 1.139473299232162518e+01 7.807562097676120416e+00 5.939830888622504062e+03
-4.073608981233476811e+01 -2.138858538014568467e+01 -4.923358372966093555e+01 4.096901540317544033e+01 -4.395838190678819757e+01 3.754539214005144743e+01 -2.412495981632061159e+01 3.893790132290017691e+00 1.004839627285835668e+01 -3.477265741668669818e+01 -8.126029572843300741e-01 1.382959863584419935e+01 1.391932076955319708e+01 1.185425127043532848e+04
-3.790242361802041415e+01 -2.776765702013235781e+01 -4.106600807746100656e+01 3.548462796742359160e+01 -3.312454154067496148e+01 2.988644397751045290e+01 -1.888309892023503878e+01 1.275044711621744709e+00 2.496602039381555826e+01 -3.257235008123841880e+01 1.220513755429463743e+01 1.918570241702518331e+01 6.405658670706567470e+00 9.744193470739583063e+03
-3.447850088778204025e+01 -2.451425767710113135e+01 -3.007361860189928393e+01 3.277021057637256973e+01 -3.040268087826864019e+01 2.119518103499925843e+01 -2.069107266829174918e+01 -9.516520826646418518e-01 2.626137110187529800e+01 -3.447588383217032515e+01 6.696491736607869782e+00 2.116076796454632714e+01 2.062461497123410759e+00 7.945730951518264192e+03
-3.475404654161605578e+01 -2.516154454206712998e+01 -2.795476659010273224e+01 2.356458884231362916e+01 -1.922735285563134511e+01 2.024410478251522250e+01 -1.381962699819725060e+01 -7.651988362009443989e+00 2.632013799592257541e+01 -3.453836298244128500e+01 -3.895173337084011589e+00 1.622536875192058758e+01 -5.650632034468654474e+00 6.402768580197672236e+03
-4.255869041086855020e+01 -1.891256965235813325e+01 -5.242971407260075267e+01 2.960444154392720151e+01 -3.205652052268128216e+01 3.293428630963786219e+01 -1.150526848163617899e+01 -1.065707266607324577e+01 2.236116512163878767e+01 -3.147046197964041525e+01 2.595880685717117498e+00 1.707721974479746763e+01 1.055007045909007957e+01 1.005254312084423873e+04
-4.236131503528154951e+01 1.651888597817946502e+00 -4.022092466250843046e+01 4.335600589512660719e+01 -3.534764997191226854e+01 2.640302513743177215e+01 -3.123459392562734394e+01 -1.612181085257735447e+01 9.857140268898588076e+00 -4.792187123592209730e+01 -9.503986179220044406e+00 -3.898933352500977279e+00 -3.819815353576623274e-01 1.097610681466164897e+04
-4.120906677845798782e+01 2.188380024761937825e+00 -1.772023767400025562e+01 3.007695862999966963e+01 -1.172656857119504004e+01 5.501562366591747022e+00 -2.013605640378224493e+01 -1.800525575972647019e+01 1.207085310891704211e+01 -4.641214963791586712e+01 -2.106058275764248933e+01 7.396717441570422658e+00 -6.140171125760416793e+00 6.654790462180765644e+03
-4.643141157406971331e+01 1.836972541468133002e+01 -2.810251392340356347e+01 4.692997289332957678e+01 -2.583397491414499925e+01 1.525828519951671325e+01 -2.109020264960512137e+01 -1.944695984662097032e+01 2.697894077511135436e+01 -4.959480581618519324e+01 -2.817007101355566689e+01 -1.113456581512218602e+00 1.554574801444571719e+00 1.119340425790019981e+04
-4.970959443230890429e+01 1.723553480822905115e+01 -2.144979576296505641e+01 4.001666471068705988e+01 -3.428898430140859688e+01 1.043163791757263148e+01 -1.389199667406995431e+01 -2.007170483254042992e+01 2.104559903511070473e+01 -4.643510113013658724e+01 -3.284050487982317890e+01 -1.773951534457835066e+01 -7.345215395421046622e+00 1.075622626247336848e+04
-5.219769282485223272e+01 1.410862818069651503e+01 -1.167727653975257596e+01 3.621293470274079596e+01 -2.295556563353483526e+01 1.045368165900882218e+01 -1.206799073263955613e+01 -1.733696270954764174e+01 1.818087412832525018e+01 -3.800821970854154586e+01 -2.288297251374732255e+01 -1.585772312869508660e+01 -1.238803905773146674e+01 8.157562357718262319e+03
-5.477355982022434233e+01 1.130198371629943388e+01 1.025090121667951104e+00 3.508087323914001843e+01 -6.682869903209903484e+00 1.330345348964013574e+00 -9.976909168730932365e+00 -1.661234842499354158e+01 4.401695758477338849e+00 -2.979061391642526502e+01 -1.397777930282338232e+01 -3.520107334882507377e+00 -3.447914082809242053e+00 5.908048758404248474e+03
-5.964643409421925213e+01 1.447938455543461700e+01 -9.213817234677406987e+00 5.047700193885569320e+01 -2.100985886334342112e+01 7.838574284175623852e+00 -8.343682328069469634e+00 -1.684735998825434322e+01 1.838651497028608617e+01 -3.184785160440188889e+01 -7.719004029859138249e+00 -1.569245855006484014e+01 -5.407855609124115226e+00 8.943910585077379437e+03
-6.237246983911072107e+01 1.000005682740599866e+01 -1.083696819393634669e+01 4.591823836216077837e+01 -3.009153441519309524e+01 4.716535041608618251e+00 -1.010440289407905468e+01 -1.776580126939985149e+01 1.172778288291531634e+00 -3.259550182173827437e+01 -1.786805734237529109e+01 -2.156034693855158579e+01 -1.488641147602396053e+01 9.631282851010935701e+03
-6.429905159607501730e+01 4.135992593223942748e+00 -2.310609856267133111e+00 4.074356557334841256e+01 -3.225637463898369361e+01 -1.232593716224134273e+00 1.619463191987640993e+00 -2.059774017568194893e+01 3.076864897538128529e-01 -3.035042226688611677e+01 -1.455977124606374140e+01 -1.332970138250446723e+01 -2.287026141581890215e+01 9.119693615585007137e+03
-6.607121895524794297e+01 4.489670200993237437e+00 -2.533222392954854740e+01 3.871495540542141356e+01 -3.403413586759884879e+01 -8.494806188829536753e-01 -4.229609102840786505e+00 -2.827224353944504287e+01 -2.625411498381861275e+00 -3.334257808176059967e+01 -8.344368331658401416e+00 -1.907835136738921022e+01 -1.245060985172259116e+01 1.020963578160502038e+04
-4.442096999352718001e+01 -7.455628961464916493e+00 -3.422945504860919641e+01 2.256880730017179104e+01 -2.522353481489526672e+01 3.384651703356795327e+00 -1.206149602617599648e+01 -1.890341287438472762e+01 5.886192180186720080e+00 -1.093307129407405220e+01 -3.226039564448842878e+00 2.505063932714745256e+00 -5.676139472370411276e+00 5.063397456845679699e+03
-3.957292843010875316e+01 -5.263304477135742232e+00 -4.959800647490635583e+01 2.999828582960849843e+01 -5.466387892996728937e+01 9.419077331678391118e+00 -2.220452129202368141e+01 -2.424169546934801289e+01 -4.141911755848430410e+00 -1.615702243817413830e+01 -2.797772788976387925e+00 3.194188483596197337e+00 -1.259311285517843260e+01 9.565959351131723452e+03
-3.501455383467147442e+01 -2.068392344450621589e+00 -2.983746792539751524e+01 9.987799208850049126e+00 -3.364408263369544727e+01 4.351551330102406467e+00 -3.975470296997324571e+00 -3.470093044164244134e+01 -1.736785464074527496e+01 -2.972294475353125520e+01 -7.493825516494648120e+00 9.131475277039658778e+00 -6.099689999143684815e+00 5.952990384542613356e+03
-3.512271018196373973e+01 1.185575427660176473e+01 -2.874578028641368377e+01 8.497736668897276857e+00 -4.090392467234538998e+01 1.149690182846300424e+01 -2.243194742966743149e-01 -4.477804246647342268e+01 -1.482261231475587770e+01 -3.018186755889541928e+01 -1.075752616042856680e+01 1.560293203305859855e+01 2.724777220603622485e+00 7.580383537570866793e+03
-3.753247609426943399e+01 2.024700963654056807e+01 -3.338154092710798437e+01 1.549891752515084420e+01 -4.330816262722195376e+01 1.944586136571593826e+01 3.103950650742468120e+00 -4.697574496906177899e+01 -9.778234554822267555e+00 -3.556133373681108623e+01 -1.947399599757588140e+00 2.108307590035258983e+01 7.688493494128879391e+00 9.510889194530216628e+03
-4.136488223132243292e+01 1.941605605166088466e+01 -3.465186320973079148e+01 1.576008704333736610e+01 -3.884445178384540753e+01 1.530554648974163712e+01 4.759038070620200678e+00 -3.333239630360341721e+01 -1.301981505805027339e+01 -3.877828481274313077e+01 -2.112578553162787198e+00 1.543445019352445513e+01 7.000190716586142115e-01 8.330463181351509775e+03
-4.580742898257357609e+01 1.751067459256744030e+01 -3.831492291841594522e+01 3.325663914026320356e+01 -2.969570810420543339e+01 2.549996526083166870e+01 4.911524532878634552e+00 -1.102479679970637960e+01 -3.075586189662425696e+00 -2.604822575187967360e+01 -3.877103647656530594e+00 7.132968119681984298e+00 -7.719946205358329649e+00 7.470212197191457562e+03
-3.761717787919020850e+01 1.964453478617875604e+01 -3.519533434005828099e+01 4.170662639675675187e+00 -4.888595758886189202e+01 2.892416264942868764e+01 -1.020995006666124461e+01 -2.442765071186813941e+01 -2.558375835586318559e+01 -1.449740471634180317e+01 4.545026513792431899e+01 6.172279627182605921e+00 1.127191572111393825e+01 1.008004619478610948e+04
-3.098856999028973647e+01 8.495874984834943078e+00 -3.310146587056737388e+01 -1.563862498028985470e+01 -3.803005135967706707e+01 2.561981946150521328e+00 -3.952464422217081275e+00 -2.681299782640714113e+01 -3.541831858685078060e+01 -1.829148436527995258e+01 3.518929243826958952e+01 -1.355951173399254372e+01 -1.084380680348001746e+01 7.688922879781874144e+03
-2.867939156441183357e+01 7.223801574625342781e+00 -2.682895785599158955e+01 -1.321311634367854460e+01 -2.727863079342440855e+01 2.772511155164580465e+00 8.160371798435006596e-02 -3.278273825890503446e+01 -3.732962221954836224e+01 -8.440890025926730544e+00 3.577412381611559766e+01 -3.848061970086808614e+00 -7.317772646175056295e+00 6.408489967554207396e+03
-3.286841606078566969e+01 2.005186003769292924e+01 -3.902663548962929951e+01 1.180495631017240399e+01 -5.996040755209547513e+01 2.732460896228545622e+01 -1.169711882832251248e+01 -2.715599295991982487e+01 -4.177382673555500503e+01 -4.469012290169228407e+00 4.377295570465861374e+01 -1.906928586696560401e+01 -4.320737359248346898e+00 1.242440316462744158e+04
-3.255020325270849213e+01 1.007107037003927985e+01 -2.615890627636079557e+01 7.602174163907835513e+00 -4.344390168664560292e+01 1.883630829347180580e+01 1.847195557950281453e+00 -2.987192239928330295e+01 -3.366524879513656998e+01 3.947363740501738660e-02 4.647175516137858153e+01 -1.505158742065095723e+01 -1.253663923388651114e+01 8.717638772476222584e+03
-3.568364734799041571e+01 7.260793684667947723e+00 -3.335937652699223577e+01 9.411648243893848687e+00 -4.411827024883507420e+01 1.731689887048031906e+01 8.131468028964514261e+00 -4.160920866610401703e+01 -3.270425186135017981e+01 -1.660928844395852266e+01 3.024079051545669827e+01 -7.900350071003069630e+00 -1.565943881388702330e+01 9.138788230923881201e+03
-3.683467352290246311e+01 3.821972485878916359e+00 -3.176152930047025791e+01 1.799703042906006800e+01 -3.762451339699016728e+01 1.352004492725546037e+01 3.728654626613153500e+00 -4.205607364565683781e+01 -1.723628732631318883e+01 -4.663422818968416372e+00 2.389070375080623165e+01 2.950082127242923846e+00 -1.158209693082563341e+01 7.117551106764552060e+03
-3.797781725240049155e+01 4.634658430894969428e+00 -4.045159068834405502e+01 2.836563269256308217e+01 -3.833091617513358074e+01 2.797623430905727204e+01 -3.122329577724416438e+00 -4.019984091481033772e+01 -3.524155479458253915e+00 -7.449484542017065891e+00 1.280178442916893289e+01 2.099900343682024051e+00 -4.695017028944270088e+00 8.040692884514435718e+03
-3.618926388112311088e+01 -1.759779799393746291e+00 -3.387914673794939802e+01 2.332476681052883904e+01 -2.384518616101184563e+01 2.082659358736020749e+01 -9.212857748871917662e-01 -3.603096444366040885e+01 6.514369528550835398e+00 -9.237324429639556911e+00 6.704297099631725487e+00 8.527884241090969653e+00 -9.313203194498269610e-01 5.552324985122611906e+03
-3.513991319103725175e+01 -1.477536468829929284e+01 -3.339281696875837468e+01 2.585792075203209706e+01 -2.478948021303643756e+01 1.351304620961455072e+01 -2.259554203486597146e+01 -3.575068964760803425e+01 1.004576618517956277e+01 -1.883391759674766419e+01 1.396952357594622107e+00 2.011756383368299872e+00 -8.019667912757311612e+00 6.348575852052631490e+03
-3.539194123145996684e+01 -1.677983529424327003e+01 -3.870791097053900387e+01 3.141407554283550141e+01 -2.690585118673642739e+01 2.307268128255855899e+01 -2.052054942685639460e+01 -1.860850834125985642e+01 1.631111063174677511e+01 -1.168617346561378056e+01 1.691678004784126887e+00 1.225513793129208295e+01 5.424404144156128815e+00 6.628035192478825593e+03
-3.698508405764683715e+01 -2.173684499845612805e+01 -3.725729140604235567e+01 3.365496440786424870e+01 -2.033315032432848568e+01 1.394483214577292252e+01 -2.211323434890162432e+01 -2.663598789002989875e+01 9.332542837765426924e+00 -2.209614506872786066e+01 2.894833261215467579e-01 5.288906249535135551e+00 1.302588898279258167e+01 6.940581691801765373e+03
-3.885891918463799755e+01 -2.327265859457628494e+01 -4.787142485460291397e+01 2.355750639419509795e+01 -4.086521900678336294e+01 3.831063036482861506e+00 -4.119256076602142969e+01 -2.924817371751569084e+01 9.521608721231357819e+00 -2.397336603743254813e+01 -4.364175607651555211e+00 -7.897336269412755350e+00 2.122879041059337890e+00 9.886491436229114697e+03
-3.918866991627619001e+01 -2.219042543448615135e+01 -3.921963801132747562e+01 2.806496332828761808e+01 -3.194163730052316197e+01 1.527839717312780898e+01 -2.583415206411461540e+01 -2.104006471613919160e+01 1.468273918047178306e+01 -1.903334846726362173e+01 -1.822379924677679952e+00 -1.816043759139770231e+00 1.138591554869199562e+01 7.431883693002139808e+03
-4.157200700200984045e+01 -2.263338955944293929e+01 -4.204823563344740478e+01 2.839394325628145666e+01 -3.119432362290656968e+01 1.336276479664227423e+01 -1.925732319961518968e+01 -2.137031348770122108e+01 1.447905553627141728e+01 -1.050960677716430247e+01 3.124554861951708951e+00 -1.090037676467771099e+01 -1.781663447524436616e+00 7.245806592500141051e+03
-3.841639098669492824e+01 -1.363232012260703740e+01 -2.761880965532852272e+01 3.293369698661096834e+01 -1.869251607984702801e+01 2.163140953899176466e+01 -1.311257854701400660e+01 -2.582777045395864590e+01 1.183373833429884137e+01 -2.699509761660754403e+00 7.438341177049412778e+00 -4.500603265700992672e+00 -4.764226075974829833e+00 5.411034686406325818e+03
-4.194401172295004443e+01 5.796837429880867809e-01 -3.702279341328505780e+01 4.467810805813195429e+01 -2.730464787067080223e+01 2.967378166120716898e+01 -2.017848880917446408e+01 -4.971599705377733613e+01 -1.505185365002611597e+01 -7.178856175152824370e+00 -7.492632618389573729e+00 -6.248760251275683686e+00 -1.029732573165737719e+01 1.011070135126651985e+04
-3.737377712708684641e+01 1.765834132083780483e+00 -2.567522221353527812e+01 2.376580266258740082e+01 -2.415374323458894423e+01 2.351858083213273076e+01 -7.262589674747767177e+00 -5.019772777355643001e+01 -8.900914225059933571e+00 -7.778516628839732938e+00 -8.074095782680235089e+00 -3.893447857298989234e+00 -7.167248127946945324e+00 6.604482837490469137e+03
-3.726878174539016442e+01 6.610975376612985954e+00 -2.781016729397220644e+01 2.908936899565498990e+01 -2.649788981611317951e+01 3.489086046296907995e+01 -4.630811454721704301e+00 -6.271577557138242298e+01 -1.452765799609816710e+01 -1.855712207239097822e+01 -6.709266170010437236e+00 1.523848105775262640e+00 2.040264093118711042e+00 9.533405780122655415e+03
-3.699126119177505956e+01 9.994381301648912697e+00 -2.374362963903838875e+01 3.093603171137700159e+01 -3.024212938154286334e+01 3.783666699635733011e+01 -1.972636823657996752e+00 -4.122988685069433501e+01 -6.909045648249001026e+00 -6.106863144130135979e+00 -1.220880828247285610e+00 8.345566060154123278e+00 6.899337791451907620e+00 7.242802267378800025e+03
-4.087479505317260475e+01 9.083330473904366542e+00 -1.834381601170397502e+01 2.809210454210723995e+01 -3.117126947337238363e+01 3.986884909387952547e+01 -1.180882039556246355e+01 -4.309327003326093575e+01 -8.230693872607583117e+00 -2.491869854839369935e+01 -9.977183443059665535e+00 -8.895827079786503333e+00 1.816399610680584686e+01 8.633865558987568875e+03
-4.455636084324969204e+01 1.074764212743494696e+01 -2.602903953293511918e+01 2.383756712821100265e+01 -3.227114447271655706e+01 2.717979320878850658e+01 -9.872644877266896657e+00 -4.424243446971058802e+01 -8.274844787713625749e+00 -2.681803413744669840e+01 -1.042301867963264606e+01 1.124117506392583676e+00 1.307814361929006708e+01 8.250172467971999140e+03
-4.628682925247164093e+01 1.456078869062842784e+01 -3.172387036213696732e+01 2.445026798491162268e+01 -3.988591912774716519e+01 2.812209861411189493e+01 -2.510563280305410760e+00 -5.441331915934355123e+01 -2.549106473565446063e+00 -2.051822348827653286e+01 -5.099933790048025273e+00 5.294384152307418212e+00 1.271462726685344613e+01 9.950754903554810880e+03
-4.630167327946381306e+01 1.234746196271149365e+01 -2.951139095341780916e+01 2.695334806227592495e+01 -3.970872056037718778e+01 3.317785241621210446e+01 -4.477179207817377105e+00 -4.455311236314327772e+01 -3.496997266129426407e+00 -1.921508613490925299e+01 -1.090537945861182401e+01 5.922473056338606767e+00 6.846633921587365279e+00 9.158615176913239338e+03
-4.621593649032063666e+01 8.647232445336358708e+00 -3.288356602293148967e+01 2.918128686753763290e+01 -4.934974822859803112e+01 4.067588703228331326e+01 -1.049840997921140762e+01 -5.071833709047478322e+01 -8.849997596057525229e+00 -1.797957318493429923e+01 -9.401047100594860595e+00 8.596940789174787767e+00 1.212462093300639587e+01 1.162693661732668079e+04
-4.479405997985379173e+01 9.767849416537593754e+00 -3.590531782046873843e+01 3.983293804943956928e+01 -4.965392823271594125e+01 4.585501915864809774e+01 -1.495866687704062947e+01 -5.301530268877539953e+01 -4.529183817915410692e+00 -1.533670448760441296e+01 -1.819216047900990674e+00 3.020783335265982306e+00 1.720905298835187835e+01 1.314466709238272779e+04
-4.245377166886420639e+01 2.163321646523273412e+00 -2.868461521567289196e+01 3.023865220147965616e+01 -3.787418458468710725e+01 3.479821559297938904e+01 -1.533850873975200990e+01 -5.679240866246131958e+01 -1.394665050662067607e+01 -9.503474870554777354e+00 -9.731426470809360074e-01 4.429336886971877441e+00 2.445793835493978552e+00 9.961576159270207427e+03
-4.310679266686957334e+01 2.854200528035548690e+00 -3.346085794981149064e+01 3.946919170282392031e+01 -2.997618383468164183e+01 4.609200519203746893e+01 -1.089218409437044421e+01 -5.579741632965674114e+01 -1.803517745114107562e+00 -1.431983409386505102e+01 -6.146022551504903397e+00 2.506732713583107675e+00 -2.709358887704280683e+00 1.105853227883068575e+04
-4.540552345620957198e+01 -2.109743111996409404e+00 -3.708683272324564228e+01 3.839233178736696317e+01 -2.499701040724289314e+01 3.661376781313977347e+01 -2.576699728512012566e+00 -4.744305852410805358e+01 3.344072570804919042e+00 -1.772608350614945749e+01 -1.630373837309837626e+01 -1.139236242682759936e+01 -2.199456724097149873e+01 1.034317423677750594e+04
-4.269198549357337669e+01 -1.019959594364925337e+01 -3.448333680060671469e+01 2.744514883642853320e+01 -1.800487324844983661e+01 2.628188268798864158e+01 4.409293056005787470e+00 -4.135682161127826362e+01 1.004902843276556190e+01 -5.030264373744301132e+00 -1.190885127204835925e+01 -2.951909835106963698e+00 -2.242766114182079917e+01 7.393536498412752735e+03
-4.453290269435655802e+01 -1.957207939415794939e+01 -5.332365430344412260e+01 3.707076454331162552e+01 -3.115341346199395289e+01 4.809845736995487187e+01 2.306167848226929884e+00 -2.197529312847089145e+01 -6.127922841893151507e+00 -1.037119387862376740e+01 -7.858700589636636202e+00 -1.355842863389244002e+01 -2.074886452222473210e+01 1.117734673798858967e+04
-3.660249805386512634e+01 -2.008147674490146883e+01 -3.772925416108127905e+01 3.195177683581839645e+01 -3.294548884532546396e+01 3.819516118697841023e+01 2.717169678550926282e+00 -3.036526083649441787e+01 4.606146952548888507e+00 -7.635097143958403443e+00 6.072544315547371063e+00 2.617864905615779891e-01 -2.699884407137744802e+00 7.784873885232722387e+03
-2.994380104616872984e+01 -1.810856477854248681e+01 -2.622428689865444440e+01 3.377483799509321472e+01 -3.576762560588797157e+01 1.779947000903629473e+01 2.060417954683840147e+00 -1.697345287299267724e+01 1.274265298620290210e+01 -6.552981982788637971e+00 3.290601904976653724e+00 -1.182524069138403355e+00 2.923950725706442100e+00 5.167584532945204955e+03
-3.662360166676661777e+01 -3.705147307710717541e+01 -4.466948473701767597e+01 2.957824458265152145e+01 -4.811588935167915793e+01 2.424532653666530280e+01 4.461221929222399574e+00 -1.387195562256168202e+01 1.541235586517447764e+01 -4.523784779085355368e+00 7.063912066660218869e+00 -5.626667325844731948e+00 -5.192186727471644225e+00 9.066165980296485941e+03
-3.284687196917095520e+01 -3.408240771681712289e+01 -2.751621173051184854e+01 3.326837376527021206e+01 -3.911885953874033817e+01 1.847191182246104901e+01 1.065466877970247594e+01 -1.895865879107629226e+01 1.135620711642781444e+01 -6.648749492711226061e+00 3.014781788882115787e+00 2.928593316804917190e+00 -5.826194999410385655e-01 6.640077846288188084e+03
-3.385589168199010857e+01 -2.941528225148654485e+01 -3.147251591879187771e+01 4.489084801471366859e+01 -4.852572640254556546e+01 2.614220083657853166e+01 4.314594285798023954e+00 -2.016668247823508509e+01 8.445002641271033283e+00 -5.768812511466756554e+00 4.776781983903652495e+00 4.781651103164678673e+00 1.330915140776799177e+00 8.632709754669327594e+03
-2.924964173096604725e+01 -3.174728644274790312e+01 -1.562640586427559874e+01 3.328992517013663388e+01 -3.178259307225884100e+01 9.359148723653415658e+00 8.121036366417252239e+00 -2.251437772347361843e+01 1.382600210983860656e+01 -4.910599849474147405e+00 -5.674394964711857448e+00 2.850511816188622483e+00 6.496291943490839493e-01 5.142429258247139842e+03
-3.246797004913380391e+01 -2.963119327424744398e+01 -2.778177491290388446e+01 4.590737446294452440e+01 -4.452160000118578864e+01 2.606096842839700756e+01 3.983849984952234191e+00 -2.165588581991764983e+01 3.818306459990558732e+00 -9.043732343980865451e+00 1.528231044838058317e+01 -4.109586732594378233e+00 -3.375756509942132055e+00 8.315888141498715413e+03
-3.529655760632457628e+01 -4.074516704858903182e+01 -3.572810858641449272e+01 3.882458513977623937e+01 -4.896059652317055821e+01 3.221353198215897606e+01 9.162561843587921473e+00 -2.257118325985368656e+01 8.743909460966355240e+00 -1.271437944436445733e+01 1.274265832284190125e+01 -9.667828279721753404e+00 -7.026307003502691551e+00 1.026144691127333135e+04
-2.692927518671335818e+01 -2.191354702403827659e+01 -1.907605908493192359e+01 3.914328189455488172e+01 -4.814481649112754980e+01 2.893295283942719109e+01 -3.223631045278770202e+00 -1.798749580085443611e+01 1.085692080872284038e+01 -6.280248856206661401e+00 4.975787619126318617e+00 3.458374957059653365e-01 -9.331864914112157905e+00 6.859738894141670244e+03
-3.243140876688123342e+01 -3.305622177603427758e+01 -3.215513882876282281e+01 3.022741940727201637e+01 -4.370286336285387563e+01 3.038083978797276075e+01 -8.714499953959398582e+00 -3.149487609799095367e+01 6.498393978348593336e+00 -1.237258983010841362e+01 2.054664246955809759e+01 4.975231661637417702e+00 -7.893699382955308153e+00 8.697503372250359462e+03
-2.996818057729695894e+01 -1.746177767564767080e+01 -2.211136388332989355e+01 3.281768112784166647e+01 -3.877760629162799688e+01 2.985142531191449322e+01 -9.409353912118927354e+00 -1.688455440241771655e+01 4.656958523540981609e+00 -6.885797619566166539e+00 6.961432969610712007e+00 7.341911503044570964e+00 -1.018614895605385406e+01 5.812576910981415494e+03
-3.480094207133666373e+01 -1.694923581137913615e+01 -1.492332711023866842e+01 3.524067610774071824e+01 -1.820447006135092138e+01 2.651599157497420123e+01 -4.404253201281274954e+00 -4.569826457820666121e+01 -6.004599884862843240e+00 -1.363791909262309687e+01 2.892574136317294542e+00 2.908132545543603342e+00 -1.522889247729763795e+01 6.576013922427501711e+03
-3.723183908361477990e+01 -4.753169424107166918e+00 -1.650887946139505047e+01 3.228370005405773924e+01 -2.728272006429483554e+01 2.558568925665838023e+01 -6.975388331449633661e+00 -6.717288021741678961e+01 -1.885957772767472207e+01 -2.334976457147627471e+01 -1.291669774382675939e+01 -1.351137362790364005e+00 -9.572227418344740002e+00 9.844598407433190005e+03
-3.507244768030508197e+01 -3.369884935948192162e+00 -7.296788123331644726e+00 2.875788169481227996e+01 -2.202754152169856994e+01 1.820383639910195228e+01 -2.955948482496987939e+00 -5.653304384387040216e+01 3.079992295531290836e+00 2.877925736426913517e+00 -7.456954603023977057e+00 1.069784265097719622e+00 -7.139728975882254858e+00 6.268501659337837737e+03
-3.513824084254783742e+01 8.624716495474074041e-01 -1.560279358947400574e+01 3.002198276474706518e+01 -3.282028146894516141e+01 3.772166260086709855e+01 -2.110758133907887579e+00 -6.210869075903683978e+01 4.431246363189041304e+00 1.172463562350654520e+01 -1.390908758392368050e+00 -5.196235721189543355e+00 -6.002828980986649299e+00 8.964318390008225833e+03
-3.246716554785511022e+01 -4.666084869660076961e+00 -1.678381636118741582e+01 2.238543378359149472e+01 -2.637680494084089844e+01 2.449038569975983748e+01 3.152210848335288418e+00 -4.335703098407493883e+01 -5.795792875182245396e+00 -5.807499410401942619e+00 -9.751316643125550243e+00 -1.190601893861127358e+01 -6.663077223594773280e+00 5.392533049427376682e+03
-3.330559496874538183e+01 -1.950451376839809736e+00 -1.404224794473256033e+01 3.070691910222562271e+01 -2.697529510830511157e+01 3.286641808528344910e+01 1.097589762030613203e+00 -5.363832368324902689e+01 1.882664315996131155e+00 6.651311361253112509e+00 1.717791480267280013e+00 -8.340332643635408161e+00 -1.585991029424302479e+00 7.062120671131654490e+03
-3.569576748264339727e+01 6.873841487564078534e-01 -2.103687983695032315e+01 2.955735726213627856e+01 -3.642677272221148854e+01 2.499603648183913762e+01 -8.644495248421197431e+00 -6.714710864476651864e+01 -1.202184267263241502e+01 -8.156781467984207667e-01 -7.228909040243497230e+00 -1.955378448063229868e+01 -1.307143074895609836e+01 9.876681050284465528e+03
-3.725748460266699169e+01 -5.215304360242587478e-01 -2.268695834878233342e+01 1.840791937941233769e+01 -4.043022091340998969e+01 1.316404049564616052e+01 -2.063219277197942958e+01 -7.329871317143758347e+01 -2.753056485805627318e+01 -1.667471491659211580e+01 -1.393744493748917179e+01 -2.858835090642842758e+01 -2.637995599577337913e+01 1.259165156058577304e+04
-3.645027295103859899e+01 5.186324661971632999e+00 -9.706272307337149741e+00 2.367861447104777284e+01 -3.677392291300832738e+01 2.225455674148756913e+01 5.367723259332919383e+00 -4.699656716766097730e+01 -1.098244909319105389e+01 -5.530974915297701244e+00 -2.262745514774490374e+00 -6.276451508577419958e+00 -3.584989009311068564e+00 6.304057226381728469e+03
-3.829283844487216015e+01 1.223306964025917765e+01 -1.949547912124180371e+01 3.312932191159377027e+01 -4.041087002677443252e+01 2.813359796229527277e+01 -3.637775329329730578e+00 -5.249505955144562108e+01 -8.775364283141382060e+00 -7.605078705912437620e+00 7.483929518030316252e+00 -1.040896639191154449e+01 -4.275144723684032866e-01 8.586500374186545741e+03
-3.797560454206042380e+01 6.958316659413808836e+00 -1.339800227123094523e+01 2.369943909580090136e+01 -3.686079962307272950e+01 2.167749525605752581e+01 -8.267263309262734339e+00 -4.477254933788431401e+01 -1.928018296043908819e+01 -2.381686804843975125e+01 2.938209928129764226e+00 -9.136428235141938359e+00 -4.633981654945539930e+00 7.185845598730630627e+03
-3.990867874107032520e+01 1.215858384803203762e+01 -1.388420116325611886e+01 3.283046806042305832e+01 -3.325376855293936984e+01 3.326663340084846254e+01 -1.443843514841692333e+01 -2.650157410640090561e+01 -7.598274635135896737e+00 -2.445032038230768201e+00 3.328832998811472876e+00 8.512543478470066205e+00 -2.767220139439269810e-01 6.281761395285558137e+03
-4.250137309556325249e+01 2.088735258874251599e+01 -2.241868771507026281e+01 2.991354987738969839e+01 -4.873981871699338342e+01 2.819550895442665350e+01 -8.310246071196779383e+00 -3.832887223817732547e+01 -6.946662138431250355e+00 -2.846398709820670447e+01 1.324818548018759534e+00 -1.158749254453814359e+01 2.377877034838696169e+00 9.348919632126639044e+03
-4.003482530811619711e+01 1.628080302425585657e+01 -1.699911557954246177e+01 2.488407200414621556e+01 -3.971086750884136762e+01 1.948295487482716126e+01 -8.875796568428374611e-01 -4.115088372384059312e+01 -9.840476657369832125e+00 -3.160093018106545415e+01 3.487856761983476162e+00 3.575339678071858707e+00 -9.944488556554194503e+00 7.646055132829730610e+03
-3.894653215995945317e+01 1.398777853790461911e+01 -1.941643979481287730e+01 1.807163515399483344e+01 -3.801168606125705196e+01 1.157098082389051541e+01 1.646581865166939218e-02 -4.414254508768629393e+01 -1.619247413762708732e+01 -3.118131998059915233e+01 1.276155915104982164e+00 2.764915965776727269e+00 -1.061281607928070336e+01 7.299789013325260385e+03
-3.938102108244316923e+01 1.470825600956691126e+01 -1.447977768537675303e+01 1.711413616614700928e+01 -4.305945764977980161e+01 9.442471718113734980e+00 1.468254196759612640e+01 -3.972217066675852948e+01 -2.746122091951332678e+01 -3.384997900144787764e+01 2.022541862215066377e+00 9.707897095510418239e+00 -1.359830891787046170e+01 8.189647961036067500e+03
-4.042611414959388583e+01 1.879378981729743359e+01 -2.169846945790790116e+01 2.480329945375530087e+01 -4.600310091838909443e+01 1.186134796608353881e+01 1.193748576517841542e+01 -4.638139492958406152e+01 -2.162720499002626795e+01 -3.697512748137497596e+01 6.149017316449337578e+00 5.032297424728728430e+00 -1.474212315055504874e+01 9.739579387488660359e+03
-3.848753552333369043e+01 1.240011928344544678e+01 -1.601027100153179816e+01 1.722002796106992051e+01 -4.194582893284238168e+01 1.818755399570015863e+00 1.465699810007605919e+01 -3.413087203211151888e+01 -1.358103745009024088e+01 -2.198247997234783213e+01 -1.664244465666275374e+00 9.678397961161387286e+00 -1.602731898892577433e+01 6.351405999135137790e+03
-3.746751221879638649e+01 6.405712526896579107e+00 -1.058059531059997838e+01 9.931881747473386923e+00 -2.952995481825943358e+01 3.058165191784557813e+00 1.905354985594004091e+01 -3.827062395754037993e+01 -2.314815293500772242e+01 -1.879282292993771364e+01 -1.104597669034356144e+01 1.119712154000365345e+01 -1.366073162198462576e+01 5.687499821387940756e+03
-4.375863193933927420e+01 2.443847000262832481e+01 -2.536585241502077537e+01 2.039871781731696032e+01 -4.239602746208176143e+01 7.164888299834784924e+00 2.635998332615821838e+01 -3.935774349177449238e+01 -1.374972797443053807e+01 -4.938922393159780100e+00 -1.328760169848001382e+01 9.393190924527793584e+00 -1.952862526354561368e+01 8.523837878339989402e+03
-4.289749843980346355e+01 1.519156982357053742e+01 -1.951990588567904439e+01 4.996982739297344267e+00 -2.994334767791366048e+01 4.775166516394202532e+00 1.273706730453396574e+01 -4.424659885416564009e+01 -1.344214590977436075e+01 -1.445461182843872017e+01 -1.261319144054702157e+01 9.278288853054013074e+00 -2.295665226697665062e+01 6.678190622915335553e+03
-4.071601471732073918e+01 7.865461050225490247e+00 -2.041083945189315330e+01 -6.870901894123127018e-01 -2.529112516732363147e+01 7.804708152841708380e-01 4.250072535490397208e+00 -4.011402918189147471e+01 -1.993723746515810546e+01 -2.096466935877205984e+01 -1.164770454278771616e+01 1.448693907759519561e-01 -3.613472879495823520e+01 6.682601825144735813e+03
-4.266802556099357702e+01 1.740165678944543970e+01 -2.671737730251426512e+01 7.271425877000867288e+00 -1.936219355792390928e+01 6.203614757126942436e+00 2.489955496216852282e+01 -2.823635393101149660e+01 -1.050692979898766310e+01 -1.291916000381573681e+01 -2.755105688098165473e+00 1.451045705083805437e+01 -2.910480453436519355e+01 6.063262731727088976e+03
-4.277958304175897553e+01 1.301143179791505666e+01 -2.735489285955074834e+01 2.781937480823280850e+00 -1.429581187972940626e+01 -1.676621870703184358e+00 2.161929031271541035e+01 -2.916021238337921062e+01 -7.318348792723101681e+00 -3.525635119435750919e+00 -1.000938571108182096e+01 1.051249477344646799e+01 -2.777818730609705611e+01 5.328628790965351982e+03
-4.704509946367008411e+01 1.390909223396972472e+01 -2.535580203854529557e+01 1.807623402903185905e+01 -2.059329070448509214e+01 3.941370498817261314e+00 8.056627598939728685e+00 -4.286961169626495405e+01 -3.204884128314214209e+00 -6.214102885673286059e-01 -2.336159608024919621e+00 1.307001284619214410e+01 -2.690005603488226527e+01 6.629255367931087676e+03
-4.964434140578447341e+01 1.839990026948291657e+01 -2.561632651146229023e+01 1.596011793119012978e+01 -2.705486721223911672e+01 4.362306814643677200e+00 2.497379207458837058e+01 -4.335985626665970472e+01 7.417447693208150561e+00 6.949648155959271101e+00 -5.919660973368465307e+00 2.294772512679146104e+01 -2.058504972297024338e+01 8.057502384932147834e+03
-5.393552129618260693e+01 2.223569499043082587e+01 -2.934854247104729907e+01 2.964139837072722017e+01 -3.431653552656658945e+01 1.491689458227598664e+01 1.849723568868257217e+01 -4.906261218503174604e+01 5.118033271651538207e+00 5.538757819692087914e+00 4.507540733821696066e-01 2.990238220845481365e+01 -2.713177193045444113e+01 1.098020282062810838e+04
-6.153824856396066423e+01 1.556893699902237849e+01 -1.552989160164307947e+01 2.931249881358007059e+01 -1.902646032300491541e+01 -8.995246593509355071e-01 1.911511064666339621e+01 -4.750088754951224956e+01 1.657008581319084684e+01 1.404592681715209324e+01 -2.481950900666864968e+00 3.636351523698245813e+01 -2.727585421710372415e+01 1.065857841346107489e+04
-7.688693670779409217e+01 1.150495325459890061e+01 -7.069333450279479791e+00 1.658100220768436373e+01 -1.270739218337296705e+01 -2.377521223664990657e+01 -6.540152057453736845e+00 -2.674757053788781036e+01 2.073763200379125138e+01 2.525181529076323272e+01 -4.218744274893332147e+00 -3.854258338586071808e-01 -1.801735994709412125e+01 9.264089919352001743e+03
-8.777610908200848883e+01 -3.715022002332238227e+00 -3.784712456235097555e+00 9.647402050925311556e+00 -2.799719270891462486e+01 -2.448956024101111595e+01 1.084583384932693839e+01 -3.179562566128463530e+01 2.356407110774722469e+01 7.986121738406286141e+00 -2.301238414507643526e+01 2.086245073330435407e+00 -3.011428089892944726e+01 1.239785415641881082e+04
-9.324416093495096902e+01 -1.284607915074526296e+01 1.184190832054013542e+00 1.481682852821792373e+01 -1.302440001234544908e+01 -7.301795189732259495e+00 1.889367825742404605e+01 -2.548813931700186686e+01 1.785458152641929175e+01 8.479618073900057951e+00 -1.201390988724155484e+01 1.316428183996894674e+01 -2.640681032160663122e+01 1.171564552884888872e+04
-9.845676729111356451e+01 -1.748458360605123474e+01 -5.836343984639180249e+00 -6.532007147632323374e+00 -9.621533656785615563e+00 -9.173527453967727396e+00 1.176321953542631071e+01 -1.608967792292720134e+01 1.911859241482926919e+01 1.102794615168273218e+01 -5.109919812416555907e+00 1.063374691345284617e+01 -1.772820918158548054e+01 1.159076773008029340e+04
-9.851882579025223663e+01 -1.754894425641517586e+01 -8.047166948203679837e+00 -2.053379228538501522e+00 -7.230952701474712363e+00 -1.763420759076153033e+01 2.279279476863852238e+00 -1.978336943253201241e+01 -4.098133528192043684e+00 -5.799040450599266094e+00 -8.963424681185136578e+00 -9.849637368448018293e+00 -1.394933455404697398e+01 1.126509235848453318e+04
-8.315415486587437499e+01 -2.078351374806173979e+01 -1.357109495644810693e+01 5.211572468758163268e+01 -1.423730485560700032e+01 -2.031781253247089580e+01 -1.514249815554029333e+01 -1.595077499802238741e+01 2.380495380582714304e+01 -1.639145880241024145e+01 -1.660348416166579355e+01 -1.124067497848531261e+01 5.277803285368513286e+00 1.261126753745298265e+04
-6.126466527181064947e+01 -1.469458938753253108e+01 -7.766217446269465086e+00 8.795568678659121531e+01 -1.032572610793925705e+01 -7.368644179027550756e+00 -1.598028589864471449e+01 -1.456339387270196006e+01 2.292051909730961157e+01 -5.834181457253250436e+00 -2.656021110402542007e+01 -3.077484052865890618e+01 1.692666350224117977e+01 1.489262208458521127e+04
-5.364922577170779761e+01 -6.132097266463761187e+00 -1.046315412203720996e+01 7.118979292359149724e+01 -1.674908439227134593e+01 3.272202353611203485e+00 -1.206230579852546292e+01 -1.865483169765083105e+01 5.033312498154183245e+00 -1.575357008702280837e+01 -2.189870230270003404e+01 -1.954291525457410117e+01 6.199680033224824527e+00 1.005147129343653978e+04
-5.102684200606651643e+01 -1.046012274352968507e+00 -1.584080138830199935e+01 7.120854694827239939e+01 -2.932714603437036160e+01 9.539998275959746366e+00 -2.284666431479117321e+01 -1.242244337100744289e+01 8.583294367594907825e+00 -2.495260400034254644e+01 -1.879272413570112832e+01 -1.253899450456140841e+01 -1.721186311962626392e-01 1.076052900219124240e+04
-5.001389336472219327e+01 -4.757752386933001426e-02 -1.984548152177935876e+01 7.614512086164815230e+01 -3.091363833099106984e+01 4.973271793824983966e+00 -2.856572813218564733e+01 2.272169158816822188e-01 7.886576454989191909e+00 -3.238891657180604966e+01 -1.029497539955651675e+01 -3.626157814501207888e+00 2.434353174093889738e+00 1.172605489865341588e+04
-5.053987096735045270e+01 -6.271990327075427807e+00 -1.179355991443166829e+01 7.035487679250037729e+01 -1.177396773768297500e+01 -6.124915395861329159e+00 -2.385291655028538571e+01 -6.244160144659501199e+00 4.162136439663568055e+00 -3.468641969310810680e+01 -1.087693125181946208e+01 -3.015949401354812487e+00 -5.589807641913152381e+00 9.845725857354791515e+03
-5.606639654663607786e+01 -1.317257923601116332e+01 -3.104461634020199590e+00 8.354939602550808786e+01 -6.670536468317067147e+00 -2.095287767593456607e+01 -5.281806877194989625e+01 -4.159663612797467103e+00 2.233102253353569111e+01 -3.851692375492071818e+01 -1.676885465736047820e+01 -1.077419397786368549e+01 1.046546267925274698e+01 1.608669888798461398e+04
-5.898902370148744012e+01 -6.778375814458436288e+00 -1.459584919050958440e+01 6.377491597390410760e+01 5.258848721885187594e+00 -1.393426065061095009e+01 -2.147868664793232085e+01 1.794154409017284024e+01 1.743584984085250156e+01 -4.146536869080905063e+01 -1.699356219184608463e+01 -3.404997401086740094e+00 -6.613887855505878655e+00 1.117848644739807241e+04
-6.655731412010121062e+01 5.201530070996039257e+00 -1.778224396773591920e+01 5.679413087294317819e+01 2.556527890452879248e+01 -2.155807933367924178e+01 -1.911762784868583864e+01 2.395318522743902534e+01 1.251502378965109585e+01 -3.676240966690706102e+01 -7.689673222885043957e-01 -1.057847110749425745e+01 -2.711908013663481221e+00 1.168423691898922698e+04
-8.362634307156717739e+01 -1.184721888090681929e+01 -9.324774624584582838e+00 5.278640132214797376e+01 2.940431412174085324e+01 5.579622623165076511e+00 1.091034996563604809e+00 4.189554742091410766e+00 1.799754219264947253e+01 -2.551348931563825673e+01 -3.753630707570869252e+00 -1.961459114184209485e+00 -1.731709684287536533e+01 1.221423461141172629e+04
-9.741413070071365610e+01 -1.487527189262837268e+01 -7.861505033433954459e+00 7.883305000080914837e+00 2.259888172905121095e+01 -1.461584334149779529e+01 3.936543760145618354e+00 1.232191129498587401e+01 4.976224812756500526e+00 -1.865231995091552264e+01 1.900294134312068728e+00 1.382528755349563632e+01 -2.347783229603942701e+01 1.184502469588735403e+04
-8.130294741736966557e+01 -8.012488232955139011e+00 -2.616868111459885426e+01 1.956497497512705763e+01 -1.430589094034049324e+01 -9.693653684800603187e+00 -1.132629416891735019e+00 -2.390458964647734774e+01 6.936830961052509181e+00 -2.836672713219043374e+01 -1.605491141294615431e+01 -3.681819770515239121e+00 -1.702215579573221049e+01 1.002715563361862951e+04
-6.431115632522273984e+01 -1.194863724594829257e+01 -2.109751768944744654e+01 2.152272034413237378e+01 -1.957926933261434499e+01 9.075914797566060344e+00 -1.360515637500315833e+01 -5.562382036371255722e+00 1.686298954822112606e+01 -1.153752237428794558e+01 7.395414876040873331e+00 6.423033832804747156e+00 -1.947834428989013711e+00 6.386004317318828726e+03
-4.458049775384569102e+01 -9.063689515969915789e+00 -4.566364349713791171e+01 3.834076473452680034e+01 -3.328229004240171207e+01 6.639307761283965270e+00 -1.505064073733490027e+01 -9.132316442179124749e+00 1.230555783868671860e+01 -3.511308003552814228e+01 -8.604779229504826432e+00 -2.088510240523305583e+00 3.710592689278993106e-01 8.549362982601614931e+03
-4.226401948269048603e+01 -1.202043932852327757e+01 -4.742043751822972553e+01 4.294910170251592518e+01 -4.253520243323934835e+01 1.159210809162416211e+01 -2.678949792990071188e+01 -5.623573996374082284e+00 7.191955367099110707e-02 -3.679488286829391086e+01 -1.590219797961442616e+01 -6.049246413425512614e+00 -4.349829465811030360e+00 1.037924661267923693e+04
-4.166326293085706567e+01 -1.331686545526515175e+01 -2.663710205631434746e+01 4.084128528965185723e+01 -1.231007403649261001e+01 7.823622256563471211e+00 -7.173990287993341930e+00 -1.343731089787654653e+00 2.190672143252079707e+01 -2.183682255389462767e+01 -7.093715116057124348e+00 -1.218570640969392649e+01 -1.046769137656440307e+01 5.821866972338193591e+03
-4.286857824091020319e+01 -9.327963580381632980e+00 -2.586230795602256904e+01 4.867976942061027756e+01 -2.735682291492347318e+00 1.002009735349776953e+01 -2.286880119768602881e+01 -4.827993558515881745e+01 -6.076756393396389733e+00 -2.417956426636864720e+01 -1.160069795555046746e+01 -2.334168649202510792e+01 -2.455121439515228587e+01 9.828876331510593445e+03
-3.813866818740877562e+01 -6.224929737144959674e+00 -2.423355548634132006e+01 4.259597885447576004e+01 -1.012962611591030360e+01 1.993350293507448256e+01 -1.791379769446008652e+01 -4.205011731885856108e+01 -1.376770493940312790e+01 -2.196856842959419254e+01 -3.428178935965314977e+00 -1.580076752855831224e+01 -2.421159079941380554e+01 8.003846258791780201e+03
-3.657502692005228795e+01 4.249286583274423101e-01 -2.708538183646789932e+01 4.584051963113097372e+01 -2.778305507385352513e+01 2.493421587004179329e+01 -1.543097848313479048e+01 -3.753833392795155532e+01 -3.452074789339528049e+00 -3.250934118308214948e+01 -7.831907804332196577e+00 -5.786807820780537348e+00 -5.078125635473981880e+00 8.403126558259675221e+03
-3.671825672404740715e+01 -2.482256271838894079e+00 -1.952714974683828331e+01 3.515247471531091605e+01 -2.550645387004982823e+01 2.686871780967376111e+01 -1.197824760991300508e+01 -4.412959768319888099e+01 6.512028846402343696e+00 -2.742818328993867638e+01 -2.531775481996237076e+01 -1.286968066247605069e+00 -3.465147878957382854e+00 7.884169026177552951e+03
-3.940295476790625884e+01 -7.622697500347394017e-01 -1.549647073456207913e+01 3.617500798527225925e+01 -2.363469607429392738e+01 2.410533995385989670e+01 1.907017426357855872e+00 -3.823228175734005418e+01 5.271477698042524196e+00 -3.324107708449589893e+01 -2.000261249593202706e+01 8.517013067396563386e+00 2.483378889622886998e+00 7.318524936048007476e+03
-4.456203883121746401e+01 5.885503098040338443e+00 -1.595931955840715766e+01 4.744980794279940994e+01 -2.904493316590041374e+01 2.262974537047999135e+01 6.046592926229263476e+00 -2.698068286833122897e+01 9.364709436055102643e+00 -3.515604942056585003e+01 -2.303410085951456665e+01 5.149784518409546763e+00 5.018585926970456690e+00 8.552752539670986152e+03
-4.903825319666997018e+01 1.225844546310586658e+01 -2.139924977330615974e+01 5.004334693683552615e+01 -3.684470666817915685e+01 2.315047305222208252e+01 -4.724393043748200682e+00 -2.787845894455033502e+01 7.081815158627463802e+00 -3.849812202159299090e+01 -2.086813327682516217e+01 -1.203492192940994876e+01 -2.545350043975694199e+00 1.032934404429723145e+04
-4.768425494153589028e+01 3.894984149969466181e+00 -7.310982668171173593e+00 4.124343727902910217e+01 -2.960067698051257068e+01 1.029640852922939231e+01 8.826311789915568085e+00 -2.338800622201893731e+01 1.167200329692408722e+01 -3.034683674354697658e+01 -3.494849589325004047e+01 -9.546749606690797307e+00 -3.890300506138609116e+00 8.035387770765171808e+03
-4.633763279385482292e+01 4.192187706051319296e+00 -9.804648386485862233e+00 4.714938632160299647e+01 -3.407933569795878270e+01 2.989254489996117758e+00 1.874119681643976687e+00 -2.488257026287173801e+01 1.205276657939472607e+01 -3.035222035060531809e+01 -3.111272918890621852e+01 -9.935620849743809657e+00 -3.842578929638057250e+00 8.424948157186938261e+03
-4.349905227980219991e+01 4.497547390167693671e+00 -9.017589197082992669e+00 4.622051530144713638e+01 -4.153932044740839302e+01 -8.369690685614052938e+00 2.168164138869874247e+00 -1.917621534382612936e+01 1.504295310911616390e+01 -4.366028057464271939e+01 -3.938185688237277304e+01 -3.358490145454744003e+00 -4.344882179606263328e+00 1.001164211429269562e+04
-3.953420160747916867e+01 -4.008041836589948836e+00 -3.251348052890465024e+00 3.050636245836113147e+01 -3.941498343126489345e+01 -1.939458820976862086e+01 -6.119102556052075315e+00 -2.094952427974527964e+01 3.908547946870438050e+00 -4.413054249364057569e+01 -4.371381870654654023e+01 -5.043406334210953190e+00 -6.799305805773481204e+00 8.871589845696309567e+03
-4.157789962672264039e+01 7.540259743919515145e+00 -1.635078780687581101e+01 3.595855498057842681e+01 -4.344213718653975320e+01 -1.645727274939484275e+01 -1.764493007120978119e+00 -3.539928015388903759e+01 1.319776723806616303e+01 -3.706859974712207162e+01 -3.058375970179804426e+01 6.687197269668800459e+00 -1.485970436700266184e+01 9.509384699218191599e+03
-4.226269534842379016e+01 6.876139889632315594e+00 -1.434679151591306301e+01 3.177071313537457442e+01 -4.690221438124300590e+01 -2.775495207666442354e+01 -1.006136628099684671e+01 -3.329899629178361664e+01 3.337490873450780438e+00 -4.343277305209962691e+01 -3.619627775396020297e+01 3.311274114095329235e+00 -1.497525181938423167e+01 1.067177252882946959e+04
-4.523973685439599279e+01 1.928199863608730524e+01 -2.024462666311222492e+01 5.493446590122034934e+01 -5.387203147395705827e+01 -2.035960935203283739e+01 -1.083659872575942273e+01 -2.005121701802633538e+01 1.022096217644937965e+01 -3.265680032975582492e+01 -3.204251990699327024e+01 6.907252638481188534e+00 -3.129065983238711990e+00 1.193742130910300330e+04
-4.183709272307859095e+01 8.873203782040992138e+00 -3.833099451009967407e+00 4.427677922191495696e+01 -4.130590678079529710e+01 -2.614432557837424653e+01 -2.535126615653209736e+00 -2.719039306884639728e+01 1.627879821248138370e+01 -2.682104995665897462e+01 -3.398706617645895989e+01 1.085736066241840447e+01 -8.678774944536168379e-01 9.197774090874680041e+03
-4.063470114069025385e+01 2.801509736399122819e+00 -7.705769012516567429e+00 3.137258096308418587e+01 -4.446087614912963915e+01 -3.385107064307411662e+01 -1.372585816274354364e+01 -4.035082112632515816e+01 8.146093876920811327e-01 -2.717117340611283183e+01 -3.636623072083182961e+01 -1.792232496862751212e+00 -3.235609299460449950e+00 9.717017799880874009e+03
-4.272041350214023936e+01 1.527811393193561784e+01 -2.173746694137408753e+01 5.091794094211350341e+01 -5.632380879318938582e+01 -1.631117047503136774e+01 -2.473085698941673627e+00 -3.339317810233789885e+01 1.577993576456783664e+01 -3.092082309303238219e+01 -2.518729112308188434e+01 4.965152310920190715e+00 1.108216038982655505e+01 1.167022521378885176e+04
-3.938246126400527203e+01 4.661710823544382265e+00 -1.496726564577840612e+01 4.021200620493689115e+01 -5.471780194245100404e+01 -1.545768542481753727e+01 8.537416562619634774e+00 -3.006835297019546971e+01 3.981875826300636856e+00 -2.597983678162559329e+01 -3.376057315572265338e+01 3.554375296297647147e+00 5.774921270905462478e+00 9.500272360491246218e+03
-4.028063764811520997e+01 5.439281319979855311e+00 -1.928405744295278268e+01 4.348570707269242064e+01 -6.232775722822093201e+01 -3.948847004055873189e+00 1.008739239772462426e+01 -2.971956297191021434e+01 5.034194279089819979e+00 -2.981929667773025372e+01 -3.613778828617082439e+01 -1.653506771600753655e+00 9.325335365131184773e+00 1.111051703700636608e+04
-3.937396929141388568e+01 -2.885371845633535770e+00 -8.303378970279789328e+00 3.401466385555124816e+01 -4.294975072646960967e+01 -1.267750325306834647e+01 7.164095868207447815e+00 -2.339226718437919672e+01 7.583672739952158182e+00 -2.176641946670136463e+01 -3.703525623135488587e+01 -4.974021007331489441e-01 1.273938373934269741e+01 7.453939517467936639e+03
-4.020892196037975452e+01 -4.133661977233390239e+00 -9.214114978356468200e+00 2.789052816064238272e+01 -3.863132989658118532e+01 -2.510787272851636498e+00 6.174272419022319269e+00 -2.781612528251245209e+01 -2.795795616653758836e-02 -1.400614242839363399e+01 -2.856072184049716611e+01 -8.351518011521974927e+00 8.836724385189238973e+00 5.966891400795208938e+03
-4.132661653949800495e+01 -3.589840719869560992e+00 -8.134672282651674635e+00 3.489439246649827453e+01 -4.774401593185102399e+01 3.084863571254631065e+00 6.985230896570630676e+00 -2.709116436410974771e+01 3.492698338020089333e-01 -2.293564173222147318e+01 -1.927175623045683039e+01 -2.184752768279826007e+00 7.015079000135305165e+00 7.027850504913031727e+03
-4.317918861844712097e+01 2.585011561999965846e+00 -1.177111777546261706e+01 3.926276848919010831e+01 -5.485055672089031020e+01 1.781944050360164056e+01 1.120837690232361350e+00 -2.087742277487933862e+01 -4.458429703554886991e+00 -1.822848537742516228e+01 -1.744069764119431198e+01 6.847886335602270336e+00 1.072035662784196042e+01 8.132640711226106760e+03
-4.620372492566150413e+01 9.898106831756910751e+00 -2.066709314476016601e+01 4.456714485734791964e+01 -5.497017471087431062e+01 2.064136262335700778e+01 2.979520161543196988e+00 -2.467025143507021312e+01 -7.669917488584870213e+00 -2.572191261315535371e+01 -2.431824131668099298e+01 1.864266386210461235e+01 2.063418805000842227e+01 1.079654057646004730e+04
-4.327444656366663622e+01 3.024296584127822207e+00 -1.587317369702926761e+01 3.182158152147300001e+01 -3.499252531664706822e+01 1.388322071795980683e+01 9.930916394535277192e+00 -4.144996541381832600e+01 3.465495189532557418e+00 -1.738836305570624674e+01 -2.507584781954688324e+01 1.211783413582602620e+01 1.673421485697026867e+01 7.750376989303412302e+03
-4.407949200450359228e+01 7.284973207916932481e+00 -2.497577375883689754e+01 3.363730320301225163e+01 -2.898214852562490051e+01 1.548814732797007210e+01 4.107605659076021709e+00 -4.003222451162876183e+01 -3.109821414756982705e+00 -3.134140955146363794e+01 -1.348635994535655946e+01 2.256799023366431811e+01 1.665707720704611461e+01 8.411238206801597698e+03
-4.449858839490443074e+01 1.014949040156440851e+01 -3.074076572437704158e+01 4.099894063716735104e+01 -3.077011669007612582e+01 1.172491260054609263e+01 -4.952777417583939190e+00 -3.396615230051103396e+01 6.192750283104444087e+00 -2.601074675754778553e+01 -1.771298146512367921e+01 9.793304137964328859e+00 1.544161443575923442e+01 8.334558575761870088e+03
-4.285034132251422534e+01 2.961046962473851796e+00 -1.885217393007094699e+01 3.567745321639467448e+01 -2.075590941024045577e+01 -1.067082742975875437e-01 -5.518126613294496607e+00 -3.319431686408655224e+01 9.260534280318429623e+00 -1.116308753457689384e+01 -1.474363799602338787e+01 1.483621764601119963e+01 1.094504830410715357e+01 5.803990552201681567e+03
-4.345045346571309608e+01 5.723180595947990668e+00 -2.139116079339766685e+01 3.355456423102860697e+01 -1.935584063772133234e+01 -2.610042486557813124e+00 -4.550301827654695153e+00 -2.142904613518073376e+01 1.639362156925445646e+01 -1.575744944969325267e+01 -7.159838889064996437e+00 1.748019610695584092e+01 -1.422459617998785009e-01 5.239446220978329620e+03
-4.670678867005090495e+01 7.980855400494440310e+00 -2.561045629167604432e+01 3.275852654440905098e+01 -1.063830882290348612e+01 -8.073744439743656409e-01 1.655628398175919225e+00 -1.695474454229133343e+01 1.896138761245647331e+01 -1.996794607267969823e+01 -4.262871558439135455e+00 2.456499785452054496e+01 -4.292221337467222675e+00 5.776552077689870202e+03
-5.240832558451340617e+01 9.998621062378786561e+00 -2.416433841569107344e+01 3.584138716583348128e+01 -1.126322701642596691e+01 1.846872254668125635e+01 1.831915640028448777e+01 -1.686147558020092418e+01 1.383481395741486253e+01 -2.161959050752473743e+01 8.738966778593487694e-02 1.996435578787838949e+01 -1.383314398979971394e+01 7.051727926621156257e+03
-5.703504250847213086e+01 1.420303487894454086e+01 -1.482722203902801361e+01 3.381877325093317666e+01 -1.391419669718126073e+01 1.515793621825803861e+01 2.175171019745913625e+01 -1.647700301843688564e+01 8.718495584295084200e+00 -1.301507480072936218e+01 -1.331048589730759346e+01 4.437553129616683023e+00 -7.612153247349824348e+00 6.486484763400551856e+03
-5.985883725114174325e+01 1.564752141713987221e+01 -1.758831094455510780e+01 4.414592360780960689e+01 -1.969234038534508358e+01 3.078536931695338907e+01 3.057235181201546226e+01 -2.339771342051604464e+01 6.207100173217379613e+00 -1.892064219498639943e+01 -2.651371582770297408e+01 4.031599377263400008e+00 -7.074141313159658218e+00 1.006957868856773894e+04
-5.736522897703995483e+01 1.574739281187407514e+01 -1.430743167997234622e+01 3.380832367868899979e+01 -2.146776203566816932e+01 2.322542348455791839e+01 2.692944155555344565e+01 -2.783067423423663556e+01 1.162935864325528890e+01 -1.928192534316142570e+01 -3.398337833128086061e+01 7.171871878795270661e+00 -3.072772659980457455e+00 9.109263889148522139e+03
-5.812820254114075880e+01 1.335570080674336602e+01 -1.618721839450679312e+01 3.461812302262156038e+01 -1.133095109585004856e+01 2.999783984251959268e+01 3.134328393250299172e+01 -3.075674127333915564e+01 1.153607098057008784e+01 -1.421187817834091405e+01 -3.551886004351886328e+01 -5.305594351350179316e+00 -2.061343795744563501e-01 9.599182241665930633e+03
-5.771314296184478110e+01 1.188402658194469019e+01 -1.397812140442163553e+01 3.759304502099098499e+01 -1.240822757594646575e+01 2.903879110000380592e+01 1.768731922242525556e+01 -3.397690259116082245e+01 1.601938157122850015e+01 -1.271712689800528118e+01 -3.072793036769727593e+01 -2.655823352916170332e+00 4.583658536411211237e+00 8.935763471779997417e+03
-5.826470404124527391e+01 1.027833338757272585e+01 -1.529383488765101795e+01 3.316172303250257158e+01 -1.322847838881469684e+01 3.199559826352720293e+01 9.798374815609736999e+00 -3.200947224824948023e+01 1.994401172644257514e+01 -2.502514247385511226e+01 -4.191495263369723290e+01 -6.656799723352079923e+00 -1.636020138853936956e+01 1.024620033155482633e+04
-5.909150616318719074e+01 1.053258056518676611e+01 -1.428548244734856887e+01 3.555208459795239406e+01 -5.201752826555525289e+00 4.125526105030160551e+01 1.791396276251018449e+01 -3.526092745169162157e+01 1.217391512875850168e+01 -4.232687037251444195e+01 -5.113668259912119396e+01 2.448726480177588094e+00 -7.891485302677583746e+00 1.298706521941099891e+04
-5.933468255951163428e+01 1.262966575013320991e+01 -8.286153759099139648e+00 3.465238740780322502e+01 -2.210422064590286695e+01 4.333554623220810242e+01 1.385077830750338279e+01 -3.493314288990742966e+01 2.085700519355270544e+01 -5.601961410532042152e+01 -5.292047757354804816e+01 9.085515229263332770e+00 -1.012291791422170562e+01 1.528710480891946281e+04
-5.439387798582695410e+01 1.351159649975144816e+01 -7.406261316518039095e+00 2.933265012108668301e+01 -3.572762375546351166e+01 3.253535590967196356e+01 -9.939252896637759349e+00 -2.714882396834131839e+01 1.545003169003553012e+01 -4.837810546212064367e+01 -3.918182541848584322e+01 -5.168460216067938262e-01 -1.909214548526736621e+01 1.170651130600459510e+04
-5.149678862400566715e+01 1.628816621117674757e+01 -3.027935203198717229e+00 4.115103686928630111e+01 -3.853077124087538863e+01 3.377714405294794631e+01 -1.065905303932620107e+01 -1.354965041069885778e+01 1.703222613776559768e+01 -3.600185153921005110e+01 -1.187319865682417408e+01 1.442855470200456480e+01 -1.648473309995884861e+01 9.749656558827491608e+03
-4.839880950792155545e+01 1.283843250135186942e+01 1.461373389041705495e-01 3.741207956088836539e+01 -3.684568082925567722e+01 4.616434825536503972e+00 -3.816921140990072292e+00 -9.363492167289720669e+00 2.483040499773509779e+01 -3.875684085432578030e+01 -2.301677301510267881e+01 1.281189894086229764e+01 -2.501449423051159116e+01 8.826397944368158278e+03
-4.938852014153752634e+01 1.825186537738945702e+01 -5.201839292495773925e+00 4.658385474415608485e+01 -4.449340139825830676e+01 2.193531038390460708e+00 3.972600967225020430e+00 -3.815200794271831786e+00 2.530660724644772941e+01 -4.003293111488996914e+01 -1.914735194414000574e+01 1.547724690924033553e+01 -2.141046278766519251e+01 1.029191694744315282e+04
-5.036903162417207369e+01 1.863864601394164211e+01 6.853298194862224024e-01 4.196757322141142055e+01 -4.892380239787036089e+01 -6.593805446216541633e+00 1.787347322914548897e+00 1.771112698155622001e+00 3.334802674072854245e+01 -3.099784131084506456e+01 -6.990136194497909017e+00 1.740256709945947122e+01 -2.380339332723704260e+01 1.008080344600924582e+04
-5.026397437328829909e+01 1.058621624578754528e+01 3.232773940666744394e+00 2.529568334469820101e+01 -4.484321826757341256e+01 -6.699862380435455123e+00 6.819670305887671757e-01 1.006160820203952255e+00 3.212544662948810981e+01 -2.620693665946090789e+01 -1.245147553752187797e+01 1.442234194028029748e+01 -2.182115905606241668e+01 7.904191359435716549e+03
-4.990352625933234521e+01 3.778621838855038106e+00 5.717253345417254273e+00 2.274723222899693198e+01 -4.940183955554191897e+01 -1.104713432029730491e+01 -1.346052345229334257e+01 -2.025191217309810998e+00 4.628604478704266256e+01 -2.833019809668818212e+01 1.299782054360007155e+00 3.693555892950524822e+01 -2.369683933324638403e+01 1.067509470268634868e+04
-5.226703740446468771e+01 8.896817319305361238e+00 3.119663161260068041e+00 3.865088844685222114e+01 -5.183095736125593334e+01 -1.279652403571973629e+01 -1.835858315761309001e+01 -9.393096239275140036e+00 3.836922251834680964e+01 -5.026736443348577410e+01 -7.499126857522933953e+00 2.542321578459896969e+01 -2.851658830288693025e+01 1.310486481096303578e+04
-5.377513769724340875e+01 1.248877333640513498e+01 -4.019354585828380344e+00 3.820110739331942540e+01 -5.398396129097826446e+01 -8.364727245548511547e+00 -1.452278037906425467e+01 -8.859413594153400240e+00 3.342955781826154293e+01 -3.342210801310017132e+01 -5.638420261726532878e+00 7.578976247640654584e+00 -3.598095894804396266e+01 1.141528651969200291e+04
-5.222571225528388794e+01 1.054275496804571555e+00 1.619927351865446852e+01 3.578522061816924094e+01 -4.540662909644910883e+01 -2.114054715133372042e+01 -1.342304648838013748e+01 -2.013269298356182180e+00 3.113642557324825333e+01 -2.176914977002146756e+01 -4.044737854062462112e+00 6.139574125712522701e+00 -3.561578306534099880e+01 9.730462281973968857e+03
-5.760529461680098251e+01 5.964927166403643177e+00 3.954459124048378627e+00 4.945404109259678194e+01 -6.056674261632978329e+01 -2.084225948820694896e+01 -3.532257931177073829e+01 -1.729073881749703556e+00 2.992266104199976695e+01 -5.848704370063892810e+01 -1.034939833805178111e+01 4.556059726835014700e+00 -4.325585442449004603e+01 1.748373124165402623e+04
-5.701738232478460588e+01 -2.826124315302042111e-01 1.315675487078713246e+01 4.240082270877298498e+01 -5.347708239183346990e+01 -1.557729915073557159e+01 -1.988136017685543422e+01 -1.785856576624782832e+01 2.207632108647092650e+01 -2.613129317250787054e+01 -8.193135356378265399e+00 -7.845472934956181810e+00 -2.991154561974741810e+01 1.123222707523541430e+04
-5.694897898818681625e+01 -4.674460601989904873e+00 1.495733430349974924e+01 4.955074443260200923e+01 -7.171663044567587519e+01 -2.671966331542716233e+00 -1.832070584206455877e+01 2.327581149649905967e+01 3.807819578502790137e+01 -5.825664936320596610e+01 -8.629858038609331317e+00 1.678921403924480416e+00 -2.402768571758100435e+01 1.747027015999914147e+04
-5.141094747722087988e+01 -1.610874641581466449e+01 -1.613811502320912750e+00 2.862565595693168419e+01 -4.082926373250221275e+01 1.446023510770349851e+01 -4.787175523184544090e+00 -2.881199294139958678e+00 2.941955061191588783e+01 -3.214902986664913698e+01 -2.035253852204906622e+01 -1.108541201768600359e+01 -2.705893154438797410e+01 8.800323373085841013e+03
-5.764625608990553474e+01 -7.368439899447353447e+00 -1.170698264183146797e+01 3.836289516847820380e+01 -6.565590849311178090e+01 4.849997894613842675e+00 -1.767392580262281143e+01 2.338788132639706774e+01 2.147627566102526941e+01 -6.169339013405915750e+01 -2.930636694560166333e+01 -1.987425579935381492e+01 -3.397487259281957961e+01 1.685517731919470316e+04
-5.655147692365900269e+01 -7.228088247973357916e+00 -1.457709440201715090e+01 2.838797927707718571e+01 -5.958264853929211569e+01 9.307225622120265385e-01 -2.610766387880222084e+01 1.099039802779279107e+01 1.282735138734555491e+01 -4.232901943538717404e+01 -2.218961937573283549e+01 -1.139900350265959794e+01 -2.565598915026231097e+01 1.185887416221889907e+04
-5.941374592392709530e+01 5.254894758972661339e-02 -2.126738551052490322e+01 3.028013306108798375e+01 -6.157054347085470880e+01 9.528571495187353690e+00 -1.484070350370447500e+01 1.768995480998809100e+01 2.645144822454439293e+01 -4.961868867899206492e+01 -2.024551371114569065e+00 1.086573833445970649e+01 -4.617888936535935684e+00 1.261927194589082865e+04
