-7.614171409687725145e+01 2.192641075681817497e+01 -3.200774300165876696e+01 -2.969866616625308708e+01 1.905373313850743955e+01 -1.464331288204969361e+01 -1.570616045882479739e+01 -2.632363031717114410e+01 -1.106658944385596044e+01 -1.518574033258189004e+01 -2.268295855989627086e+01 1.054879138137183814e+00 1.869831051238103115e+01 1.092025515292152704e+04
-7.079196310142863524e+01 1.367840746011491149e+01 -5.099669490201428346e+01 -1.905247953994426879e+01 1.007582894368208315e+01 -1.998315806967661246e+01 -1.103662183434997068e+01 -2.407527017042828632e+01 -1.403008849694200322e+01 -1.254630608181190610e+01 -2.960829403323709741e+01 -2.270008346417770895e+01 7.487864974704421250e+00 1.116680149483087189e+04
-6.296864377423484171e+01 2.990766256884855312e-01 -5.230991237655290860e+01 -2.482837847316893942e+01 2.324305919386065344e+00 -1.012139278185709301e+01 1.977377321670603205e+00 -1.315563352093805927e-01 -1.886354174091469815e+01 -8.083253640995739175e+00 -1.726869254305924528e+01 -2.463040855175114174e+01 7.366281701617792166e+00 8.809986244153569714e+03
-6.084888222208916631e+01 1.814277064373710857e+01 -5.703966826045613203e+01 -8.404934332526298846e+00 6.957584403034676512e+00 -1.436602044213705121e+01 7.032949071691069420e+00 1.144388727182938936e+01 -2.069758542175467397e+01 7.029540824851821412e+00 -5.089178943341844175e+00 -1.331420225446773031e+01 2.353759771103979759e+01 9.026119439806545415e+03
-6.014847994321768709e+01 1.236361600704809227e+01 -6.250499356314875143e+01 -6.509189976371363429e+00 -4.201038943985395235e+00 -1.861806979736334355e+01 7.292359779300567446e+00 1.874613796399157550e+01 -6.488469537477993043e+00 1.309780126406330325e+01 -5.483326553787729374e+00 -1.360467959301359286e+01 1.876797138406409005e+01 9.269863427320060509e+03
-5.984501646199654346e+01 2.147071531430624347e+00 -6.629822513020205577e+01 -2.065876855922530453e+01 -1.653951003386848129e+01 -3.271587139736513450e+01 -2.774001128252859161e+00 7.169354556679938817e+00 -9.640961420665435710e+00 1.427877693192865216e+01 -1.745386867699245115e-01 -4.670701798416109440e+00 1.516674384908555240e+01 1.035996129157783071e+04
-5.997191124743162760e+01 1.287529033198085493e+01 -6.645907299678910363e+01 -1.101088761533208427e+01 -1.716899946203271554e+01 -2.275693217344463548e+01 7.351591345084592888e+00 3.906498567014337620e-01 -1.778348365722614233e+01 1.966222100733677536e+01 -7.064914492256641587e+00 7.212830808051474918e+00 1.439292989869903572e+01 1.017925187860785809e+04
-5.260074918535884336e+01 6.584868591880336908e+00 -4.551800817046250813e+01 -1.663815887954919859e+01 -1.148117991587261777e+01 -1.072304041068136371e+01 1.449614196559434554e+01 -1.010881739586669958e+01 1.163001607396493942e+00 1.727413973584780038e+01 -1.045294625999044058e+01 6.801597423902263628e+00 9.005714045660045741e+00 6.254421291735842715e+03
-4.829310630971934160e+01 2.259250191603289082e+01 -4.821335934813536994e+01 -1.467602209205170283e+01 -1.616544804184256634e+01 -1.497600662906325475e+01 5.814669351242850226e+00 -2.922267579663555637e+01 -2.544945315201662694e+01 3.985706129580069046e+01 -1.519198602697472822e+01 6.184467968674199234e+00 1.412345702765815147e+01 9.460712672058798489e+03
-4.218353386640236380e+01 2.826598087522593161e+01 -4.849874300216573886e+01 -7.327827371877838836e+00 -1.545646807982218718e+01 -2.454089569171509666e+01 1.483803965249319345e+00 -1.827477640883899568e+01 -3.655380068965199314e+01 4.433953293915463689e+01 -1.848237872292994766e+01 7.359456530211363479e+00 1.231697157892225647e+01 1.001121066360831173e+04
-3.788732407032352256e+01 1.829205762772588528e+01 -4.229744670674277529e+01 -1.092355612652791130e+01 -2.728152756290158720e+01 -2.942282584198629891e+01 -2.450038668683129828e+01 -1.301710372746154754e+01 -4.434286775366273048e+01 2.077674157276087996e+01 -2.175772703058735047e+01 3.500347800869809234e+00 9.841069959245359655e+00 9.038605826981360224e+03
-3.334159291476660769e+01 1.470797307003652854e+01 -1.347598645755077662e+01 -4.878698791866471929e+00 1.089006415727318489e+00 -1.118721997899895193e+01 -1.378334130147534076e+01 -1.126662815984381394e-01 -2.288193301883549680e+01 1.308797217183986916e+01 -5.374397422410467584e+00 1.652221542491954409e+01 1.178872272300336022e+01 2.985442827675406079e+03
-3.487529785736696653e+01 7.721360062888305009e+00 -1.725411780406527384e+01 -7.495556694600378655e+00 -1.649941141393192723e+01 -1.160046395482168613e+01 -4.000966186490111198e+01 -4.473923252472081558e+00 -2.313380292967945451e+01 5.872155492800397170e+00 -1.476379613770177235e+00 1.227444815344238194e+01 4.447549621957727517e+00 4.399661646001548434e+03
-3.890296407672055068e+01 1.617716496538249160e+01 -1.913066063484154355e+01 3.514542110714529599e+00 -1.823404147817603516e+01 -8.437253268803197592e-01 -4.931095118328285309e+01 9.520935230197077104e+00 -4.061442237208501638e+01 2.058272095757093822e+01 -1.291414118664742183e+01 1.032862585090278529e+01 1.478848459966772388e+01 7.574220256104606960e+03
-4.563078697510412240e+01 1.843341704699112071e+01 -1.906782800953004298e+01 1.402440163593436095e-01 -1.408701729625739318e+01 8.162006713340707265e+00 -6.491736453184667255e+01 1.054229639255888884e+01 -4.291602693688000869e+01 2.087385386720360714e+01 -2.700867211163782855e+01 1.011899936366530639e+01 1.022455211626788874e+01 1.058993508491415741e+04
-5.454277645596444302e+01 1.079019981525065397e+01 -2.060612849416382275e+01 -1.422144249102443858e+01 -1.240363730497890593e+01 -2.609972986799305783e+00 -3.405028797829110943e+01 4.204879452265902096e+00 -2.361937059488939283e+01 1.536087038461766952e+01 -2.030335738205162954e+01 -5.404263919581881126e+00 -5.391578447658389450e+00 6.320302647544589490e+03
-5.486675127369346683e+01 2.329047155257779522e+01 -1.710939046207963088e+01 -1.108501292792831094e+01 -9.578375493652092620e-01 2.081403773320181561e+00 -2.577158855581667396e+01 -7.168767512557681520e+00 -2.060495126304774161e+01 9.502928851993374115e-01 -1.176757187544606609e+01 6.247523847260607610e+00 6.173005424509423023e+00 5.330311284002122193e+03
-4.909888643678436893e+01 2.377204256834065177e+01 -2.225468243597904561e+01 -1.958198352422244071e+01 2.559286138889010909e-01 7.913205732080116128e+00 -5.420299747139715407e+01 -1.769298970848393537e+01 -1.899645652941237373e+01 -2.374522410960365448e+01 -2.259390217669925605e+01 8.926475937715641074e-01 1.530614814746601304e+01 8.838487205493132933e+03
-4.670162117099265942e+01 2.914937370413557716e+01 -2.512206984015121947e+01 -8.387504345012180451e+00 -1.577826507193814010e+01 2.967822342754914899e+01 -6.934315269378134872e+01 -1.588314624055444879e+00 -3.875166585226469351e+01 -2.675208405407231282e+01 -2.116887638279363770e+01 7.140682222902671406e+00 1.116797571880306350e+01 1.251414215202320702e+04
-4.268664104007344662e+01 2.710803431861871715e+01 -1.109111033977545624e+01 -1.140957734972527859e+01 -3.318972461816545039e+00 1.584112758328797277e+01 -3.941021551390678468e+01 -6.919618298391972289e+00 -1.599970555614386747e+01 -3.546859675255433331e+01 -3.861037421078767462e+00 1.258294112491140870e+00 1.262977344992470208e+01 6.363203162247786167e+03
-4.674801970653624750e+01 3.276050212884032220e+01 -1.743778793794594506e+01 -3.460887234179038874e+00 -2.792855434071660703e+00 2.441328962313995277e+01 -5.624014902120536163e+01 1.863283883895960713e+01 -2.317434472047744265e+01 -4.386719617388895642e+01 5.775559700216370551e-01 -5.959227175599862036e+00 7.632215223581332531e+00 1.024410565368785319e+04
-4.841149051708765683e+01 3.267954110351847419e+01 -2.029452326402691398e+01 -3.021636874257645378e+00 -8.791570177133891661e+00 8.811428000212128353e+00 -6.611782475564933748e+01 1.537723944251475849e+01 -4.454521718581059986e+01 -2.663124400472894493e+01 -7.469884541210650930e+00 -1.425966452513465832e+01 3.481810428169984206e+00 1.156034174026676919e+04
-4.847508829320432255e+01 2.751191701707714188e+01 -1.089889822192853863e+01 -6.798935321880361649e+00 4.778522359887109161e+00 -1.871721988947934889e+01 -5.139270221067015854e+01 -3.519286266522066331e+00 -1.944288894383069177e+01 -3.094260815491658789e+01 -7.382797003524913748e+00 -1.090688158960233167e+01 -1.247167675119371211e+01 7.962994488128950252e+03
-5.016436702000269321e+01 3.172002710463548070e+01 -4.615334570292029426e+00 5.043645707458075389e-01 1.474491150374245585e+01 -1.608881008359202625e+01 -3.672330956903484633e+01 9.377933142861843763e+00 -7.081431593535373992e+00 -3.398198643669954322e+01 -3.385987561147305147e+00 4.972336163025513400e+00 -1.404133163682238283e+01 6.895258964162099801e+03
-5.266841824221292256e+01 2.836420123986338737e+01 -9.899130039725848818e+00 2.130329292900263294e+00 9.142115908993345030e+00 -1.602713622871788246e+01 -2.987780577105341706e+01 9.940274437496814386e+00 -1.761155199992516174e+01 -3.658135615099880056e+01 -7.761494759821498057e+00 -8.671604171444677434e+00 -1.881026940176196405e+01 7.150587119596722914e+03
-5.957417470387634495e+01 2.683282706614586033e+01 -1.349746165534888576e+01 -3.616640239400434886e+00 -6.335650985817759206e+00 -1.737234582582302522e+01 -1.850286238126288652e+01 1.549654815218827153e+01 -3.191184777100935932e+01 -4.047331799052467716e+01 -3.457307886442430256e+00 3.746803377746770636e+00 -6.524030323766067063e+00 8.113792233968436449e+03
-6.550046886414583014e+01 3.096992908043792880e+01 -5.459509953243027347e+00 -1.177578998430375634e+01 -5.900195949974206266e-01 -2.756291977427978157e+00 -1.813458032614352788e+01 -7.268950050764014570e+00 -2.351854396310225681e+01 -2.282064444750871246e+01 -1.137954510304620470e+01 2.288133718072690392e+00 3.239675850112846422e+00 7.026698139809281201e+03
-6.790738056506734210e+01 3.030333264317854614e+01 -9.407579180952195586e+00 -1.824337136047468988e+01 -3.467900688330214809e+00 -7.247378613403146375e+00 -2.208113968134076899e+01 -2.247127242413951365e+01 -2.011227455511062701e+01 -3.295299666873518163e+01 -1.083680133562435621e+01 4.703783867932889606e+00 -3.319445489004982264e+00 8.649097236519311991e+03
-6.744561945142328341e+01 2.750129378977604588e+01 -8.310383690786592226e+00 -1.772892847023122798e+01 -4.539906687525567364e+00 -1.394268678930096250e+01 -2.276336029465373656e+01 -1.734272694339422571e+01 -1.614415698889168027e+01 -3.674351980997839462e+01 -1.573471071943746580e+01 1.379326689318877897e+01 -3.169730105666071385e+00 8.781162717323924880e+03
-6.867866205601123397e+01 2.476240252072663495e+01 -5.514326038982339639e+00 -1.028668602746444805e+01 -3.488642026783333794e+00 -1.513423803450720051e+01 -1.467496373375200491e+01 -1.091247345199427343e+01 -1.323054541416742147e+01 -2.932355082968877369e+01 -7.120785632158725065e+00 1.516526831544944187e+01 -3.441322130678378777e+00 7.369262937321213940e+03
-6.720766494753306119e+01 1.229550011198999648e+01 -5.767823715532847118e+00 -1.371380664708950370e+01 -2.259725187102977273e+01 -1.652113629783490412e+00 -5.019880362106982830e+01 -7.996991286530575671e+00 -4.741000473477804888e+01 -1.232666196812789750e+01 -1.147788947186229436e+01 -6.705270842106693108e-01 -8.211789577251318306e+00 1.058590304565125189e+04
-4.585311971229753425e+01 -1.395526675863432509e+01 -3.285594030261695764e+01 5.624750035000525727e+00 -1.925262053408529894e+01 1.884222662947025739e+01 -6.154219873356599635e+01 1.055870262290693340e+01 -4.983593466451835496e+01 1.726347053103330964e+01 -1.336894900414683507e-01 -2.036531633271435382e+00 -9.761977822434912966e+00 1.091413935524758563e+04
-4.553194306336396835e+01 -1.375499883949272650e+01 -3.557136104501943663e+01 1.627898204425022399e+01 -1.554587262780372292e+01 3.466685169354905582e+01 -6.022446262651335047e+01 2.090113460868031936e+01 -4.970123850401828491e+01 1.497560411807226544e+01 -8.981609809834258940e+00 -2.617509915726391689e+00 -1.388296451106495510e+01 1.227473210796197054e+04
-4.759777389158875849e+01 -2.241590885498600727e+01 -3.262945443870579965e+01 2.383728439739268268e+01 -3.001453817411774949e+01 -4.673122166058938376e+00 -5.387744451569982829e+01 9.010556620454897470e+00 -2.003696529948701155e+01 -1.155687351185975231e+01 -7.733639550239522542e+00 -6.657225906843233787e+00 5.788744282413414766e+00 8.980276905993749097e+03
-4.565142824543092814e+01 -2.651942723083368136e+01 -3.472284354127573636e+01 4.148806698815109684e+01 -1.993652664963136090e+01 3.541646492329659779e+00 -4.160479312795379059e+01 1.103808013745688044e+01 -2.168981475002261661e+01 -4.185128333543989498e+00 -9.180682876383613689e+00 -5.620870188636895026e-01 7.915955557594733349e+00 8.612301461915127220e+03
-4.289892277199431447e+01 -3.017997300943963879e+01 -2.745553546846432624e+01 3.396093865676431989e+01 -1.829528044012630872e+01 -6.557653521263778096e+00 -3.398485972746290429e+01 9.002947809212288988e+00 -2.157082933548019810e+01 1.151215117639742269e+00 -3.061918346084752773e+00 6.294882395866238767e+00 -1.270310422483436952e+00 6.789284545568033536e+03
-4.293770521919394412e+01 -3.135218143072848562e+01 -2.595559448897437704e+01 3.075774660743004318e+01 -1.473529778039342730e+01 -4.060477776173731179e+00 -3.111835260927166047e+01 2.112323463991291206e+01 -8.589583531703015140e+00 -3.181722284597839678e+00 -6.279419772594253324e+00 -2.694413981463388730e+00 -8.253318857972347544e+00 6.293209616313836705e+03
-4.747611242137375598e+01 -2.896864526299411935e+01 -3.485398376010682853e+01 4.418045164708451011e+01 -2.865457982999194186e+01 -1.648815605013784769e+00 -5.556164750923009876e+01 1.871678924118068821e+01 -3.885433223199233765e+01 -9.025038042977296726e+00 -1.608725343534867847e+01 1.519059379096209028e+01 -2.154663690057866177e+00 1.260640144558533575e+04
-4.823758510049292170e+01 -2.890555581379883776e+01 -2.225847735143598172e+01 3.900205474017432294e+01 -1.147224224718839380e+01 -3.208750983947016966e+00 -3.444126276552243127e+01 2.669435135367086431e+00 -3.230827160562594003e+01 -1.077166889966536623e+01 -7.235360287382007094e+00 1.336137154700653440e+01 -2.831404558857925080e-01 7.905040872722782296e+03
-4.972301392501253048e+01 -1.962049574111114225e+01 -2.054758924059164826e+01 4.427335840835953462e+01 -6.699790476830489894e+00 7.145523844888461262e+00 -2.867260433605269654e+01 7.164296335331069798e+00 -2.391466129092993853e+01 -4.829081750550566099e+00 -1.463175235231968907e+00 9.464048476987038327e+00 4.648439284878191025e+00 6.917614878455011421e+03
-4.339684353699927044e+01 3.774897764066780237e-01 -2.736882306320880787e+01 2.416673230919947102e+01 -7.379358547832586268e-01 -2.792949033320869745e+00 -2.016498922116746328e+01 9.229287899071053403e+00 -1.677102941489543397e+01 -1.412500229485827674e+01 1.081514573431654291e+01 -1.014854978673998076e+01 -7.942615976006957013e+00 4.480492318953871290e+03
-4.608952996408346081e+01 8.805816939476548200e+00 -3.023988298807742936e+01 4.213051963519696841e+01 1.964008788104634817e+01 -8.394466880290249122e+00 -4.994543020738603900e+01 -1.162115986836844250e+01 -3.478968434854962766e+01 -2.170149130808425753e+01 2.005178164075743652e+01 -2.195081841971286707e+01 -1.589497867002847720e+01 1.079485545886367072e+04
-4.718057751366649910e+01 8.340947566425430892e+00 -2.526887232665064076e+01 3.770471225428525486e+01 2.024973294792114231e+01 -7.099603137185745538e+00 -5.589774562498494959e+01 -2.959096344182912119e+01 -4.181431618360134905e+01 -2.918037347147986438e+01 9.228312374582802846e+00 -2.630827683629258473e+01 -2.317809783174190486e+01 1.273082130051974127e+04
-4.398700912857610490e+01 9.690123891653911414e+00 -1.699071286296856442e+01 1.751396110169198295e+01 1.587787362957213588e+01 -1.339895220278258492e+01 -2.724977934603218088e+01 -1.668245239779114542e+01 -2.336485891318531927e+01 -1.885977732769153192e+01 1.745135382450116124e+00 -1.973591048284757932e+01 -3.050707908599830986e+01 6.301513481050159498e+03
-4.642530768779472083e+01 1.990914379229738529e+01 -3.048091793112642378e+01 2.720708972949357829e+01 8.901446213766742943e+00 4.567120186382604530e+00 -4.979254782668165547e+01 -4.374341664519274531e+00 -4.187237142440807958e+01 -9.884228872269577693e+00 2.472712061073673695e+00 -1.969990796513382492e+01 -3.102462232106298856e+01 1.002724364352465454e+04
-4.329158130221502176e+01 1.214088966713043760e+01 -2.478413284020111718e+01 1.258506579547800719e+01 2.480533026934428520e+01 3.998223236754307575e+00 -2.422836712264201253e+01 -2.647380745539522451e+01 -4.176329792011842557e+01 -1.500762956793803049e+01 4.534338013042789606e-01 -1.860281853601521362e+01 -2.067192759819933201e+01 7.456366837444290468e+03
-4.370811495348007014e+01 1.857478328248162214e+01 -3.551502579811216265e+01 1.778584217057458972e+01 7.103881148304012072e+00 1.200720073098440999e+01 -2.296914390059810884e+01 -1.280786651710073087e+01 -4.711599676474990162e+01 5.916684884801724387e+00 -2.407854194803578540e+00 -7.057464616529904866e+00 -2.816879863950708085e+01 7.823347235536649350e+03
-4.466055150175469635e+01 1.526539110871555849e+01 -3.587842499102819716e+01 2.624226319271526364e+01 3.838566395938887599e+00 2.477515905093007120e+01 -2.773425600963384952e+01 -1.025440800382558670e+01 -5.957458056052217898e+01 1.575082490145152114e+01 -7.964102595360264658e+00 8.850929231309883072e-01 -3.024014503370521467e+01 1.048229554667711636e+04
-4.839399001433229586e+01 5.765360572775552583e+00 -3.190749137267378188e+01 1.834168232631089523e+01 -6.337603187650415748e+00 3.267148699062946093e+01 -4.370132278040165374e+01 -1.137399331838901873e+01 -6.772253351649227682e+01 3.436258211956501718e+00 -4.151782739400506017e+00 1.756081034567430699e+00 -2.766755930800800201e+01 1.226045195637351571e+04
-4.564793269192669101e+01 -1.117332059311222636e+01 -2.587459891250285082e+01 8.384419852364448644e+00 -6.111764237827975066e+00 3.291017308112449768e+01 -1.875948572729572561e+01 -9.405688319061445313e+00 -5.544198833255108383e+01 -8.192363116538789569e+00 -1.605997228796156406e+01 7.726752945015175733e+00 -6.521928852719069525e+00 8.010278509726336779e+03
-4.182659743457020340e+01 -1.528467596959676911e+01 -3.670777546074782549e+01 -6.586095326217643375e+00 -2.785779781306024816e+01 1.992457875946042023e+01 -2.488191150811360686e+01 1.500838681303009681e+00 -5.414993666709337816e+01 -2.103479427617594322e+00 -2.124355108428897410e+01 8.337611662571507765e+00 -1.156944718418838924e+01 8.759627383959048530e+03
-4.181565954326679702e+01 -1.885404655405058350e+01 -3.389230543150289776e+01 -3.350163515546296988e+00 -1.830990475455945798e+01 2.381993196150171244e+01 -1.812404248306162202e+01 1.618077732778313349e+00 -4.378032989211115478e+01 4.276519183548677994e+00 -9.924125267710524056e+00 1.314961517762358056e+01 3.163132685334448801e+00 6.714089231615801509e+03
-4.250306173071354010e+01 -1.856018250353516308e+01 -3.079699857320913736e+01 1.340940597873653495e+00 -2.486982585331308826e+01 2.934093159509080095e+01 -2.247022460711995961e+01 1.577376876530350280e+01 -3.842313850851320467e+01 2.015066727659374379e+01 -1.957751566318798453e+01 1.360140591248372743e+01 5.797461752340634433e+00 7.818640043296998556e+03
-4.044098118715176327e+01 -1.889461063065106927e+01 -2.608620405813331899e+01 -1.016867188933927135e+00 -2.208820046663772985e+01 2.598342554506551849e+01 -1.883760095116645061e+01 2.269116235404736770e+01 -3.021332150952660456e+01 1.164835931893561138e+01 -2.437259140576491134e+01 3.481812027155164024e+00 -4.684011851476667765e+00 6.383389658100077213e+03
-3.971027502792459529e+01 -1.592464339673271390e+01 -2.166659635019913210e+01 2.191988798439396202e+00 -2.313384716572223709e+01 3.198847569676530966e+01 -1.926425142097646415e+01 2.334051798430579794e+01 -4.018087042399882591e+01 9.185398912459069365e+00 -2.250523266460069038e+01 7.602538008432777161e+00 -6.966140145637020886e+00 7.090760138274615201e+03
-4.060681473579798251e+01 -2.189736354293540543e+01 -2.773630728760307917e+01 -8.430692591191636609e+00 -2.733065710632389411e+01 2.609165703869531328e+01 -2.895026263069366834e+01 1.573007096489240908e+01 -4.436707852112706973e+01 2.609937667884941526e+00 -2.829587883032449014e+01 1.431178052937407763e+01 -1.049266721181913375e+01 8.572908793522914493e+03
-3.928088490049159986e+01 -2.400912203421691160e+01 -3.136469825055004534e+01 -1.576383825071227740e+01 -3.420356466022232667e+01 2.141658338035973586e+01 -2.484207043780813606e+01 1.876744520629062052e+01 -3.600487162907857908e+01 8.909293838389642062e+00 -3.121239668424851033e+01 4.717350894535778494e+00 -4.244717141235209823e+00 8.339779122095673301e+03
-4.000327701868184249e+01 -2.258824153554958869e+01 -2.561246562247011482e+01 -1.234168156601723076e+01 -3.167599688435049643e+01 2.971714777432655552e+01 -1.481685223752945113e+01 2.761984184263111786e+01 -2.729727499917530409e+01 1.380472719043065233e+01 -3.190493205718261294e+01 -4.237749480733512542e+00 -6.266383987552107904e+00 7.798541244837353588e+03
-4.366347411875963758e+01 -2.258996615329203905e+01 -2.716258853677839724e+01 -6.762293722913487848e+00 -3.547905567951712413e+01 2.338810068358197825e+01 -2.431446674062616609e+01 2.567957710997344378e+01 -2.154658198116454670e+01 2.183499379978883681e+01 -1.920920679332652981e+01 5.716768178288624824e+00 4.119238840938481694e+00 7.616406336233118964e+03
-4.715765994693618524e+01 -1.020990393877542601e+01 -2.149672330576473911e+01 4.176462618535028426e+00 -3.454076043405486018e+01 2.952052547588668929e+01 -2.242521963001597740e+01 3.270436181967264133e+01 -2.259401963417255033e+01 2.388907473582623453e+01 -2.456902423263568380e+01 6.650697382217504838e+00 -3.914171656279077816e+00 8.188997378352039959e+03
-4.973385019485434810e+01 -7.257440184193838739e+00 -1.909116152078128792e+01 7.424798435685573406e-01 -2.302828382556188913e+01 2.135144392249138789e+01 -9.901745269771403457e+00 2.462210475300582857e+01 -1.530996513378873658e+01 2.562587120115336958e+01 -1.839951833789818991e+01 5.215528089520931943e+00 -1.084679652887421319e+01 5.956105943617354569e+03
-5.194824255343223740e+01 1.707249291849031536e+01 -3.697638237753776203e+00 1.361011150272567072e+01 -2.223511324972657022e+01 1.674125576278187477e+00 -3.626989949380025280e+01 5.730607769799108020e+00 -3.164055394326402748e+01 3.751524870035614523e+00 -3.517096687414704803e+01 2.843331926587760794e+00 -6.425433404830636519e+00 7.336112249305135265e+03
-5.700439109312719665e+01 2.707299288106778690e+01 -6.257885422453696833e+00 2.570356622426731796e+00 -1.913447162209255836e+01 -1.511010061883736988e+01 -4.075498785577635630e+01 -4.396152095503749635e+00 -3.400096338344276603e+01 -1.436715882753694551e+00 -3.133316528128944256e+01 6.567171944307016673e+00 -2.997162540001264830e+01 9.384276730442245025e+03
-6.313175634169863315e+01 2.826322646104924985e+01 -9.664078307024493997e-01 -4.669435908610624963e+00 -2.018362052504829407e+01 2.649184291602892038e+00 -2.232753806183874801e+01 9.926723525130475068e+00 -2.326096667653004246e+01 6.644721792729986198e+00 -1.101380836364348248e+01 -4.011257270935172592e+00 -9.660237759498645715e+00 6.634560966897446633e+03
-6.689841365479800572e+01 2.263511214778248970e+01 -1.711310528653170682e+00 -8.154126870147093697e+00 -1.085127868143707808e+01 1.809779636030548255e+00 -9.569046135376593654e+00 -3.216732216929744315e+00 -2.743175092872181153e+01 -1.852146440950131989e+01 -1.501493554569305289e+01 -6.430001244798036808e+00 -1.232544198852240669e+01 6.794359310210395961e+03
-6.881596531915866422e+01 2.417975374262450927e+01 4.800285547194057756e+00 -1.630847233555074993e+00 -6.511264361657814526e+00 9.187990288639694469e+00 -8.788281291408960527e+00 -2.780099046620564174e+00 -3.388981777333527390e+01 -1.382637039890872543e+01 -1.487442777038912389e+01 -4.123543002708386140e+00 -1.350461904648475198e+01 7.318093756892965757e+03
-7.196838738361931576e+01 1.533381024495395728e+01 -1.013197987816970569e+00 -1.135201504002315787e+01 -1.690494167230857414e+01 1.333506539194798890e+00 -2.356474079045779035e+01 -1.800242686037146100e+01 -4.960038365134573013e+01 -3.323719503515330587e+01 -3.208043408775438365e+01 -1.547354420051664547e+01 -2.090374119144572163e+01 1.198186941822564222e+04
-5.567309202286281078e+01 2.737517213175435504e+00 -1.665095312074137368e+01 -3.932739809304972134e+00 -5.965518975463727713e+01 -5.225976443322413623e+00 -3.042796360265537459e+01 1.975327595642294654e+01 -1.526582338095870028e+01 -3.808648333715829892e+01 -3.386740646612558692e+00 -1.400513976501031088e+01 -2.398946073002669976e+01 1.076854698723110596e+04
-5.698057932560316630e+01 2.772989608534202066e+00 -2.292084126537555733e+01 7.168105892573378712e-01 -7.047642603889919144e+01 6.966614139539631267e+00 -3.188380955644081283e+01 4.039303126305487268e+01 -1.674555908913784918e+01 -2.517507288514799413e+01 2.851297154914280263e+00 -8.084779020706795549e+00 -2.751574618302852571e+01 1.318879717888743835e+04
-6.240853799099098609e+01 1.017971681709828147e+01 -1.735300460900766595e+01 -8.052065781841470482e+00 -4.097531151110017333e+01 -2.584062042962366412e+00 -1.917731695638385503e+01 1.983194720618725171e+01 -2.575515182059416830e+01 -3.691691122293021721e+01 -2.304146873582856969e+00 -1.210007241507815223e+01 -2.437375912160115732e+01 9.583131085199382142e+03
-5.550306327754513802e+01 2.546854638633274348e+01 -1.099768526025141924e+01 3.526517517103664456e+00 5.504721998188680132e+00 -1.476806940605726126e+01 -1.879345084878871575e+01 3.189117132800612264e+00 -3.231063913789354558e+01 -4.825374077513188098e+01 -8.842521993278387171e+00 9.743285034192849636e+00 -1.367659131789073790e+01 8.206956245086525087e+03
-5.117511407165198278e+01 2.637076909372151690e+01 -1.260555932004083068e+01 -5.199077156344158013e+00 1.292637116637686745e+01 -1.608191739502735729e+01 -3.088968909826998654e+01 -1.762285230978348993e+00 -3.815334466133450775e+01 -4.437747703517558051e+01 -3.053953416857559944e+00 1.549228624273175114e+01 -1.598579209313779792e+01 8.813159262542400029e+03
-4.875933120317174030e+01 1.678459813381192234e+01 -1.711417231938544248e+01 -1.172789761682256682e+01 -3.245554706537457257e+00 -8.036305759487417433e+00 -5.240621609782092349e+01 -7.545130719562085808e+00 -6.606405297689738632e+01 -3.583266678555993678e+01 -2.306043696099490248e+01 1.389470499222480626e+01 -2.687628870076003551e+01 1.306371048814118512e+04
-4.481362175129543601e+01 1.107891968762177726e+01 -1.547235336087383573e+01 6.345076013978727225e+00 1.593419081801576542e+00 1.819466225502949541e+01 -3.548330775819205485e+01 -8.076928754833385682e+00 -5.052846876556273514e+01 -6.396158219664419775e+00 -5.583972754059250976e-01 2.993428143094762106e+01 -4.532236424428207400e+00 7.579494665652634467e+03
-3.757786991968556123e+01 -7.112538894877576290e+00 -1.718201031237458309e+01 1.546997225661743158e+01 -1.270867228789037817e+01 2.399490893403996949e+01 -2.707251350838011916e+01 -2.012659614542997133e+01 -3.974090725946664548e+01 -1.184472914422615197e+01 -9.777571761450992938e+00 9.899890117434688719e+00 -1.640117395877888740e+01 6.054737462782880357e+03
-3.736788256625343507e+01 -2.451240610565008637e+01 -3.772261850376722236e+01 2.097470700287349388e+01 -1.936355394680662911e+01 4.567643156923814729e+01 -5.577593523985513713e+01 -3.556555465666703331e+00 -5.321882167491062887e+01 4.299074519476550726e+00 -3.104740018763580878e+01 1.993773236743599497e+01 -2.080770292952835732e+01 1.409017839598199862e+04
-3.136459794130747269e+01 -2.451923210626537042e+01 -2.679021254128836560e+01 1.678878444459030916e+01 -4.078527605779550314e+00 3.543934491787403829e+01 -3.820069327184121022e+01 -9.810900728406188875e-01 -1.968205611739502103e+01 1.206132081877738749e+01 -1.667883359208452632e+01 2.644081978132184929e+00 -1.389263348750167815e+01 6.328385295673918336e+03
-3.454263090871707931e+01 -3.544584662164263733e+01 -4.000346069644945857e+01 2.775240974265674510e+01 -3.731005825994337499e+00 4.034308774647432472e+01 -5.127332935206993625e+01 -7.868610218248888621e+00 -4.748959522858326210e+01 1.048224689745287463e+01 -3.816267335499356506e+01 1.161694432655198117e+00 -1.221423227460058669e+01 1.312449476664998474e+04
-3.121539970147127718e+01 -3.393247984997458389e+01 -3.281282805721443196e+01 2.250118584653665721e+01 -2.411759854936722736e+00 2.332180701513050991e+01 -3.473132217548491241e+01 -2.526352550425972066e+00 -2.489529616630466435e+01 9.154435716462844042e+00 -2.290135982555340632e+01 3.281004525029068475e+00 -1.065798060336457986e+01 6.823579169808796905e+03
-3.455795729882114387e+01 -4.544997241337888738e+01 -4.319192550885291126e+01 1.776300894410844222e+01 1.012160099474822550e+00 1.450210061598812850e+01 -5.221685469787335876e+01 -1.875264636667056450e+01 -2.115759469750245714e+01 7.956738606110169698e+00 -2.335209076137818229e+01 -9.699639913815179426e+00 -3.706795538842530213e+00 9.894713364772107525e+03
-2.976159373577455369e+01 -2.650039349825188850e+01 -3.633261820878485793e+01 2.118750340001828292e+01 -3.398092351877828321e+00 2.998276237085501350e+01 -4.535288225089483660e+01 1.260397205857672676e+00 -7.732214704922701465e+00 2.904020651476110615e+01 -2.383381333954226733e+01 -4.129990752803532672e+00 -6.668599886889496897e-01 7.814651286915609489e+03
-3.057533673859290957e+01 -2.659300452641370782e+01 -4.117739124143397333e+01 1.826975572657017821e+01 -2.525999273372705467e+00 3.839406938941698400e+01 -3.866955554019010322e+01 4.803782400756102078e+00 -1.378954325353722510e+01 2.604844531855607315e+01 -2.370764118992298108e+01 2.449045010791097710e-01 -6.145275992671064280e+00 8.138846370502843456e+03
-2.988488949993165278e+01 -2.563061892947067477e+01 -2.978487998338414755e+01 1.132908233065945858e+01 -2.791493028259034226e+00 2.600241101278506051e+01 -3.358073218956999284e+01 -2.411599842755393297e+00 -9.516601920761294409e+00 2.213974021014136540e+01 -1.461347094752134623e+01 5.979220597173028118e+00 -4.035830768434024662e+00 5.229247979970084089e+03
-3.372189923645462528e+01 -2.365408330807065340e+01 -3.361276227217467039e+01 2.106971234287134820e+01 -5.615838589312224904e+00 3.705659000089999466e+01 -4.369417453116521699e+01 9.980795591261465205e+00 -2.130730307661764300e+01 1.989608776030373249e+01 -1.998008449556265731e+01 4.890030784683873755e+00 -4.527304553724531999e+00 7.977426521798002796e+03
-3.859626846662833088e+01 -2.345386590282208417e+01 -3.665010411700278325e+01 2.276358016470972601e+01 -8.569032732637388960e+00 3.682693426096754052e+01 -5.200662456004068446e+01 7.246512690852131122e+00 -2.615863625113366453e+01 1.331226806739457302e+01 -2.364159269024398569e+01 2.013473011166134086e+00 -3.338049770633802815e+00 9.523631118766881627e+03
-4.534336799192649892e+01 -2.394312512777280233e+01 -3.258905558057533369e+01 2.220989994413464430e+01 -6.891637609738349157e-02 2.142402891119764163e+01 -4.440256137293979322e+01 -1.204829798078174541e+01 -1.421967731137189084e+01 1.035005182119117428e+01 -1.467692289800638328e+01 -9.462528428613163900e-01 -1.292410216370771714e+01 7.453025838339360234e+03
-4.824609447571533138e+01 -2.534987118219425906e+00 -2.519009088410047070e+01 4.329484496617395450e+01 -1.110212323610271490e+01 2.806063297694209169e+01 -5.961238298167947391e+01 -1.409141170449819391e+01 -3.371356830708597130e+01 5.957019027698221336e+00 -3.232496706114031326e+01 1.112730550457058953e+01 -1.020784650643969904e+01 1.195096774052762157e+04
-4.700888495676422707e+01 1.567890738887958380e+00 -2.027559769777088405e+01 3.839743006934769198e+01 -2.385338115684153326e+00 7.527483877831438797e+00 -5.864566784604084404e+01 -3.125943213653813046e+01 -3.815093950508501308e+01 -8.801960092980630534e+00 -1.247283085198728969e+01 1.028389663678590438e+01 -1.200554672165736214e+01 1.051500722842717551e+04
-4.566985215538787202e+01 7.443318631811104424e+00 -2.004841475666451345e+01 3.882070412758325517e+01 -5.102283471065140574e+00 1.532234082351773452e+01 -5.013155980559160696e+01 -2.552315260085593351e+01 -2.897193817477667821e+01 -1.100541841305115653e+01 7.573095376500877940e-01 -1.749744048094331816e+00 -1.493441568940932918e+01 8.662700753528728455e+03
-4.756881955193500744e+01 4.899140162213534211e+00 -2.478832890752338614e+01 2.411454862753629413e+01 3.390699925030930206e+00 1.031878789615525527e+01 -5.269669507373381379e+01 -4.766548059076525590e+01 -3.485601191380858666e+01 -2.549056564964743998e+01 8.672560422926031132e-01 4.869819366688423301e+00 -9.841614011757886971e+00 1.063571595843913383e+04
-4.920343064517873444e+01 3.664396731193054979e+00 -2.692824369692691988e+01 1.360783110172078203e+01 -7.990468509161511967e+00 -1.954964177514859180e+00 -5.513822112439861201e+01 -6.093220580320540591e+01 -4.584053841121598083e+01 -3.070821228360516741e+01 -2.202110761656397386e+01 -6.740058401055945225e+00 -2.082575110368197002e+01 1.417375411171863561e+04
-5.103615605210544004e+01 1.171509141189412873e+01 -2.134129068697971832e+01 2.513306071804451491e+01 -1.504416450245547265e+00 1.660906936732322370e+00 -3.224552920797728461e+01 -4.271202880176001315e+01 -2.487326752284299047e+01 -1.505391401559984921e+01 -2.171305493881441251e+01 3.068018830697648358e+00 2.017393290877223855e+00 8.028406594043674886e+03
-5.286371258862289579e+01 1.279908487326939337e+01 -2.412020799078723954e+01 1.887676859151233799e+01 -5.376711264706605320e+00 -7.291815260593044634e+00 -2.813002678198433415e+01 -3.717254478169584786e+01 -9.286102757108901429e+00 -1.188129773844922710e+01 -2.267467525573217202e+01 -1.380154212992319174e+01 -1.288361132082163074e+01 7.249689438491226610e+03
-5.524969612375805639e+01 1.727667420423047062e+01 -2.766447375415438259e+01 2.075233082909457849e+01 -3.100219896613533699e+00 1.257955218968346056e+00 -2.080320075628825904e+01 -1.690405275626442361e+01 4.711258516642364391e+00 -4.287558034313029509e+00 -8.705612979103509730e+00 -4.473845330410458843e+00 -1.236985700396365040e+01 5.566104174683621750e+03
-5.736344724617390511e+01 1.721891212418493922e+01 -2.154345774820689385e+01 3.168516862757002528e+01 6.501124064546563552e+00 -5.278506348957205496e+00 -2.380550515306403270e+01 -2.557648252362747243e+01 -1.172040204323614176e+01 -2.449733765038241362e+00 -1.416186838028048989e+01 -1.313193922365438837e+01 -1.138219749870859276e+00 6.863783182231690262e+03
-5.771653436964384554e+01 2.023161313272161976e+01 -2.345498457501076928e+01 2.462478937242122612e+01 5.123339951770122802e+00 -2.920301260888384487e+00 -1.422376713642983503e+01 -1.959083943362187341e+01 -9.167932555365581493e+00 6.906523880411514771e-01 -2.152543763678460209e+01 -1.782868051896920036e+01 -4.204059142865923526e+00 6.401334791465710623e+03
-5.847446257380217105e+01 2.089057166181740399e+01 -2.856466697750062167e+01 1.315315759303354781e+01 -7.389272066728782562e+00 2.091456886735044041e+00 -1.412946737324414670e+01 -1.403262038443979876e+01 -1.767190981757977752e+01 -3.694073765513946617e-01 -1.483091485983027802e+01 -1.462322252662374389e+01 -4.352145108013176333e+00 6.065325026640202850e+03
-6.017511429346493657e+01 1.875424849504140923e+01 -3.031645282160243937e+01 1.104775800872125124e+01 -5.719736278229197168e+00 -5.550259947949347072e+00 -2.799403143988808296e+01 -9.078098629961072419e+00 -2.989097948243643899e+01 -1.405822477887504540e+01 -2.034991358587695132e+01 -2.535776973100234954e+01 -3.428283736132299975e+00 8.103497861535527591e+03
-6.219447830792693566e+01 1.693141968009744502e+01 -2.490383306468592650e+01 -2.856312719924656435e-02 2.810467353517881683e+00 -1.160250291779022191e+01 -2.797690285837281721e+01 -1.105847492464898885e+01 -6.319397623029501254e+00 -1.461658372478087564e+01 -1.704188255347962766e+01 -1.579037375048368297e+01 -3.439148418073710189e+00 6.627710295542780841e+03
-6.210004651837378731e+01 2.917065542281790158e+01 -3.485374387533351381e+01 -1.306831242159677231e+01 -1.395708865388660058e+01 -1.444940413088277609e+01 -2.220228604632698222e+01 -1.766421325917861296e+01 7.535194280098789221e+00 -1.989401674180331270e+01 -2.186817696294712476e+01 -8.716596529907663538e+00 -1.382100880300053802e+01 8.499226264278033341e+03
-6.182324884234095208e+01 3.025683556616865388e+01 -3.594464857227966093e+01 -1.200192072298394308e+01 -1.868284417838013312e+01 -2.169922812766426290e+01 -6.747768287270725085e-02 -1.288625437562301812e+01 1.501052612519906049e+01 -4.932288396403246011e+00 -2.108027293061637764e+01 -7.489395831468579345e+00 -3.738462045423039726e+00 7.923707749521998267e+03
