-7.058885815228819638e+01 -3.056517931406509092e+01 -2.656976492681366508e+01 3.839748484390705130e+01 -4.730492566830381662e+01 2.730155301748611762e+01 3.634886450051873830e+00 -1.436515941686606901e+01 1.910717571705261619e+01 -2.316985296337230693e+01 2.211616654257628767e+00 2.827769940904475643e+00 -9.827005505008559183e+00 1.231142114506228427e+04
-7.639235227941648532e+01 -2.897395581871904469e+01 -4.484596709350124399e+01 1.552633680559924834e+01 -4.678156542398250650e+01 -3.112709054137444031e+00 -5.421689081830652901e-01 -2.054668836560409062e+01 2.186415391401663655e+01 -1.870055360088592877e+01 -6.594132848637399569e+00 1.216491029371881416e-01 -1.971077096237507931e+01 1.280793748262852023e+04
-7.414468013772362553e+01 -2.196938845095990800e+01 -3.497659000092348691e+01 1.660189277233443050e+01 -3.678149394587884302e+01 4.414576570907085440e+00 5.888744287847090531e-02 -1.421498593954444090e+01 2.784959344963345629e+01 -1.322182857499617015e+01 -4.217108197225888588e+00 9.697496556724551908e+00 -6.298361354196560846e+00 1.015541979247409472e+04
-7.484177994529653688e+01 -1.363041160305706434e+01 -3.507652615903165128e+01 1.753337500330586352e+01 -3.372424694820223579e+01 1.202822149200120805e+01 -1.492044140964010168e+00 -2.274989499370735047e+01 2.038184763152422008e+01 -1.908722587127813242e+01 -4.981864635512361694e+00 5.282137350283470312e+00 -1.293664355290050771e+01 1.012646753565248036e+04
-7.786699289442995564e+01 -1.148879151785655139e+01 -3.860735746280627012e+01 8.574327128872386794e+00 -2.307677928860319838e+01 5.543382918861731845e+00 6.662405213078999022e-01 -2.284487282848351697e+01 2.513139942070491273e+01 -1.299294566933985529e+01 1.059936025531965953e+01 2.551518979209932070e+01 -6.905144726271813305e+00 1.045636322208673118e+04
-7.904338570922894291e+01 -1.118257933786912517e+01 -4.481514415612837610e+01 2.381804354981550631e+00 -1.855140727897550335e+01 -3.672401343429585019e+00 -4.060561798692585711e+00 -3.146870937761076092e+01 2.179679419436415344e+01 -2.696446274552596023e+01 -2.942639858194410429e+00 3.115369541159440203e+01 -8.482224524040072211e+00 1.200472860673281139e+04
-7.195880320062379099e+01 2.704032564524562421e+00 -4.779295643971731522e+01 1.113238408592909323e+01 5.340006694606643123e+00 -6.155112471551519526e+00 -3.391627914252285603e+00 -1.985556231229221069e+01 2.541822334794562366e+01 -2.253240364597042600e+01 -1.484808674729868905e+01 3.261689645932755610e+01 -1.006791948736168685e+01 1.060511129627221453e+04
-6.482750869316677722e+01 -5.370265803400361193e+00 -4.611392279432590158e+01 -8.928944941417604753e-01 7.040425946935594759e+00 6.312156228306863071e+00 -2.647873510661848684e+01 -2.167204298244857341e+01 3.271143116392785544e+00 -3.820926233605063516e+01 -1.462251662043670564e+01 2.296143959536094314e+01 -1.388202333730895610e+01 1.002335292596191903e+04
-4.474124732918347291e+01 1.131064044756084463e+01 -4.612374878133471867e+01 2.309122014474710838e+01 1.758449595988733805e+01 1.849171154544418627e+01 -3.862375499976129589e+01 -3.981547147730943692e+01 1.475166897092662133e+01 -4.974526386974875436e+01 -1.289659482210184116e+01 1.005608205194474181e+01 -1.953545040510383757e+01 1.185982234427716321e+04
-3.640428620475356070e+01 1.177712443288844391e+01 -5.050712226362217905e+01 1.994089719108045244e+01 1.938386265523487495e+01 1.984935978517158750e+00 -5.578260776758965989e+01 -4.468680138084204856e+01 9.271742680435595574e+00 -4.421645628742750489e+01 -1.137838206764720361e+01 1.115676949795727069e+01 -1.547364353403070503e+01 1.243530009067882384e+04
-2.957270207549058583e+01 6.986652267621429324e+00 -4.484253981820780410e+01 1.107356344486614930e+01 1.699833213967008660e+01 -5.799742906531076159e+00 -5.148484940962697465e+01 -4.179551563759734023e+01 6.287370924421507468e+00 -3.085356997617488162e+01 -1.772941785647802604e+01 1.165938505410911041e+01 -1.256380505397901892e+01 9.376566890346377477e+03
-2.435197626142996086e+01 -4.147611123172625369e+00 -3.547631901169524582e+01 1.479444939164060990e+01 2.664753970784011017e+01 -2.551483500999792042e+00 -4.274912850124739805e+01 -4.095665791676800183e+01 -5.672380359708801834e+00 -1.643952173144070628e+01 -1.315449877641414211e+01 2.513450060525063812e+00 -7.125315649614841762e-01 6.791503369352028130e+03
-2.485518314338755275e+01 2.934949303094676498e+00 -3.997017972420730558e+01 2.013744098827036311e+01 1.437539098358346124e+01 9.400492487258057750e+00 -2.724816829937578788e+01 -3.974553335019798084e+01 1.317993384824220238e+00 -6.850524046126602151e+00 -4.068919416455149651e+00 -1.082767384171741121e-01 8.451577059534036707e+00 5.383380845273200975e+03
-2.780792140310061811e+01 1.018118511144986549e+01 -5.651181856222915201e+01 3.135478970175094204e+01 -5.534270254219107343e+00 1.569850709107703146e+01 -4.225006735411346170e+01 -4.299041961832775627e+01 3.497177095068490615e+00 -8.794909490022599030e+00 -8.641722955227796987e+00 -9.008430986409296182e+00 8.881909293265765726e+00 9.288261337745891069e+03
-2.384152096114359765e+01 4.569864995446352718e-01 -4.111909047270377471e+01 1.607495090160806228e+01 1.561720718719626610e+01 3.941681355158795252e+00 -2.063777965782125179e+01 -4.423000096696159744e+01 -8.447987251034563272e-01 -8.869275420180454006e+00 -1.872888840444157665e+01 -3.712468141351616069e+00 -3.277217036653495286e-01 5.603494366615133004e+03
-2.608266052714363070e+01 5.107095799148355653e+00 -5.045808777638957565e+01 2.338315187593762801e+01 9.103928698525963981e+00 7.304132248115720039e+00 -2.062434467307669195e+01 -4.734412189827502715e+01 -5.577331228872966840e+00 -1.275991878204074226e+01 -9.280446108495334911e+00 -6.542213296277199497e+00 8.690306653263648595e-01 6.925843958582084269e+03
-2.838202504748637622e+01 5.575921290624972215e+00 -5.740918115920202780e+01 2.301810971357594937e+01 8.723288875221706817e+00 8.511694194694857885e+00 -3.513365583500307565e+01 -5.573577533455916466e+01 -1.780283761482763794e+01 -2.547027626085871077e+01 -1.102817152183461546e+00 -3.517850720153043120e+00 -4.271519747772602571e+00 1.014918619179358029e+04
-2.759133500422627350e+01 1.764556149682928066e+00 -4.513791818216220975e+01 1.077247362797032615e+01 2.000606711059574039e+01 6.112005991528515203e+00 -2.790701832417199313e+01 -4.777273087933591711e+01 -2.250625024729499657e+01 -2.330362186499389310e+01 -7.363478148542609958e+00 7.955070216940218764e+00 -8.188689800491204096e+00 7.650656782964649210e+03
-2.944573901886751344e+01 8.408872296633585819e+00 -3.926103721143569913e+01 3.298642258171541553e+00 4.982930117893471511e+00 -3.079692390461923779e+00 -1.695317786815837735e+01 -2.806431964240201182e+01 -1.263115677953617499e+01 -2.047720026304385499e+01 -5.858447391714141972e+00 1.032429389981835399e+01 -7.825878739514251059e+00 4.380419818552404649e+03
-4.216714489630992091e+01 4.469046428204236143e+00 -4.027103395018231424e+01 1.714662301309205361e+01 1.443671093346604906e+01 1.088089870217121735e+01 -1.406256027496990235e+01 -3.371364377945491242e+01 -2.013944441954379272e+00 -2.214434347643004841e+01 -1.506069766291146728e+01 2.007615632535248995e-01 -1.394711620538749486e+01 6.290796188335064471e+03
-4.019107930729950340e+01 3.742088698288845272e+00 -5.252197025389568807e+01 3.034152725142009999e+01 -8.414650310048848780e+00 1.408674454059926617e+01 -8.239209743952459419e+00 -2.253423110858193468e+01 2.923783917091954621e+00 -1.418043563294181730e+01 9.999216056013404241e+00 7.098020517702024357e+00 9.000204721075214520e-01 6.514220100452223051e+03
-3.390509268631855377e+01 -2.391170331939915350e+00 -2.714539285682508307e+01 1.027212257690586839e+01 -2.483732549778618015e+00 -2.206960655951095696e+00 8.627703037410126896e+00 -8.076707335584979219e+00 -2.577708652181925242e+00 -3.724949568123885779e+00 -1.214497773080427612e+00 1.452925274449575088e+00 -4.270901460182849441e+00 2.190718352169868467e+03
-3.491801464321351034e+01 2.106748692366578979e+01 -4.628657468840389555e+01 1.343823060850040996e+01 1.422690466271955323e+01 1.049319805862879029e+01 4.748635870845050455e-01 -1.763380758869567799e+01 -1.409555302344554129e+01 -3.811283509197367181e+01 -2.581952358102853395e+00 1.448743919191801766e+01 -1.320649571344305606e+01 6.652065192589104299e+03
-3.815986631992718969e+01 2.922628500579822131e+01 -6.269272399175573440e+01 5.920582121254492236e+00 -1.048400859237518246e+00 3.617986979261903713e+00 -2.797646082600603279e+01 -3.669642133233235626e+01 -3.195809858885520782e+01 -5.368034976805689951e+01 -5.898911296473817067e+00 2.815316242317300155e+00 -1.034065462671781788e+01 1.247183305482160540e+04
-3.701798732407644366e+01 1.989828836316761951e+01 -3.663194431724699740e+01 -1.197285154116180017e+01 1.608587455167748814e+01 4.648607124605674379e+00 -1.698400751833915123e+01 -2.356103328351662540e+01 -1.919777753104699514e+01 -3.262576049754894569e+01 -1.082918435965911819e+01 1.808743838614645938e+01 -2.947395699846533379e+00 6.261574205713662195e+03
-4.846405994884942459e+01 2.785258812132981632e+01 -3.749052217547539811e+01 1.596846752571483918e+01 -6.893611746025415599e+00 1.865224065727833747e+01 -2.686294516780316144e+01 -2.687823674700418408e+01 -6.877661755535886101e+00 -4.029202567344037789e+01 -1.203918826150451338e+01 4.999846857555954038e+00 -1.943282333632666692e+01 8.842873087558691623e+03
-4.726802009286495121e+01 1.696637655695644398e+01 -1.793173520671544807e+01 1.216896346538350215e+01 4.718752763277831441e+00 1.820815457832896556e+01 -1.430203233560616383e+01 -3.176304696936438532e+01 1.400179471334055958e-01 -3.161009224729236777e+01 -8.851629589399214737e+00 2.367106724345283020e+00 -1.774679698315713594e+01 5.957118139515176154e+03
-5.159287362778351849e+01 3.424500923868922797e+01 -2.974553277797957307e+01 2.898863652290046744e+01 -2.733050808272805110e+00 3.871436180354844936e+01 -7.221906625423184067e+00 -3.360707638723498292e+01 -3.960216574169571846e+00 -4.667693184322681788e+01 -1.176141856316687750e+01 -1.418452540334106260e+01 -6.670564799167548742e+00 1.082599337370097237e+04
-4.697810714346108085e+01 2.548529481949066877e+01 -1.475247096731702356e+01 7.015806479090120007e+00 1.527680631226157537e+01 2.506370725504870123e+01 4.570746140662044349e-02 -3.467724512788250024e+01 -1.457838108531105625e+01 -3.021291481713689819e+01 -3.109979494120724652e+01 -1.913467217359463035e+01 -1.985057931755680727e+01 8.040111234947671619e+03
-4.849038938748307004e+01 2.710445592743140608e+01 -2.235141200723786525e+01 -2.333278209957669436e+00 9.100898544230133780e+00 1.538920604068052356e+01 -1.151101981891090098e+01 -4.739285618858855287e+01 -1.974758420124889824e+01 -3.062928807894562411e+01 -3.760328772257003749e+01 -2.881153784370239634e+01 -3.478394021527634550e+01 1.107139443922650207e+04
-4.858104412170415998e+01 2.975040174914150271e+01 -2.375596663235054606e+01 -1.294084864891447806e+00 1.222445842802019733e+01 2.406004061765559143e+01 -9.850441370667091689e+00 -4.774989601393047423e+01 -6.428937901420440859e+00 -3.087314131691150365e+01 -4.600247186256843435e+01 -2.675082310347757186e+01 -2.976130983876945280e+01 1.162868317619842674e+04
-4.534730435344485500e+01 2.453411076988738415e+01 -2.007265600949375894e+01 -1.688359088006701425e+00 1.790586836062912468e+01 2.460135464517762216e+01 -1.435092238188220826e+01 -4.381644485710246784e+01 -2.907517568500045613e+00 -2.261262406646914869e+01 -4.378109325648768646e+01 -1.913467380446885358e+01 -2.337652901184753418e+01 9.464905666891918372e+03
-4.557081865985828273e+01 3.049687027613081014e+01 -2.802441276676506021e+01 5.135372064819413218e+00 8.578748332845426816e+00 1.134178869883020369e+01 -2.569970125151511198e+01 -4.428996101680069586e+01 2.663978892832738143e+00 -2.747197698029786750e+01 -3.966340891038846905e+01 -1.544026628577705296e+01 -3.082674921512221289e+01 1.016648735155695431e+04
-4.202007211819186239e+01 3.362745551745599926e+01 -2.926800797492593631e+01 1.613328440729023328e+01 4.354717834768954354e+00 2.315680999003928164e+01 -2.921471779882326558e+01 -2.818886829167809793e+01 1.810604871009526917e+01 -3.348653078005309425e+01 -3.389309841024790870e+01 1.676949007953369986e-01 -2.679410051253406522e+01 9.532575637227129846e+03
-2.795058441330005650e+01 1.537477998683497127e+01 -2.764708063484027178e+01 -2.553747166917849309e+00 -1.115605116759625925e+00 -1.149566480140630098e+01 -1.169193657179865831e+01 -3.974051381416382256e+00 -1.020925652754701751e+01 -5.773448464640664923e+01 -3.333401002660611567e+01 5.196082264081715252e+00 -2.192240159034322033e+01 7.130637893163117951e+03
-3.014756849928501126e+01 2.377055842775495620e+01 -3.732787567858631661e+01 -2.010420754530734211e+00 -9.760436352385573500e+00 -2.260423098597100777e-01 -4.135253977685100502e+00 4.772891863611770980e+00 7.266948133242122410e+00 -6.395988639871494996e+01 -1.461549915646149778e+01 2.395216743270375304e+01 -3.384870434435715225e+01 9.083254993205402570e+03
-3.002770602968845282e+01 2.192635610074032826e+01 -3.652460194645608738e+01 -4.129634381989122360e+00 -5.909996279978813938e+00 9.455875572548503527e+00 -4.463576991275058914e-01 7.510907716638015152e+00 1.450247042461017699e+01 -4.711029057249970720e+01 -2.072776503000069770e+00 2.308965315083257508e+01 -3.244770002972576606e+01 6.934466106052392206e+03
-3.002679532930969231e+01 2.287306768329574069e+01 -5.212160115674517158e+01 6.014521716292936304e+00 -2.926843754077890480e+01 9.292700376833844089e+00 -1.311785164000371218e+01 1.667180955985397839e+00 1.328931864167214805e+01 -4.606085762452234889e+01 -1.889038383455045933e+00 1.492350595240664290e+01 -3.873421949671541853e+01 9.320302532984518621e+03
-2.689068902507728254e+01 1.599461244300141871e+01 -3.632071866414371186e+01 -7.986465596395713185e-01 -1.066842222213167268e+01 5.769716014834222584e+00 3.386940972267225458e+00 2.412652307495706694e+00 2.077866337594933199e+01 -3.005393565923769117e+01 1.905250828011201492e+00 2.281949968907559168e+01 -3.537736970106610102e+01 5.574076074004207840e+03
-2.772272620932285392e+01 2.088550946861517943e+01 -4.828538050677987314e+01 1.806435432550422604e+00 -2.846623549093884264e+01 1.981170395764162651e+00 -2.026475404901792032e+01 -1.235148552358947249e+01 9.325089997137196107e+00 -4.327935747383200038e+01 -1.245702973436040306e+00 7.718927023468760140e+00 -2.370546019723552078e+01 7.500108824623276632e+03
-2.966515700208343276e+01 1.895226245349708805e+01 -4.671116515187031837e+01 -3.726673696012427595e+00 -1.860974642127501255e+01 8.267513197824294835e+00 -1.428659350833809860e+01 -1.064348069990140289e+01 -3.581894459026284672e-01 -5.508890392450515350e+01 -6.460519016218506216e+00 -4.176393911632278133e+00 -3.611795246342349941e+01 8.565698408065043623e+03
-3.236073747865228967e+01 3.028968716134234995e+01 -4.958823559195445085e+01 1.645518238583806081e+01 -2.189282326272919121e+01 1.987548767244657455e+01 -2.337605651402316198e+01 -4.125429239735980858e+00 -1.077803980835662934e+01 -5.035053865525343042e+01 1.303146412078141658e+01 3.681298003598305613e+00 -1.470483616420825435e+01 9.183184623881565130e+03
-3.408635809023906660e+01 1.961493464166855105e+01 -3.506335443624727333e+01 -2.698067559046982922e+00 -1.263521046338315301e+01 1.552360187861209218e+00 -2.035291549541414824e+01 -3.211534429396572676e+01 -2.196286973457964464e+01 -5.612650045114517638e+01 -8.050979814298285575e+00 7.159767919964490801e+00 -2.573597463226472826e+01 8.802011378399367459e+03
-3.682364407249533400e+01 2.415356483996724890e+01 -2.191527625634841314e+01 3.409817487573246764e-01 -8.261999061347783169e+00 1.149929662595733859e+01 -1.445505312784156260e+01 -1.921073675036555528e+01 -3.857517167426832039e+00 -5.102912722602360418e+01 -9.992549616019930525e+00 2.031865005414895009e+01 -1.615769178240002191e+01 6.590888333736730601e+03
-4.068826527187087549e+01 2.200849864439510029e+01 -1.284495351343337255e+01 -3.617160676242740625e+00 8.365511228044598013e+00 2.793955159018758572e+00 -1.674678957301913229e+01 -1.315720273275803187e+01 -9.716655952582838651e+00 -3.667449996945065749e+01 -2.439599639757195249e+01 -1.266679140923537261e+01 -2.644535848858763671e+01 5.743742115160958747e+03
-4.495623143591807036e+01 3.054201706181964937e+01 -1.290449093454622798e+01 2.054259104502473399e+00 1.254149610344785160e+01 3.775907420648692892e+00 -1.740205963220071084e+01 -1.696638071298252015e+01 -7.728715604302895947e+00 -3.479909043968157789e+01 -1.959869736387376449e+01 -4.514771506626612307e+00 -1.529274058774634959e+01 5.795929528298367586e+03
-4.750509374580839506e+01 3.215146764080410691e+01 -9.764910733693767497e+00 -3.017079524823083947e+00 1.283387782267917743e+01 1.129875651376300638e+01 -1.425260272028917008e+01 -3.483090081578544783e+01 -2.008613575971828524e+01 -2.885263313823239528e+01 -2.464110514433550136e+01 -3.009437801095519838e+00 -2.444371040498637682e-01 6.955833525296025073e+03
-4.938435679540155832e+01 3.512829424697773106e+01 -1.290768703745010626e+01 -8.551697815986113227e+00 1.067262914035430654e+01 1.989477689748981248e+01 -3.106956321981531488e+01 -3.719411938920131888e+01 -5.642563928209642476e+00 -3.750279690152854073e+01 -2.108841553504181832e+01 8.368986571245368822e+00 3.823794955350178437e+00 8.738660026357238166e+03
-4.508135791635675815e+01 3.481600159275421191e+01 -2.389654715400861207e+01 -2.787245902756932292e+00 -3.949832772200660536e+00 1.094353269475047341e+01 -1.315300230872197318e+01 -1.907252228466838062e+01 -6.795355110893389394e+00 -3.032852525382660502e+01 -2.297070723692025140e+00 -7.144018469997867271e+00 1.362893242560620832e+00 5.519588473852432799e+03
-4.230815525546064748e+01 3.873657500479158955e+01 -4.149058773533219124e+01 6.805969799152505217e+00 -2.166820210736227992e+01 2.935472929971295741e+01 -5.790239348073765058e+00 -1.978591773220063743e+01 -6.781811905819701281e+00 -5.365855767961863165e+01 1.124533468110960932e+01 9.319601529695573205e+00 -6.907275590402060850e+00 1.000076963261771198e+04
-3.587411531753950555e+01 2.641942813008452973e+01 -3.277366813820225389e+01 -2.837295755033731215e+00 -6.402092563605332742e+00 2.048296955411707643e+01 -1.240836263934176786e+00 -2.566545676765799655e+01 -1.289033865030034676e+01 -4.122140793026846950e+01 -4.691948962901787645e+00 9.738704608418077058e+00 -1.547019265390598974e+01 6.409444995188137000e+03
-3.657337499290805027e+01 2.876083817523160846e+01 -4.041165362444554887e+01 9.087693904680405055e+00 -1.707198178319811177e+01 1.922559317007497270e+01 1.959602486318205161e-01 -4.345695019471968124e+01 4.590804732136607669e+00 -4.136627822903735563e+01 -4.766132151132224770e+00 1.431397427267859612e+01 -1.014255797928966274e+01 8.492828235608483737e+03
-3.629314270218014116e+01 2.579561289317777906e+01 -3.639674351175703748e+01 1.426272976965786654e+01 -2.812915654840630708e+01 1.531320170753922305e+01 2.700011501889435284e+00 -2.672640666085470684e+01 4.544241723389964571e-01 -3.819366854312771409e+01 -5.899526199726007114e+00 2.686314434028624731e+01 -6.543736654729830349e+00 7.516304960996119917e+03
-3.623383251881290334e+01 2.121080171171842110e+01 -2.785189333326388095e+01 1.333899243715179495e+01 -1.643712037599284059e+01 1.602003619213246566e+01 2.718292082060053794e+00 -1.990192296795446225e+01 3.576599672452268619e-02 -4.012985418384801051e+01 -5.788256256654181975e+00 2.831649796433158173e+01 -4.422987392730966860e+00 6.112038806215392469e+03
-3.957576630012131602e+01 2.067735688771427505e+01 -3.325836418277827988e+01 5.699404908223632660e+00 -2.989493881236717954e+01 9.687246606032681839e+00 -1.593377667014419252e+01 -3.876265872970947157e+01 -7.591640511295442373e+00 -5.829785513339923142e+01 -1.746217858250887645e+01 8.854416244367898869e+00 -5.106212376969950562e+00 9.742050126219361118e+03
-4.139296627207963297e+01 1.829536719272850576e+01 -1.187395445138370498e+01 1.059418465431855694e+01 -1.859800253130238801e+01 8.404909696481423609e+00 -1.379541480764397221e+01 -2.395266025478649041e+01 6.210317571478692678e+00 -3.817583134686714885e+01 -7.897087960939058071e+00 2.108608641802739214e+01 5.854382823350415599e+00 5.519120248774879656e+03
-4.604070744090350331e+01 1.802111035346248258e+01 -8.313039666564131736e+00 1.118969243250491274e+01 -2.410353041945381491e+01 1.644689874582502043e+01 -7.226135133924079135e+00 -1.897519844433272951e+01 1.235683319355530330e+00 -4.996253039432829723e+01 -1.582159296653331459e+01 3.223521722139623069e+00 -9.913160630916793892e+00 6.759344853930994759e+03
-4.565333200945618586e+01 1.641656443370098728e+01 1.874194545147281898e+00 2.243553089529558520e+01 -2.078915248045218434e+01 2.274133922217100690e+01 2.682480106792417551e-01 -1.800814142696055242e+01 -2.334888147661700053e+00 -5.415581348799424433e+01 -4.528261761540187891e+00 2.221314318132601073e+01 -8.274153354395949123e+00 7.655012783755996679e+03
-4.640543854807073387e+01 2.896315111228572192e+01 -1.518890649423667583e+01 3.995911214343716011e+01 -4.236613626265350518e+01 3.920378171777538512e+01 -1.924492247985101656e+01 -1.380527347614393108e+01 -1.688149642265535633e+01 -6.270420472336849826e+01 5.898546898816546147e+00 2.970081005089926407e+01 1.931572433868483429e+01 1.421937138416505513e+04
-3.574671393914354667e+01 1.818165559991471980e+01 -1.295280226661089884e+01 9.022200959783125640e+00 -9.742007724792724588e+00 1.872578791431633150e+01 -1.108642184499183792e+01 -3.375701001343817609e+01 -1.550254076863464014e+01 -4.845790027956234525e+01 4.562114758208613452e+00 2.866924145934070722e+01 -3.713050116284975832e+00 7.010603584286131991e+03
-3.498962445115579811e+01 1.935504704894512074e+01 -3.157330036605100432e+01 1.181857109032615050e+01 -1.123247413915374260e+01 2.389875691154393778e+01 -2.144499257397890446e+01 -4.597063497116099029e+01 -2.627668681216208668e+01 -5.634930761927013521e+01 7.423849482335996619e+00 2.918359927341680304e+01 -1.368208390694223020e+01 1.096565379419528654e+04
-3.020713965361229825e+01 2.045506702138835209e+01 -4.252100616333623151e+01 2.018571906920110948e+01 -2.190980767058842815e+01 3.100416694991452715e+01 -1.628354005599666365e+01 -2.989453344658186040e+01 -1.354573403153390920e+01 -3.951662429853703884e+01 5.868969176786637654e+00 1.106294181974082846e+01 -9.277561684559319843e+00 8.134472257670538056e+03
-2.931871446074251963e+01 1.150441096933916896e+01 -3.209854307795957595e+01 1.400085379208096903e+01 -1.153051514230233465e+01 2.378521795342690126e+01 -1.133091380380410484e+01 -4.439176057103122019e+01 -1.744753768662215876e+01 -2.072232772113317623e+01 1.553664437918670771e+01 1.841059371678158740e+01 -8.644488011644554604e+00 6.404882140842068111e+03
-3.420151052887500498e+01 1.039642135168556081e+01 -4.396776471446516865e+01 1.784455679482956469e+01 -1.968767761988972254e+01 1.174184536924897770e+01 -2.075388334048113848e+01 -6.466448780367039717e+01 -3.307301132399796728e+01 -3.994160880643285338e+01 1.395177583100032415e+01 1.540496167729692090e+01 -1.144625711854325267e+01 1.191925456715508153e+04
-4.010270980889362136e+01 1.761275189493865057e+01 -4.035259329589825938e+01 1.620972150452413274e+01 -3.025508697375154821e+00 1.800380334656134096e+01 -2.237742470719190280e+01 -4.079723714794849343e+01 -3.478173416076980828e+01 -4.005200456430538480e+01 1.377928583030947784e+01 3.071241500511067102e+01 -1.269772238235975692e+01 1.041626296152753639e+04
-4.464167510734286282e+01 1.375212462238392597e+01 -3.792393701226039582e+01 5.097092218630587013e+01 4.371338975640013835e+00 -6.594739641101128313e+00 1.215364319264040560e+01 -3.442469151729133614e+01 -2.981710307891162515e+01 -1.653170813653550653e+01 7.162268780253230993e+00 5.499109531625041569e+00 4.705931847101287424e+00 8.879670723541019470e+03
-4.791890356301505705e+01 1.521251377783666570e+01 -3.590840651829511643e+01 5.301914285157327100e+01 3.698771657374575916e+00 9.705604516936583437e+00 -5.249893695209959077e+00 -3.066075208293198884e+01 -3.195159307569925744e+01 -4.795170079504003269e+01 -5.367102365794692354e+00 1.804947604381337101e+01 3.138569955438324843e+00 1.138831773827408870e+04
-4.044984940813719732e+01 1.499460388602627425e+01 -2.805313558085033421e+01 2.922766681964874635e+01 -5.559479138945929044e+00 -1.431119034518533795e+01 8.235755407863029731e+00 2.180181038353647072e+00 -9.918565832669344218e+00 -4.488393054152414408e+01 -9.624883237771662436e+00 2.248070445124419336e+01 -1.056566147518821097e+01 6.633161041774986188e+03
-3.424883073234580877e+01 1.262233157963058616e+01 -3.665962397638118375e+01 2.580067064685252820e+00 -4.815661969459984704e+00 -2.247643745736654708e+01 -1.094298906470405619e+01 -1.847355891229994285e+01 -2.964829052757405137e+01 -4.996608252589052768e+01 -1.293320347764868572e+01 1.718448867755143539e+01 -2.167253480738040139e+01 7.980196369194225554e+03
-3.246482473302997107e+01 2.192259576944811528e+01 -4.971119769443281200e+01 1.102879372569979921e+01 -8.466739596597372852e+00 4.195842572095191514e+00 -1.528368378505749448e+01 -1.241245893433661784e+01 -1.528579702478509894e+01 -4.406307383542103651e+01 1.335848642240119233e+01 4.509383980771156075e+01 -1.003332881296532975e+01 9.092134720279418616e+03
-3.211957174848668473e+01 2.252798237095617040e+01 -6.316827832874564308e+01 1.510265727447451134e+01 -2.109202091544323565e+01 9.702812298762330201e+00 -2.196454853325715817e+01 -2.280413500174921637e+01 -5.063334287977253823e+00 -4.835215586158275158e+01 1.540532270239553903e+01 2.269163398547802757e+01 -1.729072606322250394e+01 1.071375815989457624e+04
-2.659052801423920442e+01 8.489407837494546527e+00 -4.003473264382626695e+01 -6.458687820637920574e+00 1.068068638340849530e+00 -3.970477284032663867e+00 -1.895576443031411884e+01 -2.269625925871848438e+01 -4.864595846975114490e+00 -2.614999920652408960e+01 1.029696278464559178e+01 3.557090791325471457e+01 -1.447357805644823792e+01 5.603255487063553119e+03
-3.436854325769805740e+01 2.587949681517964962e+01 -6.427551016350093960e+01 6.320066876349267559e+00 -1.558445095363414090e+01 -3.371327214340345435e+00 -2.970846584419073011e+01 -2.950810053901810193e+01 6.822697144792787549e-01 -3.337816019754367858e+01 1.153808910350038985e+01 2.650076769302607005e+01 -1.812380581757788178e+01 1.030824906804112652e+04
-3.650691287996490786e+01 2.480828132011332343e+01 -4.981308787863319765e+01 -4.061811424986598418e+00 3.979838721363308629e+00 -1.209706525267574584e+01 -2.000090784838418401e+01 -1.933378478576179305e+01 -3.488335540983130922e+00 -2.591994180880110932e+01 8.474114630433366990e-01 2.116039320862574158e+01 -9.583698228395626018e+00 6.606396685899510885e+03
-4.221210037498092049e+01 2.632764459662556078e+01 -3.645390739331959651e+01 -4.470884721058500100e-01 6.747954752145622237e+00 -5.785664010614093300e+00 -1.143339024690600247e+01 -1.810205153404146472e+01 3.772255470470013972e+00 -2.153046026936592483e+01 -1.415248141498371481e+01 1.483195434665741352e+01 -6.998762620670533785e+00 5.288561932984679515e+03
-4.949824180276274177e+01 1.422936140644792857e+01 -3.326994049921728447e+01 -1.248255749732911113e+01 -1.020322936703935568e+01 -2.355166225633858446e+01 -2.559099762447243620e+01 -2.571668574232923987e+01 -1.566272674737176551e+01 -2.240635235390515945e+01 -1.181118560199547396e+01 -4.879995196103381616e-01 -1.372216947690167643e+01 6.965693438613119724e+03
-5.921125272446443688e+01 2.947858384972733248e+01 -3.951848562230796347e+01 3.638291402202071811e+00 -6.517639717800581600e+00 -1.459651599182392800e+01 -7.560801783403582554e+00 -3.393469324765703732e+01 -1.081256032162387370e+01 -2.184063130983965095e+01 -3.050201289536871752e+00 7.367830565012022603e+00 -1.791676849156172935e+01 8.392698146247563272e+03
-6.121294988166640394e+01 2.225787167666291921e+01 -2.378869181717567116e+01 -1.448532682123968129e+00 9.876824680980627491e+00 5.274834251738701241e+00 -5.154331364282835892e+00 -1.290101764155267183e+01 -4.218876850202672557e+00 -1.858241190799913056e+01 -3.107760349249245380e+00 1.027202952536715230e+01 -4.437404935453577615e+00 5.626785401971858846e+03
-6.808584068153805902e+01 2.395344517575916754e+01 -2.937811462718511279e+01 3.121455973829800890e+00 8.136057775916741619e+00 8.398184944456087209e+00 1.436595159292550505e+01 -3.148320611856608764e+01 1.344379987460527914e+01 -1.591402490540254000e+01 -1.910710279195549699e+00 2.349789586658832263e+01 -1.187308958646016954e+01 8.547328246727578517e+03
-7.107893615054348402e+01 1.383324844890198335e+01 -2.510174301771502314e+01 -6.700685091479477995e-01 -4.666848681463808823e+00 -3.583822977133779286e+00 -8.977308979447441217e+00 -2.641606600244716319e+01 4.129413622947043727e+00 -1.655880058662656396e+01 1.542068239916685624e+00 1.807601971053091816e+01 -8.759465693979983314e+00 7.384238940594788801e+03
-7.351739966389152414e+01 3.859601579506278579e+00 -2.265219800155486851e+01 2.474183618112872907e+00 -1.324224703094365374e+01 3.415435487888525690e-01 -2.224963560000012208e+01 -2.853860183688988172e+01 -1.565418994169885503e+00 -3.689387614389840309e+01 2.929303266092271943e-02 8.709408532568007288e+00 -2.757855787562941430e+01 9.623960217249246853e+03
-6.624829423989177712e+01 -7.570238116064578193e+00 -3.014508238816598151e+01 2.817370800404930264e+01 -2.723773718974964453e+01 1.679725124511096013e+01 -3.334400925229075341e+01 -2.544181406047789196e+01 5.390007552301321780e+00 -5.741014106559233454e+01 -1.747697271407321618e-01 1.655143129853286377e+00 -1.563106829414080323e+01 1.250385645986897180e+04
-4.783472253974807842e+01 -4.214883449118870473e+00 -3.215238979759273263e+01 2.937127043770162516e+01 2.543566210696855379e+01 -1.530512340967160334e+01 -3.630931913394906019e+01 3.993881960350717186e+00 1.578497855528270399e+01 -4.351109040441533438e+01 -1.376292657433350897e+01 3.571375222390960502e+00 -9.860715122545808953e+00 8.859698186024163078e+03
-4.414866305594463114e+01 -8.015087765979458823e+00 -2.904776203364589904e+01 4.693862735473582859e+01 5.773196221568693431e+01 -4.638884281341429272e+00 -3.525923936615934906e+01 8.085765575601921995e+00 8.213094637033490741e+00 -5.126224843357915262e+01 -1.917515029941485949e+01 3.385739466612552873e-02 -2.039521172655368630e+01 1.320237080758878437e+04
-3.839731250802613260e+01 -9.504418522067636488e+00 -3.375135519202558498e+01 4.166688449308368547e+01 2.469158693156125395e+01 -1.982120771324416708e+01 -2.430205283341311429e+01 2.093193343285559838e+00 7.507972282077124859e+00 -4.481257080093796930e+01 -2.464769503425220165e+01 -2.874183054354294553e-01 -2.051884475069480729e+01 9.130647409905121094e+03
-3.645176086294322459e+01 -4.903950793274683306e+00 -3.324121526421813400e+01 3.647531459426485867e+01 1.995689126189090601e+01 -2.146897041429479103e+01 -2.131075095387967977e+01 2.938452215910240639e+00 8.770807785307148663e+00 -4.102652398072024909e+01 -1.837262376669058384e+01 7.320803524012248431e+00 -1.511910682963062946e+01 7.490020976299768336e+03
-4.167068912373262179e+01 1.023748530076597607e+00 -3.024123013811873761e+01 4.411776169519024648e+01 3.402423188721387248e+01 -2.219780590518072216e+01 -4.666609916418853743e+01 -9.301541447512086114e-01 6.839323278471516332e+00 -6.211412884933290002e+01 -2.835166673431283613e+01 4.507964213460413205e+00 -2.004052457386969266e+01 1.355808694959194145e+04
-4.417661273624920426e+01 5.333356286149910197e+00 -3.082754827186120750e+01 5.309102492186738687e+01 3.218205037473240537e+01 -5.097130931023896139e+00 -3.821441616946894015e+01 -1.051222379185609768e+01 1.102015057740495863e+01 -6.095875447516753809e+01 -3.086140901762259858e+01 -2.420150106712899429e+00 -1.619595649883903477e+01 1.343953219002181868e+04
-4.714275768863372207e+01 8.135096519409890092e+00 -2.586268138606455835e+01 6.046087059643463846e+01 2.374605626068211350e+01 -2.166153044352991941e+00 -3.587090490130838560e+01 -2.227736327594245580e+01 1.051804207482508247e+01 -3.880659531655928873e+01 -1.765559188162646365e+01 -1.118651568132696994e+01 -1.386603876074693709e+01 1.121029083738397094e+04
-4.834006547464603187e+01 1.067175865795836742e+01 -1.878829553480317216e+01 4.189797693209025908e+01 1.138343353463577579e+01 6.167665923921355819e+00 -3.088955736967310273e+01 -1.352142349838837454e+01 4.148741723783047952e+00 -3.720193357486526509e+01 -1.706392585169329124e+01 -1.359163372523311075e+01 -1.203482588821123755e+01 7.885648219507398608e+03
-5.598621455957293591e+01 1.780418424552199141e+01 -2.345337665702677654e+01 5.425781949689204708e+01 1.399242689798771799e+01 1.217584473568144610e+01 -3.775745428213429733e+01 -2.814000952693213264e+01 1.512333778446804722e+00 -4.574339954308332779e+01 -2.175218217204597693e+01 -1.977405201141486657e+01 -1.010743980998052116e+01 1.256801840302294477e+04
-6.007031344690903296e+01 1.879555292998526639e+01 -1.219520702663962020e+01 5.080862904087559428e+01 1.825099798795283235e+01 1.627584355306029096e+01 -3.533555401080568714e+01 -4.636985797539024645e+01 3.272712739414515237e+00 -4.926449914508563666e+01 -2.338181594053842360e+01 -1.147717549821571126e+01 -7.754152532963811240e+00 1.386498562410746490e+04
-6.118054931788042694e+01 1.726674074506087919e+01 -4.478813350011223271e+00 5.189821825773319119e+01 -1.390717790658446973e-01 2.068136434184486561e+01 -4.753150792066345076e+01 -2.662593566576212822e+01 7.190752126181719106e+00 -5.596307432937585702e+01 -2.015678932304613369e+01 -1.629876219254647651e+01 -1.446154319826713497e+01 1.421526228646918389e+04
-5.861175926704570571e+01 1.341328983959466825e+01 5.401154979713362891e+00 4.837248753001828305e+01 -2.079149794694971831e+01 3.215812290952978714e+01 -4.363015194295529398e+01 -1.543386822179310514e+01 8.893060124333603156e+00 -5.834039998560733409e+01 -4.718396226734265397e+00 -1.372018133954687258e+01 -1.501956438773817126e+01 1.351133313864681622e+04
-5.991722874403543386e+01 8.947826185933056564e+00 2.047234080983045601e+01 4.900997505638740392e+01 -6.162556145739054081e+00 1.862302852225998251e+01 -3.524827041928313065e+01 -2.447816985420503499e+01 3.552846094189655801e+00 -4.518396255143491658e+01 -3.976720003088588307e+00 -3.341172174567617503e+00 -1.868995297781910025e+01 1.114815320664744650e+04
-6.552134078866811251e+01 1.560052318186636100e+01 1.271843010840985855e+01 4.367370933431670466e+01 -3.516366841413616218e+00 1.006291512160595047e+01 -2.868435156820698495e+01 -1.939556775473927530e+01 -4.194079257652205683e+00 -5.143940709200860795e+01 -1.447935562404827259e+01 -9.541843696222580107e+00 -2.329594945176671317e+01 1.142518362772576620e+04
-6.959296605449578976e+01 1.263947905738847588e+01 5.387367562441332858e+00 2.499905866996351733e+01 -1.010575648560673834e+01 -7.881754197129392736e+00 -3.470932278822743200e+01 -3.341699826327448619e+01 -1.903106177000616839e+01 -6.137264117126239427e+01 -2.992153350209211027e+01 -1.882449761589792558e+01 -3.060422119471259705e+01 1.445765587242987567e+04
-7.456866777798043699e+01 1.817897493114054441e+01 4.760849698901366445e+00 1.903279906700198865e+01 -1.491959202342330038e+00 -1.526490791024822435e+00 -1.621382487417171347e+01 -3.002135664458284126e+01 9.888872252819259634e-01 -3.794276167811260336e+01 -1.661254456340921948e+01 -3.892796400481413066e+00 -3.076414456559522037e+01 1.012279471538441794e+04
-8.006774010100728844e+01 1.208230534452976990e+01 9.480263670732410830e+00 2.285794128810448100e+01 1.337990115143256808e+01 1.659682390968287180e+01 -5.127564346678910034e+00 -1.567540444291472213e+01 2.476390913381418812e+00 -2.954079285991251780e+01 -1.018563124651167939e+01 -9.986182372971549981e+00 -2.476184466644612314e+01 9.591083354116859482e+03
-8.547395227643046667e+01 4.686155811889880951e+00 5.976974442134494581e+00 2.030061484277556616e+01 2.029423591425523199e+01 2.166711889320421847e+01 -3.113425453021398948e+00 -2.327835107598098929e+01 -1.821060528488458274e+01 -3.737373221291429104e+01 -6.077748886879157375e+00 -1.639225865618243461e+01 -3.107550671069018478e+01 1.220824515694110596e+04
-8.716543736456432612e+01 3.755379105822423735e+00 8.033123963652290200e+00 1.770371613914256770e+01 2.229860387673343425e+01 1.638233301707397516e+01 -7.918026301226074537e+00 -2.624731304357048245e+01 -8.069200115419493002e+00 -2.267806642717526699e+01 -1.761091956052644791e+00 -8.769872323926223956e+00 -2.081331507871801634e+01 1.059970701878254295e+04
-8.969163489532724043e+01 -2.493876255969548761e-01 2.356113096238236171e+00 9.167328375475399582e+00 2.002767536538062387e+01 1.352146383434039478e+01 -3.683957149464327951e+00 -2.612385859973665703e+01 -3.088341477127487078e+00 -1.381347302872581650e+01 -4.344142084504611034e+00 -1.750217307399729094e+01 -2.368948516940142568e+01 1.050094726658161198e+04
-8.396822934254885240e+01 -8.908514564513685841e+00 -2.165298146376765942e+01 1.713904189331667283e+01 2.101623704689982830e+01 1.028489020344589733e+01 -1.116769662497235238e+01 -2.166414857775075475e+01 7.124559546179336955e+00 -1.156439516717603233e+01 -4.035499609330963189e+00 -1.032776040175501464e+01 -1.118328911564457506e+01 9.466645933341587806e+03
-5.672347835804629312e+01 -4.715279865294990991e+00 -5.294062813083922947e+01 3.869157526565334848e+01 2.301253319467404879e+01 6.097639401940959658e+00 -4.073374031240354576e+00 -3.657589851701959560e+01 -5.508869352435819877e+00 -3.641822984811020092e+01 -2.860601677636392637e+01 -8.665830655499224378e+00 -7.915336780969239427e+00 1.177337006323466449e+04
-4.283117987061580578e+01 1.122881306160217640e+01 -3.224702200584466993e+01 3.975749722463688585e+01 1.433900503004845506e+00 -1.186029007527520385e+01 -3.587893564985906636e+01 -2.952033447804586075e+01 7.885189850473144801e+00 -4.840207136523852682e+01 -1.771440509974646105e+01 1.057020365100792070e+01 1.033371935599494362e+00 9.714129890321148196e+03
-3.931126369954612443e+01 1.571468606595889916e+01 -2.269302056060908157e+01 4.370855502214496369e+01 8.665284842719545022e-01 -2.090673901139345148e+01 -5.028078508608544439e+01 -2.109768696451079961e+01 2.617121848685168928e+01 -4.890244030451457746e+01 -3.495016444944014467e+01 -1.132677620877294622e+00 -2.009702659519220225e-01 1.192806881543185409e+04
-3.707885221590067459e+01 1.449256744589940737e+01 -2.508979461688268486e+01 3.560825791744213831e+01 5.868163864187816436e+00 -1.480342520939464457e+01 -5.342735605134623000e+01 -2.626749123072373848e+01 1.903075517966265551e+01 -3.457859246288138877e+01 -2.501518714310951452e+01 1.958005149374252341e+01 9.447080816972473372e+00 9.936595873602658685e+03
-3.441789710916209089e+01 1.112532556843875930e+01 -1.532698725965107656e+01 1.964433392084530539e+01 4.360824004195495540e+00 -2.110630712136596188e+01 -4.613781093666479194e+01 -2.126341767683748785e+01 1.432764668884183301e+01 -3.672420236937867344e+01 -2.570500673195281394e+01 1.138044733607209835e+01 -2.901480383620429038e+00 7.327133460078608550e+03
-3.807833397018869448e+01 1.895995062595288871e+01 -2.332640656116711853e+01 3.351364173267556623e+01 -9.716029497455279440e+00 -2.328537301914731827e+01 -6.425153148884913890e+01 -1.713212477240719522e+01 3.751032534722953216e+01 -3.970227374564956335e+01 -2.605858718465666968e+01 1.953378781500859418e+01 -1.844055545238272531e+00 1.258241791618850766e+04
-3.748179048209075148e+01 2.109443983091201247e+01 -2.279087955329292825e+01 3.163209808210041629e+01 -1.239683137406577806e+01 -1.433078694195861047e+01 -6.787385893712003337e+01 -1.695168063487595944e+01 4.688811193094377217e+01 -4.742091808844654111e+01 -1.818072814766722090e+01 2.340067525472547061e+01 -7.749312019623164183e+00 1.400856774320121804e+04
-4.031298521622653652e+01 2.497530913137740782e+01 -3.219948657778028434e+01 4.053616833113284201e+01 -2.376971354614170906e+01 -1.554093588578575869e+01 -8.806025095973194539e+01 -2.107259354974300436e+01 3.211519383097062530e+01 -4.618185955474387328e+01 -2.457509419303994491e+01 1.867636962377581966e+01 -7.919983933192619396e+00 1.811369069952714199e+04
-3.225064060660329801e+01 1.056649121242925382e+01 -1.872454110035092967e+01 3.242763196190250330e+00 -8.537673678662484056e-01 -2.827552340985671364e+01 -4.680244604169499212e+01 -8.722606834047029523e+00 1.833267386263378285e+01 -3.556194987095781812e+01 -2.310257338524779058e+01 2.031270388832846407e+01 5.225092891576530896e+00 7.154041118510344859e+03
-3.526772038770886297e+01 2.158114575839125138e+01 -2.692569658457135517e+01 1.125634144130421710e+01 -3.733667887619565473e+00 -4.357650783830464114e+00 -3.665346784762959942e+01 -2.989092263681103390e+01 3.507215984220217564e+01 -2.678140805643806033e+01 -4.255231386167172758e+01 1.110667170256316538e+01 1.327237928073092554e+01 8.888643506928799980e+03
-3.968582918656525749e+01 2.267986947245575635e+01 -3.439965835106041681e+01 8.510957274086725088e-02 -1.434517949325543462e+01 -7.263221137385598603e+00 -4.904481339430560638e+01 -5.171478030218722921e+01 2.620347622889759265e+01 -3.826008654662869191e+01 -5.788497778613194811e+01 1.509049204811971912e-01 7.861808328734126938e+00 1.417399387921963717e+04
-4.288503623922117214e+01 1.994581469778501059e+01 -2.128202152130551639e+01 5.064170196098275234e+00 -2.047936612343153495e+00 1.113980951534523633e+01 -2.891482502076874894e+01 -2.180574977261692737e+01 3.913814679333619750e+01 -1.799578269280688048e+01 -2.373752289236582413e+01 5.932523853211757014e+00 -2.724458416036482866e+00 6.617109581678750146e+03
-4.680814996183742949e+01 1.576117876917489724e+01 -2.590493688539763895e+01 1.386769155758859284e+01 2.486530278377536707e+00 1.259206689625108844e+01 -3.838036321308491239e+01 -1.935211439885772577e+01 3.832912715685232996e+01 -2.874031880089026103e+01 -3.604661440033090969e+01 9.112369307433635157e+00 5.948630265225061109e+00 9.028003676372863993e+03
-4.320686334916548788e+01 2.682550036197050858e+01 -4.179962239407393554e+01 1.273159234347616753e+01 9.629312376975488474e-01 2.578765290057474147e+01 -3.197603911816877797e+01 -3.267915585918498067e+01 2.462067150853240705e+01 -6.702409099275799065e+01 -1.476977618420965399e+01 3.448455795170324478e+01 -1.596772197637759128e+00 1.376035391611952582e+04
-2.597831792434579512e+01 1.268692663593842518e+01 -2.273729682045239997e+01 -1.016241255982124692e+01 1.454096651456904921e+00 -2.434177767608346199e-01 -1.289078471510439705e+01 -7.933808921777422363e+00 -9.521827725160838085e+00 -3.169100668114892017e+01 -3.819006358142343238e+00 1.924777565836349424e+01 1.667791506709987992e+00 3.170210022806045799e+03
-2.762335076983543658e+01 2.014195983146884217e+01 -3.580474930174952419e+01 -9.897280341788958324e+00 -8.108900665619437120e+00 1.429884560124993875e+00 -1.633614998482805802e+01 -2.365329691057568695e+01 2.543867597010378567e+00 -2.989829247630295939e+01 7.215776871891174116e-01 3.117861338909553837e+01 4.341282430081713883e+00 5.334683870970528915e+03
-3.002157831535076582e+01 1.926668007004011329e+01 -3.959378339623062715e+01 -1.704715570069291530e+01 -1.343244276588139208e+01 6.071291766227923326e+00 -3.005600747737251410e+01 -3.057462416718578169e+01 2.141311262881012423e-01 -3.561529039042788725e+01 5.981040820132307978e+00 3.954682612797950725e+01 -1.702609787500284078e-01 8.054483714014561883e+03
-3.448828043544389033e+01 2.988156766682821086e+01 -5.657202585337132916e+01 -5.786260922317580047e+00 -2.983608339943252119e+01 1.900105814886072153e+01 -3.249858606525517501e+01 -3.353476323990191332e+01 1.484784883009367951e-01 -4.396770226409042692e+01 5.736306493330148193e+00 3.452152650361374953e+01 -2.130418224826859497e+00 1.191055559781105512e+04
-2.958171309957324269e+01 2.370818244264225783e+01 -3.129860266510115352e+01 -2.168437506755309485e+01 -2.928004770368271004e+00 5.047923615043925949e+00 -6.457708165721020244e+00 -1.719636385123763134e+01 3.462608446765564008e+00 -1.798914707366382615e+01 2.647960175247150993e-01 4.321504796246959756e+01 1.108046838672055667e+00 5.462879309533314881e+03
-3.062207743573110008e+01 2.002484515021984635e+01 -3.352563849382032402e+01 -2.533046889506821842e+01 -6.386833648382659767e+00 1.710772449962201902e+00 -8.161055585679070745e+00 -1.513396777299516316e+01 -1.874552612412611508e+00 -1.494045364510377460e+01 -2.247807688917712543e+00 2.954450220809943772e+01 -2.961143259961090402e-01 4.548414372329810249e+03
-3.785278015254849748e+01 3.553530825606483745e+01 -5.219158067633800613e+01 -1.617121054830950300e+01 -2.780078699718211155e+01 1.160930002728900945e+01 -2.168730124055585406e+01 -2.127864596394199026e+01 1.931331216263959094e+00 -2.840397521693073557e+01 -7.556859366413267054e+00 2.306164310621204550e+01 -1.779073422488774270e+01 9.227811235060444233e+03
-3.410206062129203985e+01 2.163444488021458767e+01 -2.752320565910148886e+01 -2.684393331797054572e+01 -1.172888377856772202e+01 8.107858242870351617e+00 -1.630168819028650004e-02 -9.829738308759488064e+00 3.274694588625195912e+00 -1.711283078380833800e+01 -8.619178200948896418e+00 1.539655009628907401e+01 -3.798453632947244252e+00 4.038396290380459050e+03
-3.627325229647289717e+01 2.234424469341923469e+01 -1.575104546733213695e+01 -2.348271815859577316e+01 -1.794363745302850432e+01 1.081317430206845565e+01 4.096134192616175618e+00 -1.438419142189529154e+01 -4.463033268496279682e+00 -2.133963976874183643e+01 -9.195407040744402849e+00 1.201387910154908134e+01 -7.863873417655915077e+00 4.043157928487162280e+03
-4.049140310109519447e+01 2.909695286118528657e+01 -9.820542125502225161e+00 -1.563173215424701112e+01 -2.793935993847019006e+01 2.398768716198931372e+01 1.017331907831215432e+01 -2.744667414429021690e+01 4.331134385041737644e+00 -2.411295552010877685e+01 -1.590123636585416911e+01 2.353328017204092504e+01 -1.047570518235589354e+01 6.556412142149373722e+03
-4.316708678551342615e+01 2.354861883919821253e+01 -7.660183813958147958e+00 -9.947902437231286754e+00 -2.597204366034080181e+01 1.672261994412316355e+01 6.367072093744160277e+00 -3.819896812171158729e+01 -2.953244142124018978e+00 -1.473095044349755689e+01 -1.855846500832553403e+01 9.596056438230748498e+00 -1.304301866639432994e+01 5.861811662541530495e+03
-5.106821113570460113e+01 3.905078131821137077e+01 -2.015821067570197300e+01 6.881300968676898222e+00 -3.170369684204729310e+01 2.232461548527442474e+01 7.867473578810274537e-01 -4.431156159918751314e+01 1.194036243787851248e+01 -2.780756541089509781e+01 -2.257104777185047695e+01 9.544206771387425903e+00 -1.351785967540605604e+01 9.753387343459917247e+03
-5.479646255247777731e+01 2.078724513991975797e+01 -9.644763103516403646e+00 -1.615233519033067466e+01 -3.419657447610430978e+01 -1.038439634429044078e+00 -2.003444588227919265e+00 -3.458025112061324791e+01 -2.421793469643911578e+01 -5.522789709090056220e+01 -4.693440448853886693e+01 -1.674501351493013246e+01 -2.575286012818893866e+01 1.294204546188796485e+04
-6.037590793337840722e+01 3.543938640799011353e+01 -3.265193512915709473e+00 -4.336742931584053551e+00 -1.800081535613577799e+01 2.011657533500673622e+01 1.576056324603088221e+01 -1.597824244454425724e+01 5.150484519031658159e+00 -2.811798080655771059e+01 -1.871875835139611510e+01 1.019815201497484303e+01 -6.531419931276070123e+00 7.477276738305421532e+03
-6.352880523861243489e+01 3.142029751550043315e+01 4.706622184143693932e-01 -5.440317246897230952e+00 -7.378510412118990835e+00 1.187965686358448103e+01 7.893713616223909213e+00 -1.730661121073573128e+01 -2.042791641394752489e+01 -3.449411679908356376e+01 -1.851667840888727667e+01 -2.602953530273037330e+00 -1.018411299353927468e+01 7.670863701639757892e+03
-6.491405330160678488e+01 2.233370806936844133e+01 5.790886257545948546e+00 3.289105000225173159e-01 -4.282391916192719528e+00 -3.344508462314356390e+00 -6.731056561426227880e+00 -1.362419087970125453e+01 -1.344927531872034443e+01 -1.865228558075946097e+01 -1.165222238149954492e+01 -2.137172686012250189e+00 -3.838345137202427537e+00 5.690587145769487506e+03
-7.372915562512754661e+01 2.676762777951433137e+01 8.039739134856812797e+00 -3.441790880420649845e+00 6.115485243680273131e-01 3.249666113232476228e+00 4.888957971956998882e+00 -1.040866384969815073e+01 -1.190846444329389620e+01 -1.971915586804573550e+01 -1.771359825191214910e+01 -3.831384523650628982e+00 -6.001914099820051973e+00 7.267284807396034012e+03
-8.258181548522982496e+01 2.094293328918623232e+01 7.220147730890117188e+00 -6.417117758016657625e+00 7.900809868607227004e-01 -4.821115670826360500e+00 8.146081317034029823e+00 -2.025412395072375560e+01 -1.361188760337631187e+01 -2.199579119684571538e+01 -2.776366240574613897e+01 1.516567116922950209e+00 -2.768062441492213566e+01 1.006056440778282195e+04
-8.445519314954356105e+01 1.969240545793974917e+01 1.293361508852966857e+01 -1.737298514642141578e+00 9.398964172693755614e+00 -1.821107426005465602e+00 4.846731960764725677e+00 -1.261487663500735223e+01 -1.605481801184632351e+00 -1.382262468133229305e+01 -2.372642720919334280e+01 -3.120141482173322878e+00 -1.025246927776316852e+01 8.836484253194726989e+03
-8.841926201442132083e+01 1.245492068861477897e+01 7.648403365101122731e+00 -3.830253456421725655e+00 2.024581740910632277e+01 5.306915286457676295e+00 5.955237779608459014e+00 -1.304563365735218561e+01 -9.094446583772997528e+00 -2.458267618757225748e+01 -3.990630114048033050e+01 -1.711281743396858701e+01 -7.672290941005029730e+00 1.132121211379891975e+04
-7.794731337699339235e+01 2.208203206440945365e+01 1.516663440408451891e+01 7.214027380538025724e+00 1.059611401013971843e+01 -4.419143975389534518e+00 -7.720679846411097280e+00 -1.554151085195779025e+01 -8.817243601540779352e+00 -1.270678251601141717e+01 -1.499188421048737929e+01 -1.215838663685598320e+01 -6.261078454405731186e+00 7.929412883264822085e+03
-7.183580260153665620e+01 2.160083370507947365e+01 1.252914518212589279e+01 5.500365402822372296e+00 2.862209343954754015e+00 -6.832164607713724358e+00 -1.131224682205776055e+01 -1.880341813563173048e+01 -1.879558714456370083e+01 -2.118504181186522217e+01 -2.411971378177742764e+01 -2.140190023397607177e+01 -1.754340112829692799e+01 8.500271170390495172e+03
-7.518234951178692427e+01 2.492414129388234301e+01 1.748578862931752198e+01 9.005089334208708607e+00 6.812053232027851735e+00 -7.647602581811782763e+00 -1.411090989944469420e+01 -2.361103917586286727e+01 -2.547136678449119529e+01 -2.785439406932536244e+01 -2.820432020054976974e+01 -2.279095920083918614e+01 -1.759469337610517670e+01 1.057107430800380826e+04
-6.067631769360452410e+01 2.249725596836897168e+01 1.179317757342012385e+01 6.391500966808897566e+00 1.372673184921220368e+00 -6.127435587987675625e+00 -1.052474231531262028e+01 -1.389625651873235412e+01 -1.379994534033591691e+01 -1.420178614631328351e+01 -1.295173854032533178e+01 -9.398685779813916952e+00 -5.781660674611641682e+00 5.392617868347008880e+03
-7.254919386640811751e+01 3.786703518036331673e+01 2.905900032677500988e+01 1.351111230833564569e+01 1.115069308607783327e+01 -2.012135976001574456e+00 -5.827813329448902735e+00 -1.748233362391562196e+01 -1.666862621489906005e+01 -1.476918974193068124e+01 -1.869776812844409619e+01 -1.328651215371008121e+01 -1.364963022111149726e+01 9.400677993337123553e+03
-7.791506044221272020e+01 3.523141733108510465e+01 2.840215661377799350e+01 1.263394088141548544e+01 3.005169654690847381e+01 5.537613662280023163e+00 -1.469336772224204601e+01 -3.094143615110649748e+01 -1.949611678972430440e+01 -1.002577400990700518e+01 -3.247051035237311822e+01 -3.450550302950789217e+01 -2.554141459210089948e+01 1.376328788551841353e+04
-5.969179951733794809e+01 2.327362802601730252e+01 1.248172253311091318e+01 7.972860848620326735e+00 2.309886120150177913e+00 -5.584759902617490113e+00 -1.394396498819492614e+01 -1.986446422501254361e+01 -2.232814490354475723e+01 -2.626597850586870209e+01 -2.787391534485623623e+01 -2.584052325048186560e+01 -1.954723363395824620e+01 7.964918637169173962e+03
-5.840431853691274711e+01 2.733729361495865007e+01 1.616056033792806801e+01 1.386463851950698967e+01 1.313098035543322695e+01 3.911176032829499771e+00 -9.165713272561115232e+00 -1.371010387879680614e+01 -1.030072191262446601e+01 -1.310808394503995800e+01 -2.066750119277937259e+01 -2.128099065850020466e+01 -1.143158482060485426e+01 6.360115185983624542e+03
-5.265438111018317358e+01 2.366149470295686541e+01 1.129445030338123246e+01 1.362601005356688155e+01 1.549026280893350282e+01 9.786533093114831994e-01 -1.624492635537204066e+01 -1.408959359206949813e+01 3.420708575543834340e-01 -5.695162079641893804e+00 -2.510727184928504840e+01 -2.792720112887750261e+01 -1.061677829654536076e+01 5.904474750970380228e+03
-4.948296845645924691e+01 2.116974731312528846e+01 2.996629353442323840e+00 1.109105366659121827e+01 2.445110199914521232e+01 7.486843510317624961e+00 -2.323631355880417715e+01 -2.418819360870524449e+01 1.811127633333676323e+00 2.817282156567896045e+00 -2.217288389976283369e+01 -3.273851243393427524e+01 -1.296911940820885256e+01 6.550480117155049811e+03
-5.400189179777163417e+01 3.569063428385659620e+01 -1.383237197290549680e+01 4.823610904746249872e+00 3.314912751710858885e+01 1.777249075025440916e+01 -2.421202916059599985e+01 -2.859615295904183085e+01 -2.048931367491868105e+00 -1.229585120935645509e-01 -2.426081853410897082e+01 -3.003355535873177828e+01 -1.414327991329197687e+01 8.918163201304407266e+03
-5.027943934716852681e+01 1.956151405194701809e+01 -2.513413230944701482e+00 1.246186137275988060e+01 3.529942393283324975e+01 1.399644393759067462e+01 -3.293356418333841162e+01 -3.935444312834339797e+01 -2.845692956847508892e+00 4.688392051805444716e+00 -2.497759752091437946e+01 -3.585343186087013123e+01 -1.350719586626257041e+01 9.269503987386087829e+03
-4.679863000363744163e+01 1.554104551305177218e+01 -1.554180749332862987e+00 1.401748403967502909e+01 2.874463154464233128e+01 3.215928858434804027e+00 -3.333172057235826458e+01 -2.737828632441253873e+01 7.527931422139737982e+00 7.176337675046730702e+00 -2.260399757735808279e+01 -3.089350488538295636e+01 -7.985198348925984568e+00 6.964993719070103907e+03
-5.580328668482165710e+01 3.573988241515689168e+01 -1.303393280753340910e+01 1.813139014595961740e+01 3.680590764411022775e+01 2.680618294115995681e+01 -3.005823101948017850e+01 -4.857867506551763626e+01 2.031448047372165888e+01 -5.687312091625597255e+00 -1.942854606462645961e+01 -1.067342908554274317e+01 -2.134751042697621415e+01 1.161873824526127282e+04
-4.752944582453778821e+01 3.183025513467198664e+01 -1.483870860868399966e+01 1.041162389746475014e+00 1.973120470013539673e+01 1.618768616624308621e+01 -3.833766610121545426e+01 -3.245305822954808406e+01 2.362177225251511459e+01 -2.265199277900284258e+01 -1.961298006535165683e+01 3.024518667136922190e+00 -1.312209411179964924e+01 8.304930862795743451e+03
-3.805978477290004491e+01 2.266116419252385228e+01 -1.756694841178375555e+01 -1.499330260750222266e+01 -5.013540415542158124e-01 4.867467807581501660e+00 -6.759544980711358342e+00 2.270815143271081471e+00 1.287511106101083058e+01 -3.000925574810502638e+01 -2.963793631106767634e+01 -9.721846429352219987e-01 -4.641907960103173636e+00 4.537487664253868388e+03
-4.056313893121757275e+01 3.626741816211568192e+01 -4.286792885096112116e+01 -4.296948899227263752e+00 -2.986107634991437365e+01 5.387167549642913222e+00 1.047722277933571178e+01 -1.637116735626182162e+01 2.979965412789905699e+01 -4.420997628210864150e+01 -2.061247070864091668e+01 1.054347629844347622e+01 -1.352699855763258441e+01 9.676869646826189637e+03
-3.293515744004184853e+01 1.491347446693132639e+01 -2.915161981963036553e+01 -2.004096384625508875e+01 -1.616336089918844010e+01 -5.196685928939340782e-01 9.966243230876941084e+00 -1.707153206086025610e-01 -1.877490884127869464e+00 -2.504640093771217479e+01 -1.409021133365276413e+01 4.495516860832132977e+00 -3.446093867134933042e+00 3.780939387299611553e+03
-3.195452803252438301e+01 1.183245312578735131e+01 -3.146302713388111982e+01 -1.824628066071482380e+01 -3.153713171922508884e+00 9.574246831948080683e+00 1.082578008644111556e+01 5.352206894410049820e+00 -9.362784768385405965e-01 -2.004798023080857305e+01 -1.960544364068965040e+00 1.033130145428338942e+01 -6.678747948245893074e-02 3.244785498653896411e+03
-3.047882599754565192e+01 1.197482642475213233e+01 -3.017435607903040307e+01 -1.748080164083325627e+01 -6.326724393972026128e+00 1.613625155772868069e+01 1.158251575100113051e+01 4.635594138451398116e+00 1.263445157180665745e+01 -1.653391370692784434e+01 -1.140760841809363102e+00 2.151674100866505768e+01 -1.244135578986407964e+01 3.796533434722723541e+03
-3.099017267279969445e+01 1.663324196290117030e+01 -4.043234424714731290e+01 -1.176828044974948462e+01 -9.673392393581556448e+00 4.696023119762907427e+00 6.995019679541142565e+00 -1.951691299520163270e+01 5.484856742942789687e+00 -2.509695389719930958e+01 -1.626437993582555563e+01 3.463296010471322006e+01 -3.309229009886301753e+00 5.690653498631294497e+03
-3.057442255075596904e+01 1.374388084211774519e+01 -4.218476730997949176e+01 -1.811378936847915355e+01 -5.346314947013056873e+00 2.368660893025711811e+00 -3.311895022879686401e+00 -1.916708982128320571e+01 -5.040086619701211745e+00 -2.698406142043782552e+01 -1.285525908070056111e+01 1.838599918847091530e+01 -1.261896263686981889e+01 5.059976066092923247e+03
-3.173991939859681466e+01 2.444161928721617016e+01 -4.606294083859856414e+01 -2.157173425209294670e+00 -7.564644070012231936e+00 1.546141674060043414e+01 -5.262005363029939708e+00 -2.108596014425119947e+01 1.188467179615715708e+01 -2.355844871994492351e+01 3.305139652223906932e+00 3.398596469641356776e+01 -1.073988798104308096e+01 6.477409683979870351e+03
-3.516860076020837056e+01 2.961477259768130921e+01 -6.075198542595360607e+01 5.444194396781121270e+00 -1.655239931206932624e+01 1.468881801434969070e+01 -2.333971040554089882e+01 -3.926499018179075051e+01 1.552524325769761759e+01 -3.733967743646010007e+01 3.400585308047725075e+00 2.568140871753710286e+01 -2.017450892500074389e+01 1.112392728849304876e+04
-3.259722578324635123e+01 1.916539685364915968e+01 -4.831474420511612067e+01 -3.382812278128925598e+00 1.544660956614489322e+00 1.369599114398891082e+01 -2.408487545249257167e+01 -3.972547325239569460e+01 2.935543506217838772e+00 -3.154001549790118730e+01 8.966473945021640191e-01 3.594137393582063567e+01 -9.860132815787780558e+00 8.517008642786935525e+03
-3.248249547935368042e+01 1.464232505067189827e+01 -3.608067885354257243e+01 -8.470927512214368349e+00 1.660344394397302281e+01 1.587025764690842067e+01 -2.663612205561329560e+01 -3.175069559939391795e+01 -3.627180411856625764e+00 -2.794041363542387302e+01 5.002123838298402347e+00 3.882135112012340272e+01 -4.876406213070601237e-02 7.214155368170312613e+03
-3.220364126771679025e+01 1.096497273462460953e+01 -3.167771840047321419e+01 -7.896271773614855327e+00 5.248938970716571006e+00 5.058909571280364226e+00 -1.179178882002199558e+01 -1.125961852440820543e+01 4.468447432830066290e+00 -1.459688104442325240e+01 7.775825300817440500e+00 2.547537363612949335e+01 1.450655732932671249e+00 3.486701789962942712e+03
-4.584396619491845115e+01 1.650040514609320397e+01 -3.321437932130213966e+01 7.867745396361658372e+00 -1.023052298358741830e+01 1.790229508169359462e+01 -1.196449268929606546e+01 -2.261425616811445494e+01 1.533976266539947808e+01 -8.927303692616726849e+00 5.495862772219953563e+00 6.508234235101704179e+00 -5.604284612964117507e+00 5.037713151190543613e+03
-4.434130046299873840e+01 4.891604888379522009e+00 -2.431208555829419637e+01 9.018574608635319123e+00 7.475165570624282552e-01 3.174985517942483071e+00 -7.808019033580416490e+00 -2.518662313702966671e+01 -1.210331578946220077e+01 -1.466641317293947822e+01 3.185783721137684488e+00 1.028978482929148841e+00 -9.516866404836411775e+00 3.831834066879546754e+03
-4.441500875633076362e+01 1.155716753068568536e+01 -3.527623105049163144e+01 3.799674789408091868e+01 -1.624232601540042342e+00 9.175914050191137150e+00 -1.074338002552861404e+01 -3.221844844865720603e+01 -8.347692051709449501e+00 -1.561527143209311674e+01 7.363243145336380024e+00 -8.835106081204592954e+00 -7.804733747083606232e+00 6.541421599257860180e+03
-3.940348006945295367e+01 1.042558030751638753e+01 -3.622302946809565327e+01 2.817954291102495290e+01 2.450949325087951181e+01 1.300228659252939245e+01 -4.165813167269487849e+01 -2.080753711313892040e+01 1.389323561897220749e+01 -3.137004745016686869e+01 -1.849477834963565570e+01 -1.518940115483530207e+01 -2.089399156041594452e+01 8.892085210037881552e+03
-3.836385599546017033e+01 1.317388049458983978e+01 -3.822240063874520644e+01 3.708760940488256352e+01 2.421708336879407852e+01 2.093055391254245734e+01 -6.222329474060941124e+01 -1.404627228848038456e+01 2.186692787053210907e+01 -4.817326785975546954e+01 -1.728641586427865917e+01 -8.175976449371194832e+00 -1.518407980847233318e+01 1.297041995838619187e+04
-4.115424660460716666e+01 1.243805399089525210e+01 -4.140408887688287365e+01 5.384581743460528003e+01 2.703625234016602974e+01 2.209191285201688970e+01 -6.646025475178163333e+01 -2.112219485040757405e+01 2.501177199437605125e+01 -5.456514993272628544e+01 -2.156309872075070899e+01 -1.960317968793344523e+00 -1.886783932490279270e+01 1.697192172188096083e+04
-3.873413225682954675e+01 9.078295224107385764e+00 -4.223907772648854575e+01 4.103555059726889453e+01 2.421174665882379884e+01 1.039468914088243423e+01 -3.538795612129420221e+01 5.343808333702989577e-01 2.919864455654195368e+01 -4.514440221342979953e+01 -2.453407817172482908e+01 -6.054389177845203029e+00 -2.317349472453110693e+01 1.106382115874351803e+04
-3.987607744317541147e+01 5.158202977402522649e+00 -3.875320938047897812e+01 3.922787828955137002e+01 2.831999760463532922e+01 1.066848051769816763e+01 -3.272277587312831315e+01 -2.468300929968359370e+00 2.464234750893903581e+01 -4.562893843771476554e+01 -2.667870452315251129e+01 -7.922402467652910119e+00 -2.861979095569882503e+01 1.093291307774936104e+04
-3.519133423011482620e+01 -6.603594833751509796e+00 -2.217363158594441686e+01 2.681814821964316664e+01 2.807411590751756236e+01 -2.116580412655611365e+00 -2.266017880789068073e+01 -3.243843799864852606e+00 6.766779969554560736e+00 -4.147111146035001639e+01 -3.152399023034720926e+01 -7.293162732347694188e+00 -2.485379441653475041e+01 7.239868280595454962e+03
-4.440783126771216871e+01 6.502295792735527158e+00 -2.976417168803635604e+01 5.405092716832825062e+01 1.836577710216089443e+01 1.071453056248345082e+00 -5.421320069337775038e+01 -6.866307536127487232e+00 2.242285521711875518e+01 -6.667201891376097933e+01 -3.354622647849435424e+01 -9.606730983668708035e+00 -1.727016497145298501e+01 1.561025079273277515e+04
-4.250873271776696782e+01 8.007236884702152224e+00 -2.330029801705779136e+01 4.636612180702331187e+01 2.645105553479059068e+01 -5.733591465001009801e+00 -4.192348487922218681e+01 -8.973988434872024911e+00 2.380468828645970447e+01 -5.295662695638548456e+01 -3.158007336755479955e+01 1.549953176249506015e+00 -1.335893166893653650e+01 1.168370476884272466e+04
-3.396722473287650956e+01 5.396503688700562407e-01 -1.857313919538491831e+01 2.672911557865793597e+01 3.176168405482253831e+01 -2.018325152964662550e+01 -3.710088483362037692e+01 -5.286202573721348941e+00 2.535463985033146628e+00 -3.321592601679139989e+01 -3.085774406232558675e+01 -2.681944120557114619e+00 -9.720066333787732660e+00 7.197657708345463107e+03
-3.685974010695861125e+01 1.227426957811329977e+01 -2.338203870911852889e+01 3.721627222013375302e+01 2.543616063050815868e+01 -1.179742205078172468e+01 -4.983092163293060395e+01 -1.267248423437592919e+01 2.413308627677855611e+01 -4.529781416143723760e+01 -3.150416345122990691e+01 6.053216387443337787e+00 -8.909631547393065176e+00 1.061379192746147601e+04
-3.283793799505605904e+01 5.830221050551247508e+00 -2.180959118482073222e+01 3.009692409667088597e+01 3.090603863338647628e+01 -1.371189523888192419e+01 -6.091492592451008647e+01 -2.680480358772495109e+01 1.571118750798080299e+01 -3.794671326426622926e+01 -3.367922382405405557e+01 -5.311907288576708908e+00 -2.224613297289630509e+01 1.141032111696305037e+04
-3.226230674753237082e+01 2.120701976962859803e+01 -4.271700784605643264e+01 2.768299987192181888e+01 8.074161480881780761e+00 -1.895865280319508850e+00 -5.671373267564695198e+01 -2.016889095099826079e+01 5.691656254760313338e+00 -3.900436635678926223e+01 -2.829277258067482492e+01 7.347514439585252966e+00 -2.073471622192561625e+01 1.061183434175111324e+04
-2.683663056740453712e+01 9.971370900887718491e+00 -2.924880215648257931e+01 2.552374506329672244e+01 1.880947275426385090e+01 -1.192192759442081318e+01 -4.619442187918200204e+01 -4.326923195523447419e+01 2.564641588223500968e+00 -8.525899691131550995e+00 -1.396624066444434220e+01 -1.201868733711056292e+00 -3.455230176720079704e+00 7.116373971451035686e+03
-3.173362347152782093e+01 1.860231780428028969e+01 -5.213030317201064179e+01 4.583103925464236994e+01 -8.326049785847559059e-01 5.256451920204037620e+00 -6.169318632141931857e+01 -5.566387577010109311e+01 -1.237599502720671829e+01 -1.616742848074263250e+01 -4.382234617118573539e+00 3.146037475498647318e+00 -1.915724098530257935e+00 1.355128410382062248e+04
-2.903363665000365756e+01 2.086739378463728301e+01 -4.129832151817753072e+01 1.891336176752294307e+01 1.359703655529839139e+01 1.553098763828050233e+00 -3.420707962184442863e+01 -4.506351612331256007e+01 7.350327520434873918e+00 -1.784522931735257245e+01 8.029992220796113855e+00 1.902358607679299496e+01 -1.291333538546045290e+01 7.695414451674242628e+03
-2.969572986314401675e+01 1.715237300967070055e+01 -3.736634173171127316e+01 6.485128224228933647e+00 1.099916021237826769e+01 -9.310778320198814795e-01 -3.481699525014284546e+01 -4.369050305705427206e+01 -7.155429650121174490e-01 -1.422963015750739046e+01 1.555511136878128475e+01 2.684875491214511101e+01 -1.045722962866645567e+01 7.132437459085710543e+03
-3.201723086013905828e+01 2.338151692275437554e+01 -3.797962290292489485e+01 9.803689385488342012e+00 2.073594982437299006e+00 1.341220246405445593e+01 -3.107457653182501645e+01 -3.880102212612079882e+01 -2.455848594124562911e+00 -1.631599642704396658e+01 1.923496268006836729e+01 2.524601852523692713e+01 -1.208107249129489524e+01 7.191238567672673526e+03
-3.017606318269538335e+01 1.056426904187957660e+01 -2.830103801472403191e+01 -1.022871159851327683e+01 4.935693684171914342e+00 1.593524748994685858e+01 -1.524843367515483550e+01 -3.223736595506515101e+01 -6.548532496984789120e+00 -2.823576211415121762e+01 -1.238246669134010070e+01 9.094672826449222924e+00 -1.816109232461923639e+01 4.883834910884524106e+03
-3.378477059244323044e+01 2.205934514053529938e+01 -3.078875008583606032e+01 -2.312730623135109465e+00 -4.386130380723522737e-02 2.458985661475619011e+01 -9.759810237101586239e+00 -3.756177062085515672e+01 1.011277231263940379e+01 -2.339920828491740679e+01 -1.125203280163094455e+01 2.205957855281586788e+01 -1.311253036799967475e+01 6.127087579939521675e+03
-3.393703546795212844e+01 2.044074668516644877e+01 -2.593644173764764815e+01 -1.790119743547613052e+00 -7.593041108290184305e+00 1.902458843375467268e+01 -8.692596679281258787e+00 -3.961745684366624687e+01 7.275520359817251759e+00 -2.613924618635452646e+01 -7.776961573545927209e+00 2.811402460278792859e+01 -1.059240083560737666e+01 6.009415256082875203e+03
-3.851693052389256167e+01 2.008523746579682978e+01 -2.449195472457232725e+01 -2.800044857003793908e-01 -1.464310931743227329e+01 1.858369009684260220e+01 -1.577489822717770096e+01 -4.878848637625355167e+01 8.445282140143341110e+00 -3.591802041059960260e+01 -1.910307652482830676e+01 3.214494160917752907e+01 -1.299592892335323668e+01 8.604388907838379964e+03
-3.975034434824375751e+01 2.450680424965075588e+01 -2.256738618852424949e+01 8.898235985224909328e+00 -1.223947740483000146e+01 2.940971447065135536e+01 -1.126359434292010775e+01 -3.305866754476254243e+01 1.770235028955772094e+01 -3.819035676964287518e+01 -1.651913343089731612e+01 3.453460383697330371e+01 -1.728578711451873362e+00 8.244004194923960313e+03
-4.303769376571241168e+01 1.726951206080822132e+01 -1.571581328346504058e+01 4.245540724237179653e+00 -1.499837761081644061e+01 2.263616312430017885e+01 -1.856244203041234542e+01 -4.140409849332376524e+01 6.900025835160063181e+00 -5.715910262178715584e+01 -2.575290077186429016e+01 3.410284432312175795e+01 -9.781854015563959948e+00 1.044837529894361614e+04
-4.463552149911774336e+01 1.594757188806867632e+01 -1.039643038947389186e+01 9.074377350642871320e+00 -1.627052361129624458e+01 2.053124381243635810e+01 -8.811161343407380997e+00 -4.418604590005324440e+01 6.616800665956389160e+00 -4.984540049464411737e+01 -2.180746382633750002e+01 4.103664678070860816e+01 -1.688008108751771763e+00 9.844157275782323268e+03
-5.029148810758741917e+01 1.955962624150785700e+01 -1.705579900984909969e+01 1.497609962094588454e+01 -2.592496367583503059e+01 5.965235016321950745e+00 -1.914148983449171126e+01 -4.410439665631403017e+01 1.159727648401122835e+01 -5.026576938154217089e+01 -2.487443751229250211e+01 2.346774414507192574e+01 -1.001907622902047557e+01 1.037727774105811477e+04
-5.508795341009479074e+01 1.904681061525617025e+01 -5.386096010852353677e-01 1.179017872090320829e+01 -1.159265152890203332e+01 1.058525429666663875e+01 -2.829735041962935682e+01 -3.875367552727069409e+01 1.831216792017323414e+01 -2.938001569200445218e+01 -7.059350675296125921e+00 3.289694533303561741e+01 -6.929685171138355138e+00 8.464371402511043925e+03
-6.707092703299983327e+01 2.546362128755152909e+01 -6.372185448928554763e+00 2.632959397017504344e+01 1.758658002817583110e+00 1.216746652733761280e+01 -1.380762386701963429e+01 -4.207330535105367630e+01 1.656085972907259674e+01 -4.180932994293162608e+01 -8.016943760414694253e+00 2.872404304261260677e+01 -2.001252273985240748e+01 1.130483639548005885e+04
-7.263206978761485288e+01 1.968487116061059794e+01 -3.988435992621888193e+00 2.518896923800668475e+01 7.881304965720715039e+00 9.060583161309807565e+00 -1.130023717210152157e+01 -3.898978859117277551e+01 -4.506287054131484782e-01 -3.795645442188938290e+01 -1.676411637550910072e+01 2.185639891200107598e+01 -1.353950426262338347e+01 1.048836306233991854e+04
-7.769136030578614793e+01 1.156466795852843887e+01 -7.228318062899480090e+00 1.030018210069296991e+01 4.306731235782462086e+00 6.988971336055403327e+00 4.623662379566680691e+00 -2.331195973235815444e+01 6.759900105476861931e+00 -1.792591112859976832e+01 -1.380281942995619815e+01 7.549079792401226285e+00 -2.727408006305028465e+01 8.318667131557325774e+03
-8.381148890336929469e+01 5.267833216356542891e+00 -5.906898331131785085e+00 1.261266495751765504e+01 7.366072092216813694e+00 5.715611421456353369e+00 3.581564949802064746e+00 -2.815731855023345176e+01 6.121275942834896178e+00 -1.959935989404386802e+01 -1.082833047234682589e+01 8.569023968536981783e+00 -2.771609348973897013e+01 9.519143609985905641e+03
-8.564363510675667612e+01 7.591950523766689329e+00 1.292062524407879831e+00 1.627824625186384822e+01 1.563101247103088731e+01 7.181537045716640755e+00 6.966031876966581216e+00 -1.952276266004847471e+01 3.172695869446554351e+00 -2.188583321971510287e+01 -1.656670522185842742e+01 1.197675678298474722e+01 -1.889820843894159097e+01 9.648783962807518037e+03
-8.812067759247960907e+01 6.180751851281569564e+00 8.771568018593669080e+00 2.000928800444226141e+01 2.220811174776919827e+01 1.496099255313888676e+01 1.417759962365528814e+01 -1.572872842593989873e+01 -1.259351484035206914e+00 -2.761762256605294041e+01 -1.750308609640530477e+01 1.684815854050815531e+01 -7.957541957935378107e+00 1.086405626479438615e+04
-8.838608920883608278e+01 1.017633721703423788e+01 1.711532931718689099e+01 1.491222480688483287e+01 1.795399283486493758e+01 4.676604962513715158e+00 6.149399155022171604e-01 -2.921488904556841248e+01 -1.058304045617319211e+01 -2.550524878319576416e+01 -1.469343810270785688e+01 1.162556502777480816e+01 -1.201917021271370167e+01 1.088710173573331667e+04
-7.995525240014364954e+01 2.374266530474148240e+01 1.938496983525199724e+01 9.277041903191872052e+00 6.724561374580488859e+00 -5.251586302913500148e+00 -9.203225735411063368e+00 -3.089500016808966976e+01 -1.659976503559293448e+01 -2.855280285857165978e+01 -2.952394398918408669e+01 -1.491349782640522292e+01 -2.392648620393215353e+01 1.128776356631047929e+04
-5.963526580933285715e+01 2.337929573855617349e+01 3.117936285625299231e+00 6.355247741976347342e+00 9.696336982806885274e+00 -4.686453155401667736e+00 -2.688239009372007260e+01 -1.372410085446691319e+01 -2.132195038235908058e+00 -2.959129436534869839e+01 -2.167135581328848559e+01 -5.844478035611419209e+00 -7.050187453118974545e+00 6.613764420717020585e+03
-5.281664317642106710e+01 1.472847177910456473e+01 -1.057463254460670576e+00 3.740355861598344944e+01 2.239247907394899784e+01 3.097246430379607229e+00 -1.712975890118703148e+01 -8.615447388925586480e+00 6.984202956064189394e-01 -6.783495631719800656e+01 -4.306583343012140830e+01 1.079357402297180890e+01 -5.138156240971802902e-01 1.185884107648037207e+04
-4.780894044106936036e+01 5.115602275692458178e+00 -1.227604465484260743e+01 2.950537948130444477e+01 3.512083527143396111e+01 2.254645850168481847e+00 -3.049548316282390559e+01 -1.867284272785072119e+01 -1.831846507531590973e+01 -7.491377868521317396e+01 -4.965317537988276086e+01 8.975165596002737445e+00 4.191831454574683313e+00 1.436154218372756259e+04
-5.064012927078243109e+01 2.045127673790252132e+01 -1.833796899268388714e+01 3.136008174783924574e+01 2.964017428854833014e+01 5.908696051399036975e+00 -2.824635787119310137e+01 -7.971006159613267528e-01 -2.784560745810271687e-01 -9.282005073444565824e+01 -3.384018528601847464e+01 1.926220308078263344e+01 -8.219182629010395758e+00 1.621374289697937820e+04
-4.160702322327375668e+01 2.018285304071427788e+01 -1.825544487896539891e+01 -9.434508537187381860e-02 5.255209227583689469e+00 -4.068601801674050833e+00 -2.089244856070617473e+01 -1.735313293650517252e+01 -2.995212175681096411e+01 -6.507642077155001914e+01 -4.332408131746489310e+00 3.180250943300950084e+01 4.694779820731786124e+00 9.437838943501716130e+03
-3.899547430403116977e+01 2.989417608507590174e+01 -3.882784046636150777e+01 -2.184445421414929811e+00 -9.408324333882935875e+00 1.418104751509789985e+01 -1.800167958080344377e+01 -1.981977701372449729e+01 -3.398140920500549100e+01 -6.301480378084249878e+01 1.726730690464837537e+01 3.514679568899017426e+01 1.014774645743369952e+01 1.169522004128632216e+04
-2.716906224166159589e+01 7.572974186418850451e+00 -2.720430325351700063e+01 -2.609986153787996699e+01 -6.301978533575765873e+00 6.663320645744036597e+00 -4.754714051713899714e+00 -2.049411046222151711e+01 -1.839810048132004994e+01 -1.492883825666300801e+01 3.946780291340595603e+00 7.743091465148344454e+00 -4.960042397022227156e+00 3.405010287442601111e+03
-3.052879522858673056e+01 1.287441654451469297e+01 -3.642526577855340975e+01 -2.215800800714474761e+01 -1.143589177538580692e+01 -2.084490825954123494e+00 -1.430335136962696829e+01 -4.241883503822344181e+01 -2.843384360745538686e+01 -3.157557115689850846e+01 -1.144179957450568352e+01 1.088896553733279404e+01 -1.802911719610902352e+01 7.434636965483452514e+03
-3.307194176348522774e+01 1.656619673901901635e+01 -3.807147898135225006e+01 -2.027113099982007327e+01 -1.430988157124883919e+01 3.267210239904621449e+00 -2.237102763391781934e+01 -4.654318256213041849e+01 -2.025161726891435165e+01 -3.805858098212100771e+01 -1.287099626950397990e+01 1.087497757099767171e+01 -1.988685168787345958e+01 8.648724704560892860e+03
-3.544801857105516518e+01 2.270651034024752590e+01 -3.826335356311901847e+01 -8.096044409687666032e+00 -9.733246807687127244e+00 1.457875052734517496e+01 -1.610203870299675089e+01 -4.587139322536566510e+01 -1.404412793063123033e+01 -3.290724870023184678e+01 -3.824137578266252113e+00 1.823026534379947350e+01 -6.015798542435376817e+00 7.635795201789233943e+03
-3.638493064858038650e+01 1.712853087588888812e+01 -2.848801883539378821e+01 -1.053268189304534985e+01 2.039256485428738497e+00 1.752634860129601790e+01 -1.337544063517904824e+01 -3.618915478911755912e+01 -1.596220465762459106e+01 -2.661582045136710661e+01 -7.738481020873100302e-01 2.217630523590906932e+01 -7.965636389825101027e+00 5.858675745865065437e+03
-4.630463222402092072e+01 3.665084328814445769e+01 -3.298346619879432495e+01 2.086763585353202544e+01 -6.349510002183903268e+00 3.763612057604673566e+01 -2.342778821818857438e+00 -4.086906303584302691e+01 -1.516405726189395509e+01 -2.973302458700757711e+01 -6.934002820802229294e+00 -2.012818314272735165e+00 -2.114049025336144361e+00 9.313935742755104002e+03
-4.784860553646561243e+01 2.870400602569727511e+01 -1.718643377434614905e+01 8.227750509520612709e+00 7.333990273515048841e+00 1.933553761794562220e+01 -9.694035674045762718e+00 -4.358510304456483908e+01 -1.098222521984178357e+01 -2.594175233042097517e+01 -1.447311162112926475e+01 -4.644017883905763533e+00 -1.958592085514150583e+01 7.305994303996267263e+03
-4.941659470494518303e+01 2.283539237994793680e+01 -6.753167242598110853e+00 1.132811813096001607e+01 7.051247307912119844e+00 2.126219667908027589e+01 -5.916080171098157869e+00 -4.687070480564484853e+01 -2.051266834457367239e+01 -2.974718119228148083e+01 -1.654069252340910978e+01 1.755961444600523391e+00 -1.422258528868070115e+01 7.655674768904057601e+03
-5.240568537414834793e+01 2.500239798334884611e+01 -1.320652419612913420e+01 3.897771944871479377e+01 -1.964293463500405679e+01 2.835647929338562179e+01 1.479046017579233663e+01 -4.915551480574630006e+01 -1.011831088177276960e+01 -2.200604381324651015e+01 -3.225249974146767507e+00 -1.057317566634755934e+01 -3.953014470044306172e+00 9.614574590116833861e+03
-5.656773914906138145e+01 1.450022308891567313e+01 -1.132947884100849301e+01 3.525596431437900691e+01 -1.745877663082743325e+01 2.919932173593345937e+01 9.883617596770616132e+00 -5.327562449363385610e+01 -2.693669952608234297e+01 -3.659108472333828388e+01 -3.387785709744825180e+00 -4.888850212563985664e+00 -3.016880129019241963e+00 1.098386580259763105e+04
-5.929851663736174316e+01 1.850318627899649115e+01 8.660761209223389878e-01 1.752351743768418046e+01 -1.357300009442776734e+01 8.596750606221275959e+00 3.691516849397156630e+00 -3.528119627316539209e+01 -1.635980715881001402e+01 -2.217090625437807105e+01 -7.147614702857081781e+00 -6.651522419473306691e+00 -1.061966348657536763e+01 6.650327062185900104e+03
-6.847667620689914258e+01 1.589450334090041217e+01 -1.517508315648731099e+01 3.082414441290449858e+01 1.829642796777328217e-02 2.109203048798431723e+01 8.161493136125994141e+00 -3.536503907794718060e+01 -8.235372015777947752e+00 -3.098021850185908121e+01 -1.517143069896501162e+00 -9.873873262205373535e+00 -1.286456496702344188e+00 9.013316849725124484e+03
-6.809479241632156743e+01 8.340198534251900497e+00 -1.781567983287812140e+01 3.607740826745867224e+01 -1.395326710733311160e+01 7.682099829201617602e+00 3.663739940819318530e+00 -3.291585033647287872e+01 -1.147425596852541041e+01 -3.174527961548000121e+01 -1.858868111585477223e+01 -1.686335731361170076e+01 -6.851977762237405400e+00 9.492304828162543345e+03
-5.717045948434471114e+01 -2.221702247840848354e+00 -3.060319995500409007e+01 4.832982010974024689e+01 -1.400240411414866948e+01 -1.104964178165606903e+01 1.251038337354006913e+01 1.385282311978134340e+00 -2.591396290155471860e+01 -8.931461744458177421e+00 -4.139781974626600913e+00 -2.025723718067816037e+01 -1.128391198168246667e+01 8.328439966328574883e+03
-5.239704352435917656e+01 -1.920318578861056125e+01 -5.691586281840557859e+01 6.458172865109726501e+01 5.226799986980107171e+00 1.523047828907229828e+01 -2.846122367793903507e+01 -2.241157788665470996e+00 -9.872560850546793887e+00 -1.824252173919224163e+01 -3.203670966756195781e+01 1.539622308079064972e+01 6.389140807439178005e+00 1.333325120783723833e+04
-2.926280051690638828e+01 -1.687404617704887855e+01 -3.576487743078934756e+01 3.604411713265227490e+01 -8.441163726035364689e+00 -5.061672715206849027e+00 -9.700616155154101250e+00 -7.727978035998027906e+00 2.444022573839912482e+01 -1.067466574510358512e+01 -1.758211236483310458e+01 7.455093132934294431e+00 7.765269620656593652e+00 5.106328764054715066e+03
-2.874394551246478002e+01 -2.304337702520025388e+01 -4.817713754657287950e+01 5.129412796535036279e+01 -1.179680754913621854e+01 -5.831779758015316339e+00 -1.216463719670089105e+01 -1.339692332564785637e+01 3.169230496847815104e+01 -1.657577634332229266e+01 -1.678001440581635251e+01 9.662079426108800106e+00 5.360006116582089142e+00 8.492778933938716364e+03
-3.293573228210790660e+01 -4.192156673170550363e+01 -6.513993416952129678e+01 4.627466396841903418e+01 1.912005681812743774e+00 6.199210050904439662e+00 -1.164193603586760339e+01 -3.050140268150353506e+01 1.940855046759171643e+01 1.947343882301442730e-01 4.512936048056932492e+00 9.302450583418035990e+00 -4.979822721216418557e+00 1.084312254408471563e+04
-2.673868857107337149e+01 -2.749808254548987207e+01 -5.503237934752596772e+01 4.119382730385022029e+01 2.159006531730515377e+00 9.456256843304549520e+00 -8.866561617470511081e+00 -2.935123885977404612e+01 1.899916839570897054e+01 -2.526797794492362303e+00 -1.151435914071563760e+00 4.141109989021472870e+00 -9.222528712276265139e+00 7.701672174256278595e+03
-2.431048465292334271e+01 -1.955474432058647238e+01 -4.421706724831962987e+01 2.582943695662009276e+01 -2.437059332963601221e+00 8.701158744472923701e+00 -6.072220666726518168e+00 -2.315910432860441048e+01 1.766276115011709535e+01 -7.076434843521754559e+00 -7.834718063990688819e+00 9.877617072791661457e+00 -2.338213768575104545e+00 4.777028369206645039e+03
-3.069192199681370070e+01 -1.443236713532665405e+01 -4.893314874062686215e+01 2.841897947042802386e+01 -1.136177753928050649e+01 1.650731167860306670e+01 -1.169046244253261158e+01 -2.964649157615632902e+01 1.379812568178657095e+01 -9.467526338818949228e+00 2.346479073959583328e+00 1.220784512900445584e+01 -9.996233027472852584e+00 6.304025888186728480e+03
-3.001851335711680591e+01 -9.335098002295172392e+00 -4.129593693634154761e+01 1.507079555817156802e+01 -3.304964197058240849e+00 1.643921194052154888e+01 -3.546008564850275047e+00 -1.841447802532665534e+01 1.150504274492199386e+01 -9.314227206682126337e+00 2.627854436294853713e+00 1.059998865111251121e+01 -1.547470315634021931e+00 3.894357020086826651e+03
-3.070351472923575997e+01 5.331722796775173023e+00 -4.135683128378989437e+01 1.079793074537097830e+01 7.305525222554646092e+00 -3.432630975049201782e-01 -1.054715100021112573e+00 -2.128058563756835753e+01 -3.520589341400468975e+00 -1.058449765028903045e+01 2.983767697867475643e+00 1.066091611887203605e+01 -1.110875373116838638e+01 3.675968715727290601e+03
-3.227127497897081554e+01 1.645127612764633440e+01 -4.741321797790577364e+01 2.840410267628391772e+00 -1.484153811909066079e+01 1.271969200419992507e+00 -1.813120468815941422e+01 -2.402214192779867830e+01 -1.218244572547574123e+00 -2.877453148711747843e+01 3.479106977310196247e-01 1.151374448004379580e+01 -1.068016129619092425e+01 5.772064871395391492e+03
-3.008084986171866859e+01 1.443715811296246621e+01 -3.631561800556962538e+01 -9.870040572358377062e+00 -6.726818348564822969e+00 5.854170206662373310e+00 -5.013953171903873240e+00 -1.212764266951112546e+01 7.393812144334287240e+00 -2.360330954697357697e+01 8.686853316699619243e-02 2.015063453224677303e+01 -4.034872990641449775e+00 3.815392209681742315e+03
-3.177045211833926786e+01 2.198343523685348799e+01 -3.886353131465732957e+01 -1.225039337675008966e+01 -1.244130442798505953e+01 9.116182884315602308e+00 -5.267397053345304059e+00 -1.677781915824824921e+01 2.160827046580722666e+01 -1.750191739364326438e+01 -5.260683514465994470e+00 3.269573917304783350e+01 5.238578922193090293e+00 5.597574115634438385e+03
-3.519143018200235673e+01 2.856764650285454366e+01 -4.916964013400011879e+01 -8.281803345704155106e+00 -1.965447199682640189e+01 4.103166810326445813e+00 -1.979490375848947714e+00 -2.383900437275701023e+01 2.859538355941033672e+01 -1.791766886919174340e+01 -8.879691404388157849e+00 3.722336137061394368e+01 3.876806585547877937e+00 8.134335720592624057e+03
-3.364333058022553047e+01 1.543438082600868988e+01 -3.700296308978362703e+01 -1.816206899982308087e+01 -1.947426525295668043e+01 -2.365640712568857662e+00 1.164561730309614074e+00 -1.777040207026039198e+01 1.521208671055440931e+01 -1.443128648534306535e+01 -2.057171725580051813e+01 2.658187618447146150e+01 1.551295561692037639e+00 5.343028310647091530e+03
-3.816301819279156149e+01 2.756681034241230321e+01 -4.541012477111041790e+01 3.702096553786608624e+00 -4.428640487569835216e+01 1.430543080554299529e+01 8.978796045409422888e+00 -2.383373440083987660e+01 2.369859798413696339e+01 -9.175620799175595366e+00 -9.432636529680063830e+00 2.145617874256898006e+01 3.341587380036503241e+00 8.313050629737086638e+03
-3.650785942889785929e+01 1.152201053618015969e+01 -3.319302173097181452e+01 -5.275283866337239225e+00 -3.706547893845725383e+01 -9.975619254152018556e+00 2.066594987000339856e+01 -1.372956212496462136e+01 3.614300091569290885e+00 -1.262093437710012367e+01 -5.512519222253978057e+00 1.312819636404039692e+01 -2.430382093540195854e+00 5.065126221765111040e+03
-4.083672383328626410e+01 1.878127106914488209e+01 -4.098199048272912393e+01 5.707017011729347722e+00 -3.642287900831490077e+01 -1.283169683729377475e+01 2.161898177945979072e+01 -1.736484683475730861e+01 5.926837064504915986e+00 -1.077363613238309803e+01 -6.769921024312157698e+00 1.470400782675298501e+00 -2.035883385733597617e+00 6.196001944660817571e+03
-4.849253582051539979e+01 3.214960092084493226e+01 -3.490230706411519890e+01 9.966782463440258866e+00 -4.027089023779971910e+01 4.590131355166891858e+00 1.297248989092211069e+01 -1.384474823736992377e+01 1.457192924118798416e+01 -4.479221239268854404e+00 -1.041551170264891191e+01 -1.558661219010787580e+00 2.201349406934658859e+00 7.053569907629304907e+03
-4.904945585793446838e+01 1.915274775369374538e+01 -2.075491196713553066e+01 -2.332864932121907486e+01 -3.443492328885325549e+01 -1.387332095815797395e+01 6.604135913029451910e-01 -2.118461304210947205e+01 -9.430031163853287879e+00 -1.465213619319743366e+01 -2.039636037664035229e+01 -7.986161511125905221e+00 -5.825054269529230666e+00 6.392458200878593743e+03
-5.534011140740293655e+01 2.808023936722902647e+01 -2.207366200825403624e+01 -1.610247441832848736e+01 -4.538208169322415131e+01 -4.651140701727382698e+00 -4.816743478481331775e-01 -4.172125409101820281e+01 5.613481366243427750e+00 -4.609671105134466096e+00 6.072412084596936488e+00 1.340858711015837734e+01 -3.415926888304400943e+00 8.700718706163403112e+03
-5.607192219085671070e+01 1.886934784908569540e+01 -1.109146466029604738e+01 -1.060481120122456389e+01 -3.219390580738380692e+01 -1.345081942359804117e+01 -2.186069431812235919e+01 -3.167610912783285571e+01 3.715535477069091819e+00 -3.158636045579026330e+00 6.196158506300721847e+00 -1.199100372859751573e-02 -8.344477467459039843e+00 6.566038328975299009e+03
-6.035998731361713254e+01 1.148575882018893957e+01 -9.940212058786508820e+00 -1.838273787837380269e+00 -2.514683889284191309e+01 -2.119379981782928968e-01 -1.500557465742344654e+01 -1.657903266350434279e+01 6.204048928065896362e+00 -8.166559895866043917e+00 1.502731358721957022e+01 6.243582529965319594e+00 -4.402541623986371278e+00 5.399245582185593776e+03
-5.545351185146333250e+01 2.062628257308142476e+00 -2.271229678592641577e+01 1.298132142443031611e+01 -2.434932440242506146e+01 -9.493204578339019761e+00 -3.616396606928096702e+01 -7.679336783372407105e+00 1.838649460301177641e+01 -3.760133358321062502e+01 1.074414642483946913e+01 2.617966110995877216e+01 -6.761843136525734543e+00 8.411982062374021552e+03
-5.425592307780118517e+01 1.574923064091677816e-01 -2.909637064504877912e+01 1.576124441127567977e+01 -3.079848532110317905e+01 -7.162928454039112935e+00 -1.835035673840996395e+01 -9.107014398929846877e+00 4.236429673119033623e+00 -4.637301421236537635e+01 9.894665791751677375e+00 1.987286248410658729e+01 -9.119287468924705209e+00 8.202673410657082059e+03
-5.848657942318317993e+01 -5.125634606671949811e+00 -3.271164154588496586e+01 1.434946752962753713e+01 -4.689781928859809312e+01 1.233929917223983352e+01 -6.387427750369918833e+00 4.199164179279349263e+00 1.197977674908712098e+00 -3.880777903958190223e+01 1.089689797544277816e+01 2.848365586983758746e-02 -8.183321403895753576e+00 8.826195595414423224e+03
-6.372687885411396280e+01 -1.258130564871679802e+01 -2.609272480460602850e+01 1.668888748163228541e+01 -3.868923697812865470e+01 2.594177412105149472e+01 -1.671213601559964346e+01 5.504656606110037487e+00 6.880218727601917550e+00 -4.130647480140761729e+01 5.156528676449461557e+00 2.466892100041282010e+00 -3.855262948805974421e+00 9.459283697757080517e+03
-7.054773711409769987e+01 -1.815840008416559925e+01 -1.740023055093982762e+01 1.642811849005334679e+01 -3.830334609009773317e+01 2.366658939577349230e+01 -2.008665335265767382e+01 -7.022511375185862548e+00 9.713767483471404063e+00 -3.670655756699508032e+01 1.315621499045103393e+00 -7.390681826302693658e+00 -1.238385148510594469e+01 1.001084635266956866e+04
