-6.200366192000563359e+01 -2.857265708393932613e+01 -5.432877480718821772e+01 2.880622556993573369e+01 -1.662690163218990236e+01 2.555659902090958013e+01 5.868686004676606949e+00 -2.820155352651184799e+01 1.145438198898466098e+01 -1.010767279543797947e+01 1.253797141155538775e+01 -1.292523009382365373e+01 -6.780928972170671365e+00 1.080523915000530906e+04
-5.769786671857776383e+01 -2.984046817471141111e+01 -5.611169152424848505e+01 1.768940329472600581e+01 -2.452105502970014683e+01 2.512453587989291393e+01 1.612420482127555132e+01 -2.781152537445661821e+01 1.291746281516573447e+01 -1.503406226671480495e+00 8.384298542649597508e+00 -1.606226080703969927e+01 -1.288924842956504335e+01 1.061047613234697747e+04
-5.303465021874457364e+01 -1.013025838372142395e+01 -5.144219936031007023e+01 3.246332231075930963e+01 -2.645121824055835447e+01 2.799484003681087074e+01 2.371442113419723441e+00 -2.991971109642716087e+01 1.363129466015741897e+01 -1.033812127158929783e+01 1.099616098764214911e+01 -9.446151541050483047e+00 -6.299853205701978709e+00 9.542176725465065829e+03
-5.186145130971157613e+01 -1.857800461182223373e+01 -4.699484738564552089e+01 2.165281586674634440e+01 -1.835530524977673394e+01 1.931746535872862580e+01 5.721333589756969484e-01 -1.900180211890981141e+01 1.664091232763466977e+01 -1.339380175522580174e+01 8.081601436431286700e+00 -2.685720981382071493e+00 -3.138423021548996772e+00 7.322278988694296459e+03
-5.104432445323046608e+01 -1.846769008381924593e+01 -4.524161835697032075e+01 2.468779391360223130e+01 -2.443841827069774197e+01 1.930710376797616590e+01 5.286153647123430055e+00 -1.588836250431550923e+01 1.631364595283246288e+01 -1.625796944263284516e+01 -4.187074351825822993e-01 -1.497710292350677985e+00 -7.796530663522678317e+00 7.446914819822703976e+03
-5.588292435342100362e+01 -2.883189129175060827e+01 -7.130835655503071280e+01 3.028133971715393447e+00 -5.140157039193216093e+01 -8.203918551723900165e+00 -2.030688204590764911e+01 -5.120761552731882205e+01 6.827276482062001328e+00 -2.913403575046470806e+01 -1.385767458069074642e+00 -1.322169915638824556e+01 -2.345259486968979346e+01 1.641440719388328580e+04
-5.200661785467132603e+01 -2.057476992907489333e+01 -5.195844928031395682e+01 1.396867952794507595e+01 -2.353600040545287087e+01 8.923715141956916952e+00 1.680920030776557050e+00 -2.560931790386441875e+01 2.143629954023932171e+01 -4.465534331994207129e+00 1.270704890351487393e+01 2.372939519945251874e+00 -1.076766213852883425e+01 8.077550996937126001e+03
-5.529827293097815755e+01 -2.488338944732950697e+00 -6.608621436191361909e+01 2.571579013374823575e+01 -3.899951997504958712e+01 4.509817655018027338e+00 -1.000139008133068685e+01 -1.787171251005825923e+01 2.351536382751916676e+01 -7.687853584754124725e+00 1.239957494739623556e+01 -6.021217448754157431e+00 9.597404847858312937e-01 1.085650838483215193e+04
-4.713977046642585833e+01 1.147361839083758639e+01 -2.457645307138920288e+01 2.893191198615041060e+01 -1.431566345719254052e+01 -1.593493877146302751e+01 -1.836886847284833024e+01 -3.288054839374097327e+01 1.028670991084278441e+01 -6.224329450309811662e+00 2.446756870284795937e+00 -7.206231418938363831e+00 -1.805349967642550979e+01 6.200669659774350293e+03
-4.600859931619843479e+01 2.753628280745748569e+01 -2.668914009799728149e+01 2.588157341122940025e+01 -3.304793912091871988e+01 -2.439436206888312597e+01 -3.081381780345041932e+01 -2.793852028204736726e+01 2.310681911238392061e+01 -8.606456805055159975e+00 -3.089333411583492950e+00 -1.815995481199992767e+01 -2.155663626810685685e+01 9.086520282491461330e+03
-4.039933030442285400e+01 2.377676226540902604e+01 -1.053953606109710428e+01 5.316939811993590226e+00 -1.040199428822208461e+01 -2.573680179295420700e+01 -3.938662060704851342e+01 -2.356623565072570159e+01 1.691710811621768329e+01 -1.248338468408892288e+00 -6.162903378512785579e+00 -9.519652047115757298e+00 -1.602155370599428608e+01 5.887092011762901166e+03
-4.162481561849393330e+01 2.988461567017659704e+01 -2.801838871312642709e+01 -3.394846194480857893e+00 -1.826157847990760175e+01 -3.206778870451316266e+01 -4.364512224083289738e+01 -3.702053300628043786e+01 8.680674582819545293e+00 -1.837464477221247705e+01 -1.951249970076510110e+01 -1.090254752400747051e+01 -1.932729777696144424e+01 9.345644804416029729e+03
-3.809413465244198704e+01 2.435184708545948595e+01 -2.248631633932414786e+01 -1.352704024032000341e+01 -1.029580889344225092e+01 -2.783045034154639907e+01 -4.181944924470185754e+01 -3.092462635793948778e+01 2.630701720735818316e+00 -8.658835862760563273e+00 -1.982437642903903807e+01 -1.269456417793942293e+01 -1.338268464806479408e+01 7.133677427958622502e+03
-4.115809232795049155e+01 3.824502084420627313e+01 -4.182900569133767021e+01 -5.543291907540779384e+00 -1.306317499323444409e+01 -2.268739614272948657e+01 -2.697452200510072018e+01 -3.043568874592570239e+01 1.750013730020692293e+01 -1.451462807836022684e+01 -1.963463965095739283e+01 -9.895742781155028922e+00 -2.079935096753891344e+01 8.709371491095378587e+03
-3.580333701081752196e+01 2.089533797255448633e+01 -3.286972475347251077e+01 -2.035915028318794739e+01 -1.064569552695382448e+01 -2.262540702246488067e+01 -3.599896921091571045e+01 -3.241043550070173751e+01 -3.693653537608339921e+00 -1.672191534644145250e+01 -2.698924525252594364e+01 -1.154856790700473113e+01 -1.395333121357115047e+01 7.534759646767093727e+03
-3.972598092905155198e+01 3.299372258920853085e+01 -5.216698842649401513e+01 -1.361647630547045296e+00 -1.284831076559103025e+01 -1.790701549760126099e+01 -1.549156073164708758e+01 -3.779851833801696870e+01 7.432800047273191879e+00 -2.135256752656860968e+01 -2.001181097866717451e+01 5.596195094253311630e+00 -1.916898471583550645e+01 8.854863402575203509e+03
-3.729292389649127415e+01 2.075529576573354262e+01 -3.943965301480866970e+01 -1.461755020789806103e+01 -1.181226742706253496e+00 -2.088094557662178019e+01 -3.024653241177188789e+01 -3.373816685407768290e+01 -1.666784799805310158e+01 -2.817321688863659546e+01 -1.743537361401986274e+01 1.485197837242580476e+00 -1.524134173310506490e+01 7.691273159724833022e+03
-3.724192898635734394e+01 2.336644473959320933e+01 -3.765991729307591385e+01 -3.410897322328043657e+00 6.441173014999921342e-01 -1.672359157910193872e+01 -2.251371525281895103e+01 -2.821551637588040151e+01 -5.795488759854960037e+00 -1.024104925000396449e+01 -7.023197966730275077e+00 -4.337942038721691596e-01 -1.306418191996921330e+01 5.304584862739278833e+03
-4.063487074359372286e+01 2.891877598026824359e+01 -5.061573824482734807e+01 6.981285618371076751e+00 -9.722779198949154988e+00 -1.448361254110549545e+01 -3.052761062656337998e+01 -4.836794432248547082e+01 -8.007502132428111707e+00 -1.161374859709560781e+01 -2.055281599356552746e+01 -1.034891471647286210e+01 -2.117775326091383903e+01 9.850894908773887437e+03
-3.858241496566456163e+01 2.105928162090742717e+01 -3.744968123291624806e+01 4.100939745401626091e+00 2.774116374796105067e+00 -7.272158297076995126e+00 -2.422795919461326619e+01 -3.555890926016428466e+01 -1.965603276002320987e+00 -8.691473469284606068e+00 -1.243064448616466855e+01 -7.672407998021260056e+00 -1.390886016695418448e+01 5.749650925960289896e+03
-4.107893035460254083e+01 2.333417741749346064e+01 -4.306508701035988906e+01 4.978709993926611510e+00 2.876775450530586919e+00 -2.993669577604704646e+00 -1.769577007321621664e+01 -4.787246094447642975e+01 -8.676738618147691540e+00 -2.106268551135432787e+01 -1.955577714616254070e+01 -4.574655861705213766e+00 -2.165319538443813840e+01 8.124641597537980488e+03
-4.614275227573005367e+01 2.770844212967073972e+01 -4.713508299729321038e+01 1.638504452208397311e+01 -1.806633101949101539e+00 9.431588474190953919e-01 -4.788980188746744027e+00 -5.775572255906806163e+01 -1.862730476699372195e+00 -2.663952250206903472e+01 -2.139553066595469133e+01 -2.251075036992244094e+00 -2.905693277180263223e+01 1.077018371470197235e+04
-4.768052072319390788e+01 2.951087593969598188e+01 -4.078466815185411320e+01 1.875567325338068514e+01 -8.757998919878557942e+00 1.188349636544630705e+01 -2.209287315023153297e+01 -4.773506694571216258e+01 -1.112548936753914530e+00 -2.542694490634933047e+01 -2.497025707972548503e+01 -3.940388004484803863e-01 -1.331926642333352717e+01 9.592979137566282589e+03
-4.777951114019930401e+01 2.240490878166396627e+01 -2.941383086465854646e+01 9.592397894119727653e+00 8.276577741251125886e+00 3.269914329459207458e+00 -1.700793397664619633e+01 -4.019555018687552206e+01 2.527139557746470366e+00 -2.061793182139963321e+01 -2.180215184784285043e+01 6.050288146970044245e+00 -1.420323582885791858e+01 6.871352584417654725e+03
-4.944419118799635982e+01 2.503665451603379566e+01 -3.171159876566661495e+01 1.453048689725762266e+01 6.040954335282251897e+00 1.056377282289155772e+01 -1.146786338552375106e+01 -4.397942003018613377e+01 6.427474280924880823e+00 -1.559753678272428878e+01 -1.905227168548558225e+01 2.259600413937336683e+00 -1.837893760933135212e+01 7.492586137067881282e+03
-5.089179116278779702e+01 1.951724704381860676e+01 -2.686309860336131905e+01 8.121378992964444876e+00 8.243770533568312686e+00 8.920886628046076794e+00 -1.563024936316961622e+01 -3.564540346677153337e+01 -1.714839532592689730e+00 -1.112710230287834179e+01 -9.759279091683756846e+00 -3.379350160639904566e+00 -1.957249219346027047e+01 6.037420724393821729e+03
-5.536690159003217815e+01 2.746268956974886777e+01 -3.511695385411985626e+01 1.936002639543522719e+01 6.620856049009486988e+00 4.670302164060617933e+00 -1.166029189173677239e+01 -3.776861420422660132e+01 1.483459707389758409e+00 -8.903004983818853191e+00 -7.416287435040310960e+00 -7.687757427023268697e+00 -1.660996022198927591e+01 7.527240125739883297e+03
-5.671171595638771379e+01 1.745548059901401317e+01 -2.787341950408076841e+01 1.003568684419924395e+01 9.254220760447660510e+00 3.651159091628963793e+00 -6.397443601110141209e+00 -2.816576684260907726e+01 -6.147107383237090161e+00 -1.368251163599533093e+01 -1.978950270925912491e+01 -9.604118985676681319e+00 -5.442283117359479228e+00 6.070244344353447559e+03
-5.622028424207935871e+01 1.227230885658573634e+01 -3.044258077872468249e+01 4.557381696661933823e+00 1.057124559608718428e+00 -4.397736786503017470e+00 -1.709537434355808116e+01 -3.959555576716272185e+01 -9.800942453077922778e+00 -2.144438868552319732e+01 -2.533444932219149592e+01 -3.810165159552537872e+00 -4.627717996398154204e-02 7.351641940608125878e+03
-5.364667330344187945e+01 9.440042399347097213e-01 -4.041494310142979884e+01 2.081602184287419277e+01 -1.345484261800526760e+01 -1.021930996981767059e+01 -2.585331509646267900e+00 -4.918317856133788268e+01 -1.288812965505794139e+01 -4.973417395257665241e+00 -2.118537392356072857e+01 -1.482998543991500107e+01 -1.202523829991511306e+01 8.660860829523742723e+03
-5.091692489956595580e+01 -7.791949702642246844e-01 -5.471996747472522316e+01 3.112784107356277374e+01 -3.010758638264190878e+01 -1.207551354706717106e+01 2.149333993378387486e+00 -4.221871359175658256e+01 -1.198555843133300947e+01 -1.826270651905427655e+01 -1.588119544069247269e+01 -1.903327766389623221e+01 -1.075103042420605703e+01 1.060292465828785680e+04
-4.601955576548805027e+01 5.819473839613746868e+00 -4.520126077562727573e+01 3.691847680192092440e+01 -1.376291368885514288e+01 -9.194162224520182392e+00 5.165653630371617844e+00 -2.243107611999061390e+01 5.571680939474021876e+00 -1.303488348317549228e+00 -1.983267504147826044e+00 -1.794963790494931821e+00 -7.303817871816648655e+00 6.454824970122866034e+03
-4.288148761151337851e+01 1.929261438403916884e+01 -4.583425403513380303e+01 2.797025821374386823e+01 -6.719105138186949766e+00 -1.576204937241979387e+01 -2.604854172110590671e+00 -3.903153142138269516e+01 -1.869481243981812213e+01 -1.915335295674338667e+01 -2.340599999133259335e+00 2.544100293979886906e+00 -8.439674884523103771e+00 7.717501330145042630e+03
-4.249087760464110630e+01 2.691377295538591596e+01 -4.657873565730373144e+01 1.974803255649415945e+01 -2.891637943011785783e+00 -9.174110431611424588e+00 -8.166824388481391139e+00 -4.185059124383395357e+01 -1.712336134679768662e+01 -2.010463693031025656e+01 -7.484539248047537008e+00 9.344551985183340292e+00 1.159560845219719027e+00 7.842173630673340995e+03
-4.430894643005123612e+01 1.519784493217279575e+01 -3.425004439895128883e+01 3.041324048276593306e+00 2.567828884609000717e+00 -8.899529066854046988e+00 -1.332641529463720786e+01 -3.573008591738702222e+01 -2.620217159754998448e+01 -2.317629449074031456e+01 -2.065549569079031400e+01 4.440771715231997874e+00 1.271517576174507091e+01 6.748340237741796955e+03
-4.518134895351904845e+01 1.639032113415526482e+01 -2.808308322029929371e+01 -1.938522698341238248e+00 -2.293942501669270051e+00 -9.191321717466868435e+00 -3.384052509537264886e+00 -1.811531060208475807e+01 -1.194635564838243447e+01 -1.622689558129517096e+01 -2.224640393330090049e+01 1.314881579697277258e+00 1.161519051679118597e+01 4.569344816020349754e+03
-4.702203081935526541e+01 3.240570947555931269e+01 -4.941019172960291428e+01 6.048223767169131904e+00 -9.803966435017814618e+00 -7.778389777005337180e+00 -1.006222761706495561e+01 -4.868030844060459827e+01 -5.153726829008097532e+00 -3.297700687795200025e+01 -3.750916353797646963e+01 9.460579063921660037e+00 1.381098942513444783e+00 1.097918262904554103e+04
-4.066361043696321076e+01 3.322055291498056562e+01 -4.003424073060817534e+01 3.428214108333512034e+00 -1.493430001112758454e+01 -2.722394186146891215e+00 -2.016801067069785347e+01 -2.514219719699533329e+01 1.260585631530573458e+01 -2.063826289548764592e+01 -2.379481754976848507e+01 2.511509412246620343e+01 4.912054350176657813e-01 7.422999000399998295e+03
-3.866645851739873763e+01 3.395222780185340383e+01 -3.998955882479021540e+01 7.364924222859182024e+00 -1.593077801825659456e+01 3.857947343315288879e+00 -2.079681498804858109e+01 -2.977198875871428285e+01 1.819436076520242906e+01 -2.609659035504450131e+01 -2.849580391901420029e+01 3.995439922357729756e+01 1.032381014509027395e+01 9.415820691096481823e+03
-3.567310451495229984e+01 2.279955769535734689e+01 -3.270418121866579497e+01 -8.385763504897168374e+00 -1.685941699737230692e+01 -2.106695865624721975e+01 -1.967276099906859343e+01 -3.919715376070541879e+01 1.492740671198515390e+00 -2.133334098936392209e+01 -3.255646849303295198e+01 2.225976684243378045e+01 1.002319747502032143e+01 7.696990853084749688e+03
-3.744020212293039407e+01 2.754716214672751917e+01 -3.544308913456079324e+01 5.626762722211791079e+00 -1.702129659391212613e+01 -1.277209062714410415e+01 -1.348913033881899004e+01 -3.093589901452845226e+01 3.472490993275427762e+00 -2.325266543022219423e+01 -2.265827452971795708e+01 2.894877890797398834e+01 9.240599729135071883e+00 7.029887756926274051e+03
-3.670754270884284409e+01 2.257217904163432820e+01 -2.811324102225457011e+01 1.451655145951501691e+00 -1.501548216506526678e+01 -1.279696686205645939e+01 -1.348748553235104453e+01 -3.204484254953011657e+01 1.312446871436494966e+00 -1.705285820085629211e+01 -1.719899310470011500e+01 2.410399358881726073e+01 2.739278112999466774e+00 5.424253852309259855e+03
-3.977930999973623472e+01 2.326659237671877989e+01 -3.807738076124286408e+01 6.401093370755225997e+00 -2.377276629303382904e+01 -2.938006251525887436e+01 -1.531522671523332768e+01 -4.641032619817956117e+01 -5.298768879359456285e+00 -3.383549668571266977e+01 -3.439445889747297969e+01 1.908254012459561721e+01 -2.330805792476979388e+00 1.015686836834619862e+04
-3.983918825366206562e+01 2.266648714829013400e+01 -3.479844291443453130e+01 8.858932788021888882e+00 -2.408568581864735947e+01 -2.703768093023355590e+01 -1.962063618857810710e+01 -4.137600664689628616e+01 -7.283473128530427942e+00 -3.589127237802154013e+01 -3.689104057000357528e+01 1.079361724831969305e+01 6.375461839075479142e-01 9.617532548199273151e+03
-3.894665053102725238e+01 1.986357563152824568e+01 -2.683798139574558661e+01 1.846116526296658789e+00 -2.036663550540141188e+01 -3.146508266172031654e+01 -1.511625887452144923e+01 -3.540507934124038769e+01 -1.018567416113817004e+01 -3.031182986416629532e+01 -3.552275943372119826e+01 1.161525288261757183e+01 -3.198174522935204322e+00 7.951524655745683049e+03
-4.247561470278036921e+01 2.533836793879097016e+01 -3.798324327054937299e+01 9.409385778801871325e+00 -3.066179392685854310e+01 -2.029544465790482022e+01 -2.702067429536843335e+01 -4.978382966907975060e+01 -1.202484670252246168e+01 -3.597110236332437694e+01 -3.319666324154461279e+01 6.334757247972106597e+00 -1.081301646756185697e+01 1.123565732917914465e+04
-3.836581426990618837e+01 1.871271159067024925e+01 -1.875244252857050142e+01 9.104436304906934341e-01 -1.570373705242463735e+01 -1.691671498140161134e+01 -1.194511857760867990e+01 -2.843723215537949400e+01 -9.226159612189716697e+00 -2.633107304068539634e+01 -2.348079762402404214e+01 1.463284412766842735e+01 1.193205341753191151e+00 5.204068073702047514e+03
-4.353172020244262796e+01 1.780643711567607212e+01 -3.190948981968243814e+01 5.709768173556805770e+00 -1.784203022382229165e+01 -1.494631105033600171e+01 -1.988146360720648986e-01 -3.539737479444942636e+01 -1.251873151887917501e+01 -3.763062163092889278e+01 -4.312848424885038412e+01 4.540853307237872727e+00 -1.205159135542747784e+01 8.656349465537197830e+03
-4.481721086020283451e+01 1.904351063804059407e+01 -3.874091497680540641e+01 8.130731519281017228e+00 -2.633776916416394798e+01 -1.927868879923312306e+01 -1.390881777576760747e+01 -4.984007944065687212e+01 -2.228997126478808255e+01 -4.131012868851372133e+01 -4.335760862006952010e+01 -8.386417142149085180e-01 -1.341167613187965379e+01 1.194486778500972468e+04
-4.344663308350562403e+01 1.787732251768990821e+01 -3.512234420222699782e+01 4.991383025006429719e+00 -1.795259210627348523e+01 -1.449168479714119151e+01 -9.953351287426198013e+00 -4.345585974767357840e+01 -1.868957880374344072e+01 -3.505671868598516028e+01 -3.347093480924675646e+01 5.570345978932552455e+00 -9.715277204828360880e+00 8.809479716696763717e+03
-4.634073668902359344e+01 2.528896232064160898e+01 -4.339867517987932644e+01 2.728303702597369096e+01 -1.802641010809709243e+01 -1.441597622697996739e+00 -3.321453446668381826e+00 -3.384357737754062612e+01 -1.635060784271775347e+01 -2.552815250767922350e+01 -2.398356428655790751e+01 1.463067470729363606e+01 -2.314703386975212940e+00 8.611908853994056699e+03
-4.741755458195785167e+01 1.801930463287491335e+01 -4.029333699043227313e+01 2.292302625117108406e+01 -1.483163909412149373e+01 -6.493928119543871169e+00 -3.167004658383417492e+00 -4.038430219807557364e+01 -1.174509521921066124e+01 -2.540348221408503093e+01 -1.729622726177597514e+01 1.186929977471520559e+01 -2.524250037813222658e+00 7.854904126689621080e+03
-4.938574496463594699e+01 1.682527654730379396e+01 -4.067144112828148650e+01 3.248015711439813202e+01 -1.975530554148918938e+01 2.908961325991077373e+00 -3.558590543835384423e+00 -3.753020806025820377e+01 -5.505700990501061654e+00 -2.459587917891478526e+01 -1.701916159173755361e+01 7.562983066039061342e+00 3.003855751241852001e+00 8.242226442468934692e+03
-4.869895893355000283e+01 1.042332371694718596e+01 -3.989347913849581317e+01 2.969452921727214800e+01 -1.936783918221015099e+01 3.163511749206181500e-01 8.007009822308546632e+00 -3.012970544619838975e+01 -9.103982032356924492e+00 -2.548590125168689013e+01 -1.668591534984041758e+01 -1.183657311317019678e+00 -7.372106591292010291e-01 7.313391597656765043e+03
-4.945990368665590609e+01 8.156224191753365105e+00 -4.416700541087714527e+01 3.211115319887642983e+01 -1.968243168197128767e+01 5.514440805193808082e+00 6.836683698229557571e+00 -2.036363474605872881e+01 -7.187667852814949576e+00 -1.396833786581980696e+01 -5.937931725786714132e+00 4.904254173152178709e+00 -3.951744701907905277e+00 6.695585691115693407e+03
-5.182357012386810169e+01 2.509692193960365358e+00 -4.876971366907914529e+01 2.969294528881145823e+01 -2.790344464697892235e+01 -1.421796134606533535e+00 -9.536775051295734329e+00 -3.814279074837348560e+01 -9.711687554315050264e+00 -3.236154347718261448e+01 -1.635205663241277207e+01 -1.905561569990435089e+01 -2.331939837079347200e+01 1.059447019601489592e+04
-4.900134081617069626e+01 1.052392082961613573e+00 -4.155221062243737151e+01 3.347981098187418780e+01 -3.039223905369023626e+01 1.067593739351148763e+01 -1.098227850773785796e+01 -2.619204214518105900e+01 -3.147026030540560626e+00 -2.573252197828029963e+01 -3.406554557508870928e+00 -1.320968454257514324e+01 -1.415186035193089964e+01 8.152462220043275920e+03
-4.832674653350908756e+01 -9.478174381255771053e+00 -3.322948378940723302e+01 1.975714573677241503e+01 -1.819259660635230702e+01 8.099129255911259762e+00 -1.214515899779354768e+01 -3.170177645218014817e+01 -4.520585198813551031e+00 -2.627415458339116228e+01 -6.448939182421254968e-01 -1.050727496559816032e+01 -1.160152462388837868e+01 6.425108582560004834e+03
-5.320197991488598888e+01 -8.921855108552576574e-01 -5.567356331719700790e+01 3.838951850002171540e+01 -3.323384900556037991e+01 1.920387523577762678e+01 -6.355844777033758497e+00 -2.245701481119979448e+01 -1.025513611791367241e+00 -3.300793383325332542e+01 7.001696274647757789e+00 -3.127487473971979171e+01 -9.894740913610679200e+00 1.163816207836651847e+04
-5.033827015898368984e+01 -2.649234482228773668e+00 -4.948229398315675098e+01 3.504413506250580923e+01 -3.255502429981884660e+01 1.251912459325853710e+01 -1.263892443291770284e+01 -1.745160142548316529e+01 4.321753653536006823e+00 -2.526319979622436662e+01 -2.516264391698164182e+00 -1.876229318289705361e+01 -4.027162905642757806e+00 8.929887688557915681e+03
-5.006104936637233749e+01 -2.008778058362882479e+00 -6.044679754385870041e+01 2.791696156397763673e+01 -3.424091304358021404e+01 -1.192376198102803375e+00 -1.471336019749626445e+01 -4.888405077550251576e+01 3.572575978910781824e+00 -4.282748445709620455e+01 -1.918973627729838149e+00 -2.487129736671418456e+01 -1.287564864260574282e+01 1.335831414930516621e+04
-5.052161439450924973e+01 -2.208893424283363771e+00 -5.113448498247115737e+01 3.472858950877953532e+01 -1.091536270488988691e+01 8.555400551973663781e+00 -1.639299960907613540e+00 -2.983210186087688243e+01 1.994314802798337505e+00 -2.302837424538537903e+01 1.599463906870681074e+00 -1.297530384323911612e+01 -1.032991131617822411e+01 8.275012016594837405e+03
-4.430380004943158667e+01 6.940009661048228473e+00 -3.593621720055813995e+01 2.194736811433517687e+01 -4.594075786023938512e+00 9.737713577050746139e+00 -9.190095891975939679e+00 -4.513539357901201754e+01 -6.223009376077240695e+00 -1.556525758266085013e+01 -5.112864200231580725e+00 -1.277438751861941491e+01 -9.603741986342154036e+00 6.584240627075153498e+03
-3.839457907892295196e+01 2.533437664294724279e+00 -2.714042580118691816e+01 2.103631165074802567e+01 7.113009874991185200e+00 1.442999479407323626e+01 -2.991283030239905472e+01 -5.534781263379816352e+01 -2.258841964148827319e+00 -7.825657129157591818e+00 -4.516247879309101876e+00 -8.182704897007265998e+00 -1.479173771397018022e+01 7.249160504328410752e+03
-3.846807429334380402e+01 2.164513296378828500e+01 -4.815163305823694628e+01 2.585765373382361787e+01 -4.295223450629773509e+00 1.741568230782294080e+01 -2.260602326114300809e+01 -6.042997244562133830e+01 6.981049319371511075e+00 -1.969972171088394219e+01 4.982031190867825643e+00 -1.027581102423709591e+00 -2.375282095495279933e+01 1.044695848196411498e+04
-3.639294964713936054e+01 6.078618444685650601e+00 -3.204562341731344333e+01 5.620814334280652247e+00 1.033883303602305226e+01 5.652692220861424310e+00 -3.873571634615795034e+01 -6.646749898392006628e+01 -2.269108798742497513e+01 -1.592417379266671595e+01 -1.792995004474787102e+00 -9.086416933302380983e+00 -2.000503227626420255e+01 9.731584365296354008e+03
-3.585016205901757047e+01 1.537924463806939457e+01 -3.082384692430161621e+01 3.662285070897172701e-01 1.561444005406784075e-01 1.598194413375998657e+01 -3.002754414231712232e+01 -4.951124377250484088e+01 -6.579002125338524465e+00 -1.697626825024303798e+01 4.746097282688784003e-02 -1.661368884709177651e+00 -1.844609870589478362e+01 6.754960443567292714e+03
-3.812217050256635531e+01 1.078794009122128017e+01 -2.218078207891395692e+01 1.696498162711735702e+01 1.990944986559873087e+01 1.466286197887985132e+01 -3.929207953051589186e+01 -6.656488772284750155e+01 -1.709165254653705901e+01 -5.823740728724215110e+00 8.008518212435900452e+00 5.021390425128107182e+00 -1.271980805361555511e+01 9.512799522757626619e+03
-3.902615024515308306e+01 1.038648509506235840e+01 -2.351989369052804690e+01 1.239371421597798140e+01 1.205724815723104015e+01 1.127442922224306265e+01 -3.834432641951944021e+01 -7.007440321978261011e+01 -2.316867205347499947e+01 -1.014735581527599351e+01 2.832636149168984208e+00 -1.139414693220462738e+00 -1.479745402135755050e+01 9.858951303130230372e+03
-3.901765954373456680e+01 1.786237904692677603e+01 -2.112160079110394761e+01 6.066889194417184328e+00 1.249184005992939817e+01 1.117575462408139408e+01 -2.218215812484579530e+01 -4.663331382343928766e+01 -1.496604511473626964e+01 -2.295633368223761739e+00 -3.711777447604784341e-01 -1.345429199116222607e+00 -8.009326666726638067e+00 5.567378867934539812e+03
-4.749114993093695603e+01 2.412669943378511661e+01 -3.210398806059566112e+01 2.205533303780592647e+01 1.001647107344675369e+01 2.185836065393562677e+01 -2.279040067948691117e+01 -6.064893677615849299e+01 -1.351160664374501508e+01 -1.544785886893910920e+01 -4.244332757923600319e+00 3.165208347758686536e+00 4.147437969238111144e+00 9.596858234470424577e+03
-5.163688443518678639e+01 2.751233759050522210e+01 -4.020510383452199221e+01 2.830992942643022303e+01 2.291418264775130886e+00 2.161264213841320014e+01 -2.344571324562534187e+01 -5.529519840926253238e+01 3.087835152657846027e+00 -2.492513008072892688e+01 -9.467083947829088686e+00 4.332320031215151079e-01 3.135315679594104399e+00 1.065125677524970524e+04
-4.901858103912974229e+01 9.767659211119235962e+00 -2.706124820471854520e+01 8.225370160607802461e+00 1.615331285497304137e+01 7.980960262454867227e+00 -2.610025525759121834e+01 -5.506843852646903059e+01 -1.893580259826140022e+01 -1.420336298398259522e+01 -1.489797721298533340e+01 2.696442034262281684e+00 1.571288327144819974e-01 8.126123165635058285e+03
-4.992822421708844871e+01 1.405404064482035231e+01 -2.467523775784955120e+01 1.278641650082559167e+01 1.887182190887417121e+01 1.195326445823015504e+01 -1.929121798829957868e+01 -5.632474815254453659e+01 -2.031388510146361526e+01 -1.285319814841341746e+01 -1.847117864903308515e+01 4.826432976323804525e+00 7.931460767664143319e+00 8.511603572971704125e+03
-4.917026522642300534e+01 1.382960534641891037e+01 -3.003693771989403416e+01 7.806905789115925032e+00 6.641893879043005100e+00 6.361777423735816228e+00 -1.404969328186623656e+01 -5.411333102540275775e+01 -2.318376603120808355e+01 -1.811202244399807526e+01 -3.148903984896766772e+01 -9.310075651632818250e+00 -5.724653718444009165e+00 8.758912978179147103e+03
-4.684264248607266268e+01 2.917782713520614024e+01 -3.346580004097726402e+01 1.371537956707200223e+01 4.179558216723032515e+00 3.805604033964179678e+00 -1.227337552216870353e+00 -4.445898297722567349e+01 -1.433245195126735716e+01 -3.397196385728354695e+00 -1.423916533482363889e+01 1.089025955654405386e+01 1.971259904249857309e+00 6.905906584718184604e+03
-4.388566484902372622e+01 2.586436788875958115e+01 -3.530124590048220767e+01 4.006836379162207251e+00 1.164475338153541983e+00 -1.084738846506675625e+00 -8.961026345699179885e+00 -4.959459425861476234e+01 -2.715615559103394006e+01 -9.812499726086258534e+00 -1.303611734008192968e+01 1.262543611899618412e+01 6.048743301178632237e+00 7.599277464826530377e+03
-4.222957496665302557e+01 2.781447649513756915e+01 -3.900405154908521865e+01 5.043633626982680696e+00 2.612158401899567828e+00 -2.099178729049016923e+00 -8.787068955516945223e+00 -5.869861246704152080e+01 -3.023000936562717911e+01 -1.394654012077603156e+01 -1.498505930571987577e+01 2.120253277116446711e+01 9.227499890036321872e+00 9.505311591322881213e+03
-4.172613022030854779e+01 2.672913575524157537e+01 -4.332978804981820531e+01 -3.849362095529022643e+00 -7.717533179254473019e+00 -1.428683602039682121e+01 -1.329140929829426554e+01 -5.187878281230671007e+01 -2.484977226142182971e+01 -1.248490860497607180e+01 -1.231766200783090603e+01 1.981595326657343037e+01 -5.974635118527089617e-01 8.797686319606133111e+03
-4.415816304055719144e+01 3.711463796154325223e+01 -5.084333175100369573e+01 9.953562088888862291e+00 -2.814222926497071509e+00 -7.948896249658111479e+00 5.653963460748420822e+00 -4.019014989243135005e+01 -1.015181647967894030e+01 -8.361365227224160535e+00 -1.631204358860950521e+01 2.550922026553663358e+01 -5.297114001748435719e+00 8.847712057032267694e+03
-4.227297375180989292e+01 2.880089283287093238e+01 -4.065809896364267217e+01 1.124170820049751773e+00 9.370672741981717069e-01 -1.124408674298736166e+01 -3.049446628100797696e+00 -3.704135835597906379e+01 -2.048922991727535958e+01 -1.371160655802055395e+01 -1.605727387586532373e+01 2.105791002965306546e+01 2.507597649027875075e+00 7.094885806631474225e+03
-4.541119225424179717e+01 3.626157364154860829e+01 -4.616562373423282395e+01 3.904404469631502561e+00 -3.254444319005706632e+00 -2.264312315948495780e+01 -9.269994599661417922e+00 -4.219657990570794226e+01 -1.434789865784787466e+01 -2.433393994083001832e+00 -1.733928889139718166e+01 4.765222595883864543e+00 -6.243343548814954680e+00 8.487495110346555521e+03
-4.440556326131607534e+01 2.914994608761062622e+01 -4.151884891715992154e+01 -7.666408407470118647e+00 -2.330193797989169813e+00 -2.696750183109489640e+01 -1.765651399428105250e+01 -3.257741859214405622e+01 -2.219239781316868232e+01 -1.040230039633213011e+01 -1.943888945354801479e+01 -1.515636876007424583e-01 -1.378785035966074934e+00 7.690383502593267622e+03
-4.357064768209433225e+01 2.595250249025720990e+01 -3.244444964395213304e+01 -8.864490112773630415e+00 -2.831618020736915486e+00 -2.162130054335272078e+01 -1.932174715342032201e+01 -2.326042472559201002e+01 -1.861725536488161836e+01 -2.063744608854569051e+01 -1.481358602143712666e+01 -9.288766249238622486e-01 -9.676863973085000126e+00 6.179484409210673221e+03
-4.952155663653070405e+01 3.537110965206011315e+01 -4.621987615797940663e+01 2.154105504018400286e+00 -8.278402324632999409e+00 -2.437147459744984346e+01 -1.769126201781785213e+01 -3.201845533387288611e+01 -1.416982329143795916e+01 -3.073494030321647585e+01 -1.353719799446855632e+01 2.472104635595499644e+00 -2.170311988662685110e+01 9.650892936394435310e+03
-5.236462330071895366e+01 2.841444650949605588e+01 -3.806195115841591559e+01 9.438392314679450834e+00 8.215016882966823530e+00 -6.187667730578964687e+00 4.167455086088026839e+00 -1.392640764259360431e+01 -1.068197560081953057e+01 -2.008880596955279074e+01 -2.913059387072748141e+00 5.203744016837584141e+00 -1.515255434141141677e+01 6.187145663266032898e+03
-5.531609155295704738e+01 2.375948286655244956e+01 -3.580268167669228063e+01 8.751301369191065049e+00 6.444498503945551349e+00 -1.017619375667056403e+01 -5.264683910566676950e+00 -2.070812806905118819e+01 -2.163071436178355000e+01 -2.996710058567025214e+01 -7.079508445850248854e+00 -2.121513820382948889e+00 -1.248992243896625176e+01 7.160963591390232068e+03
-5.804872233524016423e+01 2.888990423065575897e+01 -3.595894306930857454e+01 1.095262654237065014e+01 7.636549012277464854e-01 -1.076472271676841785e+01 -2.005272607818202157e+00 -1.680275158706204053e+01 -7.829733519621518312e+00 -3.190217953324374278e+01 -6.004667478064174446e+00 -1.029158853914468486e+00 -2.004557688490888268e+01 7.538096487231056017e+03
-5.738707539827269244e+01 2.403922592537783132e+01 -2.804377568668514442e+01 5.134234248159445180e+00 5.432742629604646822e+00 -1.143504159432962730e+01 -9.129157266143183236e+00 -1.606805191967806934e+01 -8.543365801605162346e+00 -1.421410222012192293e+01 -1.879588584175943433e+00 5.771544652216474169e+00 -1.025522825843398778e+01 5.602816284260482462e+03
-5.637597436928295735e+01 2.162647847385527911e+01 -3.604210717016231058e+01 -4.428444978484478156e+00 -8.229572017933006745e-01 -1.572515767999633596e+01 -1.441878691303323023e+01 -2.517971592952391191e+01 -2.660012004437433575e+01 -1.837998377572955988e+01 -4.122267945188433647e-01 -6.296068619651423504e+00 -9.206916916946331853e+00 7.224444944491053320e+03
-5.396897837043920987e+01 1.545964191688207556e+01 -4.334162702069576056e+01 -3.332882724476722291e+00 -9.529491049029772398e+00 -1.445628408461313441e+01 -2.058826514059099466e+01 -3.893987525969711783e+01 -2.385174530949881344e+01 -2.169284116794835882e+01 -4.480325147491315718e+00 -1.079536161715400588e+01 -1.969661249733864850e+01 8.845296592521714047e+03
-5.071750218747628480e+01 7.404554166944278926e+00 -5.280135919478766482e+01 3.578070294588013667e+01 -2.021412892665737360e+01 1.286345607776430278e+01 -5.687639142949458382e+00 -2.418397775097569991e+01 -8.640343241195401092e+00 -1.820041047376221499e+01 1.351351569175472278e+01 -1.017038466496456905e+01 -1.172925964711651581e+01 8.716166051267600778e+03
-4.569911860247382407e+01 -1.846134135963746914e+01 -4.781467730750683387e+01 2.446132236672058724e+01 -1.964645313272325922e+01 -8.920176755340177621e+00 -1.139151078208867141e+01 -3.240666091841209351e+01 -1.083596456336463199e+01 -2.814043863803000178e+01 7.412150181344128619e+00 -2.763071349969951296e+00 -1.846803237671558406e+01 8.272286255834313124e+03
-4.437716711861063601e+01 -2.817113631517496586e+01 -4.308450562012430396e+01 3.727336330533010766e+01 -8.840500674054782237e+00 -1.155215565637647579e+01 4.660398908938553575e+00 -2.352141034426349719e+01 -2.182080300628151548e+01 -2.366131631364175547e+01 7.392484087997432951e+00 -1.521200411298923916e+00 -1.786303392935280598e+01 8.207163120810688270e+03
-4.314890026841695914e+01 -1.766375102855317891e+01 -4.466164022392434418e+01 5.066335867999589482e+01 -2.688333708989179982e+01 -5.208317358246730144e+00 5.595140118943671581e+00 -8.816805395707735471e+00 -5.512928108231480717e-01 -1.035452709530157911e+01 1.664916967320742103e+01 3.051992083443684223e+00 -8.592062417723402845e+00 8.062008946336345616e+03
-4.382734376981225921e+01 -2.695615933290735455e+01 -3.687488281220343111e+01 4.131901614101463593e+01 -1.669403971613767013e+01 -1.385275663349591291e+01 7.123808761720300531e+00 -1.953628139446240297e+01 -3.517984383661998393e+00 -2.255245566296378712e+01 8.513838400681027707e+00 9.538374226389422006e+00 -6.431664071419063156e+00 7.343315236038362855e+03
-4.566863842404284668e+01 -1.634807837524845553e+01 -4.430705311305098348e+01 5.304181504206334807e+01 -2.935649488038538735e+01 -9.233815273165317805e+00 1.063638682631635923e+01 -1.623250833837568763e+01 3.291703727600726048e-01 -1.149348689787965050e+01 1.746271749650584582e+01 4.925360375682126257e-01 -1.654839792857625369e+01 9.164374650743529855e+03
-4.214442875033852687e+01 -9.437453408246907927e+00 -4.073898969716124441e+01 5.179216214093034409e+01 -3.083321853181126571e+01 -5.444592384848237820e+00 1.379952444061993511e+01 -1.322185057236706385e+01 3.485882927489791783e+00 -5.682398906624682944e+00 4.249655877188046382e+00 -2.590358755649511568e+00 -1.286262184128026220e+01 7.787544512223310448e+03
-3.756542002374013833e+01 -2.400376576429399123e+01 -2.486802482382490709e+01 3.553490430244574583e+01 -1.813859596850812039e+01 -1.073983489658667345e+01 1.356422326302263492e+01 -1.217853501088590384e+01 2.459693771589601674e-01 -2.882831855652673969e+00 3.115092547779161336e+00 -3.988464533131225842e+00 -1.043622052801159583e+01 4.788044790169707994e+03
-4.015410451696941863e+01 -3.040898439693466671e+01 -2.866608672226242760e+01 3.624511702223843201e+01 -1.967209499628527780e+01 -1.039360695295616566e+01 1.520969214034767170e+01 -1.394512253019398607e+01 -3.247687674089168475e+00 -4.081893869610163428e+00 1.029648850126698534e+01 -1.981031722305946374e+00 -9.264392164815903996e+00 5.816311499074635321e+03
-4.292840802434789538e+01 -2.097344351495915049e+01 -3.592362095798130639e+01 4.525620400689104628e+01 -2.048616558748668837e+01 -6.695486564670889429e+00 1.185247558586706340e+01 -1.787356076999456889e+01 3.270551934447555542e+00 -7.251474634500231220e-01 1.303324710176029910e+01 -4.825468593175121335e+00 -1.026037115681096701e+01 6.855470207388457311e+03
-4.634635925890626140e+01 -1.913128167607710139e+01 -4.343619977517621322e+01 4.448089322111793109e+01 -1.735592365806062531e+01 -8.338703624703029949e-01 1.309623670459745348e+01 -2.491633656741168679e+01 -1.965161067589957788e+00 5.987321363069688651e+00 6.666694887049434470e+00 -1.591726611662454083e+01 -1.124410147708483443e+01 7.937446811849417827e+03
-5.126334206412099803e+01 -3.399955190915633807e+01 -5.080134338799709326e+01 2.896326760951032497e+01 -1.103788550587341888e+01 -6.939429471671527239e+00 -5.053680387017301712e+00 -3.757927200124971279e+01 -6.175078732239009049e+00 6.033954993124474697e+00 7.806934351099168445e+00 -4.806528881455172098e+00 -3.950544917009185752e+00 8.985477056883251862e+03
-5.067841805402752442e+01 -3.762873882871456743e+00 -4.484557683288915086e+01 6.516428932541387553e+01 -1.162283100243832656e+01 7.178625684556664055e+00 -1.186254797236553671e+01 -6.261753712630908097e+01 -2.688789606121552822e+01 -1.040741329301292950e+01 -5.210417191750302379e+00 -1.798567202554940536e+01 -1.874661169332443933e+01 1.462161201002289636e+04
-4.421409028907952887e+01 -1.348698164003342193e+00 -2.805588884476703271e+01 3.412108693866821341e+01 8.097844852260989157e+00 3.672131794037856167e+00 -1.698746788135222019e+01 -5.733549140693119028e+01 -1.919171416331720081e+01 -3.232215853821564622e+00 -5.873846252642378474e+00 -1.523796740136577199e+01 -1.910078222748830257e+01 8.573385236511732728e+03
-4.516025438777094791e+01 1.679116390100391953e+01 -4.661696626835875890e+01 4.397471363215199602e+01 1.916400087157609011e+00 2.025702228573603492e+01 -1.385708970151824637e+01 -5.320852588298492236e+01 -7.955568005925666597e+00 -2.962912499364463326e+00 1.780892913222748009e+00 -8.321953245394610121e+00 -1.949397240690837307e+01 1.039000580579270172e+04
-4.300961612489573582e+01 1.610656140816153226e+01 -4.066713330445101349e+01 3.568298806420551017e+01 1.188943229154994796e+01 1.700605014044809593e+01 -1.151903669459563595e+01 -4.941158748918842747e+01 1.084729099673837238e+00 -2.921664530647019475e+00 2.297889269623036412e+00 -6.191960891962149383e+00 -1.487400195478743825e+01 8.315666663949317808e+03
-4.276828288968351899e+01 9.773484768309590009e+00 -3.631346268000680055e+01 2.717969263506651956e+01 1.026535752668429957e+01 3.082832500843584622e+00 -2.572662005822208897e+01 -6.005691617821137385e+01 -7.823551708235429558e+00 -3.785595760237602470e+00 -3.389974473791675269e+00 -1.645924235753015452e+01 -3.096316003571400799e+01 9.682278433138517357e+03
-4.112872740847421227e+01 4.681830058891578439e+00 -2.726903388613595425e+01 1.732557283040033269e+01 1.500934615769127589e+01 4.885510652646384067e+00 -1.545123339451972733e+01 -5.100003403150241610e+01 -2.260964319468553185e+01 1.821648957078745579e-01 -8.792935766890526139e+00 -2.077114451956391861e+01 -2.134034046355749581e+01 7.321555649564546002e+03
-4.887263610829221250e+01 1.844179192531159472e+01 -4.265020003807230609e+01 4.255742069376544379e+01 5.277850001016580528e+00 1.014123807150601131e+01 -7.491870179373482763e+00 -6.608892527008204354e+01 -5.516884039735699297e+00 -8.424917534845723921e+00 -4.957688529522926935e+00 -1.739853936181795291e+01 -2.984766982773886923e+01 1.223296892798206682e+04
-5.244628262279855591e+01 1.360264499720362785e+01 -3.925133939445414910e+01 3.919340681100850077e+01 -7.380450966013086811e-01 9.814788494416159637e+00 -1.391840131132510194e+01 -5.228213870827249110e+01 -1.851154919852675818e+01 -1.423737720346843361e+01 -1.447651778682687329e+01 -1.922344738329171676e+01 -2.581593098886198590e+01 1.082740715302663375e+04
-5.544369168288778127e+01 3.478052921122457786e+00 -3.283584157670866688e+01 2.688126952030616579e+01 1.066609983092058656e+01 2.100162613025449154e+00 -1.838522211509269511e+01 -5.903582534230918100e+01 -1.538642210521377507e+01 -3.093154494981599889e+00 -1.434310590319636880e+01 -2.370553367745292306e+01 -2.491751144327601608e+01 1.046318535763513137e+04
-5.810997106151534553e+01 3.530291867934221006e+00 -2.957453158522023884e+01 3.557380421240488033e+01 1.717747045235810788e+01 7.100522165316068168e+00 -2.165501524387670784e+01 -6.954421696697868072e+01 -1.438836948503182001e+01 4.106433541004470555e+00 -4.830223859443129264e+00 -2.022037651543196191e+01 -2.783565456210953570e+01 1.261110719371891537e+04
-6.141755329924588125e+01 1.228535525767910208e+01 -3.930378598864314199e+01 4.101974577528246613e+01 3.468716280180914158e+00 5.641755707959653421e+00 -5.593994355727380352e+00 -6.171217825904172116e+01 4.471840306567631096e+00 1.940822018185416553e+00 -9.882243456883887944e+00 -1.674332346508401059e+01 -1.480240473037319404e+01 1.165487301004434448e+04
-6.132032165595354201e+01 9.235127441474753951e+00 -3.030830222399923812e+01 3.999077736239817682e+01 1.410899164905852565e+01 7.757457749345521236e+00 -7.374416167926651333e+00 -5.985209622442403088e+01 -3.581824958823915050e+00 1.323664040602285752e+01 -4.115325244388524872e+00 -1.535693725516178176e+01 -1.590818025881432440e+01 1.095310185910865584e+04
-6.107916101532677544e+01 6.252718314040887293e+00 -2.499853929331947455e+01 2.652105897626128694e+01 5.212420555802058431e+00 1.401938695265938728e+00 -1.506854925934949918e+01 -5.167515840183835962e+01 -7.820589062352611975e+00 -3.873573728275732542e+00 -1.545496362550222891e+01 -2.402874090465585866e+01 -2.858261438726704284e+01 9.733940187515743673e+03
-6.263966204940466298e+01 9.981875894947544126e+00 -3.100889600724444506e+01 3.550891039191796494e+01 3.990579679918075051e+00 3.023594570744373655e+00 -6.211614995390537963e+00 -4.813088513323194206e+01 -1.027845575809262257e+01 -3.954567085440458207e+00 -1.306659421871636795e+01 -2.290139698719841732e+01 -2.090006052784005774e+01 9.879340223838005841e+03
-5.933036953229747468e+01 1.057359077775758038e+01 -5.007521448759499094e+01 4.051646889624971237e+01 3.249429147341870383e+00 -1.773977124880269329e+01 1.136173319866738574e+01 -4.076750671145535421e+01 -1.672536028592079305e+01 -1.664790531405829555e+01 -1.611483583445995293e+01 -1.506911564631263190e+01 -1.540163995007863385e+01 1.117820890858866733e+04
-5.425443437024738103e+01 6.728759146241656275e+00 -5.293819477724161260e+01 3.533479108403309965e+01 -9.158620791668955263e+00 -1.894133536947346741e+01 1.938057917623601245e+00 -2.667151701340615233e+01 -1.702169973724879526e+01 -2.251333575839091594e+01 -8.480913251951715637e+00 -1.696696046885415399e+01 -6.107669537773191770e+00 9.391295997618513866e+03
-4.355008180805099727e+01 2.297342744881602883e+01 -2.949781846331378787e+01 1.098598513750010142e+01 -3.461495947628709935e+00 -1.472472590729013753e+01 1.436804612868437969e+00 -1.918105559661525916e+01 -1.414769047619590658e+01 3.521773187906144464e+00 3.112859427778549293e+00 -4.501683568097452515e+00 -8.528830349708016456e-01 4.257220456739241854e+03
-4.302276749400360245e+01 2.465087183836427798e+01 -4.162666959386546495e+01 2.244348553256768852e+00 -1.488471392185930853e+01 -3.538049225827997901e+01 -7.664941279416900954e+00 -3.733784440761018431e+01 -2.367058712060392622e+01 -1.755660581434347378e+01 -2.233187423949179973e+01 2.838752680084033475e+00 -6.054366789036307317e+00 8.534598201335209524e+03
-4.008674802463513487e+01 2.310927794070524399e+01 -3.800371481975280830e+01 2.923715894039472740e+00 -1.155152990365078125e+01 -2.719204566696412328e+01 -3.025277134142268398e+00 -2.311129549409200479e+01 -1.093254251998256876e+01 -1.145819880201579366e+01 -1.690151082493596491e+01 2.187872258704091077e+00 -6.705239594019296590e+00 5.596164917621095810e+03
-3.827727329408529755e+01 2.072167476522817253e+01 -2.947123621536845661e+01 -3.730325005130422422e+00 -3.306085019173666595e+00 -1.904647584268682792e+01 -3.243560310583033068e+00 -1.081542841478078998e+01 -4.214443707319576404e+00 -9.648704384906002574e+00 -1.618614352829526837e+01 9.165449549983861743e-02 -4.879654367339708365e+00 3.674868861754918726e+03
-3.939273590206964570e+01 2.043510145622792962e+01 -3.175312795552391165e+01 -8.802131178047622129e+00 -9.604130547981394983e+00 -2.067342808500387008e+01 -1.223761872596621636e+01 -1.250779110721028964e+01 -3.430098908286969728e+00 -1.611464668974878833e+01 -1.791214468575826402e+01 -1.405563192630797875e+00 -5.153917006139345780e+00 4.501784576538443616e+03
-4.065273084479780863e+01 1.574645604762804219e+01 -3.521259956007185110e+01 -1.497102878511721258e+01 -1.473662386530379109e+01 -2.836481839437093910e+01 -1.772964618375884882e+01 -2.376780948594668885e+01 -1.628592023841927627e+01 -1.818038187331553246e+01 -2.639984634954763365e+01 -1.468397558878203846e+01 -1.590572123899323387e+01 7.026954878492820171e+03
-4.296151083063822540e+01 2.331623780674825497e+01 -4.654539772944041687e+01 -8.450719348326125591e-01 -6.598510865968607142e+00 -1.964584482946223787e+01 -3.192603343004546623e+00 -1.594158483382369518e+01 -2.854969930769103659e+00 -4.373570422204129393e+00 -4.678081910807413202e+00 -9.877946611075536509e-01 -1.242901600554903574e+01 5.454972561576601947e+03
-4.389792399001604650e+01 1.425201868875680766e+01 -4.387360054069763748e+01 -4.275269752214573948e+00 -1.004156716403564964e+01 -2.614742793223762263e+01 -1.385122548738282866e+01 -2.295706027902258484e+01 -1.572984644089875417e+01 -2.037458266749252189e+01 -1.451133600193332462e+01 -6.711597545730466408e+00 -1.892341499400447447e+01 6.852994383076122176e+03
-4.934174768176593773e+01 1.784014482549405756e+01 -5.644255661406463531e+01 1.262995839520495167e+01 -2.388735277784101640e+01 -1.554769729620791985e+01 -9.628644615358954439e+00 -4.005898668992999490e+01 -9.382127597271844976e+00 -2.827020652830723790e+01 -1.712919640598084925e+01 -9.313004268343357595e+00 -2.017885733581504581e+01 1.028248320038322527e+04
-4.549117168600161420e+01 3.708188842505904526e-01 -3.874781885850315177e+01 1.650271115676326872e+01 -2.202324745096299452e+01 -8.978298775659517617e+00 3.769145408444067424e+00 -2.753599303435401424e+01 -8.288438539514318748e+00 -9.658245547051805602e+00 -3.411053814935809836e+00 -4.013737739560147233e+00 -1.151377966749705450e+01 5.503680217986946445e+03
-4.540970018306302336e+01 2.948438712378445459e+00 -5.103316426407265993e+01 4.896456647343580215e+01 -2.939320299487312482e+01 7.332679181157659709e-01 4.176755486531721573e+00 -1.731402742601814992e+01 5.400369822640463724e+00 -1.807252645642662969e+01 9.461972146241953707e-01 2.547876959003975372e+00 -1.785261218081765122e+01 8.936248617117789763e+03
-4.080717438901594818e+01 -1.217310447294030773e+01 -4.493443340330749436e+01 4.511113114689660364e+01 -2.213653557163922869e+01 -1.467449569714563928e+01 8.209170025067296095e+00 -1.397270015088187378e+01 -3.109229024332566205e+00 -2.416523042842956670e+01 -3.179374773972689194e+00 -3.778843863736777386e+00 -2.251805538173701748e+01 7.960597835700073119e+03
-3.862048805518221428e+01 -1.045821378693054982e+01 -4.189739721847794129e+01 4.650316203614541166e+01 -2.296489148795126667e+01 -1.305799893420018520e+01 1.511149871403844891e+01 -1.081250987651226048e+01 1.887145214370712809e+00 -1.808787931670545390e+01 9.188708202505742051e+00 4.212542775933100003e+00 -1.899524637786660719e+01 7.355747601971086624e+03
-3.928360900303460568e+01 -7.785993766595614929e+00 -4.633858084968383650e+01 5.314343788563044058e+01 -2.823723727697332464e+01 -1.368201059392617402e+01 2.324156424095916496e+00 -4.142941284921051626e+00 -2.766858699072956451e+00 -1.232776636038257045e+01 5.270370173273193792e+00 3.269265176354980706e+00 -2.116967007889915919e+01 8.228666507508594805e+03
-3.919682484504728848e+01 -2.048942108596577327e+01 -4.267538481310285903e+01 3.683499547278651676e+01 -1.473195530781811158e+01 -2.936275327329463991e+01 1.866374856716312891e+01 -7.725526207538118584e+00 8.585166990448507285e-01 8.832444376691178656e-01 6.324981505067674981e+00 1.167109135695781674e+01 -1.796402272218276863e+01 7.121876916063731187e+03
-4.016927974794966616e+01 -2.304863409467999702e+01 -3.668020112277515921e+01 3.521446911933578860e+01 -1.326454020389691912e+01 -1.433581082872984425e+01 1.633065683131717094e+01 -1.357706930906307186e+01 -4.507420920061155911e+00 -5.550518594296366182e+00 -4.373860952687578241e+00 -4.521099145498117977e+00 -1.149015273811781235e+01 5.785516928445028498e+03
-4.083323310704111719e+01 -2.229197999966421051e+01 -3.724008978607843545e+01 2.662989051143474839e+01 -1.816097164524677865e+01 -1.709330629175934746e+01 1.188756348591555145e+01 -6.478296520469270625e+00 5.310361086083760895e+00 -3.332831624430752648e-01 4.793127527384553943e+00 4.204044724898875707e+00 -5.320224585794183447e+00 5.162809022444698712e+03
-4.321553520930801540e+01 -2.148381344224333134e+01 -4.569920755698773007e+01 3.223343620578419433e+01 -1.280124682996949126e+01 -1.766010527049066425e+01 1.131546316531620455e+01 -5.100363438089146051e+00 1.034116801958341902e+01 -5.229858241482182812e+00 8.188428983961436813e+00 -2.581989980069456792e-01 -2.106016762001286935e+01 6.731292226196144838e+03
-4.587205160287956573e+01 -8.281156988137169606e+00 -4.766052923121402785e+01 4.005789129496199052e+01 -1.847303355459738938e+01 -1.383457911364894422e+01 1.040032411417052671e+01 -2.255544081178904037e+01 1.134683020468216519e+01 -1.419098967788849386e+01 1.021773052080194688e+01 7.678551863661517096e+00 -2.071864290699394928e+01 8.121305664130849436e+03
-4.991562206751434161e+01 -1.645352015539204515e+01 -5.181702956669490590e+01 2.204348225655751747e+01 -2.926648113193679279e+01 -2.275422718005366818e+01 4.707267960575985732e+00 -2.167731889527034284e+01 9.435777478434655308e+00 -6.110252464482379686e+00 8.981571986940196928e-02 -4.357981563442049344e-01 -2.141505041730799164e+01 8.384725066623830571e+03
-4.314080335174841707e+01 6.867882935766858488e+00 -4.337313044419856567e+01 1.910949454704010719e+01 -2.964870626234672102e+01 -1.804036644131901923e+01 1.978353099050969455e+00 -2.947464773675953964e+01 -1.357033300705695833e+00 -9.744596854079848214e+00 -2.175672243215068802e-01 -4.817806768935533057e+00 -2.731334891077973381e+01 7.097943634294681033e+03
-3.992655821050123421e+01 1.641847218431461997e+01 -4.762556856862320842e+01 1.720404072022569864e+01 -3.058477122339388288e+01 -7.565841116455997550e+00 9.251301608616852024e-01 -2.008701633904394868e+01 2.557035985249213716e+00 -1.069652478178345234e+01 2.610613593637670427e+00 -1.589878273888274407e-01 -1.776586384481684888e+01 6.268304925852104134e+03
-3.781794218354474424e+01 1.747318411963506435e+01 -4.100597360168139716e+01 3.969763265110053840e+00 -2.716039330942391672e+01 -2.107622723519162022e+01 -3.599238682043768289e-01 -2.429219043093828745e+01 3.388168423579046795e+00 -6.303772342796472472e+00 7.979579836963948125e-01 2.667415252414178983e+00 -1.117976946773824842e+01 5.388848503435987368e+03
-4.332455248919792723e+01 3.139773450021944257e+01 -6.458418020420269556e+01 4.871144341289650903e+00 -3.623196336603385959e+01 -3.230696159893418695e+01 3.882766162389179154e+00 -4.896990346847439923e+01 9.432159761747263005e+00 -1.569809854688045192e+01 -1.961276544822964141e+01 3.886305582194800046e+00 -2.657892992079501582e+01 1.326890060697295849e+04
-3.685346842217540342e+01 1.366176735382198260e+01 -2.895212130343649548e+01 -1.219688440528298479e+01 -5.990411569063985198e+00 -1.328146448930356094e+01 -8.747916822950183580e-01 1.484913978524191602e+00 1.092466409698933916e+01 4.281276586855674360e+00 -3.811356621441372106e+00 6.823071394163534364e+00 3.432300730271279132e+00 2.957602944591293635e+03
-4.022437811972370980e+01 1.738833023923927357e+01 -3.601080469479822455e+01 -1.664756351420795966e+01 -1.370713570094165590e+01 -1.848938569647464902e+01 -9.490729023142499443e+00 -1.851557583702294707e+01 -4.949385385611493327e+00 -7.436237941585559064e+00 -1.488843697197389560e+01 -1.656006617194985431e+00 -6.817940912661076602e+00 4.807603769970490248e+03
-4.407861892769486900e+01 3.008304311063752579e+01 -4.586922901482172676e+01 3.503694775926010418e+00 -1.575472024760473566e+01 -1.612075678115690991e+01 1.617511183256158169e+00 -3.356084781388888416e+01 6.518971686832671253e+00 6.619640666593293865e+00 -1.376258747565460361e+01 3.435740076366228912e+00 2.209476347777449945e+00 6.893624578596227366e+03
-4.140675538899616015e+01 1.744499895937945766e+01 -2.906822222384985821e+01 -8.323508078076065075e+00 -1.203959623931736900e+01 -1.100231629472569672e+01 -5.822196288320033553e+00 -2.161216250308385156e+01 -4.038344445937410931e+00 2.539263311148085123e+00 -3.908644715654062463e+00 1.818245531084760724e+00 -2.012872457546798499e-01 3.741456210559431383e+03
-4.385110852112307356e+01 1.898898425125835487e+01 -3.056271228195561207e+01 -5.975458068921854604e+00 -7.549237446957378417e+00 -1.134873848679323061e+01 -8.784804981052431572e+00 -3.438455234487103951e+01 -8.063158468991886707e+00 2.598812692456854423e-01 -1.592304831567168399e+01 -3.203232118776966342e+00 1.098649019006672001e+00 5.028635068480483824e+03
-4.642853275187646744e+01 2.707999623277716950e+01 -3.699460477274672598e+01 3.823612222041848554e-03 -2.792845765046140905e+00 -3.024908169296180560e+00 1.180204529801558877e+00 -4.098396074388228527e+01 -9.228135077513218931e+00 -3.805966208764341108e+00 -1.752101352010979696e+01 1.327103631729524835e+00 -8.263522084489752118e+00 6.432240396112451890e+03
-4.606596494373866335e+01 2.380967599915855359e+01 -3.539527021472934365e+01 -9.371932856907093878e+00 -3.674761449616734232e+00 -3.808694759584230649e+00 -3.209237700217713041e+00 -4.331044496462282467e+01 -1.520982799575850386e+01 -1.310929469954400739e+00 -2.184637083058509788e+01 -5.205144136937638777e+00 -8.512148802831912775e+00 6.753607478495184296e+03
-4.967968886618129432e+01 3.695135876392005514e+01 -5.671550899222616238e+01 -2.868703747063191312e+00 -1.084157787269307427e+01 -1.124292532188742477e+01 -2.404749171543675956e+00 -4.730527638006038416e+01 -1.111279199576068777e+01 -6.750856414339494904e+00 -3.130371556397252064e+01 -6.069140525433695643e+00 -2.323820102571975710e+01 1.127170726431874573e+04
-4.771270430657497741e+01 4.079694115129930054e+01 -5.775250657638940055e+01 -2.078032091921424129e+00 -1.250838200251731314e+00 -3.418511083294199615e+00 1.783772900131601391e+00 -3.471588601457038692e+01 -2.326915359173896913e+00 -3.612866107548722727e+00 -1.250792727490519951e+01 1.242956603034574314e+01 -2.166835689910282881e+01 9.301115578269669641e+03
-4.394873898980068105e+01 2.667605159213397670e+01 -4.771709005848511254e+01 -2.044585574456855781e+01 -6.189541070647149645e+00 -9.854179837086272542e+00 -1.716074047885225085e+01 -3.824058314159685779e+01 -1.405065113859464354e+01 -1.705735365071339871e+01 -2.027086507333754994e+01 1.459937791474121838e+00 -2.552302560546063859e+01 8.783143916053297289e+03
-3.991426349531431583e+01 1.462595734314976781e+01 -3.438607042001023473e+01 -2.008599899477744799e+01 -3.409943592165185944e+00 -1.208710418072713288e+01 -2.073674222267240808e+01 -2.862279859582551822e+01 -1.209714318906215702e+01 -2.468822841070273721e+00 -3.946989773210955454e-01 3.492583775588059769e+00 -1.325779531742259998e+01 5.140478158317511770e+03
-4.070776592531146321e+01 2.206063616950906336e+01 -3.550265642153213719e+01 -1.420700784081413204e+01 3.678505481848856618e-01 -1.864145553918669984e+00 -8.427265535303469335e+00 -2.650248438332571510e+01 -4.871293606540207044e+00 2.218338546213517670e+00 -1.817288061423624645e+00 6.389184886565766774e+00 -1.818113140415056961e+01 4.786410681025283338e+03
-4.298280734069738429e+01 2.703696767248958466e+01 -4.445560309590197789e+01 -1.576336661484803514e+01 -5.666357979147884194e+00 -1.035479301925523465e+01 -5.155094720495822180e+00 -4.194362636539000277e+01 -9.206042006933738975e+00 2.072087190290125225e+00 -1.592674973964762764e+01 1.677320639862995932e+01 -1.308746165749091794e+01 7.523804084495719508e+03
-4.118911317379900794e+01 2.000499942478852944e+01 -3.705796541785655762e+01 -1.338526917957644891e+01 -2.871251731821693465e+00 1.810694699689958220e+00 -1.403165162682546097e+01 -4.208136537946553801e+01 -7.978798387482433085e+00 -3.423684726699654401e+00 -1.120302807401145628e+01 1.353799115191070790e+01 -1.303504029971715283e+01 6.182532698217713005e+03
-3.809655985688928581e+01 1.413053056840706745e+01 -2.823495955881976371e+01 -1.539008461110899617e+01 1.423903385590349124e+00 -9.599505776437426974e-01 -1.667723231354424485e+01 -2.980860099163822596e+01 -4.725625296143976861e+00 2.863248064037942964e+00 -8.023200589240525815e+00 1.387995671260005892e+00 -7.449802457383984056e+00 4.007046749629593705e+03
-4.796548935436377548e+01 3.466194752934174517e+01 -4.810364982315837779e+01 6.460274360341116129e+00 -3.350289576357798005e+00 -2.870004647099341444e+00 -1.408914838680729176e+01 -5.462434803548023865e+01 1.534987332826560635e+00 -4.750514116828987277e+00 -2.666935780561023961e+01 1.602372783501077080e+01 -1.608682165264098174e+01 1.031134381500109157e+04
-4.828563508207827937e+01 2.811428884032850917e+01 -4.202593567986354373e+01 2.031170301497839503e+00 -4.583421257698963913e+00 -2.158020805574424994e+00 -9.449964661106758257e+00 -5.074276232753498306e+01 -4.118151034976399671e+00 -1.022955937594496589e+01 -3.153719233720149262e+01 6.631922902160175326e+00 -1.962432053743382099e+01 9.127309191209096753e+03
-4.898023110512070133e+01 2.642296124915611699e+01 -3.626700755707569357e+01 6.184054730565764046e+00 6.813923549376167399e-01 -5.093865049753844021e-01 -1.430366143335004736e+01 -5.164344515448435402e+01 3.796370837924318842e-01 -1.126685644942124931e+01 -3.623238132795609800e+01 1.086072298140552661e+01 -1.559737714026466193e+01 9.124243330914172475e+03
-4.924760839660609690e+01 2.781277324819183150e+01 -3.924904360189698593e+01 1.500817470108951213e+01 9.418604763260528756e+00 9.129734271307059501e+00 -7.014935248349879693e+00 -4.768151583757702383e+01 9.857910574950816240e+00 -2.352580849272504437e+00 -3.298462924141175989e+01 1.466988939317037577e+01 -1.107972888551943669e+01 8.988073303455632413e+03
-5.146655006104795405e+01 2.433610196030269179e+01 -4.199885658534248023e+01 1.120839131082561124e+01 1.242760523046392507e+01 -4.583512799104163093e+00 -9.139710235775556413e+00 -6.564591647540579800e+01 4.337451529228668612e+00 -1.885673011947460731e+00 -3.793167256808902010e+01 2.347772783568131416e+01 -1.813879203861549527e+01 1.204035875173063687e+04
-5.235466694082678174e+01 1.832019035381551220e+01 -3.768139312690705367e+01 6.382420447158980714e+00 2.433713072694109858e+00 -4.937725176062608412e-01 -2.312092628898351165e+01 -5.434548272380223466e+01 7.315804424998795241e+00 -1.219877536248407601e+01 -3.561785257262634730e+01 6.458849335639898825e+00 -2.257022182690795731e+01 1.005353288406766296e+04
-5.525482880904686311e+01 1.830440765602558884e+01 -3.395989649112226516e+01 7.245150366928670316e+00 6.682866506183706257e+00 -8.610784467657566665e+00 -1.391850750648582746e+01 -4.246778085077749409e+01 2.291150035202104362e+00 -4.468426429773950659e+00 -2.753034451770140123e+01 6.420844604832818270e+00 -1.977273470302466762e+01 7.925282150948925846e+03
-5.951037959584042625e+01 2.149799187754974383e+01 -4.247945258809421887e+01 2.514885948231564328e+01 2.649522621628877417e+00 -1.015814422638863457e+00 -7.260702289788390829e+00 -4.532490478010306134e+01 1.226065869290045818e+01 -1.405105006725835715e+01 -7.963425206047453742e+00 5.164921351941428540e+00 -2.545744469962022549e+01 9.641664403778400811e+03
-5.798422460772327014e+01 1.130637137359678945e+01 -3.485006187742866501e+01 1.594063436416094781e+01 2.782872984199805000e+00 1.779194379192025055e+00 -1.064645398662552012e+01 -3.682662531029668429e+01 7.370483584396745336e+00 -6.292731211222953647e+00 -7.963296772982624283e+00 -3.929398531297267461e+00 -2.679624293029083049e+01 7.329907600564601125e+03
-5.874465595167998799e+01 7.964346739018210108e+00 -2.912994109442458068e+01 1.028149456513605919e+01 5.580038925861276589e+00 6.156389262059537515e+00 -5.975223824848745480e-01 -2.964174348046824647e+01 -5.050821292650057082e+00 -5.819082378252311116e+00 -5.579149323345158784e+00 -4.010623582894865535e-01 -1.903580605864909003e+01 5.869678159182803938e+03
-6.202427592251058996e+01 1.292866564163811205e+01 -3.196357944275837681e+01 2.117819655906212617e+01 6.488018209893721355e+00 1.280021688304108451e+01 8.028771633366434957e-01 -4.336515449736807426e+01 -8.429332912816198231e+00 -1.993858222205988184e+01 -2.118143283322605086e+01 -9.554932750052582691e-01 -2.781947393487147835e+01 9.263558696798581877e+03
-6.306494012557308082e+01 1.509939020919951602e+01 -3.498866163258966822e+01 2.424839878380896607e+01 -5.977425693809172991e-01 5.198939535337864903e+00 -6.188002401816272702e+00 -5.439492168606793854e+01 1.615660727580751965e+00 -1.289972701305316072e+01 -1.277784117603562208e+01 -6.863303154348283641e+00 -3.096738607559208845e+01 1.038022516384115988e+04
-5.855034163371740874e+01 9.478671069030710328e+00 -3.536878644311330078e+01 2.766162089069949204e+01 -8.340505624580497823e+00 1.716768257323688474e+01 1.194063846116123351e+01 -4.721671306322325279e+01 -6.925837406405928931e+00 -1.002230681172826721e+01 -1.912007208404692848e+00 -1.559995221938114973e+01 -2.733864640869811069e+01 9.413223959663417190e+03
-5.500670911613600111e+01 1.109355425489118829e+01 -3.880331362380606208e+01 1.384252563224671206e+01 -1.550013698549458852e+01 1.124054542713785843e+01 3.854613418343140196e+00 -4.295190724886574429e+01 -1.301235466001256036e+01 -4.757168132124243165e+00 4.982256646513654630e+00 -1.073662472616762109e+01 -2.058201537994922603e+01 7.828115518186956251e+03
-5.802397097406458215e+01 2.272589968972726027e+01 -4.372355968031060058e+01 1.997956210351270556e+01 -9.270206985558772317e+00 4.011858996088671248e+00 1.054834672616628666e+01 -4.857664686007668564e+01 1.739755905978747741e+00 -3.708610514551102799e+00 -4.385521313166478308e-01 1.334354333549776328e+01 -2.055217351962625827e+01 9.384585141916100838e+03
-4.544846644523865820e+01 1.903982293434662765e+01 -3.160204009551791771e+01 -5.940436207590856554e+00 2.008350438799508808e-01 -1.169400462833234400e+01 -2.661788187386973803e+01 -5.723949715960786477e+01 -3.157605447192549164e+01 -1.040808613759460499e+01 -1.134876518449214622e+01 5.409299737937832475e+00 -7.221521765766840240e+00 8.899298274171418598e+03
-4.308553319125280723e+01 1.951943340734343479e+01 -3.778219986935119579e+01 -5.400719824235612698e+00 -3.122285170766681439e+00 -1.579016590688047295e+01 -3.218932296205122867e+01 -6.817526699609581442e+01 -3.438913652398661469e+01 -9.895489747164839756e+00 -1.288998871461209994e+01 8.424780585905798702e+00 -7.670410356568257093e+00 1.121362875952761169e+04
-4.147066017159979623e+01 2.394982450457256107e+01 -3.787420073601715131e+01 -5.425370188661629456e+00 2.687812539128269229e+00 -1.652736143790176726e+01 -2.669111599452901018e+01 -6.009985712548814973e+01 -2.904591725007533398e+01 5.303396333399212903e-01 -5.763152449618217155e+00 1.763957138583680262e+01 4.090451946691456619e+00 9.567132754812986605e+03
-4.142128324330686695e+01 2.772118484887777967e+01 -4.064059307698941836e+01 1.796275810106514381e+00 6.603855489542753254e+00 -1.855258155205496351e+01 -2.006863546105727281e+01 -5.083160679925599368e+01 -2.399416521255111689e+01 3.183939453799520258e+00 -9.985533876566873301e-01 1.787348424952586967e+01 1.198353794051344734e-02 8.419798902402597378e+03
-4.099529859349225802e+01 3.126345346584771789e+01 -3.764291774551552550e+01 2.281253633373749423e+00 7.478106279489763253e+00 -9.089183129465393307e+00 -2.083527511039982016e+01 -3.850737523200892554e+01 -4.354763479956393013e+00 1.609263390879885458e+00 -8.461944188106017561e-01 1.793047349300127991e+01 -9.824604847640225458e+00 6.575967842306837156e+03
-3.970339278368409452e+01 1.931694034199702159e+01 -2.940808353772627370e+01 -8.216948712442976088e+00 9.582309617191230089e+00 -6.958873247404740781e+00 -3.190634430563135382e+01 -3.797109641062011320e+01 -9.404499155857113379e+00 -8.841868749796216065e+00 -9.076927179568209381e-01 1.889514527495963847e+01 -1.122804723653232450e+01 6.132465463402842033e+03
-4.231111558575935305e+01 2.255321899127885743e+01 -3.063050571676164324e+01 -4.422159968096485372e+00 8.009913567490331232e+00 -7.672092605128457699e+00 -3.014724317635995732e+01 -4.109877231993453961e+01 -8.521405591543233626e+00 -1.638194357262355183e+01 -3.804217948980715303e+00 2.303122392424435816e+01 -1.881038015057923474e+01 7.217368825402349103e+03
-4.288037043318157515e+01 1.647197207452194689e+01 -1.800297613240229921e+01 2.840095110030497416e+00 1.342339370131469245e+01 -9.057345815841449585e-03 -1.883276799804152191e+01 -2.935032926403056663e+01 -1.309774451883310142e+01 -1.409190028744605350e+01 -3.733176698586463615e+00 1.812875702002151712e+01 -5.132324876086947540e+00 4.577589644419137585e+03
-5.013558245593483065e+01 2.497402508394115728e+01 -3.264733613050924532e+01 8.632122432413471103e+00 -6.042471047988581923e+00 -7.050428316805883000e+00 -2.625312710876090705e+01 -6.174866630784156030e+01 -6.233438858434108276e+00 -2.738721021455880233e+01 -3.172122857872515667e+01 1.222220011080597324e+01 -1.239237193141808469e+01 1.096408956431509796e+04
-4.872331542818874794e+01 2.093563902073292482e+01 -2.074729656441077452e+01 9.050277480354750992e+00 8.204862992882061334e+00 1.122138766334864979e+00 -2.892733322040318100e+01 -5.561707806772791685e+01 -5.678293093123512492e+00 -2.144545856419750507e+01 -2.624787906126131176e+01 2.245985144103222808e+01 1.449877669810621938e+00 9.010898169608477474e+03
-5.448916144327046140e+01 3.302352873020374346e+01 -3.729057056537126158e+01 2.661886557451134294e+01 1.349307649472099913e+00 9.225788109840238338e-01 -2.218787579062756166e+01 -7.392018839000677133e+01 1.481273749489776570e+01 -2.588146130573830561e+01 -2.535409751403399170e+01 1.984885400561064372e+01 -2.069123405447832553e+01 1.447214235285760697e+04
-5.492374194513200081e+01 3.132440477442060356e+01 -3.101305330994497567e+01 2.676676613109500380e+01 7.436718659733227099e+00 5.009523375921524746e+00 -2.676460097191938559e+01 -7.089942326105058612e+01 8.092210120908985616e+00 -2.032622476615714646e+01 -2.087380007358243006e+01 2.668404888829740784e+01 -5.361578486272221333e+00 1.315471699759769399e+04
-5.585999955869767319e+01 3.094975043679140470e+01 -3.248130643624906355e+01 2.409976242760212983e+01 6.016663926044738542e-01 -1.057395833339118463e+00 -2.448314044566602021e+01 -6.887963569095659011e+01 1.627144194864719040e+01 -2.559386033736919686e+01 -2.662144827636052824e+01 2.724766894981994625e+01 -1.045986042021782936e+01 1.353972004866453062e+04
-5.388598332529738855e+01 2.731457059808168353e+01 -2.519171591134695731e+01 1.578044590023910843e+01 6.567615507586986645e+00 2.672755979533765647e+00 -2.302555347357510840e+01 -5.660557437677483250e+01 1.046843225425292445e+01 -2.002696111643011179e+01 -3.068928072385183725e+01 2.462660102950351160e+01 -2.594433962378594583e+00 1.038377411315064273e+04
-5.545117349667476958e+01 3.083091446834726312e+01 -3.439305720021692281e+01 1.914223704604116705e+01 -1.387529627969691592e+00 7.644138912552429943e+00 -3.006887808505506499e+01 -5.700200792114707582e+01 1.397518789224861635e+01 -2.492350639421575309e+01 -3.247475568318493089e+01 1.991426534658387837e+01 -7.854226047385184373e+00 1.211777362172269932e+04
-4.857687396211588293e+01 2.266724004019870975e+01 -1.854406172477904846e+01 3.761605286878749510e+00 5.920211972836981751e+00 1.109532929317730598e+01 -1.413421586167274491e+01 -2.866030051537074641e+01 3.601434077021587576e+00 -2.235923707047081166e+01 -2.264003311733780777e+01 1.527481778658638412e+01 1.714907977535863548e+00 5.672630357264684790e+03
-5.309309310311938646e+01 3.684663554326228763e+01 -4.024537084855017355e+01 -7.907937257668457010e-01 -1.609533671550572720e+01 7.486287322715298842e+00 -1.157416253499083503e+01 -6.242599135581558301e+01 1.362169879903720471e+01 -3.704696670489849453e+01 -3.563400902066234011e+01 2.060146148509996067e+01 -1.694996726254893460e+01 1.368246893718878346e+04
-5.118861822293385444e+01 3.252374890919234218e+01 -3.080850874889810953e+01 -4.994862786852997338e+00 -1.986025660965861661e+01 3.001546336351761379e+00 -8.512002958328897861e+00 -4.663405231014878183e+01 7.806753155864416094e+00 -2.633752546182651955e+01 -3.642750056616786480e+01 7.398061436232826971e+00 -1.465592379615955565e+01 9.653910701631166376e+03
-4.768922255936855237e+01 3.021222897707114896e+01 -2.151404039491905706e+01 -6.538829371043683558e+00 -8.279192015798432891e+00 2.633989780160626903e+00 -1.053516851557944811e+01 -3.606449447715992562e+01 1.373368645998276882e+01 -1.070013151280008401e+01 -2.753865310282958490e+01 5.386438512872851803e+00 -8.878787827480946859e+00 6.349102377907704067e+03
-5.134164038920722817e+01 3.789340345012873712e+01 -3.743766783479832583e+01 5.726906252753343196e-01 -2.626905830550233389e+01 1.149055881299552162e+00 -1.311109490202191630e+01 -4.909892538182047872e+01 1.643646847999765015e+01 -2.574332195955165403e+01 -3.083268834556591287e+01 3.907211900899324686e+00 -1.469476446313602658e+01 1.086250324689296758e+04
-4.594500662581213390e+01 2.862777486935172888e+01 -2.202245419006149518e+01 -9.233221757172872302e+00 -9.435033172875973762e+00 -4.638765274340584527e-02 -4.225378328602786837e+00 -2.630240193013416317e+01 9.628882692535466248e+00 -4.690619811740343259e+00 -2.543730231332444447e+01 5.729292458894447826e+00 -7.138048286580741753e+00 5.144976343013907353e+03
-5.161026889327915512e+01 3.654290152362376176e+01 -4.771226970232073938e+01 -5.345045080212638133e+00 -2.312027836205903242e+01 -7.983701511832153486e+00 -1.221226709006560363e+01 -4.205560724857589605e+01 1.631439440506983729e+01 -2.007727034107369946e+01 -3.805470097209636293e+01 -3.264510731104056873e+00 -2.347903310289562739e+01 1.149947256494180328e+04
-4.772445793712280704e+01 2.857414790921469461e+01 -2.997462674723790954e+01 -1.980590400685639452e+01 -1.393519792185839634e+01 -2.783562812981521972e+00 -1.508730889849958778e+01 -2.739130414458941587e+01 1.854685312312998846e+01 -8.704911145610511269e+00 -2.869202244517896716e+01 3.182665301983373940e+00 -6.723296702807700420e+00 6.863031759687266458e+03
-4.921866461583953622e+01 3.007698070490983966e+01 -3.377770186815066467e+01 -2.005402094323997986e+01 -2.146753405991236363e+01 -4.141245644315369567e+00 -2.258855943080225614e+01 -4.437081386640965519e+01 1.098209008133149922e+01 -2.086057484917701288e+01 -3.966203744636123218e+01 6.159826717161632104e+00 -7.289153904948359575e+00 1.004713801862674700e+04
-4.817640288862333620e+01 2.643944334535531127e+01 -2.212529668377339931e+01 -1.772665723428921325e+01 -1.986651205743963189e+01 -9.823848900266110462e+00 -2.336446067705553986e+01 -3.291998707641610622e+01 1.034966062219741190e+01 -1.361181681277663635e+01 -2.971982553555200113e+01 1.305466715722934268e+00 -1.175707095696742854e+01 7.260180992766840063e+03
-5.238606744257648273e+01 3.799941349153310455e+01 -3.399155150809852444e+01 -8.435039055889046011e+00 -2.149319945344068827e+01 -6.578221245034806763e+00 -2.010749236616983637e+01 -4.531126291024668973e+01 1.330597313802166326e+01 -2.086329260414078846e+01 -2.849735456353831964e+01 5.361511999429229292e+00 -1.997372382149590919e+01 1.022960392964503808e+04
-5.443419538305396799e+01 4.200460486492929135e+01 -3.632519545781686787e+01 -6.168879008554382537e+00 -2.138061186909194689e+01 -1.376940005602316042e+01 -3.591900738412769023e+00 -5.583459215828239763e+01 1.817537058172807463e+01 -1.468092939722911083e+01 -3.251702179732077269e+01 7.192764570282932368e+00 -2.221444759460303331e+01 1.201062175873991328e+04
-5.103695357106514052e+01 2.446178432306977513e+01 -2.303980489299964063e+01 -2.475608396396256339e+01 -1.921784694040350416e+01 -1.717367331549587206e+01 -2.577064986899092958e+01 -3.778356877304114647e+01 -9.060618408645806809e+00 -1.591926214677356199e+01 -3.442028351646263218e+01 -1.422439588452524717e+01 -1.724125527041334749e+01 9.122698937068811574e+03
-4.800755317872246053e+01 2.388226655747126514e+01 -1.807613915940963167e+01 -1.137505288995361497e+01 -1.350167755406914694e+00 -7.501216702895897370e+00 -9.297819082839527738e+00 -1.931286939609101339e+01 -2.310911530987032503e+00 8.639052009985395686e-02 -1.570621051650319799e+01 -1.825002788868905323e+00 5.548560940538904696e+00 4.134904010193768954e+03
-4.802571853968768778e+01 4.050584042720716837e+01 -2.661305330235923350e+01 3.538185873219043209e+00 -1.063520698844792989e+01 3.743220011177182727e+00 -1.169177784033103151e+01 -1.851545033013827890e+01 1.485411800077374611e+00 -1.096120600718750948e+00 -1.572377958790505126e+01 7.246966540051188232e+00 -3.702282949446736637e+00 5.591475605236550109e+03
-4.170161321680599542e+01 2.406688871153853881e+01 -1.900523355901049527e+01 -2.121784121308013127e+01 -1.984877923939756172e+01 -1.685649431346102034e+01 -1.301627609261145224e+01 -1.903838691657157867e+01 -2.066210988416715466e+00 -4.819139197796461715e+00 -1.752019177187735366e+01 -7.119825249143451273e+00 -9.670385124968458257e+00 4.818293133275248692e+03
-4.625506595085115435e+01 3.912148013390334711e+01 -4.200926682619400765e+01 -8.637928284149735347e+00 -3.261131229996917114e+01 -2.533260415460632586e+01 1.953072501937165972e+00 -2.504315456574164855e+01 1.145056392178268467e+01 4.300847170310548861e+00 -9.964075022760770395e+00 1.401806500674669209e+01 -1.147489851043383347e+01 8.422701178209548743e+03
-4.202820012756190948e+01 2.599594302571558657e+01 -3.133299987366729766e+01 -1.714993019526817619e+01 -2.568409462473269755e+01 -3.060015962522400557e+01 -7.009775279875808174e+00 -1.648022228161630665e+01 9.543952933063382105e+00 8.103164131525053548e+00 -1.391137898534340778e+01 9.072453673495910920e+00 -1.682897366033162978e+00 6.070229139258853138e+03
-4.236268304143554531e+01 3.154751717341416750e+01 -3.569442549940595200e+01 -1.183262750754226111e+01 -3.149316120821379883e+01 -2.137899785980367184e+01 -4.625469869840573622e+00 -2.252535493324511506e+01 1.900756408338198966e+01 1.881128000474326933e+00 -2.065656220500018492e+01 1.374153204165611974e+01 -2.928733959482364479e+00 7.170540061026755211e+03
-3.957702408012390549e+01 2.291914784483510203e+01 -2.715490638717013283e+01 -2.188225537469315185e+01 -2.528143545503835554e+01 -2.325134364800765141e+01 -1.325800159502300524e+01 -1.417413260827646226e+01 5.136069239847600443e+00 -7.176720763358188648e+00 -1.523784856210334304e+01 9.423084369189520970e+00 1.941279348577440667e+00 5.266946457238428593e+03
-4.727467587484861156e+01 4.434051242044978380e+01 -5.188003817495174275e+01 4.851925432240747682e+00 -2.907808566191085120e+01 -2.639282363501970607e+01 3.195070298200382464e+00 -3.891012672745981149e+01 2.260889453823913087e+01 -2.644315308511249540e+01 -2.297028406988150806e+01 2.067743892334301137e+01 -1.838419558436602230e+01 1.248594973885040599e+04
-4.386143150730906370e+01 2.211553244659666717e+01 -2.547466930341679614e+01 -6.955036182650429666e+00 -1.316697020887442449e+01 -1.637911123799096913e+01 -6.541445232542303145e+00 -1.445107156562516693e+01 5.646028464203752151e+00 -8.998087148639420718e+00 -1.160363097979491798e+01 1.589714681792550088e+01 -4.855699744775295201e+00 4.327306176870751187e+03
-4.888298531782291434e+01 2.147162310330814350e+01 -3.376460678998341081e+01 8.202023559797661179e+00 -3.300654465134079629e+01 -7.822233414362401049e+00 -4.480920855676793657e+00 -2.145052076303570487e+01 1.420833030128703989e+01 -1.673298643799836682e+01 2.049497659090088852e+00 1.214841872586582028e+01 -4.543742684171688140e+00 6.343021133418917998e+03
-5.173712807201217601e+01 2.103027600868808022e+01 -5.073518200420060253e+01 2.281552599377928203e+01 -4.473199602079464654e+01 -1.625944315026925935e+01 -1.315516058207886552e+01 -3.320345924851469732e+01 1.800127604052545749e+01 -2.690564008867069745e+01 -1.324638891879077285e+01 -1.352487764965292882e+01 -1.072010209510074219e+01 1.127572789650646155e+04
-5.083673779760807321e+01 1.539165343300564714e+01 -4.924083573068229214e+01 1.558580437452302725e+01 -3.186431295282168819e+01 -2.419763137666388531e+01 -1.000460760080109957e+01 -3.852609300698118489e+01 7.559661440522818410e+00 -1.365357974965821164e+01 -1.850858800214794186e+01 -2.006109539631532268e+00 -1.226213137987554624e+01 9.414586818957475771e+03
-4.922795763407059155e+01 1.473447691780209823e+01 -3.852070905978684578e+01 1.714764440385438249e+01 -2.517251362448348218e+01 -1.368702592880169355e+01 -4.289285099341093144e+00 -3.143662946126526592e+01 3.475524084516056433e+00 -5.980334386704959648e+00 -1.841457345518263011e+00 8.518893767419935870e+00 -2.182376626659341845e+00 6.374602068387088366e+03
-5.185530248334592329e+01 1.193978610411219243e+01 -3.357784386026587953e+01 3.021322182174887772e+01 -2.917252239857395324e+01 -7.859634779415147321e+00 -1.254407561269745131e+01 -2.334822806694052844e+01 1.516817104203182431e+01 -1.065041207228924058e+01 1.048375510174223635e+01 5.061664957248876107e+00 5.155221667727837298e-01 6.966444794156959688e+03
-5.273350425529664420e+01 3.914019951811338771e+00 -4.052089852437578088e+01 2.491548179442661493e+01 -3.517485188845996191e+01 -1.031172656609559191e+01 -2.026892640684375380e+01 -3.597336668286700956e+01 2.226499821034956472e+00 -2.542136683471854752e+01 4.110783446332320956e+00 -4.739371293108733951e+00 -5.646870823968739295e+00 8.829831395930370491e+03
-5.172957354447563461e+01 -7.846958377664265960e-01 -3.773195204641303491e+01 2.455021539760315719e+01 -3.582135187032003643e+01 -1.060271993405742563e+01 -8.549315007406640632e+00 -3.948256001072706312e+01 7.263405253779761317e+00 -1.313581209859464316e+01 -2.132423297322155520e+00 2.411354562925392742e+00 -7.681816659447668449e+00 8.025206842373210748e+03
-5.244733975636879819e+01 3.403595152302200944e-02 -5.225570099236528421e+01 2.907396229776389163e+01 -4.151616080228166084e+01 -9.414628360517112160e-01 -1.099070888388576250e+01 -4.571406745091078250e+01 1.007945262278935417e+01 -1.885922146879131134e+01 6.736607518748914281e+00 -1.026448490915996814e+01 -1.876334437944604971e+01 1.122179800376828280e+04
-5.040937801755811165e+01 -5.750564752751889053e+00 -4.013735378194606085e+01 2.370319239622070739e+01 -3.365458011760636303e+00 3.713431860723640288e+00 -3.669952740066912078e+00 -3.886007253134376072e+01 3.120981902521982931e+00 7.077631727979613707e+00 2.096743398813672599e+01 2.119653618906054859e+01 -1.505035739968340991e+01 7.470985650782804441e+03
-5.467853403766076781e+01 1.435391800382944893e+00 -5.434311586042574760e+01 2.976173737717920886e+01 -1.690548384392641879e+01 4.105241717306441274e+00 -1.351520006504058635e+01 -4.017336830419696980e+01 1.706022934225295717e+00 -1.160490079644652184e+01 2.087073408374135397e+01 1.314575964551907816e+01 -1.292577941437750155e+01 9.843004782582189364e+03
-5.819190293791694302e+01 -3.819689816022617257e-01 -5.384704868231796837e+01 2.469737102154465802e+01 -2.238580612069374354e+01 -1.356351222921490063e+01 -2.232884348696944343e+01 -4.282349548932644012e+01 2.395951127366693356e+00 -2.007233599920336431e+01 5.866463288070479010e+00 -4.094543906156138391e+00 -1.671467194605656204e+01 1.065263064590955400e+04
-5.265725158588705312e+01 -3.028531872903841848e-01 -3.536353349554173775e+01 1.145170403472295995e+01 -3.897609080895930500e+00 -2.724477419305225467e+00 -8.270684605338455953e+00 -4.019233160191330967e+01 -1.353699220692259608e+01 -4.992190879314039265e+00 5.772326025946666883e-02 4.262237898009392900e+00 -6.418529532915969504e+00 6.128580421441284670e+03
-4.772415880671665889e+01 7.827633766979567476e+00 -4.341121263847099954e+01 4.028634306294860856e+00 2.585321839541092626e+00 -6.359785057500581651e+00 -2.113497942642421989e+01 -5.726648950675424032e+01 -2.454857565074576797e+01 -5.821064422167713914e+00 -4.870487979043470972e+00 -2.907680562475479569e+00 -1.885178051917846531e+01 9.036982637727349356e+03
-4.918265637797922807e+01 2.904665377938198390e+01 -5.696282536692400100e+01 2.483105113408328890e+01 2.247331066071426964e+00 7.083608323608445723e+00 -1.554874805024578244e+01 -5.973385954840630774e+01 -1.212617906758820752e+01 -1.258776941656819126e+01 1.414689964318055360e+01 3.388551898888249703e+00 -3.894314549043333962e+00 1.152139080161785932e+04
-4.722132271274738002e+01 2.329087390011574854e+01 -3.722569227758582144e+01 1.186404293887398609e+01 1.401967150695896791e+01 1.078496905288333352e+01 -2.091618248589759865e+00 -2.692804170340235714e+01 -1.303012557886422940e+01 -1.407351016082141548e+01 -3.274778921331757076e+00 1.236207352091310696e+01 3.179262297521556313e+00 5.882687458010398586e+03
-5.165181299504132539e+01 1.940859096905599657e+01 -3.362954276154162869e+01 1.500928145040168005e+01 1.336465408459832105e+01 -1.253344118331412238e+00 -1.104785273495891929e+01 -3.859573028405309003e+01 -2.041966490990972360e+01 -2.292728992644741481e+01 -1.547349643875516811e+01 8.059847289108882151e+00 2.462934909741029799e+00 7.445777778717131696e+03
-4.830091317854379440e+01 2.193034471782742756e+01 -3.111646368012320707e+01 6.379802523212824816e+00 1.688904561814540273e+01 -1.510159136055145268e+01 -2.185491262557917125e+01 -3.441848818030969426e+01 -2.031666760739464905e+01 -1.828206445159551663e+01 -2.148450920280719245e+01 1.173428093356028512e+01 1.065555298827674946e+01 7.458241040999131656e+03
-4.616417372737141989e+01 2.291177293870710585e+01 -2.411704842843120034e+01 7.213274908436788202e+00 1.510896996526703440e+01 -2.117600092369891840e+01 -2.214092231479352435e+01 -1.463416824238163549e+01 -1.371025468924807456e+01 -2.624279840814909548e+01 -2.144902224984168981e+01 1.715208741387215241e+01 1.954328391068047921e+01 6.683677100633251939e+03
-4.801207428494645768e+01 3.451193168329301386e+01 -3.561042267366384806e+01 1.745674861764034347e+01 1.453053771377588177e+01 -2.536036105861098378e+01 -1.222548656410813983e+01 -1.610110783184040528e+01 -1.415946481252502132e+01 -2.161493350212610309e+01 -2.001543057730350483e+01 2.179538762394295759e+01 1.682404448819962894e+01 8.158466265260467480e+03
-4.623798909949258729e+01 3.055384383462889275e+01 -3.001663904518800408e+01 1.395501594231622278e+01 1.962109735463407745e+01 -3.030506096897037693e+01 -1.644789039248033546e+01 -1.066800865197057213e+01 -1.794594266559566265e+01 -1.880137224796355611e+01 -1.436390769870859963e+01 1.717180188174074473e+01 2.043945420672786284e+01 7.449466156324739131e+03
-4.267581419192467962e+01 1.862126333630583375e+01 -2.463044619888079723e+01 1.856310483621655960e+00 6.456155856267151272e+00 -3.086076289371105474e+01 -2.511725644956610637e+01 -1.027294725831832878e+01 -1.782781332190298329e+01 -2.154200041910544883e+01 -5.190056054128262986e+00 1.650105800171748172e+01 1.273309718569959514e+01 5.751802056357889342e+03
-4.566392979232545457e+01 2.925572676924811688e+01 -4.510774953788850894e+01 -9.373191409896628912e+00 -4.922527471144074518e+00 -4.350309049705850839e+01 -2.638213764886421586e+01 -1.071900238206675837e+01 -1.132393103461554240e+01 -1.113850900758907869e+01 -2.392731971485500431e+00 1.593688443851730696e+01 1.067183392242248630e+01 8.417217465095234729e+03
-4.454120980628299264e+01 3.125176690956725878e+01 -4.715215597403667402e+01 -1.546652478783536644e+01 -1.366831902861744297e+01 -4.324163739406445472e+01 -1.788879812212163856e+01 -3.108250056988021814e+00 5.984657068263195434e+00 6.780620858181919175e+00 -3.041686774810807847e+00 2.162347527668179126e+01 1.792230081856932955e+01 8.689292321804201492e+03
-4.215724636634475075e+01 3.795308571855605351e+01 -3.752153774449392643e+01 -8.793974714888220134e+00 -1.103681222083251967e+01 -3.377159458848564100e+01 -7.150153192956203441e+00 5.504229035589912833e+00 7.829351410830259539e+00 6.590475112019203330e+00 -7.566081027420013427e+00 1.451520974777783302e+01 1.691515730671012818e+01 6.705415524318883399e+03
-4.037195842925147815e+01 2.998690523774271099e+01 -2.912708052481245957e+01 -1.964721324699605631e+01 -8.772456401696363315e+00 -2.751154711968578326e+01 -1.126568062089976507e+01 1.072550163742240059e+01 1.086676087767299137e+01 3.432344919190418731e-01 -9.174429422846370752e-01 1.183821229318696311e+01 6.442924271080943122e+00 5.140003029790002074e+03
-4.312263214131653655e+01 3.670087911767616617e+01 -3.417834785034705192e+01 -1.557249468463995612e+01 -6.746998086389291771e+00 -2.682859950180830211e+01 -7.666349593913642124e+00 6.000703894472656508e+00 1.299046261189108797e+01 1.902039149122902062e+00 -1.092841718203155565e+01 1.697748017066327719e+01 1.009122563284428864e+01 6.159122922637953707e+03
-4.504972231764924118e+01 3.797281748334782492e+01 -4.330197435845776255e+01 -1.020271109052947978e+01 -9.249439218463733070e+00 -3.013154559050637005e+01 -4.180561193018527355e+00 2.520861143672704419e+00 7.410245086701152673e+00 6.631950916142661967e+00 -1.022710086206447500e+01 1.163094208120338457e+01 1.438709108443317852e+01 7.013617944591395826e+03
-4.972773950933364517e+01 4.352437791817936130e+01 -5.109710820285378929e+01 -1.262009957355499346e+01 6.448779190329025912e-01 -3.770095302634418033e+01 8.468110912697482950e-01 -5.753830972447157022e-01 4.265977102510016827e+00 1.000290128868240025e+01 -1.610160266729625889e+01 1.101632995277947558e+01 1.465949733217435380e+01 9.274005402117471021e+03
-5.143716591400833948e+01 3.911276143737165256e+01 -4.439016395519210079e+01 -1.696945009097929713e+01 6.843801237433027929e+00 -2.821239725772176143e+01 -7.297991079422506466e+00 3.596501194115831357e+00 -4.587991577577035684e+00 -5.254323124247775034e+00 -1.003102684138125866e+01 8.400791932489081404e+00 1.352143973845382696e+01 7.745693221316691051e+03
-5.072309746876069170e+01 2.591699342787930505e+01 -3.060989882123977068e+01 -2.371059474944878787e+01 2.163275175858761390e+00 -1.764749425058754539e+01 -2.684679228410690399e+01 -5.933550772353489045e+00 -3.944986619393103133e+00 -2.348376710131937628e+01 -1.807428925637788453e+01 5.547183524198007198e-01 3.413714093293112484e+00 6.721443793091024418e+03
-5.343356647445808250e+01 3.220919212300331225e+01 -3.356889524704889283e+01 -1.740125674192458050e+01 1.103092779901500897e+01 -1.878246361521408758e+01 -2.844042310015923292e+01 -7.558166183360441437e+00 -6.943926960774949642e+00 -2.275214710881481395e+01 -2.220976892560290850e+01 -7.814241559219072819e+00 -2.115816292400710452e+00 7.787389602593292693e+03
-5.223039311476230040e+01 2.474908934000050564e+01 -2.920838880590893538e+01 -1.261594049928518402e+01 1.560171985063579037e+01 -1.777443270058579117e+01 -3.242965985847587973e+01 -4.772154298987423715e+00 -3.594794625558830781e+00 -2.562107334782957935e+01 -2.720167007457832753e+01 -1.563560972188340159e+01 -9.743406839269411535e+00 7.735322805667345165e+03
-4.910404519404642798e+01 1.713467970958022946e+01 -1.989309563065170394e+01 -3.826575777194893835e+00 1.588603073195806203e+01 -1.017580328780286791e+01 -2.365831222961459801e+01 -1.772150555656281101e+00 2.915441515580249554e+00 -2.234281460241647466e+01 -2.877592119025079853e+01 -1.192764566697988471e+01 2.107399301409787484e-01 5.512019585643772189e+03
-5.185172407790976479e+01 2.354038195668960753e+01 -1.994965877625851647e+01 -2.790291563524180507e+00 2.193084924870024821e+01 -8.631569136508321805e+00 -2.597053015546923760e+01 -4.379046298879675447e+00 1.208130387880986811e+00 -1.908210683679356023e+01 -1.987599655922120334e+01 -6.794959970766285551e+00 -1.796394507907715044e+00 5.707676236208012597e+03
-5.651008719443106543e+01 3.250568346382039664e+01 -2.316767899084309335e+01 3.416935132848426121e-02 2.719599159907204822e+01 -1.306797743186356442e+01 -3.419675753938903995e+01 -1.020114291667423068e+01 1.872655236167897863e+00 -1.687550660892877374e+01 -1.623851657051846331e+01 -3.126557480644448272e+00 6.296827428848473795e-01 7.532778309159287346e+03
-5.866432339047093336e+01 3.008570864942151246e+01 -2.023587401927509077e+01 -4.297503529106848852e+00 2.400617976189684910e+01 -1.730523372675622795e+01 -4.730505990928782722e+01 -1.934539840671880384e+01 -4.344295822155575415e+00 -2.895477208528734892e+01 -2.469344155291967979e+01 -4.047430614387375059e+00 6.929807528567526465e-01 9.746272456671349573e+03
-6.345793882280322151e+01 4.213435053117422058e+01 -2.719878576222345146e+01 -8.778049030778673156e+00 3.877927625394698197e+01 -1.990367670422212143e+01 -3.463541844483295051e+01 -1.350916308084215878e+01 -1.233376121135320247e+01 -3.125272305579004595e+01 -2.607003833701516982e+01 -7.005074666197752542e-01 -3.599259632277684862e+00 1.172308654069354088e+04
-6.107675570442339819e+01 3.081632969219606011e+01 -2.055578132261515378e+01 -6.126119669210144253e-02 3.295136139366181283e+01 -4.290103816997535624e+00 -2.988104258098837107e+01 -2.099174644046924598e+01 -1.968381987511045494e+01 -3.368075113650905195e+01 -2.249012939562691926e+01 6.074253705271721593e-01 8.237678953352446598e+00 9.636167496944008235e+03
-5.801087627110733536e+01 2.167901786843740197e+01 -1.639748284658541522e+01 -1.470787604903809553e+00 2.228808106236072106e+01 -5.316768710607770565e+00 -3.116286363962680284e+01 -2.200121048233202714e+01 -1.818614089398431943e+01 -2.792010511025516806e+01 -2.285662434415264954e+01 -8.248791804387135329e+00 2.148482597461986554e+00 7.791837971335843577e+03
-5.862586189186791330e+01 2.074936843136515918e+01 -1.617651528650030812e+01 1.897561380322618119e+00 2.571508547954806545e+01 -4.497082606608001853e+00 -2.877989251975568763e+01 -2.287647616912831694e+01 -2.055662315419392172e+01 -2.294224162563380887e+01 -1.185492274472401064e+01 4.874643136388487896e-01 5.816312150800594161e+00 7.289440615516380603e+03
-5.672660915789757752e+01 2.556139588101023463e+01 -1.596952873396736727e+01 -2.059265236690290379e+00 1.215148946915129535e+01 -1.488470849938566687e+01 -2.233329588303717017e+01 -5.892795102591485978e+00 -4.840909437706206297e+00 -1.138562215292078328e+01 -3.276459075236169305e+00 2.919183284932116429e-01 -1.135349515534360476e+00 5.198450164687422330e+03
-5.983541813187319747e+01 3.757371586575585809e+01 -3.612591640963498207e+01 -7.388158847094790538e+00 1.675526123835161485e+01 -3.674311337405694644e+01 -1.971234056147714497e+01 -4.803972987527129312e+00 -1.252311914513846602e+01 -2.485763418360870602e+01 -7.727723587402865135e+00 1.209489845173152389e+01 1.307090334990287595e+00 9.376621056897522067e+03
-5.132873071241539975e+01 2.237372583155049099e+01 -2.786111175671594253e+01 -1.594104639055131223e+01 -1.038409121145116298e+00 -3.200345716543740338e+01 -2.556496892753692052e+01 3.642981112117236631e+00 -1.179989686116067915e+01 -2.124413646528124033e+01 7.091376668158195784e+00 1.437004268704210119e+01 1.823641799884228476e+00 6.708381543551922732e+03
-4.942339071689811902e+01 1.936536284929668383e+01 -2.752778260535179200e+01 -1.596213670817597929e+01 -9.810606174096129450e+00 -3.931593920617081750e+01 -2.466925002618312135e+01 7.568244681728645062e+00 -8.850821833943765427e+00 -2.121128376387933656e+01 9.616342015063256810e+00 1.661781560884320186e+01 -2.947337424704614239e+00 7.043666978584757999e+03
-4.852644824704324833e+01 1.583471138323382377e+01 -3.407732705273028984e+01 -2.637746182204089607e+01 -2.062067717504092101e+01 -4.583807351904619765e+01 -3.328964128521935351e+01 -7.106008133785044478e+00 -2.199207111412675530e+01 -2.943030585685099965e+01 -1.746458580527274096e+00 6.583806170137423308e+00 -7.586491435822006579e+00 9.601371423167831381e+03
-4.758794846956235602e+01 1.865151731528397150e+01 -2.494582163448920298e+01 -2.175432338733853044e+01 -1.302710739347932645e+01 -3.500388959227517915e+01 -2.418616298981721258e+01 7.805280685258553675e+00 -3.530321356177368308e+00 -1.640815293562603117e+01 1.015677541646399895e+01 2.029040481124576090e+01 3.136632338312453250e+00 6.555296969467058261e+03
-5.055107879875036758e+01 2.299413323595217662e+01 -2.819718132226710949e+01 -1.760693108284533182e+01 -9.679632177347146538e+00 -4.101577797449871809e+01 -2.593571058973284948e+01 1.238972823605101503e+01 4.342758916380590861e+00 -8.254254789044480844e+00 1.132030937726256781e+01 1.476673901788164933e+01 -7.513421939350453105e-01 7.225145337006574664e+03
-5.102476882220364729e+01 2.297526739562603026e+01 -3.164768429310325004e+01 -1.865744957694057859e+01 -1.407183669507301893e+01 -3.928121797074548738e+01 -2.144618555547848970e+01 1.334542995595483816e+01 6.007093009324784738e+00 -8.832032862594951794e+00 4.788955603441057640e+00 5.449147509723239580e+00 -8.988449857802315535e+00 7.107645846028503001e+03
-5.620245600407233155e+01 3.490352013335483861e+01 -4.113112781359640735e+01 -2.099653390687557675e+01 -5.022807307739445726e+00 -4.699666840234997522e+01 -2.755012757475563845e+01 1.529420370543959073e+01 9.125297641646101354e+00 -1.765357958464306876e+01 7.254723903569399113e+00 2.015481005977934004e+01 -9.260536527792412542e+00 1.067595837389542612e+04
-5.032670869720606532e+01 1.065133247700330621e+01 -1.601147554263926054e+01 -1.455123604951567984e+01 -8.275030748598613428e+00 -2.364720498998408260e+01 -2.158009315550557261e+01 2.825323646322444038e+00 5.563404992711240560e+00 -8.760799549346664605e+00 1.760743605007116797e-01 1.097395079853958322e+01 4.301033873259212825e+00 4.462344198030583357e+03
-5.783963809642018816e+01 3.552838233747921493e+01 -2.951553774243302186e+01 -1.719780911205286600e+01 -7.053032483543417719e+00 -4.057623413954879510e+01 -1.709021000041933291e+01 1.349132952033199295e+01 1.185898775143346295e+00 -1.143011479934576258e+01 1.980428106115590614e+00 1.636205382816680043e+01 3.306019949414671366e+00 8.359511136464938318e+03
-5.955680811755019022e+01 2.400415888762158900e+01 -2.147007111467853235e+01 -1.293407752834436053e+01 -1.068527214507505718e+01 -3.781859897262588532e+01 -1.049532076383642476e+01 1.932588505578294757e+01 1.412835686701963356e+00 -7.695712603953924535e+00 1.023843266206512581e+01 1.703101447748380082e+01 6.599686503693536821e+00 7.279187329038431926e+03
-6.242736880787798981e+01 2.953222582919699235e+01 -3.275367886564900033e+01 -9.794805526707445864e+00 7.668190666695976487e-01 -3.854134170511943580e+01 -5.084324329842597301e+00 1.190982176186737007e+01 4.906638116650062997e+00 1.010359182481924378e+01 1.988456866953372204e+00 6.066030892758168314e+00 8.939755637047365866e+00 7.838615261167922654e+03
-6.409970034858545773e+01 2.831589003271245630e+01 -3.812534494673036534e+01 -7.455236492418807259e+00 5.096626217398998904e+00 -4.295995801250925439e+01 -1.615787854119098910e+01 -1.242002208656124429e+00 2.622921835589694384e-01 1.295314394814793602e+01 5.834453978861015244e+00 -2.284986387669792229e+00 -5.968874904309099172e+00 8.796579110240380032e+03
-6.500411475976996201e+01 1.845851631196585885e+01 -3.953935746037711141e+01 -1.022502016574502903e+01 3.532971281409481801e+00 -3.812077466920595015e+01 -1.335287875187594331e+01 8.374306821057334815e+00 7.102315439559130361e-01 1.580730138854576161e+01 2.247390235312103712e+01 -1.461847472528336578e+00 -1.708665858723479403e+01 8.997809711782601880e+03
-7.114420878093827127e+01 2.032650261575513539e+01 -4.222824732394060732e+01 -9.713373252222172738e+00 1.452210851603573971e+01 -4.791142066663277177e+01 -2.317870496726037288e+00 8.400028555594726498e+00 -1.208567014033181586e+01 1.467676480263919458e+01 1.995134621529868113e+01 1.243227078313137923e+01 -6.459314069287565019e+00 1.089037967175029007e+04
-7.482731139886341509e+01 1.217059566664230630e+01 -4.909164031565465081e+01 -1.761665061964932377e+01 6.257245351719003423e+00 -5.133189465155919606e+01 -7.740203358713039883e+00 5.812023774439571078e+00 -8.367063432983748328e+00 1.701132481197696222e+01 2.379548069053485904e+01 2.069403481617599283e+01 6.111119419594817082e+00 1.262659903547645627e+04
-7.612671016143079328e+01 1.049640145445507322e+01 -3.187003376857636283e+01 -1.269351364722337117e+01 7.234824903968642751e+00 -3.975164895291003830e+01 -9.949356153891287136e+00 1.153982489349987794e+01 -6.455142323762036227e+00 3.089948183172752216e+00 2.490441735825605463e+01 1.711660317443769230e+01 -4.329553078836271496e+00 9.930138097176666633e+03
