-8.718357047102037427e+01 5.456670340901797367e+00 -6.635083477629913240e+00 3.334018795779572830e+00 -3.005578936424732728e+00 5.142685917106767590e+00 -9.128492117027910524e+00 -5.704200166249124848e-01 -6.864580585878481855e+00 2.883709659590500074e+00 -5.907005275338916839e+00 1.048267041140360512e+01 3.496407722578845245e+00 8.017467901141819311e+03
-8.878215200931468587e+01 6.655410592324058072e+00 -6.160911069387227101e+00 -3.731357297643824289e+00 -1.277761449427624318e-01 3.676457080275642664e+00 -1.328728090968381004e+01 -4.651510831161788095e-01 -3.179918537240769449e+00 4.519286282859018122e+00 -1.365449469742251232e+01 1.479271435879965679e+01 4.315844438333686917e+00 8.623177688123152620e+03
-8.949172160865272474e+01 8.501903960722442477e+00 -2.603518935881029783e+00 -5.315628489111077215e+00 -2.023254425642061705e+00 5.407983253555448400e+00 -8.092137419580499369e+00 2.449016258476143904e+00 9.143680403016917424e+00 1.427570989950505576e+00 -2.693171012914861606e+01 1.803749769750525189e+01 9.695128115942223346e+00 9.451213727611353534e+03
-8.919901703834015905e+01 8.948255962262351204e+00 -4.171387136976158594e+00 -1.073570025197465583e+01 -7.949395643702027170e-02 3.663191320714578314e+00 -8.767728707500339169e+00 -1.363660377929116096e+00 -6.573770367835832795e-01 4.261391394176475278e-01 -2.571731303926525669e+01 1.262421206032425047e+01 8.156810587430375348e-01 9.083379577002793667e+03
-8.852314821504857889e+01 7.096584240341250904e+00 -6.830251297535270716e+00 -1.228515995197852106e+01 -2.089153870180198602e+00 3.949163739832410425e+00 -7.946810032868029339e+00 -4.925333007281892606e+00 -4.760111622817672306e+00 2.390181300378694029e+00 -1.852440550050305390e+01 1.970089947767090521e+01 -5.034914939497774355e+00 8.976658955820010306e+03
-8.783964054509077357e+01 5.016726545901796008e+00 -8.908309318907480900e+00 -9.641507231913486464e+00 -4.246325563500460198e+00 3.255536386055070341e+00 -9.095942536164001169e+00 -1.003096330872847330e+00 -1.112700398175841432e+00 7.945958771951333155e+00 -1.780330383913375414e+01 5.234895648767500020e+00 -5.499274913709923496e+00 8.464638951374066892e+03
-8.768449573568933886e+01 7.151544289935135579e-01 -1.312639024229989992e+01 -3.005515583976047900e+00 -7.207940962656202544e+00 6.804529229421479641e+00 -9.803919816741609949e+00 5.358027458859854208e-01 3.584600540885819475e-01 6.674558271659004838e+00 -2.331339863919935951e+01 5.123483531953463288e-01 -6.961485297453756438e+00 8.701994998532944010e+03
-8.625748190891604850e+01 7.967855311978834232e-01 -1.214823554723478338e+01 -1.516262651149521856e+00 -5.280753585214224444e+00 1.188768710668773032e+01 3.178153369399172590e+00 9.033651235886658526e+00 2.899089610068497525e+00 5.409062119227689536e+00 -2.186946540259574334e+01 -6.541459081761704653e+00 -8.601794777002229608e+00 8.484495459329626101e+03
-8.412392060945703065e+01 -1.139418070263049199e+00 -1.312503336368980555e+01 9.693606571209706146e+00 -1.311319061699700228e+01 1.423734382746743776e+01 7.547845301808752794e+00 5.894234028858135188e-01 7.579739575694670606e+00 4.947565329150953595e+00 -2.310875795146108302e+01 4.220444555297306444e+00 -6.182961773963603136e+00 8.448326634790988464e+03
-8.356577281324793205e+01 9.369519087139612790e-01 -9.012167301820518617e+00 1.662717140807207272e+01 -1.215116169149645309e+01 1.165583265179286876e+01 3.238114343602871870e+00 -1.480492282678530502e+00 7.794628763044997299e+00 1.382854810057351669e+00 -2.681213582715211530e+01 1.431925672501825630e+01 -7.792334215353615701e-01 8.625192130900089978e+03
-8.076561667489623630e+01 2.114948622565588021e+00 -6.855082546338924665e+00 1.748328869017826293e+01 -1.367080719969279556e+01 9.430202827827207201e+00 -5.670319529332006336e-01 -6.642845108691786571e+00 1.936571771425915078e-01 -1.245754252508779736e+01 -2.743985091133961873e+01 1.291276587530393982e+01 5.624051094023756470e+00 8.307026756094233860e+03
-7.832902228314287640e+01 5.240309860421065835e+00 -2.586608359497923448e+00 2.086513125322587214e+01 -5.445805579365747384e+00 1.471159634115495685e+01 -4.965985407913921235e-02 3.122785479313889279e-01 -1.439187480719273382e-01 -8.110232545840549534e+00 -1.453008185571756350e+01 1.825267227350383337e+01 5.687414344469236660e+00 7.493555263929149078e+03
-7.232807148618113047e+01 1.046566913572658386e+01 3.806357807027421103e+00 1.965942601641116738e+01 2.275423446081281220e+00 1.054062760025436774e+01 -1.525134074725448263e-01 1.105515126508165480e+01 1.024784100475766202e+01 1.242673248744551096e+00 -8.936533137318072306e+00 1.135838474153005073e+01 7.252632025701482910e+00 6.348421240131182458e+03
-6.441805762167578564e+01 7.846076777270072355e+00 7.975343591414521427e+00 4.211303471115220987e+01 2.583655585984429948e+01 2.174367355492457321e+01 -1.512173270320537100e+01 -5.696690487654634261e+00 -9.626080141720011696e+00 -5.598868743209683529e+00 -1.286919203176440796e+01 1.088165867127459663e+00 9.067871434124672447e+00 7.822830158298622337e+03
-5.555270971316885209e+01 7.671556838085836993e+00 2.724148535600869447e+00 3.296874415311859963e+01 1.869808601606655785e+01 1.496918959625094914e+01 -2.629696893326064000e+01 6.560944333064860912e-01 -1.680381220471603765e+00 1.107515334768464399e+01 -1.033650422869359176e+01 1.238197043204878778e+00 3.813802567336736504e-01 5.738976115097088950e+03
-5.301001062614979986e+01 6.487251598827238119e+00 3.475369684675699400e+00 3.650532711059328506e+01 2.068783244037493319e+01 2.318676648908285642e+01 -1.804266494295779211e+01 -4.761765949319304525e+00 -3.026371842035366466e+00 5.446891562133929554e+00 -2.456270779580016850e+01 2.445745013386090960e+00 1.683510452665631263e+00 6.161657530880311242e+03
-4.825975999318583121e+01 9.131648346562522889e+00 2.261993413718779600e+00 2.290133149548127989e+01 1.681238066791050656e+01 1.656754322060873008e+01 -2.244532436978689560e+01 6.583721072749528780e-01 2.333896311613428143e+00 9.633993566214249071e+00 -2.645806008929386977e+01 1.225466120001582171e+00 1.763254070985387889e+00 4.806245386426888217e+03
-5.126387580788476583e+01 3.555373674908263393e+00 -6.960895964908259126e-01 3.648675163195554916e+01 2.928895876587326086e+01 3.127470852802079193e+01 -2.528076315050843448e+01 3.830398065439263977e+00 -2.364664013864524517e+00 1.265009280366591149e+01 -2.902368406730463235e+01 2.943821997408337054e+00 2.388330473302454404e+00 7.484493595186993844e+03
-4.670749429902502925e+01 8.764011016548158395e+00 2.541912000977629482e+00 2.200403804301368638e+01 2.144531496140563220e+01 2.016924778316176869e+01 -2.358600766778162949e+01 1.827249748405879726e-01 -2.673864741814313994e+00 5.506237318603428577e+00 -3.099833926293514352e+01 5.620751825160754223e+00 6.142142711533645993e+00 5.239754162959507994e+03
-4.963492401178009317e+01 5.862531752543021391e+00 3.142621265119852625e-01 2.971105964595779980e+01 2.559735682650441291e+01 2.648628856740712934e+01 -2.109476360620463353e+01 1.221904601119063960e+00 -9.339846777843838765e+00 2.647154491421892075e+00 -2.733907054158986938e+01 4.293333798398543344e+00 3.478467441077397471e+00 6.056268440866015226e+03
-4.469448812167178176e+01 4.529781242583208467e+00 2.593071765584142700e-03 3.242946964124944742e+01 2.155967857507967622e+01 2.365988475920837786e+01 -2.368138223491876460e+01 -8.081745326957189945e+00 -9.700692949150647948e+00 4.781120763750875469e+00 -2.300557944955377110e+01 5.098822950749227090e+00 4.236529251652334516e-01 5.392915776211640150e+03
-4.640791543308891676e+01 3.034077094664415331e+00 -1.220673151068724316e+00 3.517437067244330962e+01 1.879896913063804575e+01 2.528651191009299382e+01 -2.132769240467861138e+01 -4.256315873849694675e+00 -1.024732667396548536e+01 -6.813124436154460728e-01 -2.269306803906910019e+01 1.375801206233157181e+01 9.555735117452140770e+00 5.768464444062585244e+03
-4.180243793436569177e+01 4.906640666098354586e+00 -1.482625766798593814e+00 2.909064970140066109e+01 1.934336186688968340e+01 2.259335625794627944e+01 -2.275118400668526419e+01 -3.208406238576400060e+00 -9.551120991649669989e+00 7.710260260737261007e+00 -1.953226995204945382e+01 3.758217350947486324e+00 2.362735626847790371e+00 4.584406970970899238e+03
-4.497945574209096975e+01 3.887500298849398295e+00 -1.669976884207431400e+00 3.398667780141039430e+01 2.455327101590291150e+01 2.700388641723844074e+01 -2.524678286184806808e+01 2.421837382673471595e+00 -6.633734218425255236e+00 8.436078905403455508e+00 -2.593837924721768573e+01 1.135568012785687309e+00 3.963158705954604510e+00 5.976455045187495671e+03
-4.008363261890184503e+01 4.817291892161591704e+00 -2.355395500851122037e+00 2.594128599784353639e+01 2.335664500732642779e+01 2.431564185613040152e+01 -2.462905369677389089e+01 2.046176500268010567e+00 -1.223508494506280897e+01 9.341415777263994968e+00 -1.908169156179427617e+01 2.387168512089300254e+00 2.794180920066888785e+00 4.670538867146654411e+03
-4.202863313036667137e+01 3.358936887735924248e+00 -3.346848462537440838e+00 2.961345370230365148e+01 2.111531475196399654e+01 2.695469477348233056e+01 -2.177703282419953368e+01 7.773085152814701360e+00 -5.437030393843154563e+00 9.507071097008481075e+00 -2.642896224712209374e+01 5.073166026587336841e-01 2.284607205962507770e+00 5.196831139485519088e+03
-3.752896362119505369e+01 3.085354543033399732e+00 -5.038749410345209512e+00 2.584849376120242681e+01 1.663478124579178896e+01 2.846463538965000950e+01 -1.499796689703923391e+01 -2.025553813553027993e+00 -1.009515118691407842e+01 8.287663118833393128e+00 -2.248833507346179772e+01 4.689691623474296911e+00 -3.436534635259820281e-01 4.125903399798213286e+03
-4.023696738372463955e+01 1.312759464778450846e+00 -5.851720980367684177e+00 3.038534345052407915e+01 1.235024759559203034e+01 3.372902917768075781e+01 -8.126183891255132963e+00 -4.791764035748080630e+00 -8.972860944899175850e-01 1.116133556308573205e+01 -3.057763196367985969e+01 4.629275735766255728e+00 -6.378547606291899541e+00 5.079908682636626509e+03
-3.664642024219759264e+01 1.329740276158958068e+00 -6.220438451729203955e+00 2.903507919338502319e+01 1.723605818588699634e+01 2.873739403155892091e+01 -2.067623314646688470e+01 -4.367557677146323591e+00 -7.138367828526907211e+00 1.380588334049040888e+01 -2.883220214814777194e+01 3.115013204769323529e+00 -3.043389811522170252e+00 4.887779818359295859e+03
-3.960901894908209186e+01 9.715955980153259119e-01 -7.392276949163437472e+00 2.934069736744468671e+01 2.353132505833723087e+01 2.850048233094730676e+01 -2.687121295351906980e+01 1.081146685814410091e+01 -7.147432467115042876e+00 1.508613058582480271e+01 -2.631084620531779805e+01 -2.700538101234815080e+00 -1.943489680549201237e+00 5.672299127070860777e+03
-3.594293711770414745e+01 1.585395080900455556e+00 -6.463465543728728946e+00 2.884237601344752377e+01 1.853638003477301766e+01 2.517115053888798926e+01 -2.547699588433854245e+01 4.220425489952384090e+00 -9.870436159912911123e+00 8.488111171388185383e+00 -2.539311890135286376e+01 1.337991415490770386e+00 2.735969221612634783e+00 4.635700539390119047e+03
-3.872570404444508796e+01 1.008813802473798926e+00 -6.077210690678138683e+00 3.324852379505166766e+01 1.851946387581781295e+01 2.573831650777836799e+01 -2.629845753148692822e+01 1.674940611698966242e+00 -9.585614653926141315e+00 8.409757777295093106e+00 -2.078959700196402594e+01 4.956616680248151496e+00 4.552380308189496461e+00 4.983048049901176455e+03
-3.540366708506710580e+01 1.801489096688291047e+00 -5.782377673198599410e+00 2.850153092935361343e+01 1.935676633584823847e+01 2.392110481259086541e+01 -2.680875962367043641e+01 5.786896527345922747e-01 -1.308736921760413807e+01 1.178741332684368892e+01 -1.773668752094139478e+01 5.547275262095849868e+00 7.074097997600723886e+00 4.474013851122049346e+03
-3.827299463615236874e+01 2.722658774652570113e+00 -4.971419524084476294e+00 2.330583482356738756e+01 2.441649489680541052e+01 2.613317216489628336e+01 -2.635952811664030193e+01 5.936242884656075525e-01 -1.734123159750495446e+01 1.196526398721985451e+01 -2.189043187945933155e+01 5.380227181263771641e+00 7.207123058984507225e+00 5.018363291684406249e+03
-3.063668555203536314e+01 3.869297941211352843e+00 -6.714137735307007304e+00 5.264521729581081111e+00 1.297933668261128126e+01 2.595878510691402496e+01 -9.490263995595176638e+00 -1.642885396694476441e+01 -1.859262938232004814e+01 2.208490897940733078e+01 -9.248240889217999694e+00 1.753058990113895632e+01 -5.163559633960719708e+00 3.481609822960271686e+03
-3.184259408981165862e+01 1.950426199809966565e+00 -6.089380061049312509e+00 8.594534371597866595e+00 1.500521552468532605e+01 2.734801633026818024e+01 -1.106131822505055062e+01 -3.185360806585844884e+01 -2.457131740575118073e+01 1.989569881787911498e+01 -9.246007167161286233e+00 2.515880042003880135e+01 -3.857207294831073163e+00 4.971697534885693130e+03
-2.869342191966952527e+01 4.868251649681085702e+00 -4.653751624958670341e+00 2.748200720400602926e+00 5.336246431187573691e+00 2.077017396537477723e+01 -5.152260167887975584e+00 -2.579862516415126450e+01 -1.096228341971736064e+01 2.988499097006030425e+01 -4.974916785404985831e+00 1.320413246778499250e+01 -8.115852300664885277e+00 3.306463157565010079e+03
-2.957815771848646591e+01 4.524789210657278460e+00 -4.866815025665110817e+00 3.270976332939135478e+00 5.758683894661318803e+00 1.569195419465958707e+01 -1.246274482813027973e+01 -2.246593601255757378e+01 -7.420767946974750728e+00 3.342737949345289650e+01 -3.397284910263405622e-01 6.264012252435045447e+00 -6.188590927722992241e+00 3.119273881641704065e+03
-2.837342223398772134e+01 6.247986511131986553e+00 -2.197303798226270644e+00 1.497409142490194300e+00 4.745029341958625579e+00 1.069598499217209309e+01 -1.067349473179136154e+01 -2.505108486487778663e+01 -1.433773859939054596e+01 2.235377135989802255e+01 3.777318377522773218e+00 9.661404944028578967e+00 -8.800380561504411503e+00 2.619877963738881135e+03
-2.447401503306032211e+01 4.496534977535786126e+00 -4.782514424593993674e+00 7.003273599817044115e+00 3.020011014247727665e+00 9.167442348049597456e+00 -1.360158679549049943e+01 -1.378855833744652415e+01 -1.462630696307059708e+01 1.831163104982456602e+01 7.493825080152237028e+00 4.282136364648875926e+00 -9.171785440332433481e+00 1.867264935513155478e+03
-2.554012917287129980e+01 3.731255735170229126e+00 -6.118061590459714871e+00 1.023502169479746726e+01 6.748796505359198894e-02 9.283465924252952917e+00 -1.130034378563447461e+01 -1.018363976301388973e+01 -1.439719684178959547e+01 1.194281405576653121e+01 6.694432413465913889e+00 2.870602665441987611e+00 -3.914196831917584163e+00 1.544285203246534138e+03
-2.217697650234731199e+01 2.258236108989047253e+00 -8.699748435091692045e+00 9.968230896765376770e+00 5.866531820823124299e+00 1.433062228595171739e+01 -1.737031212750725828e+01 -8.813240220362088095e+00 -1.593348940186761276e+01 2.131081473511668278e+01 5.018744394919766094e+00 1.115791264822511231e+00 -1.040466396178346642e+01 2.133869771250617305e+03
-2.414077843309468108e+01 1.181763581363167059e+00 -1.002992402584949971e+01 9.310750769673740379e+00 7.285295717062755472e+00 1.601003556666454486e+01 -1.911529067699758855e+01 -9.820730780270206850e+00 -1.848316421345730376e+01 2.274944571232583712e+01 2.725351574522499654e+00 2.100416240279295632e+00 -1.096709405331271014e+01 2.533982148753949787e+03
-2.201918462540480803e+01 -3.287378687407176980e-01 -1.198251986264086000e+01 6.893360340860143154e+00 2.381123297123195481e+00 1.603212877142075499e+01 -1.691387555772619677e+01 -1.616316742827162045e+01 -1.845407815467054746e+01 2.498572793004311521e+01 2.133569949974252200e+00 6.081197690338600026e+00 -8.313453527160595158e+00 2.561564024359139239e+03
-1.990011589960947092e+01 -3.052756809736666632e+00 -1.555455707042872504e+01 1.060321700893178232e+01 6.272986930089974322e+00 1.648076820355534622e+01 -2.735442969108347455e+01 -8.040302546290948982e+00 -2.664244870354646366e+01 2.007668265585339284e+01 1.464190524949371630e+00 -6.107471307059606502e+00 -1.040287762194121690e+01 3.144141949779672359e+03
-2.113225785862430683e+01 -4.303716759834703254e+00 -1.572591337122159949e+01 1.172197136236939841e+01 2.042632666302777178e+00 8.023130551070140726e+00 -3.520001126426041793e+01 -1.788998093013003654e+01 -2.896043338441035431e+01 1.620175297362642297e+01 1.358479515440299101e+00 -1.137812431230585375e+01 -1.297223698581860596e+01 3.878228059972763731e+03
-1.900997170909202794e+01 -5.181086178329260328e+00 -1.548032740260906515e+01 1.826051171353171299e+01 3.276046872551457323e+00 9.650305667071796378e+00 -3.352569450542473817e+01 -1.107184489481596934e+01 -2.693762526885575426e+01 1.786525786788700998e+01 1.302969911274893988e+01 -9.252746003897186711e+00 -4.589394411344368763e+00 3.632980329380432067e+03
-1.800876491059735329e+01 -3.987912555475445320e+00 -1.542342567191652947e+01 1.804069869380697355e+01 4.049245548216742208e+00 1.034342914435710803e+01 -3.356642347445566799e+01 -8.836610257253695311e-01 -2.492150375443296895e+01 1.744372107816382211e+01 1.361310868964127074e+01 -1.400708798153436874e+01 1.809185302248393690e+00 3.464589634433404171e+03
-1.777816896510427824e+01 -4.286474742807307337e+00 -1.589724553757762138e+01 1.909369191470147342e+01 4.583749865831092229e+00 1.433393774922470421e+01 -2.997417516195669762e+01 -2.855547329685628632e+00 -1.637369035484404733e+01 2.504315137212768150e+01 8.813144460862419649e+00 -1.168928737034062193e+00 8.125731667144467929e-01 3.059761856826153689e+03
-1.827583316027269333e+01 -5.480978296046622233e+00 -1.766393477940417966e+01 1.515318023170004125e+01 -2.394721737410234752e-01 1.677450222563857452e+01 -2.118701339520062632e+01 -2.650818921916129334e+00 -1.620469969840810265e+01 2.796331664319241384e+01 1.623190050787171756e+01 4.049664444488250581e+00 6.700712233955036901e+00 3.012351603870138661e+03
-1.860903079630738688e+01 -5.486744690569341110e+00 -1.747390859499025595e+01 1.245792211548096518e+01 4.759304213499120806e+00 1.108946297865164077e+01 -3.396855825951746510e+01 -1.439866814541595152e+00 -2.330017120357858929e+01 2.595018219932839187e+01 1.901824863155014356e+01 -7.896682992627671815e+00 -2.216376520374854220e+00 3.783774674396233422e+03
-1.915089793036570853e+01 -4.664915915324760576e+00 -1.672497197541456515e+01 1.218069484728350638e+01 3.060101197852023613e+00 1.229287771203747859e+01 -2.785557591352051787e+01 -2.342503566410787386e+00 -2.464833556354021127e+01 2.235919331525876075e+01 1.583744860919887643e+01 -7.774406171798933229e+00 -7.723515491139482769e+00 3.236904673871118121e+03
-1.824223271870877738e+01 -2.310118058071144898e+00 -1.538221538978245206e+01 6.354800970091379675e+00 9.863104885835879965e-02 9.822095140701140537e+00 -2.318074590538070368e+01 -5.467391303852878082e+00 -2.813804437876085984e+01 1.490960725065002634e+01 1.410874219759461567e+01 -3.790533176902624035e+00 -4.973479850122969559e+00 2.531040554921661169e+03
-1.748534647590275526e+01 -8.313471709070946458e-01 -1.349979497700967990e+01 6.827449493459259777e+00 -1.932055445764592760e-01 1.102156431436680428e+01 -1.594704577194969630e+01 -1.359110042733701729e+00 -2.610242839064051523e+01 9.182776616754120269e+00 1.269927601712952736e+01 2.501355657538263166e+00 -4.524776794434957949e+00 1.866616818592989375e+03
-1.881526858668685875e+01 3.178607720217681565e-01 -1.026970756144680053e+01 3.560960971043881873e+00 1.241591597009162884e+00 8.915465588947439457e+00 -1.804562212024332979e+01 -1.171560878974392139e+01 -3.184128551636433357e+01 1.120518404891481445e+01 1.790663754099095684e+01 2.577968995934132757e+00 5.180167532892810955e-01 2.483175293706701723e+03
-1.959101004702615256e+01 3.653928290950731572e+00 -8.741831588400305719e+00 -4.307278254321395217e+00 1.983281767089494219e+00 4.248331873125692937e+00 -1.998181645078659940e+01 5.908698115541210605e+00 -2.691882926646231411e+01 7.741272565659092386e+00 1.448533003530511820e+01 -1.084008623655882886e+01 1.028128260663618576e+01 2.165886262361643276e+03
-2.043132333751316665e+01 5.402391283138120670e+00 -8.285808907011702473e+00 -8.881257830574282863e+00 2.424337718072315795e+00 -1.419274267631707387e+00 -2.444149921312521201e+01 9.904665361747177599e+00 -2.127475264516484543e+01 7.120467460233398604e+00 6.785433606090189862e+00 -1.842782461912235448e+01 6.440592437203623177e+00 2.227961424649358833e+03
-2.110710669890456614e+01 6.768246283317973067e+00 -5.949370122034395969e+00 -6.715941358268435302e+00 -2.792404301233884389e+00 -5.017038640132754246e+00 -1.726572025534503751e+01 7.608615104821194741e+00 -1.445685772939818214e+01 2.149354068054686984e+00 3.784642283014262532e+00 -1.723163820517407530e+01 6.536808702068155341e+00 1.528385501144276532e+03
-2.140719827840830547e+01 6.097311972003006453e+00 -6.466404661527096920e+00 -8.422249607325273502e+00 -6.347375998138866215e+00 -1.167985840956097121e+01 -2.166025699003689198e+01 9.131832707245855829e+00 -1.516903448430616486e+01 -4.124369392808246992e+00 8.179533632377959662e-02 -2.578759912246210462e+01 7.635716687528866231e-01 2.250159435852015122e+03
-2.101941553617164971e+01 7.594075970457565994e+00 -3.159446163466754331e+00 -6.246588205235500624e+00 -3.681386173631254977e+00 -1.017838755874056211e+01 -1.639887266150279643e+01 1.473022072134202354e+01 -7.301345753121917248e+00 2.308494375935972176e+00 7.200512344147972144e+00 -2.388867133868460257e+01 1.348513114217302356e+00 1.834515668171426796e+03
-2.176589964699140367e+01 5.873085353987315571e+00 -4.097466894635004131e+00 -1.006616008605347723e+00 -6.500712278926230603e+00 -1.261713852845904604e+01 -1.824720849366925890e+01 1.374020067136757817e+01 -1.680337874514851837e+00 4.376898500291517280e+00 9.598427451076656070e+00 -2.446466873543138831e+01 -7.152984053493985916e-01 1.962397460371179250e+03
-2.309153290950993309e+01 6.335340122813111208e+00 -3.835461370252804869e+00 -2.067620927972128264e+00 -7.972832075943725449e+00 -1.400524996966419877e+01 -1.990996997710491812e+01 4.226605393316734904e+00 -8.146213988390133665e+00 4.907472159051837202e-01 9.333355304121715434e+00 -2.491986130068191585e+01 -5.656524307164335852e+00 2.073034333361509198e+03
-2.475345908957236318e+01 7.472462461723879734e+00 -2.957024711592947774e+00 -5.034203466179428821e-01 -1.013981074739120558e+01 -1.180012311008962378e+01 -1.315115014691362383e+01 4.982429748468806707e+00 -1.138854618380390704e+01 -8.535445090076709818e+00 4.809616096248232608e+00 -2.206408834437849009e+01 1.864250479894156376e+00 1.833389521502603657e+03
-2.446365420000153534e+01 7.547471968876641846e+00 -2.755128249632658122e+00 3.685333349841212192e-01 -1.038090936018439514e+01 -1.310266820516140207e+01 -1.173532212580136935e+01 8.780321726196234522e+00 -9.498356456962921968e+00 -6.601679506007076981e+00 1.669003891432624798e+01 -1.204324310389903196e+01 5.469421928101253272e+00 1.744728914012391670e+03
-2.502869868614558513e+01 6.989143450963454463e+00 -2.147381767189199930e+00 -4.776853063560521084e-01 -1.367640048393374563e+01 -1.903075282092993703e+01 -1.287471744920155992e+01 9.101365508309530838e+00 -8.687690465457013289e+00 -2.588141437263141498e+00 3.243934246041943226e+01 -1.715044294270081693e+01 4.050061214833322154e+00 2.922956072408849195e+03
-2.568005102845089738e+01 6.347731716949385650e+00 -2.149094429555614472e+00 4.492412052735134331e+00 -9.389544752289271656e+00 -1.366923538075783995e+01 -1.386097092657686680e+01 1.306497787214990680e+01 -5.109518369698929696e+00 2.747406888285264248e+00 3.022747134268005453e+01 -1.812825616696009590e+01 1.873360184747097978e+00 2.641889396459249383e+03
-2.624077151575215439e+01 9.435486500545021471e+00 -7.080571554266305856e-02 2.898521509888370318e+00 -4.056228160164390140e+00 -1.658596090355317543e+01 -2.334573533945911095e+01 1.172761531913916500e+01 -1.159053423553865514e+01 -8.743036846084654812e+00 1.793960433991415471e+01 -1.712570375713113791e+01 4.904276634172744842e+00 2.610072580743161325e+03
-2.821351520712343230e+01 8.440667862700033552e+00 -7.144031811454355507e-01 4.970860178143090558e+00 -3.283790470139525408e-01 -1.496566103300079398e+01 -3.045630904759220670e+01 4.032944168452621270e+00 -1.106712188181666967e+01 -3.299602218911259932e+00 1.342922476075338700e+01 -7.718452151351105073e+00 7.130811660074774849e+00 2.484532997317396621e+03
-2.685261564968019243e+01 8.796977866554540171e+00 4.768087087957121883e-01 6.485581903427371842e+00 -4.529921819545871031e+00 -1.881671227255300494e+01 -3.042247309554645440e+01 -2.531044416856455204e+00 -1.129293140461145306e+01 -5.015269716024927327e+00 1.539276524241563671e+01 -9.790485076426099553e+00 4.299695931094504431e+00 2.651223248486988723e+03
-2.741865173149845347e+01 8.365977970492121329e+00 1.031252355815158728e+00 8.944019833064880132e+00 -1.587656078877351007e+01 -1.980441643708700639e+01 -1.821376499924358683e+01 -1.109937743254281628e+01 -8.770764083295528479e+00 -8.107648878628079814e+00 1.220688066318290410e+01 -1.619215572602364261e+01 3.458457835248232026e-01 2.556022254933406202e+03
-2.766217884887079137e+01 7.600147877097559679e+00 1.079084062536991073e+00 7.598565403608077418e+00 -1.619135642381547413e+01 -2.675780973992989686e+01 -2.528479453455434367e+01 -8.455378165541308277e+00 -2.690048507422408974e+00 -6.444529383258251087e+00 8.220480218722148180e+00 -1.950462026091383194e+01 9.141430884746546415e-01 3.068426148604879018e+03
-2.656279201102385912e+01 7.918660127708597507e+00 2.835150390223989625e+00 1.562310018204947326e+01 -1.380361351928387492e+01 -1.907383093208490976e+01 -1.875551087140862094e+01 -8.212869586311182246e+00 -6.488175472365285135e-01 -2.346477365579486385e+00 1.137094253576561087e+01 -1.846234800349511929e+01 2.920479920465105295e+00 2.478590373333876869e+03
-2.892161342169722360e+01 8.149773641007366010e+00 2.658391306280209143e+00 1.513824346566260459e+01 -8.837827302563887599e+00 -1.020194302193745095e+01 -1.214311959965440835e+01 -8.285604029927775116e+00 -1.908008676393447400e+00 -4.357406820864911268e+00 9.444329622116115486e-02 -1.752363357040637482e+01 1.725290483991926749e+00 1.870096185093746726e+03
-2.876884478088771857e+01 7.936701040120230033e+00 1.132746716009476406e+00 1.137128818227586358e+01 -1.477582209228171273e+01 -1.243928515220142650e+01 -1.090908706038112719e+01 -1.257964067987570367e+01 -2.439678889049691879e+00 -3.054675028982507978e+00 -2.876208533717425353e-01 -1.811735627454795150e+01 -1.619681226346322944e+00 2.017771001223889925e+03
-2.919236967748738110e+01 8.901474213388413048e+00 3.223595053374280539e+00 1.346959084422173625e+01 -1.545184611116344264e+01 -8.211013069916397455e+00 -2.820371084676491780e+00 -1.254523069198145357e+01 8.312413925453366881e-01 -4.996047143891380493e+00 -1.125947484412810162e+01 -2.335425612938382045e+01 -1.831389794068803978e-01 2.292651765510172027e+03
-3.046240466371363098e+01 8.585556048554835229e+00 2.822541184845803741e+00 1.426792717933138910e+01 -1.165590324637025965e+01 -8.890640996736676627e+00 -6.530878029881674429e+00 -6.251605866077114548e+00 7.340023377372302704e+00 -1.600111146406850149e-01 -8.304556234383994706e+00 -2.024561056790096103e+01 -3.914903213066827981e+00 2.057927292283144197e+03
-3.033071409852433931e+01 9.673796372531192844e+00 5.214748622735869255e+00 1.568778615462910508e+01 -1.609755729312089656e+01 -1.338372162898674844e+01 -6.753035231607872113e+00 -1.364707512822180746e+01 9.436671096579148710e+00 -2.678744255714241795e+00 -8.839273833602590003e+00 -1.736148799828086098e+01 2.007316572310532621e+00 2.436746070871372922e+03
-3.328804846294346476e+01 8.654007465041411606e+00 3.261055756296534547e+00 1.604455765787035304e+01 -1.595767087464754574e+01 -1.019201107524677141e+01 -8.969623297347936841e+00 -2.391842035625708363e+01 -3.586302378235253219e+00 -6.369266330384826702e+00 -5.513745432046641248e+00 -1.301014659553559127e+01 3.764268826095866771e+00 2.729381795952502216e+03
-3.300424716544922887e+01 7.490493975546419492e+00 3.155974724497411010e+00 2.530192887102214883e+01 -1.340799701209071770e+01 -9.662443552293822790e+00 -1.627874117938295129e+01 -2.314807828870960549e+01 -4.577379073741147053e+00 -3.161728629581487038e+00 2.740079320426072051e+00 -1.663702545174749048e+01 -2.688944638097507944e+00 3.191981755077668367e+03
-3.557609269698238563e+01 4.579532667034603932e+00 -2.172611627967862447e+00 2.345679752656566563e+01 -1.378568567785360166e+01 -5.874441258577457248e+00 -1.790556479955166935e+01 -2.070303605838581618e+01 -1.250740325916958895e+01 -8.926440020074029036e+00 -8.062759334662121802e+00 -2.077655204155893642e+01 -7.471114920598822984e+00 3.603958453756368272e+03
-3.356563913277379640e+01 5.444381785028200582e+00 -4.639566760078276397e-01 2.295300960580573602e+01 -1.785665585348894879e+01 -7.167961448848032546e+00 -9.530904281329194205e+00 -1.929528399430888541e+01 -1.193715614765159749e+01 -1.261674046199071775e+01 -2.772395609899022784e+00 -2.085494524865661603e+01 -4.514092227205504848e+00 3.281405063773789152e+03
-3.416235583454336222e+01 7.230495940513995023e+00 1.870361696557071518e+00 1.902535875670158916e+01 -1.758834344196421995e+01 -1.167462145289045239e+01 -9.645763589639464897e+00 -1.646221014953324513e+01 -3.534396828620707254e+00 -7.535500947606246669e+00 1.696106438185553511e+00 -1.581079544884089572e+01 -1.437421317867492165e+00 2.718700831037624084e+03
-3.243431517348969351e+01 8.137906291805338199e+00 3.893086132910416719e+00 2.026600661600010156e+01 -2.073707358686927549e+01 -1.057251689584276377e+01 -1.462028328584627224e-01 -1.184751775264715690e+01 5.500813465768500166e+00 -8.413213796136700395e+00 -7.903947085384354088e-01 -1.469653209815163741e+01 -1.152602590971462559e+00 2.545249237417911445e+03
-3.372440505536966526e+01 9.962199525983004733e+00 5.594448349560298794e+00 1.850573259527275027e+01 -1.841949294037079099e+01 -1.025781137809785015e+01 -2.594145602722718325e-01 -1.458049242041363591e+01 7.861433779125429844e+00 -5.225287481495698216e+00 -4.171786400958315433e+00 -1.235388864798686370e+01 -5.242539295567397728e-01 2.526902355555186205e+03
-3.079628074536135784e+01 7.303925776395955971e+00 1.902712918719008606e+00 1.863645355829136463e+01 -2.073257581302323871e+01 -1.082097898188103713e+01 -1.440352768936921546e+00 -1.082103335326111626e+01 -1.341955988734122140e+00 -1.020267707007149660e+01 1.350245308158164903e+00 -1.805790345836743427e+01 1.421013155538705552e+00 2.454624405440065857e+03
-3.178806622204479027e+01 8.914339742009611101e+00 5.429042001151903385e+00 1.875924568954584970e+01 -2.048989194237955758e+01 -1.805992274640886919e+01 -4.485410652185679581e+00 -9.649861255382605307e+00 2.518814504997036074e+00 -1.015892659149520405e+01 8.688837438465219165e+00 -1.807006924670135817e+01 5.193943200405370497e+00 2.869114176031281204e+03
-2.906316595054573781e+01 8.341720894365934669e+00 2.212095873637668131e+00 9.909117241424162614e+00 -2.408811399947014209e+01 -1.247195203023826870e+01 4.761960708061189429e+00 -1.237216675285131551e+01 8.004985125618961916e+00 -2.484788996558958907e+00 2.808025333213990837e+00 -8.372374961227045276e+00 9.292613495068653862e+00 2.163457796199315453e+03
-3.036044153842544802e+01 8.438308176811963435e+00 3.655519834448477390e+00 1.016536264181726068e+01 -2.348235903042442629e+01 -1.621648133354898746e+01 -1.167805273742278160e+00 -1.746300623485926451e+01 1.003839265981408957e+01 -2.292361788373326714e+00 -1.798932294480237948e+00 -1.058614775045999146e+01 8.468826126564236390e+00 2.523422633903986934e+03
-2.803565479482858436e+01 6.670493715289971703e+00 -8.818062861025643961e-02 1.032459458389500462e+01 -2.441233437761981762e+01 -1.211458908629202647e+01 3.459646657259709102e+00 -1.208491622408051569e+01 2.249009346824354605e+00 -6.065494339085966580e+00 5.072412631823161711e+00 -7.788676224023351580e+00 6.073547148536691864e+00 2.002967235771362311e+03
-2.951126133735767709e+01 6.238555441417184433e+00 -3.914912748000455855e-01 8.736665691772197206e+00 -2.528848819682864146e+01 -1.342162397184200984e+01 5.032366291480595777e+00 -9.392136241253179918e+00 6.735650133670599615e+00 -4.160648130159719571e+00 8.484374367048035381e+00 -2.161373442842490888e+00 7.327077155055014224e+00 2.112523450316042727e+03
-2.689150231454035023e+01 4.246010030486411679e+00 -3.535246984287794270e+00 7.709404756905224865e+00 -2.808795115508549145e+01 -1.585625478245361464e+01 4.424746483313065498e-02 -1.007048356708244974e+01 3.380740899979599146e+00 -7.350556173765419921e+00 4.302698259168308503e+00 -8.058867296733144059e+00 8.464229471030405350e+00 2.175446623837742663e+03
-2.832284102521909830e+01 5.869388020339508572e+00 -1.457464798051693267e+00 5.525825983997264323e+00 -2.426222888037010605e+01 -1.552365799062426177e+01 2.527602149865646908e+00 -4.190050969914860701e+00 8.583819326155941454e+00 -3.223710378517276265e+00 1.030872056182129448e+01 -2.950698897982248159e+00 1.551989838584415971e+01 2.162794855671792902e+03
-2.597125744730622188e+01 4.802141037228170539e+00 -3.029142244303315579e+00 7.826348097110595425e+00 -2.848529030693274322e+01 -1.638392738052405306e+01 3.107706187295530224e-03 -9.602702959730542887e+00 5.594026613437869111e-01 -1.039989344640480518e+01 6.874145347951427176e+00 -3.718359001989029355e+00 9.487842741828917070e+00 2.199620896140439527e+03
-2.889107544551570683e+01 5.481138321986494866e+00 -1.359027294218647430e+00 9.352711458452954929e+00 -2.748022525835319030e+01 -1.405480248345592464e+01 2.581532105834337454e+00 -1.467462250684983260e+01 -8.099289539730110121e-01 -1.134823780946419092e+01 1.080516113042030391e+01 6.276286903632405156e+00 1.566641407486669380e+01 2.659784691952397679e+03
-2.674132999672367816e+01 3.761158631126140239e+00 -5.311069829403860965e+00 6.028483871442891662e+00 -2.729143087375796384e+01 -1.522124342872898417e+01 -4.973880573872990318e+00 -1.354428589523550563e+01 -5.239843699518265119e+00 -1.251604981842897502e+01 3.343711941895786133e+00 1.031870573319322082e+00 9.672829157370209430e+00 2.268406999182888285e+03
-2.887124462712019834e+01 3.989558669317303075e+00 -5.326705622912691673e+00 3.587888133218931852e+00 -2.539593295516739957e+01 -1.538290270511858182e+01 -8.015875658330060105e+00 -1.327070296369427105e+01 -8.889739246657964999e-01 -1.089389463801175673e+01 -1.011896310143147515e+00 7.595530136262981458e+00 1.213503851765003994e+01 2.338107391804566760e+03
-2.686490686430954611e+01 3.392339347151596574e+00 -6.698761745851673943e+00 4.546175074362175828e+00 -2.172860777791494513e+01 -8.963866502957960947e+00 -4.017958447813561484e+00 -9.542648100724893112e+00 -3.833403255180757530e+00 -5.355903985238990472e+00 6.057861325572855726e+00 1.158533619854471297e+01 9.446208968255795924e+00 1.761990975881706390e+03
-2.900904368405653244e+01 3.045382792519488735e+00 -6.412704333812832225e+00 4.149252327871961299e+00 -2.336992920204295032e+01 -9.979259605735125049e+00 -1.657773213561265946e+00 -1.163201143804403159e+01 -8.394386800102799029e+00 -1.297089496842203538e+01 2.475333727238083981e+00 9.034264098759109629e+00 9.611848568254471203e+00 2.111771842677233508e+03
-2.968837050524476595e+01 1.367691883664088559e+00 -9.227043001032944503e+00 1.348981155515313057e+00 -2.528474684433509267e+01 -1.017087141364518565e+01 -1.122795996765812321e+00 -8.893637645494248289e+00 -5.285626294874272268e+00 -8.107546953917660559e+00 5.975075242872163628e+00 8.039604542119416664e+00 7.526834931234927417e+00 2.044010679133653639e+03
-3.085386342328708054e+01 3.016639951652340557e+00 -8.017495806617111143e+00 -2.893001873789051270e+00 -2.154843177675002863e+01 -9.894228643811890933e+00 -6.374159936272786098e+00 -1.819463087803634238e+01 -4.328387555301357104e+00 -2.272999603713372618e+00 2.997056684365714818e-01 1.190199027253602893e+01 1.148350006796325751e+01 2.265135319539600005e+03
-3.090264785360642108e+01 4.194221577701628512e+00 -6.506747817859332983e+00 -2.532533901459811609e+00 -2.033830047486250692e+01 -7.184650386487630769e+00 -2.347871562292183967e+00 -1.793236108536501661e+01 -2.336373019202101720e+00 -2.255874810778072614e+00 -2.966475312813656284e+00 1.566765292104764917e+01 1.444526715266313666e+01 2.287153053479420123e+03
-3.149901622514345689e+01 7.091254265147008518e+00 -3.115131890856520425e+00 -2.972395220861907550e+00 -1.493036741388834443e+01 -1.333487454969817421e+01 -1.045020366607033147e+01 -6.041642417741199367e+00 -5.080306937539446288e+00 -8.757634761938485113e+00 2.237353412039894796e+00 1.800411126205025525e+01 1.204568977144329978e+01 2.184214140286966995e+03
-3.304676340278145830e+01 7.881066725019070240e+00 -2.585083391607283954e+00 -8.722039921814500829e+00 -1.538280977319625009e+01 -1.523439893344682261e+01 -1.132031112837159448e+01 -6.689475483448443782e+00 -2.811684664797009958e+00 -8.637267719398344923e+00 -2.803491199704405967e-01 2.437545315479635377e+01 1.112154924120945942e+01 2.679010828297649823e+03
-3.443483561901343393e+01 9.497644288504007548e+00 -5.494442493657120119e-01 -2.827211647666147076e+00 -8.373647009924447104e+00 -1.383248989601902856e+01 -1.470867611111774131e+01 1.582572849989514863e+00 -6.364653377873473517e+00 -1.570601512575749403e+01 -4.833481353714848439e+00 1.137322919456076775e+01 1.309689736336415677e+01 2.375992925167077374e+03
-3.685594981632215195e+01 7.896018193526950668e+00 -3.461333404605106523e+00 -4.567493757633783957e+00 -6.035850340754768339e+00 -1.294809483774179348e+01 -1.792661890496475863e+01 1.061563238195058112e+01 -6.338579042523574181e+00 -1.341229844556287709e+01 -3.907064434426168020e+00 6.153845690620218356e+00 1.003087018711386236e+01 2.465511593695947340e+03
-3.938612827552292117e+01 8.869578417836885720e+00 -2.546627214611865142e-01 5.399876037657571182e+00 -4.228654916424794408e+00 -1.117869205079613160e+01 -2.026142982145947258e+01 1.025829543762193552e+01 3.211445456950035027e+00 -9.874681882238517616e+00 -1.405936182248354882e+01 -5.427798550284146373e-01 6.666070164158908185e+00 2.667982358692469916e+03
-3.749487384154789282e+01 8.584314106023940738e+00 -5.827152004464075663e-01 1.170211766611055815e+01 2.201632443631328151e+00 -9.722465490208243022e-01 -1.936080390286954511e+01 3.684253899904710305e+00 -5.652912333779447351e+00 -4.377331306103146247e+00 -7.072217729977568368e+00 -4.776586669389142337e-01 -2.679037078671085981e-01 2.112474672309853304e+03
-3.662032106868150549e+01 6.866154545790079666e+00 -3.401975204568644884e+00 5.729936938993607676e+00 -1.374354172551486730e+00 -2.424426774408834362e+00 -1.380926544749634566e+01 7.161850941584038566e+00 -2.004837278267840617e+01 -2.296610192700976327e+01 -9.758790018206614292e+00 -2.740696816970421335e+00 6.847315880366307894e+00 2.761362447104860166e+03
-3.326986067760480381e+01 6.781742079362128806e+00 -4.861200987529119999e+00 -1.125324271578498569e+00 -3.759309867745632250e+00 -5.926469519463547719e+00 -1.477479436396720125e+01 1.018096100100482815e+01 -2.739466322702287826e+01 -2.162614222447270151e+01 4.137479330591259163e+00 -1.432734190106355054e+00 9.791625474252407813e-01 2.787263074543912353e+03
-3.517435201322340532e+01 5.712283716671914924e+00 -6.344884496665391893e+00 -8.493160725769088870e+00 -6.640057085923934288e+00 -1.163740083249531310e+01 -1.484132522001249122e+01 1.486901120895992356e+01 -2.762893593101303935e+01 -1.922916781200685676e+01 1.677729982188120772e+01 4.318618508259456368e-01 2.983730581804598270e+00 3.426814385637159376e+03
-3.170824405611085695e+01 6.249011551658173680e+00 -5.472735435387575897e+00 -7.315781100336865350e+00 -6.742791247286541001e+00 -5.923636408639717743e+00 -6.062779533801759158e+00 1.326515929141366179e+01 -2.410584590468873500e+01 -1.090952405578652851e+01 2.177609294362198966e+01 5.978540322240169402e+00 5.381757272267724268e-01 2.631551144848423974e+03
-3.324815370648364166e+01 7.106853178347895650e+00 -3.679373744381762901e+00 -3.733025077291435068e+00 -8.624723691949839122e+00 -4.978008495349462770e+00 -4.159340019299460067e+00 9.248933791286328976e-01 -2.161650843563792534e+01 -1.110088508167291010e+01 1.359656588319984039e+01 8.434459477796409033e+00 2.180606124993564876e+00 2.152007158983899444e+03
-3.146376157162463016e+01 4.973533151228801685e+00 -5.161813699583472470e+00 1.960961505880138178e+00 -8.098050009207607758e+00 -8.930443143120858629e-01 -5.683891163183541373e+00 -5.622138423569582599e-01 -2.048996747019550568e+01 -6.623505411195053760e+00 1.496920024461888055e+01 1.902951598124723276e+01 2.406472514102713234e+00 2.199892795464545998e+03
-3.035662829191272039e+01 4.066601943508797667e+00 -7.520243933263349057e+00 -4.232880987631877368e-01 -8.315726456455349691e+00 5.655758501685791417e-01 -4.725464798596076932e+00 1.826812185327767235e+00 -1.621202730877160647e+01 -3.176886441146859141e+00 1.057545767672867676e+01 1.639459906054199223e+01 1.468147270625542733e+00 1.745634893871510258e+03
-3.147417944196837780e+01 5.345091835349535359e+00 -6.154801339246210645e+00 -5.798040822318666798e+00 -4.202921775886142797e+00 -2.647314135986946204e-01 -7.733912631148866623e+00 -3.556748059253532990e+00 -1.605204770810064119e+01 -1.853597102371974170e+00 4.275212772291168584e+00 1.724439386684062825e+01 5.641828781493348544e+00 1.789472184619057089e+03
-3.125628508348782830e+01 3.589095257353129398e+00 -6.531047706788790208e+00 -4.565406846694588516e+00 -6.985576950190975687e+00 -1.384061117142843189e+00 -6.388684589120565249e+00 -6.840525243226177388e+00 -2.260642825546061374e+01 -5.176233489204968841e+00 8.013294492641104938e+00 1.939582750402401956e+01 3.198610822440963286e+00 2.180142588685460851e+03
-3.335082672789624780e+01 7.779687359817458514e+00 -2.486534404819963129e+00 -6.203750413419593102e+00 -4.286247101154687655e+00 3.939765694196314616e+00 1.868459300936301304e+00 -1.183011447799017901e+01 -2.548616671968546754e+01 -5.405342385123010018e+00 3.351050595856623460e+00 1.424392943935721689e+01 -1.041371180045942646e+00 2.288772908315969744e+03
-3.690489835570961219e+01 9.661565822229972511e+00 -2.080587783890448961e+00 -1.020887653966672737e+01 1.035954552785531835e+00 3.381191904149555949e+00 -2.077095638291149182e+00 -3.534265084031248616e+00 -1.917276363818588436e+01 -1.163195424651785714e+00 3.428689330773304178e+00 1.537093129627842991e+01 3.405326551729216167e+00 2.221743976501561974e+03
-3.915640876515121249e+01 7.157819972357216898e+00 -5.613265273314945958e+00 -1.215568492470087314e+01 -1.514681549768971847e+00 1.045830290095948101e+01 2.642666728121673358e+00 -4.869671581442018393e+00 -1.327385981925313985e+01 7.465076151903201840e+00 -3.122600679376205779e+00 2.251125940208525122e+01 -2.995054119867884168e+00 2.663496406176590426e+03
-3.974728881462899466e+01 5.462401903751763044e+00 -5.920019315692943707e+00 -3.559124234587041968e+00 -1.004227324654595854e+01 6.455107310776657670e+00 3.933327604684540901e+00 -1.046126144292052196e+01 -1.135719701495327705e+01 -5.095386487407478349e+00 -1.161748477008952207e+01 2.238832356851393968e+01 4.080537926889730826e+00 2.732626177918930807e+03
-4.034998133071007231e+01 6.508076963407223303e+00 -3.541213733899161831e+00 1.986464937019046806e+00 -6.657534474880418607e+00 9.322299605098720576e+00 6.103778786328381223e+00 2.296414096277494543e-01 -5.020894952350817064e+00 -4.697052655358189277e+00 -8.275943227813362668e+00 2.958117162174408321e+01 1.053469954413891330e+01 2.957287717746436101e+03
-4.271430020267129635e+01 1.014140208120067577e+01 -1.753795113705000630e-01 -2.947717455879574899e+00 2.492744087087100713e+00 8.716811093259678955e+00 8.781956306062218331e+00 2.101782717063550976e+01 -3.023160888745071162e+00 -8.745126376426572534e+00 -5.553670491818063937e+00 2.137412169604060352e+01 3.966815705849465079e+00 3.126196356556712999e+03
-4.349836672642678082e+01 8.918897783296898751e+00 -1.508672409703395889e+00 -1.139578721661621774e+00 1.274537196091416691e+00 1.019003776135877892e+01 1.180357825061308041e+01 1.994469516508525331e+01 -3.426469441329153542e-01 -6.659495438215965457e+00 -7.579097507171429271e+00 1.569775291359445113e+01 2.134271114880105014e+00 2.970689582198164317e+03
-4.511816044139710868e+01 7.678875992601846612e+00 -2.847967190934084236e+00 -1.259029930168050759e+00 9.355593678173957928e-01 1.106764351823591674e+01 6.978080556579929983e+00 9.817196661286162751e+00 -1.980384978436565291e+01 -9.700158103738795390e+00 5.071539893079327621e-01 2.285167399688074852e+01 -4.043145133579119643e-01 3.381653787902598651e+03
-4.548572370196782799e+01 7.605666833100468871e+00 -3.547856540262356528e+00 -2.832091140548121722e+00 -4.820159451737390799e-01 8.154089686879776977e+00 6.092698772299411480e+00 1.224411606095271665e+01 -1.696996234942196935e+01 -1.098564663665217900e+01 -1.800722059032215494e+00 1.522574269140034886e+01 5.320431482086042330e+00 3.073203015124050580e+03
-4.601628724668860571e+01 4.248869541104764558e+00 -8.663805610892760356e+00 -4.115282586131351117e+00 -2.511293051930095555e+00 5.300170326780371255e+00 -1.828048734567162326e+00 1.436889908600096533e+01 -8.199483990913305931e+00 -2.011804352090604819e+00 3.563833017513666768e-01 1.856648988874784578e+01 1.096614499719033198e+01 3.008130870593804048e+03
-4.853558837991365493e+01 6.020797343489512343e+00 -7.161493812851233542e+00 -6.131297218237092395e+00 4.585397908742188555e+00 1.535517387854866911e+00 -2.027289080384957032e+01 8.035324612565780455e+00 -1.821822869914187493e+01 -9.883736041126887528e+00 -7.805237427351329416e+00 1.842235514682816699e+01 8.151389320717244757e+00 3.876115513425666450e+03
-4.833071413410168304e+01 7.012118164946130605e+00 -4.400498423225696953e+00 2.995610690609560756e+00 5.088110829701337323e+00 7.681453960459442065e+00 -1.136980085799950047e+01 6.824280217022122841e+00 -2.087580467924180283e+01 -1.335668808411074693e+01 -8.984852333384827361e+00 1.227850875029202626e+01 6.194169583381540001e+00 3.558160001440414817e+03
-4.946005479177325270e+01 7.922673459943324836e+00 -2.683403105508812114e+00 5.312387344703154213e+00 8.038023498066219075e-01 6.734732459418231620e+00 -6.673978083399545014e+00 7.150142672514871123e+00 -1.061060581839944739e+01 -9.823627920765051869e+00 -1.216617481683715241e+01 1.064466994661405508e+01 7.059162313622520557e+00 3.206402331372777553e+03
-5.033008187223948227e+01 7.688255910262780546e+00 -2.510067667900740762e+00 7.484996058426018450e+00 8.864647421760223356e-01 6.717995510547998705e+00 -7.740041277868865421e+00 1.132876787431357712e+01 -5.843529887740461781e+00 -1.118697497962676124e+01 -1.703055482621427430e+01 7.214627734423976868e+00 1.112125933763584129e+01 3.513786840885844867e+03
-5.207981180068875204e+01 7.294273619288098587e+00 -3.654232262974451917e+00 4.133753764881496484e-01 -2.224813690710710556e+00 -1.196830822129263394e+00 -1.534628437037309467e+01 7.659005630983155122e+00 -6.685614330802911454e+00 -1.401507980756170113e+01 -2.130214558573094408e+01 8.271107435950087350e+00 9.870923097548601532e+00 3.940336177231798047e+03
-5.414476582896756440e+01 7.675699587596558793e+00 -3.240802254006328820e+00 -3.708022536946646852e+00 -1.435234015774041083e+00 -6.170389085451251532e+00 -2.317459900458713662e+01 7.588504852764703656e+00 -1.162260091377556037e+01 -1.709678991718465113e+01 -1.693788790381691456e+01 1.508605855500445259e+01 1.738682197602568635e+01 4.893773169553119260e+03
-5.407410033713568254e+01 7.562420451118995857e+00 -2.862699113333397438e+00 -1.917611272499576414e+00 2.808799869853601638e+00 -1.807070104936536303e+00 -1.964956223577989647e+01 8.554583293349855566e+00 -2.366233769093109984e+01 -1.691562612422249856e+01 -1.809061877864755585e+00 1.661196930354075363e+01 1.521658857101018114e+01 4.820331288942968968e+03
-5.457830437416677682e+01 6.910187706861389501e+00 -5.589598970704475533e+00 -6.050045388048263639e+00 1.363237017448473365e+00 -7.136047865888911268e+00 -2.803993669290634116e+01 9.342136548215323799e+00 -1.414670955510096384e+01 -1.268201178176905763e+01 -9.834954917950573972e+00 1.427745559712428403e+01 1.516010311980295633e+01 4.912047444930040001e+03
-5.465247061696852171e+01 7.520947384529036661e+00 -4.315638564902653407e+00 -2.527883205045191595e+00 2.848285244561505003e+00 -2.654667748640367808e+00 -2.108535120196220092e+01 8.064341994493805288e+00 -2.210543212775631972e+01 -1.638246934890969442e+01 -5.088161637214733801e+00 7.293591199152942295e+00 1.450933124136807173e+01 4.639899746646320637e+03
-5.497039215111121280e+01 6.979334600232757424e+00 -5.447790444915179719e+00 -3.890112361629737503e+00 2.109219926864615680e+00 -1.494174574734871364e+00 -1.982089703938122938e+01 1.085327223199206514e+01 -2.062694044196699750e+01 -1.381300000452502097e+01 -3.711911672821076369e+00 7.731427307993493869e+00 8.635034191937528192e+00 4.396996076676923622e+03
-4.640449541973231362e+01 5.027786966930508639e-01 -1.323895103029478904e+01 -8.477638663449079459e+00 -7.546607470387407091e+00 9.745850252439183237e+00 -1.599721309616734644e+00 -8.207039610571458255e+00 -3.212186916362433919e+01 2.695471077695079654e-01 8.307488014784627950e+00 1.114795904818230632e+01 -7.260251458379103795e+00 3.900507385664305275e+03
-4.664771915393842505e+01 -2.040742039822107223e+00 -1.696135300525320488e+01 -9.504151700160077709e+00 -6.977501239462684524e+00 1.035740343141435460e+01 -6.117427945983458848e+00 -1.131612045184988347e+01 -3.397113455301953167e+01 1.136536573891059193e-01 4.898262963871408360e+00 1.383836899878827431e+01 -1.404459688461252354e+00 4.251146405388697531e+03
