-7.979377842899171469e+01 6.562326855658617397e+00 -4.335020993182819637e+00 3.462131110863283290e+00 -9.738830178748065336e+00 -7.333650353121963228e-01 -1.200178871606368780e+01 -1.612371772196292596e+01 -3.343247274980608363e+00 -6.635285940819306560e+00 -3.512215981280603927e+01 -8.830490029697802612e+00 -1.561436440021219951e+01 8.550846173225345410e+03
-8.160523282047611815e+01 8.731009587531861627e+00 -1.633039022314692668e+00 4.759849833107800521e+00 -8.345381624134557974e-01 9.592125626653249526e+00 -6.632259252088127610e+00 -1.590373891861937317e+01 -3.266335833281166501e+00 -4.152043873756999126e+00 -3.972973497230359641e+01 3.168913890226604302e+00 -1.388468211243416306e+01 8.959775313026248114e+03
-8.196931449816091231e+01 8.190811622898877431e+00 -1.740120241823566172e+00 5.453110448817467315e+00 -2.564212149406134955e+00 7.243869904846889085e+00 -7.859990453857945703e+00 -1.214886177535585787e+01 1.779697563181166675e+00 -4.641536726518548761e+00 -3.716356946629243652e+01 4.743561484032030151e+00 -1.382660568687208347e+01 8.706763956329177745e+03
-8.159964823782536314e+01 6.202771651284668231e+00 -3.422470466577330672e+00 7.250283817524480590e+00 1.065448087856711412e+00 1.407899915005080160e+01 -2.768502698271861462e+00 -6.360821891137556250e+00 4.766855613223069277e+00 4.101268495061147767e+00 -3.192557334860770268e+01 6.371577578182652246e+00 -1.458676046919327263e+01 8.320891078403876236e+03
-7.413302935272459138e+01 -2.992236454431446813e+00 -1.315368238483487140e+01 2.383613352722419876e+01 -6.565063602403780507e+00 1.347293248982080272e+01 -8.769967303900799038e+00 3.063559680269363650e+00 -3.237017087129610360e+01 -1.378698642393592877e+01 3.117045890845077105e-01 -2.047674711336597397e+01 -1.954777649057981748e+01 8.596176690936832529e+03
-6.879204580522122114e+01 -6.643629043599083239e+00 -1.874553251967950729e+01 1.739816221407115648e+01 -7.708829016826079794e+00 9.048041334293015936e+00 -2.314532779593715972e+01 3.384101047356730341e+00 -3.898226277234023485e+01 -4.689372456241589049e+00 1.570099121109351969e+01 -2.313027555822107217e+01 -2.790643332832630819e+01 9.220932664691476020e+03
-4.223304077122097766e+01 -1.015787355070022357e+01 -2.546976851467804437e+01 6.642277138426748717e-01 -1.233089972739378837e+01 8.006164583654051370e+00 -1.032383351500285862e+01 1.326352621156757294e+01 -1.491097269263088698e+01 1.150934833870468488e+01 1.255565004061452505e+01 -5.713973253620998172e+00 -2.382421808158348853e+01 4.147304271247140605e+03
-4.060518571867574167e+01 -1.590101231909987511e+01 -3.085438298875480712e+01 3.382681257397488483e+00 -2.269016177996801886e+01 7.614609129895302253e+00 -6.137520937595823511e+00 4.312801770160595183e+00 -1.762821465773595619e+01 1.107469194996253137e+01 1.001113064035266653e+01 -1.573530418854826962e+01 -3.315023408275435202e+01 5.374317226448100882e+03
-3.780131097383121386e+01 -1.206467516826844211e+01 -2.506193402516922220e+01 1.354899708155541305e+01 -2.241032321810676109e+01 6.040886777930679408e+00 -1.029524325337145463e+01 -1.994826291460016554e+00 -8.032397322337651246e+00 1.241822563613750496e+01 3.439258654402264970e+00 -8.248980914335614756e+00 -2.004749779824954103e+01 3.735365711518734770e+03
-3.948662104530755812e+01 -1.348445497886232936e+01 -2.785049253458945273e+01 8.221524750171138152e+00 -2.772995560728707432e+01 1.914243737306582371e+00 -1.589044991418630914e+01 -1.520917490912603398e+01 -2.004550946137105782e+01 3.678767397064787725e-01 -8.720363592501694683e+00 -1.792896829370309586e+00 -2.121753914050979617e+01 4.772108308515967110e+03
-4.018412350265336386e+01 -1.118402158337094221e+01 -2.340848851665194985e+01 1.105823654610728646e+01 -2.535540787722190004e+01 2.880377017907027160e+00 -1.230278324899755482e+01 -1.489391727617751116e+01 -2.293901448614149530e+01 2.550170618461685024e+00 1.321863215584821116e+00 7.171303628666237273e+00 -1.893963260810933491e+01 4.379054935688773185e+03
-4.286899132257347844e+01 -1.054895739952917566e+01 -2.362883442492733366e+01 8.589106228778021546e+00 -1.793382911442365923e+01 9.053583110251871346e+00 -9.749601484782978389e+00 -7.682650688881159873e+00 -2.099054779928512815e+01 7.579294159656743801e+00 5.384739627756914615e+00 8.863417256623437268e+00 -1.484406885108465701e+01 3.964743689133030784e+03
-4.583279797366219555e+01 -1.292530448386132313e+01 -2.801110939443701753e+01 9.846235133196278300e-01 -2.653458692673727626e+01 3.138556940464385825e+00 -1.341315954917177677e+01 -1.281675679526714795e+01 -2.101010294462836470e+01 8.043588934345484720e-01 -6.237884161320264909e+00 1.329255098058698792e+01 -9.693987094884542799e+00 4.863065461097508887e+03
-4.637082271466985617e+01 -8.791804827847254700e+00 -2.400020530399795504e+01 -1.190963433854800746e+00 -1.786833075110207858e+01 6.115703781796552718e+00 -1.053022545853553460e+01 -6.993673513342223202e+00 -1.048507043462990396e+01 1.136268398639320409e+01 -3.574030849200247051e+00 8.244297458031741854e+00 -1.114369049914744103e+01 3.765424738319525659e+03
-4.781868471167980061e+01 -1.102624724697476211e+01 -2.849177349352086708e+01 -1.374914344926351362e+01 -2.006359207093704811e+01 -4.496301804527536028e+00 -2.002213591628081701e+01 -8.348114277540200634e-01 -1.805916850334956436e+01 4.612310811745693684e+00 -8.509199773013367274e-01 -3.597752851370220384e+00 -1.331664693857848647e+01 4.771780085907861576e+03
-4.184096268727220291e+01 2.925100112641597860e+00 -1.064073595713461451e+01 -1.457322178230894849e+01 -1.861067893301195753e+01 -1.153477276194557533e+01 -5.325761410841448829e+00 3.678938292302712743e+00 -5.191860012070035779e+00 -4.147306878572232236e+00 -4.164996602666423686e-01 -8.753358801287003388e-02 3.954688916149142752e+00 2.666109361923187407e+03
-4.168620263609308552e+01 4.832704528518223519e+00 -8.768240807509981138e+00 -1.681008817656826793e+01 -1.867271794428285503e+01 -1.360582753603980422e+01 -5.898012038089478715e+00 -4.161506103448350480e+00 -4.555017375332885976e+00 -3.248827188787141385e+00 -4.211400479046354839e+00 -4.438421586555069354e+00 -1.556178009774770610e+00 2.777609483622750304e+03
-3.391605362519744915e+01 8.757903064168029772e+00 -5.310644478480708308e+00 -3.851697890982742933e+01 -1.434904207987729841e+01 -1.753716900451914995e+01 3.954791813362082298e+00 4.643408755864324000e+00 -3.203002022504553015e+00 -6.308759896750979479e+00 -8.904407547418106361e+00 -3.322154967170475537e+00 3.974774875766243998e+00 3.445592793270227958e+03
-2.972447580136137191e+01 1.054286244088530999e+01 -3.110329297907254098e+00 -3.765582488128998051e+01 -1.204927905296253776e+01 -2.334121021715877475e+01 -2.429526000822596288e+00 1.322555515252121872e+01 -3.473451807538510572e+00 -7.523007502768302324e+00 2.330016586646689980e+00 -9.690599965144834016e+00 1.234135529032142919e+01 3.613453096450217345e+03
-2.861078507382016767e+01 9.920554743260685981e+00 -2.428147638481088499e+00 -3.051798096065377663e+01 -1.348837827808455181e+01 -2.217285847041992142e+01 -3.804329885959877089e+00 1.251898271584962785e+01 1.172542761953607515e+00 -3.094284061691458643e+00 3.499758435483731667e+00 -1.156128995682442806e+01 1.576286688259554403e+01 3.104336504580358906e+03
-2.502059618604317848e+01 7.128530151042594021e+00 -4.167430949430624310e+00 -2.774486267428763853e+01 -1.722939493822664048e+01 -2.468050737926159854e+01 -4.959369028286639391e+00 8.791951434719415204e+00 8.001466828361676775e+00 -6.780423946469909424e+00 -1.193484901491031458e+01 -1.876466867382058012e+01 9.956552883182213876e+00 3.175548283838890711e+03
-2.449527886233646257e+01 8.674846055405920353e+00 -3.322484485966783030e+00 -3.297137310826652623e+01 -8.968791796235866087e+00 -2.603531471411222498e+01 -1.113362578113867940e+01 1.874058380512432720e+01 5.355680139019529662e+00 -2.437020449378035636e+00 -1.067890150736937160e+00 -2.612054213164257632e+01 9.621940458423839715e+00 3.817493158603634583e+03
-2.521434515716492797e+01 7.943145556231403503e+00 -2.766724684659140454e+00 -2.817341868347991962e+01 -1.680008412049467381e+01 -2.738377414404856580e+01 -5.564705527902193083e+00 8.286683488805207887e+00 1.325355135157711750e+01 4.989634545260889786e-01 -7.504349323611540612e+00 -1.906389695713292554e+01 8.291080257805111486e+00 3.296397058273526000e+03
-2.283032496247867016e+01 4.763880001305446754e+00 -3.858326041116737493e+00 -1.833072974742864503e+01 -2.333881011987226373e+01 -2.956554493116241389e+01 -4.486777601332973653e+00 1.132796919015398807e+01 1.493109690116714638e+01 -6.237455006518396461e-01 1.251502844108836054e+00 -2.736966813670485621e+01 1.026422432508930349e+01 3.541442194976527389e+03
-2.561590265953082834e+01 5.137397864534407610e+00 -1.861811976218268327e+00 -1.477957682668017192e+01 -2.559154393054985022e+01 -3.723264775740474164e+01 -1.244140144931862935e+01 1.445968285035903200e+01 5.220741547813149808e+00 -1.159473749497234607e+01 7.044441639198216087e+00 -3.792402024050328180e+01 1.213768911952598373e+01 5.106410685082738382e+03
-2.779732172404309054e+01 8.257565931021426664e+00 2.605929685858551004e+00 -8.669668864408231812e+00 -2.493610302190022665e+01 -3.484233032794963236e+01 -2.535306445056687341e+00 1.319894825911491587e+01 1.312768485073785030e+01 -9.219040582362680425e+00 1.582172554873086590e+01 -3.400288754206953001e+01 1.019900410216496311e+01 4.707139612412681345e+03
-3.068205953667400721e+01 1.155509520573085958e+01 7.690183642703388500e+00 -8.501042600452954900e+00 -1.760032306535298829e+01 -3.734819695433570530e+01 -4.116170390157527059e+00 1.669317373817726846e+01 1.097663745405078117e+01 -1.012778681030626515e+01 2.253855812600570729e+01 -3.979690156425375847e+01 2.200764506065159054e+00 5.526261724655240869e+03
-3.400013107612886643e+01 1.188234909604654810e+01 7.598949491895760744e+00 -8.796965434377536752e+00 -2.107588669547500615e+01 -3.699978045137190463e+01 -8.288049176180422251e+00 3.959478427842525239e+00 9.246353074084577628e+00 -7.679452256722833603e+00 1.679782029939893562e+01 -3.989824665380994873e+01 3.580225734168884788e+00 5.361199650786515122e+03
-3.604477167791213787e+01 1.321769315519160770e+01 1.025842532721786782e+01 -4.311913729208613155e+00 -2.342086100072283728e+01 -3.603941541816280392e+01 -4.669155910811674026e+00 -3.103874315441684795e-01 1.338918132275597550e+01 -1.208465893218780174e+01 1.253145026705517751e+00 -3.026674862211392636e+01 1.168093573856073597e+01 4.846434281176598233e+03
-3.858422719957768265e+01 1.759063887521395841e+01 1.192817806321190588e+01 -9.065408982184957054e+00 -1.028978658776208022e+01 -2.786110022956298238e+01 -6.851096608456789916e+00 3.865106638811219408e+00 3.372030304930313527e+00 -1.392904804007854125e+01 1.425193158726370424e+00 -2.529550630069578432e+01 1.044746446776583859e+01 3.923065720673656415e+03
-4.120053365884448482e+01 1.895064015003056923e+01 1.145408092169714998e+01 -2.138905607607323134e+01 -7.187755619236932070e+00 -2.896818742857589157e+01 -6.871431432344545343e+00 9.675448922767616367e+00 5.740601191124847791e-01 -1.758659571165969737e+01 -1.873516812240196838e+00 -2.687670727619593691e+01 6.698434111232125510e+00 4.757303393525502543e+03
-3.936647698605930401e+01 1.540272380591581758e+01 7.026596475731310854e+00 -1.776969072480869016e+01 -2.642005280853203963e+00 -1.952485432531593190e+01 -5.411814370922577666e+00 2.106038371765749062e+01 1.321611372360136727e+01 -6.745932807184876090e+00 -7.578889377584490106e+00 -1.040490273449033332e+01 1.280475084835186550e+01 3.562962483666988646e+03
-3.983857344308428594e+01 8.709135064739479404e+00 1.890128622369757094e+00 -8.390293519149195633e-01 -4.381621982240587521e+00 -1.125640156379051682e+01 -4.478022464031017336e+00 3.217920746779838481e+01 1.264633068438710417e+01 -1.165776565076051163e+01 -1.299356322701033051e+01 -1.672892370013774865e+01 1.010406952496159860e+01 3.715311764034433963e+03
-3.897939644290320160e+01 8.147480433681305811e+00 1.384263707139972377e+00 1.094750183738198435e-01 -8.564953041159645508e+00 -1.429319091490852678e+01 -7.458596952693066662e+00 2.638218885704040417e+01 1.450986736265936550e+01 -7.521287987119547047e+00 -8.885645385132976415e+00 -1.733469427888059755e+01 1.392182736246917685e+01 3.457376860409492110e+03
-3.916248960078632990e+01 6.309799480422539908e+00 -4.845602210134253851e-01 7.052554749215098617e+00 -4.846663966527985146e+00 -1.152247294701704838e+01 -1.763680578486056305e+01 2.410370409537386749e+01 7.344299215507077427e+00 -6.661071360822163001e+00 -8.555786602055993839e+00 -1.080742180072416758e+01 1.865341765049866751e+01 3.308050935186203787e+03
-3.893667721399009451e+01 7.040963943412972270e+00 -1.455519187066373066e+00 5.726969727686204159e+00 8.773050923396789047e-01 -6.303038756546856192e+00 -2.358387430509890237e+01 2.078312393552017312e+01 2.794444726809193758e-01 -6.918506724174760869e+00 -8.833068562305079752e+00 -3.656929374334046745e+00 1.616895656907508894e+01 3.029967267347771667e+03
-3.771439277784582345e+01 7.977385641444840303e+00 -1.347317667341906500e+00 2.271051435351180814e+00 2.333656675852530948e-01 -1.079133833617184557e+01 -2.177905459287018530e+01 2.985194673716631897e+01 -5.240127897591860817e-01 -1.379379768738064804e+01 -9.939893346417964182e+00 -1.246038690039148200e+01 1.321101596030517555e+01 3.594097537564345657e+03
-3.716256685837394258e+01 6.320079296635593202e+00 -3.943375697039160077e-02 1.104047502223264487e+01 -8.379353696688220055e+00 -1.103304265821182639e+01 -1.499991503316070585e+01 2.478637352842527974e+01 7.584872957498786761e+00 -1.744401314817779891e+01 -1.551490293426824429e+01 -1.475345060542014153e+01 1.005133100139271818e+01 3.495426449142485126e+03
-3.553575478509659291e+01 5.196828318809750158e+00 -3.011089665970200002e+00 7.155973383028634061e+00 -1.105567004275741461e+01 -1.333443922106369151e+01 -1.972476714284005084e+01 1.965208848335594638e+01 -7.717420050421361921e+00 -2.539989522200950844e+01 -1.058904884034754268e+01 -1.837847087578654737e+01 3.876445383216834628e+00 3.595013864196474515e+03
-3.395443730406853433e+01 4.104896295506594406e+00 -3.527578849130049043e+00 9.660763663377126775e+00 -1.944180326155867533e+01 -1.819595091949751620e+01 -1.876219278722526695e+01 2.987636487985278588e+00 -4.747314281885349985e+00 -1.537634961764250363e+01 -3.501914550825383277e+00 -2.464142888490546213e+01 -6.030083953693520016e+00 3.260344803179202700e+03
-3.229108216546008236e+01 6.302252687966527489e+00 -5.870014053389660535e-01 8.540971742368512309e+00 -2.269956297309471083e+01 -2.064432991163923248e+01 -1.049387963118470601e+01 -7.130871098496671223e+00 -3.866584080847534910e+00 -1.204287023460468653e+01 7.611369832551142522e-01 -2.982440513835533125e+01 -6.521210472360115418e+00 3.350736347651190954e+03
-3.125409781172587742e+01 7.543266144771636483e+00 1.350879555825818201e+00 1.009690768585910625e+01 -2.287205522833742322e+01 -1.449831292463522203e+01 7.296404615161501406e-01 -9.775808076730900353e+00 1.232246126020586641e-01 -7.495386492041703264e+00 4.262375614357685194e+00 -2.405550189598093880e+01 -5.021871059150729621e+00 2.645172910582197346e+03
-3.080455910642444906e+01 6.093467942946544369e+00 1.211900576065157553e+00 7.352509875190166966e+00 -2.861923420342078117e+01 -2.713921779744574891e+01 -5.512158331809576595e+00 -7.803895305673878902e+00 6.991421454873017360e+00 -9.727596284740688048e+00 2.306467585286011257e+00 -3.638233471997322965e+01 -5.969084287067727423e+00 4.196591841311075768e+03
-3.085166246877480845e+01 6.752108424052448044e+00 2.666976994952129587e+00 7.701440868950345298e+00 -2.794800499148376360e+01 -2.526946102445779019e+01 2.313715760500465013e+00 -2.687481729923933305e+00 9.238002025948238938e+00 -1.084948397887309923e+01 9.913431202345520887e+00 -3.393114750994731565e+01 -4.333088758377114935e+00 3.967480016919230366e+03
-2.901223159780328231e+01 4.519002829232571017e+00 -1.098087158086021420e+00 1.808878135908715157e+00 -3.100217470949951704e+01 -2.718842210541626159e+01 3.048467467127615182e-01 -7.902354608685369541e+00 8.097270820534060221e+00 -9.010097274744504503e+00 8.086621480666881467e+00 -3.167662410790265071e+01 -1.085261751027276134e+01 3.962822993884172774e+03
-2.850527208976555116e+01 4.653651265126999448e+00 5.548113481274283831e-01 9.150382806062856700e-01 -3.926327645845357495e+01 -3.595200484353296133e+01 4.652608785769719368e+00 -9.538508182279837655e+00 1.454596588938229118e+01 -1.247532418249328146e+01 1.342167218280266638e+01 -2.654986105310363698e+01 -2.517643115475854731e+00 5.040727325167188610e+03
-2.734425081207080055e+01 6.345292035634625627e+00 4.053642387640927325e+00 4.228890117789528169e+00 -3.119453567291560603e+01 -2.429655447118071621e+01 1.601253026311458072e+01 -8.163703719935703873e+00 2.247970993236708281e+01 8.554728352047158424e-01 1.985512219111864951e+01 -2.274074581123450400e+01 -8.654324598414353531e+00 4.201089034545336290e+03
-2.864963174535186141e+01 3.168420485990214530e+00 9.878839878378512518e-01 -5.761588456817637871e-01 -4.679067679497844523e+01 -4.356966415417886651e+01 3.525678300501284834e+00 -2.080322886291698126e+01 1.501600899191946148e+01 -1.411618004199098131e+01 1.003764451233759480e+01 -3.799645622903512532e+01 -8.584704917290634896e+00 7.407965186212108165e+03
-2.705360374269567814e+01 6.111348946957116723e+00 5.686604146725890097e+00 9.415423531692658443e+00 -3.863135352422834501e+01 -3.103555655483079789e+01 1.657595946347794680e+01 -4.550101819131186609e+00 2.081413582475461510e+01 -1.339764944694932858e+01 1.682625741890525006e+01 -3.094763377317023156e+01 -3.302193957670112923e+00 5.505795553556597042e+03
-2.806476210864446941e+01 4.859206798835518981e+00 3.242407227195073460e+00 6.009112380907784434e+00 -3.611314173353842705e+01 -3.513125131035432958e+01 4.863550170233803094e+00 -2.685629690104113010e+00 1.640967683258342902e+01 -8.224559441058037379e+00 2.422121421147441822e+01 -3.608306910961354674e+01 -5.361352994451420884e+00 5.681416022678372428e+03
-2.912111858691793387e+01 4.644280461680078353e+00 3.455564148192454610e+00 6.545836766463401624e+00 -4.605632583473901320e+01 -3.640189518455612472e+01 1.222901863071812478e+01 -1.287082343383235639e+01 1.270875434426048578e+01 -1.125002201946158920e+01 2.640085078727348389e+01 -3.577475727859204824e+01 -5.836462452488852648e+00 6.984865813288432037e+03
-2.872078877485263249e+01 5.217576800658211056e+00 3.636740549909860842e+00 9.490924592249298186e+00 -3.266466132023253977e+01 -2.879948705159301170e+01 7.689569519906808814e+00 -1.024552825938772838e+00 2.089962609969816043e+01 -1.584072656672153467e+00 2.218173499391866343e+01 -3.659936837419284927e+01 -3.431284653579155908e+00 5.194600592851569672e+03
-2.947016364080979756e+01 2.628211076359922238e+00 -1.648633599934869576e+00 8.164299479467448384e-01 -4.066280355199839391e+01 -3.606049047866664381e+01 4.535591830317571294e-01 -4.888408771093866179e+00 5.105270614779705340e+00 -1.214144592883884322e+01 2.288028780983595567e+01 -3.671136933877725994e+01 -7.559727201780980010e+00 5.958567593248429148e+03
-2.918194534923652483e+01 1.704451654681190087e+00 -3.995704093032180548e+00 -8.582730644047725788e-01 -4.072068202765392186e+01 -3.796448982953213402e+01 -2.877457368214002553e+00 -1.515285441589520499e+00 4.080073635589336334e+00 -2.067250007370870080e+01 8.247532649425084017e+00 -4.029669226871147458e+01 -9.900795597526158787e+00 6.215115873586330963e+03
-2.900622003990418207e+01 2.171591605835517136e+00 -4.511479995237964502e+00 -2.475216682598643470e+00 -4.108447128618070820e+01 -3.071525801089357799e+01 4.189444693776021467e+00 -1.194941334774934205e+01 4.956349879701518191e+00 -1.626485342062961337e+01 1.423061040759802109e+00 -3.375197179670723813e+01 -1.277607781392793207e+01 5.257817270341042786e+03
-2.879255175259588029e+01 1.652685054704776890e+00 -4.856847030069719295e+00 -4.013228652693266452e-01 -4.374064367063475345e+01 -3.332120127624305894e+01 4.402341254208737453e+00 -6.850307169771157056e+00 5.118709890283886565e+00 -2.134064967152183812e+01 2.598534424196838000e+00 -3.304081526522787726e+01 -4.487441302606058890e+00 5.545555610816211811e+03
-2.824890479875651650e+01 4.544768830593551634e+00 1.042306490893073478e+00 8.155756013692581519e+00 -3.036966342565483856e+01 -2.145800182257194777e+01 1.421339708508572386e+01 7.116912675497427898e+00 1.615616587449564889e+01 -1.259416248112995440e+01 7.046087354536561875e+00 -3.390994462800254183e+01 -6.983633289140875888e+00 4.189629156527095802e+03
-3.047897857011960099e+01 3.878193060055658670e+00 2.464679997159600511e+00 6.426318250167450508e+00 -3.879314159896267711e+01 -3.460359788794634284e+01 1.039193706688175034e+01 6.897173287083407267e+00 1.766108654394976796e+01 -2.687712266045262766e+01 -1.550506014923445086e+00 -3.302714178578049342e+01 -1.288696356657538455e+00 5.978411509249572191e+03
-3.107969943652316047e+01 2.919197698533293028e+00 -1.506362575213217037e-01 1.489141734492686719e+00 -3.840257823648009605e+01 -3.825346368711225153e+01 -1.109752746855871886e+00 9.509629661872422979e-01 1.100395324185502588e+01 -3.113827454815810114e+01 -1.341253261089472737e+01 -3.028423342972932275e+01 -6.297515178460610485e+00 6.144299699320626132e+03
-3.141897771605546552e+01 3.107600758849720535e+00 -1.858132614890455558e+00 -2.342535454625022773e+00 -3.827563721276715114e+01 -3.520704281538273506e+01 -4.695129322309941955e+00 -2.801933255207234907e+00 4.635305287341733305e+00 -3.402488141523780030e+01 -1.790427725864831743e+01 -2.269469317055687796e+01 -8.446598524303048805e+00 5.826340688855380904e+03
-3.045498031402701500e+01 6.495372987888192284e+00 2.055631617319138016e+00 4.808422556346167553e+00 -2.898857060713196532e+01 -2.536979889212298289e+01 3.645261560580607796e+00 7.366029443037439783e+00 1.403406003514261435e+01 -2.369231812067778264e+01 -9.787375889732329526e+00 -1.479285565623267118e+01 -1.462775505249404917e+00 3.623594284731432708e+03
-2.971105575313243463e+01 7.040521355513955193e+00 1.141039535584894710e-01 3.384126671250691221e-01 -2.548463079208303839e+01 -2.371000341615788543e+01 -4.067111760654503749e-01 3.868622854601623029e+00 9.242960246240448541e+00 -2.114847858874764341e+01 -1.127781275130127980e+01 -1.090927906125210711e+01 9.510349607966603336e-02 2.938106578640521548e+03
-3.167640160860797494e+01 5.014200384997359983e+00 1.547038304185868407e+00 5.180367031989299598e+00 -3.502524041279437483e+01 -3.410875236659105525e+01 -3.667940853093365483e+00 7.072037971469308459e+00 1.126507325986202623e+01 -3.636598399545408711e+01 -1.873289344497918307e+01 -1.581704728014809724e+01 7.754330055755324302e+00 5.622024703227296413e+03
-3.055165113863334980e+01 4.996393563081509726e+00 -5.526459003071766407e-01 1.545610486202716460e+00 -2.923525039460344388e+01 -2.882313343400892691e+01 -6.260355833278151039e+00 1.265326359608509144e+01 5.649986552517462179e+00 -3.320462233484239789e+01 -1.579504168930884767e+01 -1.425297426317028027e+01 1.143235927039584965e+01 4.563630434825408884e+03
-2.999970394365816162e+01 5.296736023689641470e+00 -1.475586382886376446e+00 2.644945510569478575e+00 -2.373071793581133804e+01 -2.141209904419016397e+01 -3.193194012427659434e+00 1.685090868316481760e+01 3.763705465911362680e+00 -3.096148353667754094e+01 -1.585754183407160056e+01 -1.007629499656806615e+01 1.325504110303927163e+01 3.754453721962182044e+03
-2.945555692766452083e+01 2.973616163601921158e+00 -6.045835810404621036e+00 -2.101342993727624897e+00 -2.555448001639550526e+01 -2.092029242036632297e+01 -7.522202675611581846e+00 1.010256838843383242e+01 -1.402724535920075510e+00 -3.084207151606052832e+01 -1.836042045581135440e+01 -1.193949860987096301e+01 8.099868458621269696e+00 3.665241051970651824e+03
-2.817305929470779446e+01 2.281014478027471704e+00 -6.845862765281570894e+00 -4.636711956349891750e+00 -2.812829119144635470e+01 -2.516393517570502425e+01 -1.073307023240358049e+01 8.888712580662945228e+00 -1.111360737745878291e+00 -3.079396366557455522e+01 -1.807652943830661130e+01 -1.305181479066725458e+01 9.250793757108020543e+00 4.018112930599069387e+03
-2.559249295295765236e+01 5.066414558703926652e+00 -4.275635191614710173e+00 -2.514715341982470154e+00 -2.029545066786867125e+01 -1.808298159295220131e+01 -7.138426677433344913e+00 1.260323471074642043e+01 3.003682550877392332e-01 -2.165577865050798323e+01 -8.779380891340107240e+00 -5.906076100521742589e+00 8.277725475270631961e+00 2.303490276109793285e+03
-2.617683316763914192e+01 1.662518911625775031e+00 -8.062463016187466636e+00 -5.393001539927345434e+00 -2.618863496198721208e+01 -2.346056541013303232e+01 -1.423401964275166165e+01 1.490010876226155645e+01 -4.205066126133429449e+00 -3.036928794602867754e+01 -1.336897555759519385e+01 -5.703677490897784530e+00 1.189241554768561393e+01 3.735608849580332389e+03
-2.466228322518932359e+01 1.054093303692644756e+00 -1.065579373040463551e+01 -1.006175398439874336e+01 -2.187097303164893347e+01 -2.064540647583796940e+01 -2.006310646566817724e+01 1.562455754832105370e+01 -4.336572514555602886e+00 -2.507261057293058215e+01 -1.508071848266876280e+01 -5.232086700817975000e-01 1.281082274657137887e+01 3.414612128202915301e+03
-2.463373336009394521e+01 -1.638876575611039499e+00 -1.492246877844401531e+01 -1.544328470068047565e+01 -2.521963792277454885e+01 -2.579137152751370010e+01 -3.027008389847469161e+01 1.206479198558262844e+01 -1.065718827488362663e+01 -2.879022861731497329e+01 -1.832525037304503002e+01 -2.782690732422707036e+00 9.166907029707177301e+00 4.803787298780341189e+03
-2.459365085246811233e+01 -1.381255530202593951e+00 -1.437659681105027332e+01 -1.437527721786916146e+01 -2.151572438103250917e+01 -2.061504570686859950e+01 -2.938795382564345360e+01 1.496682744770673246e+01 -8.969291636906703502e+00 -2.524301164918403018e+01 -1.878654320711306269e+01 4.927104873086845416e+00 1.223615141467860745e+01 4.240246718230115221e+03
-2.486456480646677747e+01 -8.557266927205121609e-01 -1.537715033067905424e+01 -1.744086444043423256e+01 -1.563966999143550751e+01 -1.735251724371839188e+01 -3.272457222884278139e+01 1.380176666203662528e+01 -1.542493311334372130e+01 -2.167908423979734067e+01 -1.574572122684257636e+01 4.814497724369363851e+00 8.180869892307519819e+00 4.012659891111752586e+03
-2.390714723690737031e+01 7.894698172184774210e-01 -1.379865624957160364e+01 -1.620161225196054033e+01 -1.116476396735563625e+01 -1.364579253014306381e+01 -2.641494940780275158e+01 1.985297296577640225e+01 -1.527264295810043926e+01 -1.860791161900083068e+01 -8.412813457327464661e+00 2.207960684928487627e+00 7.752850599233127582e+00 3.143085012289454880e+03
-2.708249372358650930e+01 4.899613706468016749e-01 -1.451131839134484203e+01 -2.497159791953412977e+01 -1.390678832450657154e+01 -2.651195243480458430e+01 -3.754810273282669186e+01 2.118321799864637711e+01 -2.633184772511686234e+01 -3.072213552079701060e+01 -6.845926666915992165e+00 2.486805426967565680e+00 8.842087052108636769e+00 6.091180951738162548e+03
-2.669994720360778473e+01 2.777117647713724935e+00 -1.153127467047931098e+01 -1.856997082850451264e+01 -6.141754499670494027e+00 -1.352342712073804343e+01 -2.689770083931026790e+01 1.526051113145073401e+01 -1.670218417269857270e+01 -1.718518236512484876e+01 -1.156030773544188861e+01 9.871744963540653117e+00 7.095263747425493150e+00 3.231115695330711333e+03
-2.824002852816355968e+01 8.507796916178215207e-01 -1.479385093945379914e+01 -2.214496689459354073e+01 -8.326658573030124799e+00 -1.514050987995507924e+01 -3.460634163274686870e+01 5.457810734555664567e+00 -2.693977077642939832e+01 -2.450778898950316531e+01 -2.216185007642431160e+01 1.034751734233588039e+01 2.378131521937920212e+00 4.963692677506092878e+03
-3.082136775592369560e+01 4.760776015191946264e+00 -8.718370655744445585e+00 -1.624131687003377067e+01 8.242443280222808699e-01 -4.858279761455487566e+00 -2.583485674152094091e+01 1.816735852614560898e+01 -2.112790057807773536e+01 -2.334044666252973244e+01 -2.358011426908600683e+01 1.333938698010178925e+01 6.116072673959563666e+00 4.096719070946529428e+03
-3.197823830686467161e+01 5.848341001749715495e+00 -7.826149231390087557e+00 -1.082991712757494263e+01 8.250562657720641013e+00 4.781674279080712964e+00 -1.864830689301732747e+01 2.525433666265508847e+01 -1.265324900907446093e+01 -1.726303283198637573e+01 -2.650730930417295639e+01 7.180817070704471838e+00 2.268941179073217018e+00 3.529290285260573910e+03
-3.229450352819028325e+01 3.866141443567172153e+00 -1.092468704422149450e+01 -1.156351865009624369e+01 2.869099321840419048e+00 4.033016257381026648e+00 -1.594372068778735674e+01 1.461267897789739401e+01 -2.173584281664271955e+01 -2.067565693276154803e+01 -2.603988412451828793e+01 -5.343900332456316349e+00 -8.926215012027638451e+00 3.489415128684978299e+03
-3.220735092148742496e+01 9.851700397794580510e+00 -3.921969903140240632e+00 -1.906254902950531616e+01 1.709031191791318349e+01 7.269472663508990351e+00 -2.028611098000923718e+01 2.420630043550704613e+01 -2.273800825745775001e+01 -2.110152274579260734e+01 -2.830125697903405424e+01 2.983730818923667094e+00 4.907824069670762235e+00 4.651769166254903212e+03
-3.164767225428636976e+01 6.304750201676347920e+00 -9.247037343605366999e+00 -2.811630675408277824e+01 1.558096435911917155e+01 4.132732943500382561e+00 -3.059926219647945800e+01 2.045088734057373969e+01 -3.692581020654066037e+01 -2.541703462900492028e+01 -2.843178454337645178e+01 5.144598062360694612e+00 2.497995082867286332e+00 6.382373360991902700e+03
-2.958210573015978184e+01 4.217693640775416419e+00 -1.226074471014852207e+01 -3.087564210105895413e+01 1.246986381434281910e+01 3.504416461096612201e-01 -3.433420209367666587e+01 1.672412956521856486e+01 -4.298683082221922547e+01 -2.667924297191243355e+01 -2.635122453453191227e+01 1.554748045383578514e+01 -6.507184638603745741e-01 7.106859558240508704e+03
-2.810989880250671291e+01 4.217590518184731962e+00 -1.295413860217867352e+01 -3.043294709834917100e+01 1.084468593632039912e+01 -3.789718856267138225e+00 -3.592793907808751186e+01 1.694662565149341660e+01 -4.469324500616873053e+01 -2.297251435074122483e+01 -1.370321467676249405e+01 1.922069074870845640e+01 -5.172947266875805861e-01 6.694605769864841932e+03
-2.724356626322116881e+01 6.240026073677382712e+00 -1.136698085131784453e+01 -3.023529760966229318e+01 1.398540550453527587e+01 -3.541777324237858071e+00 -3.560079685798753957e+01 1.828736268338350257e+01 -3.373058496133778306e+01 -1.099321146128474425e+01 -6.123677082754984013e+00 1.836216769477116628e+01 2.909294711884912177e-01 5.267867751424358175e+03
-2.666511651796844262e+01 1.201794444317767940e+00 -1.778526238149704497e+01 -3.409759785632037676e+01 3.214747845246532787e+00 -9.808527109861353566e+00 -3.947796890090736355e+01 1.524573884187758521e+00 -3.497109306090790426e+01 -6.549258770645185912e+00 -1.218072337518510828e+01 9.792018079843417766e+00 -1.145925872032079695e+01 5.500249038953586023e+03
-2.475959256340751935e+01 5.132585603641346417e+00 -1.120639106799115936e+01 -2.442721846191190949e+01 1.199101294639260651e+01 4.091213655950205919e+00 -2.358417913776316865e+01 6.684854942853906579e+00 -2.323758900585034581e+01 7.420679939522502266e+00 -3.304494641399903010e+00 1.577186336249516430e+01 -1.070657076396775231e+01 3.092430323161418983e+03
-2.814181056984395113e+01 4.117529869858040037e+00 -1.451160844877218459e+01 -4.081515658735638397e+01 1.145965679417368577e+01 -4.320709032273180483e+00 -3.480220185154519186e+01 7.801167852562882477e-01 -3.566247161158403856e+01 5.332413757078472649e+00 -6.089413767127886956e+00 8.826037720024306310e+00 -1.146730369169869590e+01 5.593898911439147014e+03
-2.748206161384045743e+01 4.032625120875886537e+00 -1.365919553235510442e+01 -3.845183349191760414e+01 1.151896322108124515e+01 -2.003856141161977522e+00 -3.018411720723404557e+01 4.619517812444364324e+00 -3.080597134231959444e+01 6.618451276369619940e+00 -4.853223622397285553e+00 1.273504690736702294e+01 -8.031299090467122426e+00 4.748814458900202226e+03
-2.735116484113790136e+01 3.350136965253420751e+00 -1.563666666827479368e+01 -4.343882573038010975e+01 1.185903343315296965e+01 -2.681566419839493509e+00 -3.086940861265060931e+01 7.442628763768704303e+00 -3.163988260552369169e+01 5.039856260418577705e+00 -8.360015835950799001e+00 8.953581799821920484e+00 -1.036985347632144183e+01 5.330959819985668219e+03
-2.674240184560469302e+01 4.974128515549530505e+00 -1.373214412544829344e+01 -4.210475626283762551e+01 1.279414437682510552e+01 -2.927435367721368253e-01 -2.714983642577459122e+01 4.628679105049767095e+00 -2.969054735048459293e+01 7.719723383141667838e+00 -9.045684711200275174e+00 1.116943802271903330e+01 -9.524104891334744138e+00 4.862006473215803453e+03
-2.492524028134376834e+01 5.873065988991768016e+00 -1.168085796253404851e+01 -3.477442784808035015e+01 1.007894445297154284e+01 3.269707802961839604e+00 -1.713559370928018311e+01 5.944604716324877636e+00 -2.201324355722994142e+01 1.238613588757212192e+01 -3.702582122362054307e+00 8.733566881779383451e+00 -6.830309820231561524e+00 3.217343480728753093e+03
-2.384481383454620840e+01 4.207723250619706867e+00 -1.309826841074651149e+01 -2.946942027652643858e+01 4.670221171740916333e+00 4.727509055225172396e+00 -1.399176979911262819e+01 -1.673314736620653997e+00 -2.130755335964343189e+01 1.235706257761569482e+01 -6.070466021201569973e+00 9.372908250544622177e+00 -1.124128703357415837e+01 2.726798687211899960e+03
-2.601042320834343968e+01 4.838190864984934336e+00 -1.256984644365846293e+01 -3.720217316496974291e+01 7.065246811219445533e+00 1.928117399452448089e+00 -2.078237041945937946e+01 -6.513971035742828875e+00 -2.860673574088857052e+01 1.321033812620676606e+01 -7.604348130850783427e+00 7.482946120873301687e+00 -7.063494536606801155e+00 3.926498933621821379e+03
-2.756256738218023727e+01 1.563544781870949141e+00 -1.776494022996012845e+01 -4.673326471729360776e+01 -7.650698564888036568e-01 -1.120417673588989871e+01 -3.599406358300291231e+01 -1.640286789933066558e+01 -4.171478931547017766e+01 1.241069946004920155e+00 -1.428496769063652039e+01 -1.033229447977110915e+00 -1.321147743843508060e+01 7.073811425613266692e+03
-2.667355940465104069e+01 2.389666842600017382e+00 -1.558334591115053414e+01 -3.903952237970663219e+01 -1.646681969725741546e+00 -3.901051391627455622e+00 -2.453052040062772576e+01 -1.784853660474970738e+01 -3.096197936787377358e+01 6.437907296553957437e+00 -1.626541031603899157e+01 1.049917966608329500e+01 -9.173380052986862765e+00 4.881398774622504789e+03
-2.798886702481155098e+01 6.231910779150276802e+00 -1.184835846934237047e+01 -4.211033774326052992e+01 7.756416446020950595e+00 4.537716048183476625e-01 -2.335671323759355644e+01 -1.007865728045979559e+01 -3.135574171561221135e+01 1.187968369156595649e+01 -1.146937412445474003e+01 7.750780230645874624e+00 -9.645373809791980557e-01 4.760221715652600324e+03
-2.774394805937372510e+01 3.977935113300340664e+00 -1.499290361687516793e+01 -3.777867545969399288e+01 3.513475871615961754e+00 -6.951008088081280789e-01 -2.483204282079993774e+01 -8.677989533335063399e+00 -3.309490093535537625e+01 4.440823576813429874e+00 -1.783479812600907266e+01 6.312445175927820173e+00 -4.737159825945887803e+00 4.637692684342711800e+03
-2.928535503911654558e+01 7.753083342841352810e+00 -1.025838819204420993e+01 -3.444033021783248216e+01 1.186820874525935032e+01 9.709446267178133638e+00 -1.594011498269533433e+01 -4.392168311010900439e+00 -2.863052423608400687e+01 6.296421026915222541e+00 -2.388297537238836199e+01 9.589841475996180975e+00 -5.064710070709196543e+00 4.264984024724599294e+03
-2.970345352389050575e+01 6.524531263874781217e+00 -1.119468770274235148e+01 -3.293102430455289209e+01 1.012718385554496336e+01 6.356102126621581583e+00 -2.190101309283833686e+01 -8.784354118264381839e+00 -2.864618502229330588e+01 6.206447357748807292e+00 -2.375541430561345635e+01 1.391918112797264229e+01 -7.232193589678900913e+00 4.503909034183200674e+03
-3.297072937557132377e+01 7.356860026771102845e+00 -8.657572807330776499e+00 -2.773596821368626308e+01 8.230283881924489009e+00 1.119232169248228992e+01 -1.202692908993625664e+01 -1.641565391792977380e+01 -3.435434990410413292e+01 1.794870869746664432e+00 -2.411398368849300056e+01 1.336593050337605249e+01 -1.275170726592190640e+01 4.698737503726621981e+03
-3.698557914161965954e+01 7.103861205554039771e+00 -7.785797526285506365e+00 -2.664489265572550636e+01 8.886610518846131512e+00 1.329800227517625544e+01 -1.083294130830997481e+01 -2.376034832797751051e+01 -4.086749415476351999e+01 -1.009436211419978635e+00 -2.332524195870217554e+01 1.668294881595169699e+01 -2.107571657525170039e+01 6.064426900047167692e+03
-4.023529286384977866e+01 7.796808841085008268e+00 -6.995961306081240672e+00 -2.227615235667454030e+01 1.258157501716908655e+01 2.008600108573482856e+01 -2.136740390920881083e+00 -1.285631474028632759e+01 -3.297912060169573323e+01 1.867884967163554177e-01 -2.549659895911472773e+01 1.617414359969843929e+01 -1.763372254671960704e+01 5.266718352210416015e+03
-4.277700036388300475e+01 7.745076307250042369e+00 -6.787371048911505333e+00 -2.149582412288579292e+01 9.656290868874354061e+00 1.495726670952749515e+01 -3.897040051240821423e+00 -7.173523580897876784e+00 -2.738004711278325942e+01 7.833282287242826492e+00 -8.088630961713704437e+00 1.877637136810506746e+01 -1.211697955012200190e+01 4.157433527401060019e+03
-4.450762434938543777e+01 5.958183583110657544e+00 -1.105624334348068061e+01 -2.920677517328265438e+01 3.306356880976006440e+00 2.555200759672052957e+00 -1.540471131227684509e+01 -3.757469104625087208e+00 -2.435719388543597574e+01 8.614518184249440935e+00 -5.029316698496107740e+00 9.852505138595383016e+00 -5.167182350259586165e+00 4.077138036082544659e+03
-4.668391046991547455e+01 5.775666597815407144e+00 -1.091450264485390598e+01 -2.645952929363737738e+01 1.285333915485393330e+00 1.686047678278507878e+00 -1.480727051580552356e+01 -3.562816166845713450e+00 -2.253530393911483642e+01 2.865795351542538061e+00 -1.167391944928555425e+01 9.974520238818275431e+00 -8.778962838279078529e-01 4.021017496865656994e+03
-4.792106847286090243e+01 5.769372061639665539e+00 -1.125372231020660330e+01 -2.611644525683244211e+01 8.856179658481092787e+00 6.610620486983471267e+00 -2.073857350336169247e+01 -8.947312164466239892e+00 -3.328510302294723999e+01 1.271422754383391140e+00 -1.454477481388647853e+01 1.908736967870029133e+01 -1.614897463746616024e+00 5.458705132068605053e+03
-5.025736422497013933e+01 6.808844148274053154e+00 -1.043237123881508843e+01 -3.610925709094897940e+01 1.022490037462810264e+01 5.494344828801560610e-01 -2.836836001838652521e+01 -9.240351571901472383e+00 -3.576161479448803249e+01 -1.293009430246923053e+00 -2.233966037928875181e+01 2.228213257839404093e+01 9.215406768079590805e+00 7.340916794128993388e+03
-4.924683481201589075e+01 5.131511826059577785e+00 -1.283389939990693662e+01 -4.553401851635469910e+01 6.060379928238061709e+00 -3.677265830154856197e+00 -2.694769068802362710e+01 -6.388252924678423206e+00 -3.286866563673476804e+01 -1.069996616370965992e+00 -2.451392191902766626e+01 3.499227451102346720e+01 1.855768299631505514e+01 8.758150581382149539e+03
-4.835767350566464984e+01 2.906800960560198543e+00 -1.578998650786426339e+01 -4.538062352075676387e+01 1.127409629253099066e+00 -3.531545503756278404e+00 -2.255496620671766905e+01 -8.821626731281510203e+00 -3.429149486448690709e+01 -3.865897206508606132e-01 -1.936543051163554097e+01 3.476076465541231642e+01 1.329026990392805807e+01 8.191947212747889353e+03
-4.903090457861234341e+01 6.302592892833060567e+00 -1.268608614741480167e+01 -4.789709311984125151e+01 2.329993205662530986e+00 -2.379757056589573150e+00 -1.792366887706286249e+01 -1.069976768088956298e+01 -3.222768841737634915e+01 -8.255309574657136995e-01 -2.168758101267843585e+01 2.913137954778302685e+01 3.875128167519680922e+00 7.718966103408988602e+03
-4.944558625129418772e+01 6.903944723457438926e+00 -1.154280817188038633e+01 -4.534291300460698437e+01 3.928846961312162378e+00 3.690700094783234242e+00 -9.956492576923851701e+00 -9.554504356482924621e+00 -3.039098994325623693e+01 4.040891403792302938e+00 -1.862588657086298483e+01 2.390051981346202936e+01 1.699096399884779451e+00 6.762210535831140987e+03
-5.014176057795489072e+01 6.318833095747315554e+00 -1.091170246613570960e+01 -4.062492688429814791e+01 3.603088395772790165e+00 7.324291808503791579e+00 -5.391771270940154182e+00 -1.337258057684732471e+01 -3.447718418709150967e+01 4.632325819397371980e+00 -1.406614135628099760e+01 2.998215051704925571e+01 1.769151823900247500e+00 6.908148598244756613e+03
-5.076802932222356901e+01 8.014561512693392231e+00 -9.937904094438628988e+00 -4.494338834039043462e+01 4.752399614981018594e+00 1.320646039194858012e+00 -1.232324580650121959e+01 -1.015078211383078255e+01 -3.056292497977647926e+01 4.361995361381545422e+00 -1.387238308555057564e+01 2.577004964667402476e+01 7.917431780263891605e-01 6.849810978975954640e+03
-5.367807080383073526e+01 5.995882214240224606e+00 -1.404324716990149291e+01 -5.146583485252681811e+01 3.383497557967500846e+00 7.994169354496509783e-01 -1.379383648500280835e+01 -1.074529881624347460e+01 -3.162055702667369417e+01 7.251037192316996283e+00 -1.475762694343413628e+01 2.506402522280432521e+01 6.264900640177089031e+00 8.018728392121155593e+03
-5.307437732969341937e+01 5.299406022913537129e+00 -1.264516917391597772e+01 -3.463640991063923025e+01 6.475346516066093905e+00 7.749023483945499002e+00 -1.431153417016255247e+01 -9.989677699699196722e+00 -2.584417702818722873e+01 1.060782306915107398e+01 -1.638993888483844685e+01 2.149653034970501508e+01 -4.014080303435711983e+00 6.138436727308268928e+03
-5.477771581534147316e+01 6.232214941273052311e+00 -1.201210480445068818e+01 -3.566734858256192098e+01 1.344135625633032660e+01 9.742172250466126115e+00 -2.038682607722603990e+01 -8.301844197439001150e+00 -2.849962185599752829e+01 1.400762214037155928e+01 -1.748416142284963826e+01 1.924273030132255258e+01 -4.423958830307051393e+00 6.920004248316817211e+03
-5.779612548657755866e+01 8.834822119079323244e+00 -8.993959319308865830e+00 -4.160172742798312839e+01 2.046327062363911509e+01 1.307662252186331209e+01 -2.714256882928684789e+01 -1.256075638399443228e+01 -2.524255338373832558e+01 2.642845569969426478e+01 -2.342579434913910674e+01 2.067579949226661284e+01 1.863168771114357414e+00 9.029654072555613311e+03
-5.817990468954970851e+01 7.514313987925636873e+00 -1.182108334359294943e+01 -4.348453341490787238e+01 2.094469960747854742e+01 1.302657418118610089e+01 -3.043750656020936418e+01 -9.273395620024219355e+00 -2.996200203896757941e+01 2.412108397997875642e+01 -2.820011582818782614e+01 1.820402773913474803e+01 4.689255940716407167e+00 9.720989169076587132e+03
-5.754077661611484729e+01 6.694230179710695339e+00 -1.219461908754166046e+01 -3.863552230345055705e+01 1.739194395971718521e+01 1.333003015247743228e+01 -2.571455610789658763e+01 -1.024705896600934629e+01 -2.779660907370897860e+01 1.739016347924427919e+01 -3.253956719784969920e+01 2.141207927078070128e+01 6.179220429538730741e+00 8.874128640548018666e+03
-5.831993600477164108e+01 5.457505621525739592e+00 -1.439113303480546513e+01 -4.468278933942056597e+01 1.869284827498748669e+01 1.180329076758359719e+01 -2.817584434006162653e+01 -1.189053491221661751e+01 -4.045781577707283105e+01 1.151478258182717163e+01 -2.556410429864908096e+01 2.793886066740247998e+01 6.834686273486369146e+00 1.030890032653603703e+04
-5.817477244546937953e+01 4.422501590495290458e+00 -1.481856948642791671e+01 -3.937666519677201649e+01 1.944968573272344869e+01 1.964011764152008155e+01 -1.738286890908091209e+01 -7.273578841424724217e+00 -4.586522843425210283e+01 2.758495462971733758e+00 -2.670168038013200018e+01 2.770833872058115332e+01 6.177201475469331626e+00 9.923186074181101503e+03
-5.641804172351568525e+01 4.359682885499474914e+00 -1.495563828506948667e+01 -3.551650564497725071e+01 1.480666604342191128e+01 1.545877522744729049e+01 -1.768029776287995958e+01 -4.438590329123141665e+00 -3.729188990790485292e+01 5.365946553474532976e+00 -2.414307123304475411e+01 2.475432490801670582e+01 3.452662068696618292e+00 8.104664461364242925e+03
-5.457047921435620452e+01 2.586598992973981659e+00 -1.644676109353158466e+01 -2.922443341620687818e+01 1.327746523264128342e+01 1.932470956592827349e+01 -1.626901333329650612e+01 -2.722010196492653744e+00 -2.926924950450185392e+01 6.671624824514716501e+00 -3.162218862170201916e+01 2.729324087928259246e+01 5.118863351110394255e+00 7.603302889445464643e+03
-5.443870959178415347e+01 2.174616244489107064e+00 -1.529453501280774574e+01 -1.938985268566347386e+01 1.420583072845164097e+01 2.383129280228388325e+01 -1.507549167533316670e+01 -6.050344258750858906e+00 -2.831540011587981809e+01 9.805686966162474150e+00 -2.643393760664080361e+01 2.865338198358613298e+01 4.327953369972878050e+00 7.048218421937662242e+03
-4.822481798683297427e+01 1.033890939642174622e+01 -1.709669998876549579e-01 -7.378258753245798829e+00 2.663160969047233451e+01 1.902386726239460302e+01 -2.475356707139729195e+01 -5.922540436995131330e+00 -3.048194239433887986e+01 -6.141400121571694903e+00 -2.543719828044600817e+01 1.638855706896891462e+01 -1.009177684170214206e+01 6.190305204193688041e+03
-4.002046041959764011e+01 7.065121509509944886e+00 -3.897235424881606125e+00 -1.082539488218566071e+01 1.015552002225643058e+01 1.140360049306868362e+01 -2.663732129055127729e+01 -3.075641416071403356e+01 -2.238060122581571321e+01 -4.038936516464454729e-01 -4.175680940711344391e+01 1.733236831941171729e+01 -2.278886476486746204e+01 6.737040323146306037e+03
-3.678386980844165066e+01 4.238732251809613771e+00 -3.463399764662362657e+00 1.949921230931863647e+00 2.096057519981895467e+01 2.041322676123328961e+01 -2.953692139697067276e+01 -3.355397065943500934e+01 -2.789567223581819277e+01 3.443989639509961620e+00 -3.216152022318702564e+01 2.174515092804984917e+01 -2.007963992925247609e+01 6.941597977825280395e+03
-3.348472567690220814e+01 4.613162634899286019e+00 -7.571877444918599487e+00 -5.350250443553293600e+00 1.034863032276276051e+01 1.232287016499572196e+01 -3.080896628768949697e+01 -3.389394807754823802e+01 -2.288996140987877226e+01 7.059541729636071850e+00 -3.553605730527732476e+01 2.044650811543057145e+01 -2.109639496238301248e+01 6.285122435768498690e+03
-3.258538391109424737e+01 5.296277911507469405e+00 -6.271665884135776636e+00 -3.506405393362120204e+00 1.609591912401790736e+01 2.060456178019958884e+01 -2.498749684162896401e+01 -2.664517883209838800e+01 -2.111911596865096641e+01 1.209697344294652410e+01 -3.655501820005890323e+01 2.307150731591072557e+01 -2.528919626423012090e+01 6.259914687002254141e+03
-3.370659825731340931e+01 2.408054427525609942e-01 -8.213730981237027606e+00 2.900826453712756159e+00 1.604304590256606033e+01 1.317756840057092127e+01 -4.826488023200059985e+01 -3.881079915855663387e+01 -2.343092589998994413e+01 1.968350464578241343e+01 -3.051248649186875284e+01 2.016234298824238991e+01 -3.062663777422334732e+01 8.690848841723465739e+03
-3.304776616010384771e+01 -1.927551745133861405e-01 -9.490337114379137518e+00 7.062137211391452674e+00 1.657670153895358212e+01 1.488144899831286949e+01 -4.446912353093465953e+01 -2.386013734588844315e+01 -2.622141809078089736e+01 9.483989383015030583e+00 -2.980803760531670221e+01 1.227871920297887343e+01 -2.739349731331329707e+01 6.842384510751162452e+03
-3.343509455829777721e+01 -1.741248726262650814e+00 -1.184854844746861069e+01 7.414945490688431562e+00 1.806981479560435488e+01 1.489278087812181717e+01 -4.941989720720852830e+01 -1.846053446638088147e+01 -3.364859462889099007e+01 3.881406317796403549e+00 -2.558390013696585541e+01 1.124281547717187024e+01 -2.019606569595020673e+01 6.983848865147979268e+03
-3.410229617458735163e+01 7.470675596216070913e-01 -1.039316455237526071e+01 7.637464144799563925e-01 1.467041045480977424e+01 1.051498541791664110e+01 -4.937437969570100904e+01 -1.551870974573228423e+01 -2.758682429053159169e+01 4.389697477154421712e+00 -3.022661774804970491e+01 1.116198396137743387e+01 -1.868652708946564900e+01 6.444298395559119854e+03
-3.429170917608718128e+01 1.823880838950651673e-01 -1.165141261340260570e+01 1.865904109867935645e+00 1.275540549630370180e+01 1.048055974946112023e+01 -4.520188892491324140e+01 -1.604395826076212117e+01 -3.095835814113363327e+01 2.313246673939147069e+00 -2.578617925186787829e+01 9.487717363225804945e+00 -1.690365266770871955e+01 5.892801802409539050e+03
-3.551266891927366487e+01 -7.842073933697296748e-04 -1.171085504255547427e+01 1.893728633601104439e-01 1.186295379161552610e+01 7.980832698907509126e+00 -4.862879517977048494e+01 -2.996338258666418852e+01 -3.066501654835243684e+01 6.967586215773365232e+00 -3.466582832024315053e+01 7.434841449764679311e+00 -2.245555350556659846e+01 7.615455923532926136e+03
-3.484466621511389661e+01 3.565181811735914863e+00 -6.866388348827255683e+00 3.792315799756937889e+00 1.597074629676224689e+01 1.449312171652104908e+01 -3.716900481715007487e+01 -2.107359390269629174e+01 -2.466275342917397495e+01 1.215326813122467087e+01 -2.657573969423478744e+01 1.281289895161852499e+01 -2.004976422847853357e+01 5.607523524949317107e+03
-3.439930242931530557e+01 4.187095546388293954e+00 -7.366345893044927706e+00 2.314274999722266912e+00 1.592749350858622570e+01 1.364209182151026312e+01 -3.482208437523839706e+01 -1.314257728828400573e+01 -2.515152768044633191e+01 8.510518208846573174e+00 -2.556821153041729744e+01 9.729257003795261483e+00 -2.118180076297206682e+01 4.987648145191389631e+03
-3.445754851497509463e+01 2.078741306734789074e+00 -1.019538672960581493e+01 1.033996237216721736e+00 7.296568505801515947e+00 8.355092067999692063e-01 -4.704796672171907090e+01 -1.939149988147443082e+01 -2.586442178953072357e+01 7.580759310772611670e+00 -2.111123996720798246e+01 3.147135244534621901e+00 -1.605851470533842473e+01 5.380039335739318631e+03
-3.450941873508043756e+01 2.834225025937100462e+00 -7.761708292807869114e+00 9.378622071593760268e+00 8.322178618109601800e+00 1.148228752614087883e-01 -4.696002680410031616e+01 -1.304857954243749418e+01 -1.790124414735348779e+01 1.098535814587394555e+01 -1.748471663495940476e+01 -6.837111113608187907e+00 -1.493713547048506562e+01 4.808628923141289306e+03
-3.549628859779215873e+01 4.336225791205571056e+00 -5.874243212350274135e+00 9.886902738404113933e+00 5.798043309370642717e+00 -1.155528730791647307e+00 -4.249052775701508011e+01 -1.291353893590028967e+01 -1.260749609356581402e+01 5.104653954335828914e+00 -2.180258165199808218e+01 -1.257207632241106543e+00 -5.736640470808042735e+00 4.113052558546992259e+03
-3.554568719966314205e+01 2.325158065565115617e+00 -8.729236650969548705e+00 6.059004726867418533e+00 2.157582981367944797e+00 -1.334329801222211342e+00 -4.078866278296083436e+01 -1.861508836019162061e+01 -2.182245723001642190e+01 1.629427788291577250e-01 -2.245365559165907143e+01 -2.845380355838996067e+00 -1.422246890442524503e+01 4.589273126375393986e+03
-3.505804867443985984e+01 2.444592698903579553e+00 -7.405398264698047406e+00 7.757523334093335166e+00 4.416417740741191977e+00 1.343691695762816218e+00 -4.015622526450786722e+01 -2.116552301348000142e+01 -1.711622959324039073e+01 8.619119895692088917e+00 -2.030617110224729061e+01 2.577448309107967184e+00 -1.376717059001133059e+01 4.407647300961942165e+03
-3.513550582345428808e+01 2.897393859884007217e+00 -7.615858223468422672e+00 5.189008812254290781e+00 7.705376836355016801e-01 -1.875740007703182499e+00 -3.914946308732733371e+01 -2.156706448195177472e+01 -1.885940549209847106e+01 2.285249036764311015e+00 -1.969005991433222036e+01 2.157541809774398800e+00 -1.117065949445859907e+01 4.207793247183461972e+03
-3.567720737585886326e+01 3.883539218846194796e+00 -7.167460373667728035e+00 -1.117166770941612874e+00 -2.235656652617719065e+00 -2.182606753345643913e+00 -3.290687994251749160e+01 -2.126639452316258527e+01 -1.998557367824723840e+01 -3.783146082483614503e+00 -2.194888349146109618e+01 8.952225217720249262e+00 -1.294787357260910987e+01 4.028728371733600852e+03
-3.573214952119500509e+01 5.741921860152572776e+00 -3.737651660482224081e+00 2.629058488571603402e-01 1.293414219969045043e+00 3.633528207959060286e-01 -2.667691175534932668e+01 -1.822635664478562134e+01 -2.133523365165451580e+01 -1.292459316869760899e+00 -1.280865613180664475e+01 1.511893676802378117e+01 -1.306707333556584238e+01 3.389712950947897298e+03
-3.503058106917649894e+01 5.341425565628155070e+00 -6.970792645100198470e+00 -8.455701514320971057e+00 9.294186716327634823e-02 7.098248775387585585e-01 -2.369035770987155232e+01 -2.064709984764687434e+01 -2.651563242605852011e+01 -1.642323184540947389e+00 -1.365505500757966928e+01 1.423101211525894882e+01 -1.296612201860337166e+01 3.626690087087692518e+03
-3.536470524468326460e+01 6.584834092240913428e+00 -6.517226174340521538e+00 -1.341607462749020918e+01 4.779563883408586733e+00 1.154444070905026321e-01 -2.669763176601611576e+01 -1.447095473308259628e+01 -3.294629116313228678e+01 -5.217488382413236536e+00 -1.052136124914435200e+01 1.178628110705608556e+01 -1.089311083553870851e+01 3.942472958582372485e+03
-3.120543605501975648e+01 2.617978033523607806e+00 -1.175161631001985540e+01 -1.147806201934602655e+01 5.097910655064490371e+00 4.109317831229037488e+00 -2.758789177769663326e+01 -4.814656653575329237e+00 -3.920828723707844432e+01 -1.170577427049278718e+01 -1.133341989971700947e+01 1.633824837668984742e+01 -3.070465649158653568e-02 4.147327968255232918e+03
-3.202585922147056863e+01 4.552946538391594800e+00 -8.773584428437310123e+00 -2.022994374489281455e+01 7.601991062744962058e+00 2.703884917997435799e+00 -3.013260499379576629e+01 8.192564262395700680e-01 -3.852137538103769998e+01 -1.039195659147759621e+01 -1.452400120980492559e+01 1.827686954216719073e+01 2.313574265167460453e+00 4.648590035601469026e+03
-3.258633464452071848e+01 2.063832007998768425e+00 -1.330032199500081269e+01 -2.298233702090746178e+01 3.749998056901045373e+00 -1.223019282210872527e+00 -3.329281438724350295e+01 -3.938178195186610164e+00 -4.172934948469040961e+01 -1.304207005148183285e+01 -1.937407903427333622e+01 1.500484219182133749e+01 -1.383248767284932290e+00 5.424541791570238274e+03
-3.123067641060946542e+01 7.027780875545343697e+00 -8.645971104675769681e+00 -2.144836094610283439e+01 1.177779248946995594e+01 3.860851234704078649e+00 -2.497811008318121040e+01 6.661917493257027090e+00 -2.803040711590401557e+01 -2.750367891548284316e+00 -1.370361087582177007e+01 1.040026423465037908e+01 3.685433691292652636e+00 3.484244668213676050e+03
-3.295014390949963001e+01 5.751573481813446520e+00 -9.937914923128802869e+00 -2.892002233741181172e+01 8.989849269176044544e+00 4.992406493838353221e+00 -2.940204599259917018e+01 -5.298134343087665066e+00 -3.328800249951957824e+01 -3.751602914079985585e+00 -2.672948277567043718e+01 1.053732236607383754e+01 6.122087152492500906e+00 5.037360472776817915e+03
-3.079423804713574242e+01 6.623309671259920428e+00 -9.011508682352157962e+00 -2.331363898460026363e+01 3.896224763119279011e+00 2.504336078681538957e+00 -1.680782858936674984e+01 5.795740085314420309e-01 -2.745980261687784463e+01 -9.484228254993151808e+00 -2.106234878839526914e+01 1.207888376448361001e+01 1.590920403062574762e+00 3.357221996421583299e+03
-3.320223906322095075e+01 6.820071013959544182e+00 -1.030894006770162541e+01 -3.307101633524394657e+01 3.083005705257927387e-01 -5.072728268835994925e+00 -2.168811469404972314e+01 -5.658148579775168940e+00 -3.669132169073485983e+01 -1.522371332602461180e+01 -2.266457316579799297e+01 1.484861139486848280e+00 -1.602246374017411545e+00 4.973554417556853878e+03
-3.242583600201527361e+01 9.644455405901878109e+00 -6.344901747354271926e+00 -2.888374616712308196e+01 4.589129854565161537e+00 -3.779428345930471611e+00 -1.579603906944614344e+01 7.202735728417969163e+00 -2.636224902607456855e+01 -1.310159048075971278e+01 -1.546859388521900236e+01 2.257100304692047033e+00 -7.103863548346064372e-01 3.467213769220092217e+03
-3.682830237769840664e+01 1.238639203606946637e+01 -1.998311708112007201e+00 -2.434039115646347184e+01 2.734964953415577327e+00 -7.305687259305245540e+00 -1.663703767051322657e+01 1.073847107606181295e+00 -1.640197058721799905e+01 -1.555169879714270387e+01 -2.594648473726957505e+01 -2.617060991162193595e+00 -4.643705997704721256e+00 3.657504783181550010e+03
-4.083657857131788660e+01 1.375802915646256075e+01 -5.603466367059246611e-01 -2.894061724162756377e+01 3.167683006441500915e+00 -5.309176911477938354e+00 -9.084687480852682739e+00 -4.118357457856418158e+00 -1.921055896178186373e+01 -1.793008703189286734e+01 -3.083817697553724457e+01 -9.363117830329159119e+00 -1.212711609357552511e+01 4.708758496264855239e+03
-4.351480226445649180e+01 1.816546683173954335e+01 6.298682176716655867e+00 -2.087452200601697427e+01 1.064057257338745899e+01 4.144298046546024850e+00 -1.317259201710944128e+00 -2.017659931788994054e+00 -2.615136909752722616e+00 4.973715791548668497e-01 -2.944343790384483128e+01 1.915883792822488996e+00 -6.155179916587893985e+00 3.750703587520956717e+03
-4.793267766895989723e+01 1.269978790846346151e+01 -9.010638367203570309e-02 -1.609588299323527139e+01 5.558931078998777586e+00 1.728760992777123695e+00 -1.218689073200755679e+01 -2.945446957806822752e+00 -8.392569233245826155e+00 -1.089441973371592237e-01 -2.355015423929693341e+01 1.038641786705758019e+00 -2.690386414545178351e+00 3.542371870423305609e+03
-5.098167921530350810e+01 1.657924999029429713e+01 3.781931595906229848e+00 -1.868666997947597608e+01 1.421540513473887479e+01 -2.648373347028607494e-01 -1.730370001372017441e+01 -7.000497663489433364e-01 -1.631993611460727678e+01 5.347264318748845557e-01 -1.642794328887899624e+01 -1.129022371490825272e+01 -2.140037814391117177e+00 4.408106254393677773e+03
-5.177272006838331464e+01 1.254225583451354353e+01 -3.229331901116826442e-01 -1.452440538920657964e+01 9.942524745060273617e+00 2.308922805945313517e+00 -1.922987596560464851e+01 -6.713954093947759993e+00 -8.658263347898177642e+00 9.282395852171800854e+00 -2.356229095820572894e+01 -4.728342710242715796e+00 7.349903903164849428e-01 4.307042982327465324e+03
-5.315676202729422073e+01 1.549800161211127048e+01 1.829890991579609105e+00 -2.483427216047811115e+01 1.415487588236738503e+01 1.901478087431354713e-01 -1.887532620296081731e+01 -8.294875455391804708e-01 -7.870074585143005841e+00 1.630786909443644461e+01 -1.568422487891980488e+01 -7.060511928801675552e+00 1.569373614535204409e+00 4.869474974936200852e+03
-5.377226707063910283e+01 1.275264796053340000e+01 -1.532695183290965213e+00 -2.166884338028496515e+01 1.572428637584107314e+01 6.979110953736618939e+00 -2.010672328494882066e+01 -3.684113480022066511e+00 -1.553830750928726445e+01 6.200302424937654600e+00 -2.892684460852045802e+01 -4.601596750729913587e+00 2.313699873780352245e+00 5.382961838192457435e+03
-5.464253849795933604e+01 1.429952160729800248e+01 -8.338858806843046922e-01 -2.645392043315641217e+01 1.781828849807295256e+01 5.291039772908926686e+00 -1.888812962202563028e+01 -2.239599448421225603e-01 -1.952003077369906237e+01 3.172627951717485573e+00 -2.016363527132315525e+01 7.387786930634776539e+00 3.946814323153619686e+00 5.460912805113755894e+03
-5.379982555474280304e+01 1.042160406837073339e+01 -3.982738352854214181e+00 -2.270980857635931471e+01 9.754072292667618882e+00 1.222913392032535934e-01 -2.165437807060757436e+01 -1.113861532464198056e+01 -2.450973170663248268e+01 -4.334351113330201066e+00 -1.721655171080931268e+01 1.481703689807132562e+01 9.243247807823694373e+00 5.443671807069554234e+03
-5.572231881189706826e+01 1.288682923923875911e+01 -1.410320086903763093e+00 -2.984528784448777117e+01 9.476996101490607671e+00 -6.176494752236977526e+00 -2.507811403949601470e+01 -9.727998364816862420e+00 -2.364677464912713489e+01 -1.137170363702901277e+01 -2.730482905062667243e+01 1.668854864442789676e+01 1.476454867422000561e+01 6.945824527189591208e+03
-5.681013283251422763e+01 1.247526346546488973e+01 -1.418624847217277107e+00 -2.769659847765631611e+01 1.501723231684014159e+01 1.444182774258846225e+00 -1.815121893409558140e+01 6.347721921588910909e+00 -1.859385688096191203e+01 -7.036759212186273871e+00 -2.097803649163050821e+01 2.652661671097608576e+01 2.333822125471086650e+01 6.833160181830074180e+03
-5.750126911035316368e+01 1.116873233821427824e+01 -3.094990546603143766e+00 -3.230948852656745629e+01 1.509818041095257968e+01 3.715967160090746013e+00 -2.315171799124669860e+01 -1.474706020422729225e+01 -3.368499380830835577e+01 -1.209027577115795538e+01 -2.865421209319038809e+01 2.582229792261321322e+01 1.310954494138701421e+01 8.420428526290150330e+03
-5.824504915516959613e+01 1.149158456624032354e+01 -3.898661133628118058e+00 -3.482140001516997785e+01 1.679163278195749598e+01 4.766633001916153134e+00 -2.800850046473759747e+01 -1.339609412858420612e+01 -2.555540388806217678e+01 1.473014803323059230e+00 -2.804716995268895019e+01 3.158736023020906458e+01 1.110418516570112857e+01 8.583839319781656741e+03
-5.863020299505540578e+01 1.042092943983220543e+01 -4.150850077658849280e+00 -2.286806085352962370e+01 1.941449665706219818e+01 8.151514076958701338e+00 -2.546384140554474484e+01 -1.754764274195697471e+00 -2.524744814838730278e+01 -3.774634164352721477e+00 -2.670026144487197328e+01 1.989500652519743795e+01 1.482152392730765911e+01 7.161204834648087854e+03
-5.471245204300196718e+01 3.942862313720557843e+00 -1.038332863225817881e+01 -1.086300117296894641e+01 7.829099557491990602e+00 9.552677389220740167e+00 -2.214092261245727045e+01 -1.358355474241556848e+01 -3.435023431243984504e+01 -9.355549192719024632e+00 -2.434875516583893784e+01 1.930032181570098970e+01 8.180282163145355057e+00 6.361844953107989568e+03
-5.494644221989484123e+01 1.264859731803201992e+00 -1.327798679373275625e+01 -8.268118866542380374e+00 8.966157993372894097e+00 1.472710083631583267e+01 -2.007624864941755760e+01 -1.201773332320292731e+01 -3.652104624477912154e+01 -8.966389531414199254e+00 -2.675981974924330231e+01 2.243202961108206850e+01 1.043253636879397206e+01 6.852443948530210037e+03
-5.636140653788542210e+01 2.464679465181438989e+00 -1.340403345293576898e+01 -1.387673699222471591e+01 9.820971621545339758e+00 1.034597401564097474e+01 -2.661297320350861995e+01 -4.400862376877245907e+00 -3.232198589960855628e+01 -8.082890204410766444e-01 -2.041764555589553254e+01 1.346732822872827740e+01 3.979694778992441506e+00 6.145474582303560965e+03
-5.649109994808908652e+01 2.184958246894256106e+00 -1.389130503024243879e+01 -1.155576020354288858e+01 5.254777235394407775e+00 7.237275297955179099e+00 -2.605083396705683896e+01 1.281059847058576784e+00 -1.974225088095767688e+01 9.445686837689573068e+00 -9.539697209837710190e+00 9.491339742488520415e+00 6.925430014907894893e+00 4.990830670990097133e+03
-5.604563167442368155e+01 3.074395357142033269e+00 -1.279623974394689156e+01 -1.661823785618897276e+01 9.799387892720963222e+00 1.320614065159545802e+01 -2.037644500155018434e+01 -5.676318465284680315e+00 -2.673228193603121738e+01 1.300885879683535507e+01 -1.089488984265067550e+01 1.193078003633597461e+01 -5.864108827998730789e+00 5.487599787837878466e+03
-5.652609535811710373e+01 3.389055853017552522e+00 -1.389339408893485306e+01 -2.232649379341106055e+01 1.068925006768858488e+01 1.497343058942906069e+01 -2.179278314473969402e+01 -1.175659876378378321e+01 -2.861569292159240874e+01 1.206438080296895876e+01 -2.520635274717773910e+01 1.356233125135286066e+01 -1.159780115913385501e+01 6.768003787795079006e+03
-5.788701565145088068e+01 2.893107568854587974e+00 -1.318439005829130295e+01 -1.277859921423576495e+01 1.221934287704032407e+01 1.851835347934137488e+01 -1.705845307209006023e+01 -7.354440259290844217e+00 -3.016641935304530975e+01 1.013498331153456533e+01 -1.425515107303494666e+01 1.657376986633244087e+01 -4.375840775093295498e+00 6.043495665691246359e+03
-5.920069612288287431e+01 2.894757818896044999e+00 -1.045438757371596417e+01 -9.007094724113260398e+00 1.428431008879946340e+01 1.395462484925017499e+01 -2.440217924824256457e+01 -1.664144677007047335e+01 -3.451256486171461546e+01 6.304616971821809912e+00 -1.471030568660188109e+01 1.091902999677866859e+01 -5.823650699899198813e-01 6.541523978269341569e+03
-6.043090645271708894e+01 3.042550053606220217e+00 -1.108430078506426852e+01 -1.310671347048675273e+01 1.125695064553571889e+01 1.079601494017467722e+01 -2.461715337384209690e+01 -1.397119464387077237e+01 -3.318633594368863982e+01 1.151287690110491013e+01 -4.691875363691758949e+00 1.057659039502414444e+01 1.072421171647076399e+00 6.369177897738934917e+03
-5.400945531808746125e+01 1.239017906106261863e-01 -1.875481123810047990e+01 -1.976406237631592688e+01 1.275895445741623035e+01 9.858795926555172784e+00 -2.568513296908091803e+01 1.794306292621540067e+01 -3.453236910771880730e+01 3.617710037245426502e+00 5.348631252932592339e+00 4.918112579910675741e+00 -3.361508637340779426e+00 6.170731830436023301e+03
-4.999564751843286103e+01 5.899711839349473408e+00 -2.480211918550826677e+00 -9.408793341818009637e+00 2.424073998085137305e+01 2.047453115532003309e+01 -1.661740020055837874e+01 -2.004446281105493810e+01 -6.149195605101103013e+01 2.279737082341503740e+00 9.602590149519148355e+00 -7.570149155358222082e+00 -1.845263578896972589e+01 8.590261117061856567e+03
-4.402786109205383980e+01 2.921167354051059206e+00 -1.076976980227552083e+01 -1.292401364311160883e+01 1.490627379106991590e+01 1.520218160914764916e+01 -2.310100311264949369e+01 -1.075547939309287493e+01 -5.922525011595826783e+01 -4.972536145563548615e+00 -2.492210073764302702e+00 -2.066499227439083342e+01 -1.876009127732913484e+01 7.650194255593512025e+03
-4.263677206290945065e+01 6.342574361491113422e+00 -2.874367275845209235e+00 -9.507902578801767035e+00 1.815870679011451827e+01 1.541953773313890075e+01 -1.793982098427819594e+01 -1.732640674315614859e+01 -6.128358556439334848e+01 -5.947060214367326125e+00 3.605433088919205442e+00 -2.632318317662467422e+01 -2.273489182296248501e+01 8.160156915262504299e+03
-4.048907503697022747e+01 3.457826082612142304e+00 -7.719450792909304582e+00 -1.056684468298977819e+01 1.875344165127022933e+01 2.257387952309555601e+01 -1.548599239645482406e+01 -1.634171954547542072e+01 -6.538464880512353261e+01 -9.832245009055576190e+00 -6.970965336848098381e+00 -2.321586845453665759e+01 -2.067438200182564856e+01 8.577535572633176344e+03
-4.084162575416708307e+01 8.884597979141831914e+00 1.946970057319953984e+00 -1.109758213751764444e+01 2.298774957863545865e+01 2.305349742513178768e+01 -9.778780420958842257e+00 -1.651202845100222660e+01 -6.128646644562287094e+01 -1.379072742666706264e-01 5.881724663207498871e+00 -2.360528694839836206e+01 -1.726669012898034694e+01 7.948086334253104724e+03
-3.947233192668778656e+01 6.147247719317220138e+00 -4.338868543315849813e+00 -1.115813292889747821e+01 1.784881279860550052e+01 1.738734926579780193e+01 -1.446849989236784495e+01 -1.535244101513310255e+01 -5.626589579016795994e+01 -8.099621499734666941e+00 -7.117782039316542964e+00 -1.876276966840097415e+01 -1.973055677249427475e+01 6.828572434867789525e+03
-4.168873841181904538e+01 1.344918279073219836e+01 5.736761054196652942e+00 -1.351591168454341130e+01 2.782992890374897144e+01 1.929819159180311772e+01 -1.135427186058205784e+01 -1.551123342460815380e+01 -5.162752301099861540e+01 -2.457227383896019024e+00 -2.706625308237370131e+00 -1.485612917352913698e+01 -1.120550325385604395e+01 6.675897513922590406e+03
-4.277174840638202369e+01 9.933532883096095389e+00 2.789967333790725146e+00 -1.514630075302471646e+01 2.431273220487035758e+01 1.832456718592623091e+01 -1.318038893256540867e+01 -2.365588561994908545e+01 -5.962308250603685167e+01 -8.461877880736061286e+00 -8.330685541000411476e+00 -1.771542262909497367e+01 -1.498461809507599618e+01 8.059804812954092085e+03
-4.168861225294461548e+01 1.279371867996764500e+01 3.780815831524827697e+00 -1.403069075517873010e+01 1.885436169375542192e+01 1.135589281534710260e+01 -1.404887921758995617e+01 -2.536782226536270457e+01 -4.433822203593369693e+01 -4.676969871496921449e+00 -1.312395769053527772e+01 -8.907230017543348310e+00 -1.329486205710768054e+01 5.854197500580504311e+03
-4.444195527938975943e+01 1.085960905093165962e+01 2.325505870241791673e+00 -1.435236263471806240e+01 2.540044729346897157e+01 1.748270663854713547e+01 -1.085063280820403087e+01 -1.702981314507882260e+01 -4.672419742453925551e+01 -1.334180260478854585e+01 -2.608583863120926338e+01 -1.792919672868779202e+01 -6.845125751878227582e+00 7.072932451458873402e+03
-4.403581090668069464e+01 1.306538900531305281e+01 2.813375516332537352e+00 -1.228578140077044623e+01 1.467215922156057140e+01 5.960660620775347418e+00 -1.515472794479976493e+01 -9.157472284551127828e+00 -3.818219539939599372e+01 -1.376123735253350766e+01 -1.784437181448050325e+01 -2.130353358923238716e+01 -1.528104011912013949e+00 5.254888297177235472e+03
-4.608976092344143183e+01 1.169583858258125098e+01 2.211324221678773405e+00 -4.965495633481878279e+00 1.921346240784691162e+01 1.498318536852557337e+01 -8.487888796946451819e+00 -5.867829509305035884e+00 -3.960008999998385093e+01 -1.351123704049456542e+01 -9.604527046397018708e+00 -1.241297803338028061e+01 1.393950596790803687e+00 4.989726180773941451e+03
-4.740069118668097303e+01 7.970918743533607298e+00 -3.070817263065336977e+00 -1.187881625596237356e+01 1.112510144908373633e+01 1.129719306980088689e+01 -9.653948643537143326e+00 -1.587866217194471119e+01 -5.178485817151140935e+01 -2.140582209646572664e+01 -1.570259308335820947e+01 -1.750422765769936007e+01 -9.367732580451283653e+00 6.838226939790766664e+03
-4.693753242711559182e+01 1.046384792464383828e+01 -1.898187262441803913e+00 -1.767767944723248164e+01 1.133687848197920189e+01 4.234578119182851097e+00 -1.846688927556250803e+01 -1.143686283331502551e+01 -3.419602615085339892e+01 -1.524435701510164520e+01 -3.424483495240958320e+01 -7.777015001697569652e+00 3.084026338659419331e+00 5.891472352831251555e+03
-4.818706885544925456e+01 7.972242447362311246e+00 -4.047024772023834593e+00 -1.902120964153339600e+01 1.379299975198201267e+01 5.877247853465500604e+00 -2.241115009709971773e+01 -1.188656641855796003e+01 -4.457765105983245491e+01 -2.421353862598675022e+01 -4.396740316947413163e+01 -1.266352128510267150e+01 4.700540519765262992e+00 8.321128895426254530e+03
-4.801147757443846587e+01 1.176754405382946445e+01 -6.438180792092389471e-01 -1.545529002853939993e+01 1.740611522607458284e+01 7.105301690691477212e+00 -2.008825730759900452e+01 -7.969807676662055140e-01 -2.653187995394923959e+01 -8.571623076481420966e+00 -3.264712082683153938e+01 -1.228445483472016164e+01 8.391023540177663387e-01 5.435348780589052694e+03
-4.924900072271149298e+01 1.091409066223783597e+01 -9.875469361777579058e-01 -1.905618351892962181e+01 1.269588747025867015e+01 3.535197152903278184e+00 -1.981336737805075998e+01 -2.518471559828815209e+00 -2.982291823065499159e+01 -1.335767546435163133e+01 -4.023793150493530391e+01 -1.185930284243416644e+01 6.667806766350587999e+00 6.353318018231201677e+03
-5.147449863910193812e+01 6.477097672286372010e+00 -5.672195244285254567e+00 -1.731569330689194075e+01 1.304240173276626891e+01 1.082703670341904001e+01 -1.565959760509812426e+01 -7.867775333625103507e+00 -3.392200850452371697e+01 -2.075622260308866274e+01 -5.872228734580982490e+01 -2.356731911806395630e+01 -4.178550369072058679e+00 9.220746973034261828e+03
-4.932109376856810457e+01 1.047090961543623422e+01 -3.657466033496907798e+00 -1.867479179755722996e+01 1.181447352296483366e+01 7.404919750022557423e+00 -1.048451768704575215e+01 7.025753898315828749e+00 -1.575239265518926679e+01 -5.324909374654857253e+00 -2.824580529387812433e+01 -2.607723904010626814e+00 5.285187351182056403e+00 4.367087575477466999e+03
-5.003320112076193027e+01 9.028502297322649639e+00 -4.122880404211649363e+00 -1.724623881126774094e+01 9.898041929189213661e+00 5.635144063750090915e+00 -1.223983040713778259e+01 -3.911553028485323047e+00 -3.199027270841098414e+01 -2.636312249882676895e+01 -4.376423300773473102e+01 -1.894919665079421733e+01 -5.164308257364571553e+00 7.213547742316939548e+03
-4.978388789994869512e+01 1.052189258641988800e+01 -9.188646260862837201e-01 -1.457600683520586493e+01 1.290631683505572092e+01 5.539932364217840188e+00 -1.149095531232644873e+01 2.593173663617343028e+00 -2.615917274021728645e+01 -2.597160381544539831e+01 -4.373768542596338449e+01 -1.803129896872638227e+01 3.143371528782978874e-01 6.735518673947158277e+03
-5.098872595276143471e+01 1.243248570038825562e+01 1.966207949066277605e+00 -1.094294263619441487e+01 1.807539496410753443e+01 5.759141754784637079e+00 -1.690304134364498267e+01 9.234548918276269447e+00 -1.682180006941347017e+01 -1.322933634254735225e+01 -3.903857660033791177e+01 -7.505654195268183670e+00 1.169343098399875558e+01 5.783978093159879791e+03
-5.235198812201281271e+01 1.153991605042741320e+01 1.649700538387603999e+00 -1.689433889602507932e+01 1.942435880964222150e+01 2.226435025617845120e+00 -2.254260568129867792e+01 1.145736948465679106e+01 -1.955726785036227611e+01 -1.787922552051137970e+01 -4.976183057776685814e+01 -6.654891038337870768e+00 1.249773527309519672e+01 7.562617811000882284e+03
-5.377482662824962745e+01 1.111007194795297615e+01 1.784507459471918189e-01 -1.724645724459245244e+01 2.236443783285726994e+01 8.708690467743492647e+00 -2.197562023553326682e+01 1.928260416757505979e-01 -2.324028027209095981e+01 -1.534039190301792210e+01 -5.820743962794908555e+01 -8.480820843421845723e+00 6.897801358390801774e+00 8.654660510269604856e+03
-5.339049429334941266e+01 1.120290125109434065e+01 -7.403074790037660335e-01 -2.186741590534827751e+01 1.576130994689086684e+01 -3.010876375767508883e-01 -2.249521471208203849e+01 1.524753160324507029e+01 -1.455023603739428317e+01 -8.505255318944442422e+00 -4.362428944212703641e+01 -1.039805188851651963e+01 1.235012270453147565e+01 6.889585640821048401e+03
-5.306717613771395037e+01 9.697291237689910304e+00 -1.634053035372176943e+00 -2.476321870236018441e+01 1.399202175561137018e+01 -5.069047157163548256e+00 -2.777450918390299961e+01 1.200343775338103569e+01 -1.840720376905184352e+01 -1.334899934321214410e+01 -5.162791027355955009e+01 -1.563737603501034634e+01 8.147505261326267956e+00 8.156398985118965356e+03
-5.125840266289313263e+01 7.818404680722233380e+00 -3.437229847907610658e+00 -1.689129570523773438e+01 1.356405524267037066e+01 4.965190555522196902e+00 -1.619633491894865429e+01 1.385269053611980183e+01 -1.354833977279148272e+01 -1.327844857533854928e+01 -5.358401615072757807e+01 -2.561146371538504773e+00 7.528569965364389383e+00 6.942897057175257942e+03
-5.521875144775152222e+01 6.630489046127805430e+00 -6.873499916973043078e+00 -2.025226980089258788e+01 1.516651024807325499e+01 3.075608720302218213e+00 -2.920973061221759437e+01 9.127834784252847555e+00 -2.755048180881216879e+01 -1.330893051265616300e+01 -4.268786458218140467e+01 1.315143215142959221e+01 1.399705668567813710e+01 7.853769687399205395e+03
-5.818441713847466445e+01 8.067328891324439866e+00 -7.654033257791531319e+00 -2.566282001832745152e+01 1.626673265040972538e+01 5.379842300702787128e+00 -2.353128419861838339e+01 9.255739360867812238e+00 -2.964268240045386094e+01 -1.336638997715399668e+01 -3.354330018178384165e+01 1.454995725986793076e+01 1.396160759022463793e+01 7.689741821810273905e+03
