-8.508122667682630436e+01 7.340799301018564371e+00 -6.464068360304291438e+00 -8.494369289351904939e+00 2.596879575242092120e+00 5.927320637158401517e+00 -1.103892742697248330e+01 -1.769190818944576193e+00 -4.976452045778178679e+00 1.611248140860880440e+01 -3.701344230102158850e+00 9.386153517894708642e+00 -4.714926424006625538e+00 7.981913315219391734e+03
-8.470312436376745779e+01 7.811441731566554303e+00 -5.516625348267017337e+00 -1.087841518284252906e+01 2.562291217860420911e+00 4.127108133597463535e+00 -1.466872395583328448e+01 -6.655587680402993200e+00 -1.225715554416864883e+01 6.818093504003598149e+00 -9.789426023475972016e+00 1.338949890820612509e+01 -7.282219026876670220e+00 8.192344156629103963e+03
-8.424569478543369883e+01 6.691892011523889572e+00 -5.438637468199792657e+00 -6.381829348817442238e+00 2.266089444677817255e+00 5.493892458728849348e+00 -1.903278489032225096e+01 -9.245795843454736485e+00 -1.582134877726599065e+01 1.415082351333553312e+00 -1.218556102880803671e+01 1.922289540858415435e+01 2.042607029845792121e-01 8.465841552205671178e+03
-8.558951241504385621e+01 6.458386072673768297e+00 -4.823080026457596148e+00 -4.400233629648031553e+00 2.439529155978517494e+00 2.281044601838837504e+00 -2.096582079971870627e+01 -7.072809938175826261e+00 -1.615979380238902152e+01 -3.521515904797082985e+00 -6.724002435361733809e+00 2.745823172382808863e+01 1.065078819552279477e+01 9.096790289591222972e+03
-8.646214030173915432e+01 8.497394625243973820e+00 -3.370781863215862373e+00 -4.128654774439917574e+00 1.115431302029750604e+01 9.791120735175589118e+00 -1.202777091480048099e+01 1.080989407608163644e+00 -2.335071426584146081e+01 -5.534376041879133012e+00 -2.638944678603836191e+00 2.546680359680717842e+01 5.585900073073151617e+00 9.205045506053826102e+03
-8.499734077999028159e+01 9.088163422565211036e+00 -3.228217914424292623e+00 -6.134677439624224959e+00 3.243781775008271584e+00 3.654721266718029771e+00 -1.260546203604048543e+01 -6.297802272054657813e+00 -1.945680702239159743e+01 -3.342823554538635999e+00 -5.128278336489326072e+00 1.440773843718728564e+01 -3.751277348025960023e+00 8.215333462733617125e+03
-8.030929464173389931e+01 5.886063912023107303e-01 -1.086800125931501526e+01 1.731080292685771127e+01 -1.741359391616169372e+00 8.268047333378993002e+00 -2.082322813086085844e+01 -1.432965205511786300e+00 -1.890291087244946766e+01 5.676469805145024417e+00 1.330655056084801391e+00 -1.019207446780574955e+01 -9.293473012029794589e+00 7.956319785350819984e+03
-6.765800150428499649e+01 -3.929168147783475451e+00 -1.920267449532910220e+01 9.528483305239120682e+00 6.420977160321668542e+00 1.168800753110057578e+01 -3.256795278704390029e+01 1.818097795906929903e+01 -2.760733280098493125e+01 7.362984010031721205e+00 6.418223098790583947e+00 -1.012906838305978141e+01 1.528093320207708494e+00 7.584141248953026661e+03
-5.667279490119719298e+01 -1.529273567396496070e+01 -2.964689179810750019e+01 2.315707367380595727e+01 -1.241529229910555721e+01 8.201657738225991423e+00 -3.063026937615558154e+01 2.692235602552101525e+01 -1.127409596010851800e+01 1.225954117165551160e+01 5.041289406669672957e+00 -2.831881029860478094e+01 -5.520162316059583851e+00 7.880538426340748629e+03
-5.352967874124495040e+01 -1.895786110786011136e+01 -3.358784234541135305e+01 2.828452930002875476e+01 -4.624170193261398332e+00 1.335972833610153998e+01 -4.666624845792032517e+01 2.524474586409056798e+01 -2.717369394858047826e+01 1.371316008927571417e+01 5.328472368713713436e+00 -2.167954392214159398e+01 -5.038319614490904819e+00 9.618126294578949455e+03
-4.585632478516073718e+01 -1.372686333720335661e+01 -2.864213894063382426e+01 2.136409368950462451e+01 -2.444442541109399070e+00 1.420832522887083016e+01 -3.611159481410697225e+01 2.281382129938171133e+01 -2.036854322085179092e+01 9.494999759296760544e+00 -7.344463667243565475e+00 -2.228471749744011987e+01 -7.525223191446682058e+00 6.712606787543435530e+03
-4.415661168018635863e+01 -1.084144754953987366e+01 -2.355475662597426023e+01 3.124918614853396548e+01 6.981240239983722340e+00 2.493798442560236595e+01 -2.946588339964498005e+01 2.126955572028178310e+01 -2.238922841405832287e+01 4.623283608758536722e+00 -1.790543818012365307e+01 -2.659577834853950407e+01 -1.618238437712604849e+01 7.402416609078217334e+03
-4.288270577311315179e+01 -1.003562271671431816e+01 -2.266508920745437194e+01 3.142000611076465688e+01 -2.319375596009428442e+00 2.164883055441994486e+01 -2.030878440389811956e+01 1.947819671461062541e+01 -1.937354330324238205e+01 8.287588584391401003e-01 -1.157931338621672168e+01 -2.293304152783008121e+01 -1.230266565413595892e+01 5.893842965043315417e+03
-4.162264170326836421e+01 -5.551653362136292458e+00 -1.482094040463492668e+01 3.667237742909197351e+01 -1.737874433953207509e+00 1.040442684743468860e+01 -3.051429325542843429e+01 1.217612716199920087e+01 -1.811870459134365063e+01 -7.108065855219890317e+00 -1.738854946958738168e+01 -3.309914043493738234e+01 -9.776141677166782173e+00 6.390740921857309331e+03
-3.705237969078781646e+01 -9.742778735483202723e+00 -1.867326887533550206e+01 4.450365491392944506e+01 -5.204915791213112541e+00 1.951215864289549629e+01 -2.208759491462812363e+01 8.191919003492149187e+00 -2.349302726225645799e+01 -3.057469112531255639e+00 -3.355990729226952518e-01 -1.998779754374598738e+01 -1.161623813192193033e+01 5.855683831843452026e+03
-3.667995230934366191e+01 -8.144153208921062870e+00 -1.472622650253519616e+01 4.808163894312333042e+01 -5.291576264562197984e+00 1.633127959719593747e+01 -2.223029120009125137e+01 1.534510468136111916e+00 -2.516509302104997303e+01 -8.846114374004015346e+00 -1.181379477660365662e+00 -2.740102305597073240e+01 -1.509985696307757941e+01 6.423456973795627164e+03
-3.642982672102404962e+01 -1.113855065359946650e+01 -1.741920811160217397e+01 4.913652721842490934e+01 -3.389324443737999015e+00 2.105468806767607148e+01 -2.007209790111992120e+01 -3.200204317918977193e+00 -3.484269781607496697e+01 -1.859509645139139167e+01 -7.978302756973786991e+00 -3.028229918703492274e+01 -1.389741858229653637e+01 7.770544940875044631e+03
-3.722051092435284403e+01 -5.617598660288770418e+00 -1.056781637879353042e+01 4.616403584913661007e+01 -1.173985879888915784e+00 1.693316282088711233e+01 -1.976134353376599151e+01 -1.262683417600618807e-01 -2.277464925548071406e+01 -1.019671977386481032e+01 -5.560527240422031170e+00 -2.658228447451650922e+01 -6.498336096400193718e+00 5.740781110946980334e+03
-3.574378235661668413e+01 -1.032703296557847494e+01 -1.651161696333980444e+01 4.801156136381749917e+01 8.732121848684936127e-01 2.183878155974884194e+01 -2.511042195328399984e+01 2.584578248798941935e+00 -2.727769146306283687e+01 -9.496390379330941656e+00 -1.352551300952332447e+01 -2.872516456402556173e+01 -6.577109729621705370e+00 6.962504156882671850e+03
-3.568193070122988786e+01 -8.862515978323411758e+00 -1.327689855885641990e+01 4.821812806062726509e+01 2.554319533313482715e+00 1.875827533320365248e+01 -2.947949092172261487e+01 2.217446881198960718e+00 -2.550971536312558996e+01 -7.278300885830122802e+00 -1.766859244982621391e+01 -2.328154009226645726e+01 -1.020536053922510344e+00 6.644333178231614511e+03
-3.509888711620558865e+01 -1.195893708066054550e+01 -1.796132924417737442e+01 4.856564236431901094e+01 -3.192412768248451688e-02 1.883983811384684159e+01 -3.294154085535407006e+01 2.396931544959299831e+00 -2.704816019958467521e+01 -5.925917806218638617e+00 -1.942451366973383742e+01 -2.612327446533228681e+01 -7.377127805657679893e+00 7.382888620220307530e+03
-3.583285396948140544e+01 -9.101998559400303890e+00 -1.190718110395033591e+01 5.410053773247121001e+01 4.579051940137357057e+00 1.792456634431000495e+01 -3.570511343553895500e+01 3.377586472944808627e+00 -1.850753408297532943e+01 -9.307992815971873890e-01 -2.327852323490326469e+01 -2.741281083161722876e+01 -2.378567565429233199e-01 7.700813579946998289e+03
-3.635664023803177969e+01 -1.115511040879160198e+01 -1.568387395152798014e+01 5.080843986744113039e+01 2.605584636048028369e+00 1.574392124721106256e+01 -3.826460567872371854e+01 4.185028849166702258e+00 -2.305992154448211551e+01 -7.853816723801636535e+00 -2.919502191556858506e+01 -2.794341670109326969e+01 -5.539274873925007725e+00 8.267387709750470094e+03
-3.745584313875082927e+01 -3.271895840617434104e+00 -7.968820278714257910e+00 4.193869113439656360e+01 3.735039382687783682e+00 1.164215718189464965e+01 -3.365484538796010838e+01 -4.894528643164802517e+00 -1.072372804075108199e+01 4.721440208154741858e-01 -2.824383404748359538e+01 -1.428410142583846465e+01 -2.385390870524025431e+00 5.664757838010743399e+03
-3.920616824737034278e+01 -6.359961552284672415e+00 -1.086542905417192806e+01 4.479379205981416590e+01 8.056929075089016123e+00 2.102585752211821912e+01 -2.600899108619525890e+01 -2.084202156423431873e+00 -1.590133686980960803e+01 -4.323511633047470326e+00 -3.189618329332907720e+01 -2.394634570254721950e+01 -6.918788138011931821e+00 6.800135279403323693e+03
-3.868875708689624560e+01 -2.249168659745851340e+00 -6.959923351113442180e+00 4.204054753675954714e+01 6.486584851183856415e-01 9.622276755118805980e+00 -2.746075472975687859e+01 -1.224277835724041141e+00 -1.362697314632704071e+01 -6.032755429005070447e+00 -1.963331661206767720e+01 -2.320030462560645645e+01 -1.460006602350577332e+00 5.314269139548531712e+03
-3.794521469220733678e+01 -4.956790765391513531e+00 -1.076215792131569593e+01 3.904889444993231962e+01 -2.496353351163335343e+00 1.154209373417078588e+01 -2.823228426032958538e+01 -2.137532559774150798e+00 -1.970315144035412303e+01 -6.301059785579194994e+00 -2.318729624243899679e+01 -2.962088134786753812e+01 -6.606233963179245272e+00 5.932739098575576463e+03
-3.844431029797791410e+01 -2.994189201613278506e+00 -7.800433474287274294e+00 4.173558636409708100e+01 4.022462763390906915e+00 1.383298477450716923e+01 -3.000225002837826338e+01 -1.205629477500675673e-01 -1.530316285231269724e+01 8.738637119045422619e-01 -1.616591163033050194e+01 -2.836574107407729173e+01 -7.431112272077322167e+00 5.753441137641219029e+03
-4.033970637171866258e+01 -5.717620775242191478e+00 -1.021504267483786066e+01 4.724375823188598389e+01 6.942050298878742254e+00 1.758336402724576431e+01 -3.240536020819828167e+01 -1.015430989812748486e+00 -1.349092640510148122e+01 -9.381745827378135116e-01 -2.605579083865765710e+01 -2.404837509423699871e+01 -7.084957164628373327e+00 6.895118575133742524e+03
-4.057272198002139874e+01 -9.463578821213186609e-02 -3.733004235419413952e+00 3.982366095878624179e+01 8.110902646441439656e-02 6.040753748692162972e+00 -2.780989665907671693e+01 3.733690332515817167e-01 -4.826528931707382064e+00 -5.574270453660371771e+00 -2.989191961009582243e+01 -2.313096984486797325e+01 -1.289848381807598310e+00 5.540641264140401290e+03
-4.015989105062603670e+01 -3.008144573960964685e+00 -8.429696986632070121e+00 4.012067517341281331e+01 7.477252255779502921e-01 1.500822403554209394e+01 -2.274221452385473086e+01 -1.402500681225306600e+01 -1.774990796181095121e+01 -5.476660899300498819e+00 -2.141811808520610327e+01 -2.686595712310625927e+01 -1.410123964315221023e+01 5.966722611064414195e+03
-3.866789150002063735e+01 -8.171929228217763574e-01 -6.318010362982914074e+00 3.751304083811408674e+01 2.313354821144839590e+00 1.523774530309502850e+01 -2.146676262130771562e+01 -7.985588031316881441e+00 -1.153799531963573166e+01 4.208850005002054973e-01 -2.329101367662893907e+01 -2.658088543837698126e+01 -9.569155952563660250e+00 5.179037145892351873e+03
-3.708388072280811087e+01 -8.589437236299678702e+00 -1.238400660205541826e+01 5.295868485117497215e+01 4.667712237985176316e+00 1.745494070979108869e+01 -3.301427552295260881e+01 9.820828574010018741e-01 -1.568403282684421285e+01 -7.062592565927666044e+00 -2.935468224017377992e+01 -2.284478635775951716e+01 3.139819369796365001e-02 7.503799648414439616e+03
-3.580296928258278655e+01 -5.535853543863028747e+00 -9.355156215882772130e+00 4.847701988238735993e+01 2.002954956086775429e+00 1.175379095079190606e+01 -3.304494038232243014e+01 1.489313194444850774e+00 -1.047944169299038109e+01 -5.436449085382577096e+00 -2.967570776788895515e+01 -2.307391374496558001e+01 -1.996886166854010769e+00 6.542802615596408941e+03
-3.538978890762291485e+01 -9.272121814634994408e+00 -1.281079438545521398e+01 5.587653584664827378e+01 6.516103196280766063e+00 1.777557789798153109e+01 -3.654863892516511470e+01 -4.070699188772080923e+00 -1.910283930033193300e+01 -4.397366418927409093e+00 -2.000759068268391161e+01 -2.475386023524263734e+01 -5.941928593915977608e+00 7.768136580162633436e+03
-3.453560195300111957e+01 -4.202252016736096607e+00 -8.700397764102454801e+00 4.581399234630198691e+01 3.395316580597331768e+00 1.507475583256934470e+01 -2.761457621436620258e+01 -1.900389601545835250e+00 -1.074197955731543708e+01 -2.192330158922166206e+00 -2.796456679803648271e+01 -2.498576528931732810e+01 -4.084810942250075350e+00 5.933125858523806528e+03
-3.502009053913887726e+01 -8.770116307435573688e+00 -1.147196867975426571e+01 5.646230173808808672e+01 6.518329486395314731e+00 1.572810651318258657e+01 -3.710135990081627710e+01 6.447750796005879970e-02 -1.681371118537474629e+01 -9.963911237863902315e+00 -2.762496511360296125e+01 -2.549473442601800599e+01 -7.135541552163531254e-01 8.084906033484379805e+03
-3.453734008499167629e+01 -4.591584437941432562e+00 -9.037049061743697820e+00 4.726063102946457661e+01 3.815187596865683872e+00 1.142665413848009415e+01 -3.471919882118229594e+01 3.681600057692834826e-01 -1.248815110919346338e+01 -6.619834604632012010e+00 -2.737182667562540672e+01 -2.381722324040822514e+01 -1.429595190729675336e+00 6.398125287791037408e+03
-3.281165704226277313e+01 -5.909678025701627924e+00 -1.275981087723303453e+01 4.206752473750179888e+01 -2.340330975609917097e+00 1.064692831495780290e+01 -3.165432548759947196e+01 -2.754607002322641551e-01 -1.386516574246487821e+01 -9.886551028128822693e+00 -2.945814630841826443e+01 -2.073080980301867982e+01 -5.464709789319800670e+00 5.782323600077540505e+03
-3.381295218337193376e+01 -4.026172262254344325e+00 -9.513436491586627852e+00 4.332062928413729708e+01 7.065986491332412189e-01 1.068619524687708555e+01 -3.102233642968478122e+01 5.696532938174331262e-01 -1.061564050879201737e+01 -7.685975643293756931e+00 -2.754085171796168652e+01 -2.272767789298940500e+01 -3.738384580328045992e+00 5.664899526860366677e+03
-3.332706549841209664e+01 -7.772164002642761638e+00 -1.261320788592199804e+01 4.868934721229766893e+01 -4.728049083086794724e+00 1.015291036656359580e+01 -3.315807826878075559e+01 -5.381418115129301682e+00 -1.413483596723245839e+01 -9.461978956337318891e+00 -3.006648534402043182e+01 -2.483603289751089704e+01 -5.255825441034267520e+00 6.792467631290373902e+03
-3.371012123748864298e+01 -5.269277450809087604e+00 -9.546937962917649401e+00 4.857092939810545573e+01 -2.458375034106814461e+00 1.007942916326557636e+01 -3.072860962914715088e+01 8.305188415277011682e-01 -1.033859468465431064e+01 -7.625898964145737757e+00 -2.281028597479686937e+01 -2.289343017013823456e+01 -3.119411512058596347e+00 5.886182371569083443e+03
-3.287896657161974900e+01 -5.925196219837105538e+00 -1.209981451864694257e+01 4.013452010138096426e+01 -5.683869242621442552e+00 1.230368727412003693e+01 -2.747738483163622547e+01 -1.187196146779390205e+01 -1.353176189432340593e+01 -5.810136907405098583e+00 -3.597423682682740065e+01 -1.860261183402848673e+01 -5.302695765482322798e+00 5.838144580149167268e+03
-3.546898382291109186e+01 -5.280229315937660317e+00 -7.934720102497691663e+00 5.121971739993321648e+01 -1.864914088799593417e+00 1.326736978266691125e+01 -2.521412023863459240e+01 -2.487027943069214653e-01 -6.884933681741873812e+00 -7.705366503331272376e+00 -3.191732094420324728e+01 -2.234952890255616964e+01 1.904960778588438375e+00 6.416284265431736458e+03
-3.646405675911074695e+01 -6.837986528072284464e+00 -1.123112072915712112e+01 4.875317317327621680e+01 -6.016231164400654308e+00 7.731415239843432374e+00 -3.076884333897759660e+01 -6.761243427079373092e+00 -1.601448252359205782e+01 -1.504711417902897352e+01 -2.715591563448328571e+01 -2.077272866605251522e+01 -8.111710731472186353e+00 6.685430571306134880e+03
-3.871861369138036224e+01 -5.323181581598114498e+00 -7.617768150025224116e+00 5.945139568517821260e+01 -5.808415917310434828e+00 1.041190686441694346e+01 -2.120598196017541426e+01 4.007678884507135386e+00 -8.187081131545518531e+00 -1.925834189077028924e+01 -1.505786116107493555e+01 -2.057587765494523779e+01 1.412089074281506207e+00 6.817878759202041692e+03
-3.955819343569289259e+01 -5.730953814769615740e+00 -9.572669707497592384e+00 4.485630187513871192e+01 -6.501053889902133953e+00 7.608897397539800878e+00 -3.396251540632414390e+01 -8.263366950970338465e+00 -7.817172711581447331e+00 -9.768993673171964431e+00 -4.272238568457233043e+01 -1.668483415114004842e+01 -1.711868375037494672e-01 7.283469690896928114e+03
-4.140506945616711931e+01 -6.184551800733629534e+00 -7.468387329398996854e+00 5.437531236609127916e+01 5.589805891503761615e+00 2.114621158616561658e+01 -2.809028119122793044e+01 7.177671212434667547e-01 -1.843280651801587622e+00 -1.397826700948524348e+00 -3.832401192229783504e+01 -7.297861728162375883e+00 5.936428453873281441e+00 7.595648604711024745e+03
-4.367328810433420472e+01 -7.752667014765775910e+00 -1.106966912758689681e+01 4.960179192661951930e+01 9.423268870617516058e+00 1.664954582808962158e+01 -4.211938502359356562e+01 -2.852483198543961596e+00 -1.441296714633868703e+01 -6.146156040526821407e+00 -4.109964676817669726e+01 -1.400021035006722947e+01 -4.189413652323085158e-01 8.829391126483697008e+03
-4.262982627811795311e+01 -3.938045996105967284e+00 -1.216213961891095430e+01 3.691124766745679864e+01 9.648076629140222238e+00 2.282829665767565785e+01 -2.722675524678713188e+01 1.426716402078237422e+01 -9.332692348768510726e+00 3.268546398954788490e+00 -2.782611809875991327e+01 -9.436953535538371796e+00 3.583724196903163683e+00 5.876207382281542777e+03
-4.464521642091346365e+01 -7.291065534972835493e+00 -1.546086012737270643e+01 4.111981328665674340e+01 8.375462236607690514e+00 1.875067442271237894e+01 -3.938042630932305599e+01 9.092817804221260403e+00 -1.517122224580760559e+01 -8.570405844651719507e-01 -3.445591607995287831e+01 -1.529404672987977598e+01 -6.371734021293943506e+00 7.724083213139077998e+03
-4.546918628145170516e+01 -4.718566033611128141e+00 -1.296723580836689926e+01 4.105105314667110861e+01 6.457326824667270593e+00 1.490556037853311722e+01 -3.412030776159539158e+01 1.687018364364567802e+01 -1.189002151514475791e+01 -5.781875718558847410e+00 -2.212188768966370844e+01 -1.079711197438932935e+01 -1.681562769885391884e+00 6.439307127052619762e+03
-4.604612289083107868e+01 -7.173080092634683602e+00 -1.265150582252938172e+01 5.194343963426630495e+01 3.437045188706920218e+00 1.277122792968158294e+01 -3.734656124500939711e+01 1.354755280607029455e+01 -1.252987081544141290e+01 -9.229364296208032670e+00 -2.072990205394846086e+01 -1.317829826934474369e+01 -3.352410892531848541e-01 7.628786997224429797e+03
-4.588434858628139779e+01 -8.503994782931226126e+00 -1.144633021132913520e+01 5.427735924970818360e+01 7.308232883953055037e+00 1.861302283367631816e+01 -3.190216090039442420e+01 6.911940942080748940e+00 -1.453955004737924384e+01 -1.185808479585456077e+01 -3.206540774792107840e+01 -1.994382199336362760e+01 -2.597481205360413270e+00 8.504825268440225045e+03
-4.442662583912382246e+01 -7.433106252542776460e+00 -1.339639810761357630e+01 4.772757557652928284e+01 3.796256292125022025e+00 1.944925565085930330e+01 -2.768373464512399806e+01 9.602059048607037850e-01 -1.290156586160908603e+01 -6.715794629480178912e+00 -3.004550457534149288e+01 -1.548301603317336728e+01 -9.077318658146610986e+00 7.082763515050130991e+03
-4.400653702082261987e+01 -5.337623254713614429e+00 -1.171926573834392293e+01 4.731063960689363057e+01 1.077045214562830200e+00 1.561753842975573470e+01 -2.941636497251786153e+01 -1.722416928288333038e+00 -7.187689439363292188e+00 3.048735715332824281e+00 -2.169964547881673056e+01 -1.569661580236218335e+01 -1.175102263375111278e+01 6.370362676734834167e+03
-4.258188531553660994e+01 -8.026788315848376598e+00 -1.559787505177056488e+01 4.555635071144295978e+01 -2.751522756512557510e+00 2.132920053121465997e+01 -2.071351763758311648e+01 -5.798003418289933819e+00 -1.290956176580789005e+01 -2.749265617434951903e+00 -2.703217955054523358e+01 -1.411963208906029621e+01 -1.385528288952361642e+01 6.417780265261413660e+03
-4.037528945687799364e+01 -4.036585192836320779e+00 -9.966537284100965621e+00 4.473514885588830481e+01 -3.474736327513022527e+00 1.363224025532860928e+01 -2.825374637431655955e+01 -8.987919327020064131e+00 -3.385615973362967601e+00 -7.700705835740678795e-01 -3.116853511033912838e+01 -1.302724420385636961e+01 -8.146175937310395909e+00 6.043594331373278692e+03
-3.884682999967248662e+01 -6.742519535693658916e+00 -1.266627085121687557e+01 4.419041674707361267e+01 8.755520862230333989e+00 2.504190010229298125e+01 -2.765252964310472805e+01 -4.625388887369084934e+00 -1.057217509850958770e+01 -2.405647679790059001e+00 -3.929198407559386652e+01 -1.550290170035676063e+01 -8.732584392783646621e+00 7.135593675571009953e+03
-3.499869104638127482e+01 -5.511862569511256638e+00 -9.046927685104382277e+00 4.522043902548570316e+01 1.057420541141674342e+01 8.951761472773217321e+00 -5.146610213344007434e+01 8.389454764372473505e+00 -4.915672805820788582e+00 5.096370491736174069e-01 -4.499166002219099880e+01 -9.813149283128190348e+00 4.954410215044917187e+00 8.462631603783902392e+03
-3.458580183115241624e+01 -6.932641422213163374e+00 -9.198430747172805511e+00 4.643176114968591861e+01 1.053126562746433592e+01 1.082179791333282104e+01 -4.590672750215482267e+01 8.039205367745108077e+00 -6.420173904066899695e+00 -6.858236757114057447e+00 -5.433251386043998821e+01 -1.732375050279663498e+01 1.335045616061445006e+00 9.227004880809961833e+03
-2.875550148068910872e+01 -3.939358395741783703e+00 -1.173114660455161662e+01 3.156623478413434469e+01 7.815589040086703854e+00 1.195938253090175074e+01 -4.578394516117023016e+01 -1.338947626364934029e+00 -9.071909711895580486e+00 -1.467532935425349128e-01 -4.509161393445668153e+01 -6.195949209801224988e+00 -4.468175689297986253e+00 6.452446177076652020e+03
-3.084506924618143842e+01 -6.944311937423936598e+00 -1.125249696863144777e+01 4.222584475280367400e+01 1.329884131162225991e+01 1.224938795723278062e+01 -5.252750981571750799e+01 -8.342470362039117182e-01 -1.124620187078283529e+01 -4.667086368005158192e+00 -5.082175801603342080e+01 -1.642545638016315834e+01 -4.353481835963306068e+00 9.015882620236920047e+03
-3.085322041484812061e+01 -1.437339042215627805e+00 -7.938156078706557928e+00 3.385130492249023604e+01 1.889590846818824588e+01 1.481305294581239629e+01 -4.518980583460392353e+01 1.032406532725093085e+00 -1.305644037542806046e+01 1.269976954575300132e+00 -3.822526683659000213e+01 -1.222157493484895951e+01 -2.311505290857866601e+00 6.570543081474961582e+03
-3.367148334784977237e+01 -4.381054153066689771e+00 -8.566086844887776053e+00 4.251117646574594744e+01 2.436953157307657492e+01 1.670613515888398481e+01 -5.254772730693948546e+01 -3.589003319540400305e+00 -2.189803059925806039e+01 -2.572998474154410076e+00 -3.253712761390717390e+01 -1.265210701971297702e+01 2.168068533340203885e+00 8.390239077504053057e+03
-3.010267848650616784e+01 -2.363373884617369747e+00 -1.070345348074678071e+01 2.920736770775343771e+01 1.789568598462003735e+01 1.571359657124855147e+01 -5.025897645120272017e+01 2.530127521716200256e+00 -1.263658349855038132e+01 4.102857785242622901e-01 -4.274081050567533424e+01 -3.457575631619200784e+00 -1.623111988824185170e+00 6.980147767668229790e+03
-3.160867023190914438e+01 -5.654148143096842993e+00 -1.226594744746951271e+01 3.589548785148529930e+01 2.055775848090945246e+01 1.692037660941307919e+01 -5.674223644225065044e+01 -5.224494416276543873e+00 -2.057240538352084869e+01 -3.610725026013614336e+00 -4.320834310914433019e+01 -3.848708206274380483e+00 5.100803292575714076e-01 8.744209106185917335e+03
-3.115257518975826656e+01 -4.086281252984017343e+00 -1.123597293544888487e+01 3.297286058762928462e+01 2.533260854677699569e+01 2.355788952049599771e+01 -5.032393368038727743e+01 -1.001479925331316245e+01 -1.849815178609073740e+01 9.114212685746196030e+00 -3.689199810161061777e+01 -2.724343532423907810e+00 -7.523414841293059929e+00 7.880440813034078928e+03
-3.168413673640856132e+01 -3.647584077744577158e+00 -1.276899097829935847e+01 2.488486602361834343e+01 2.217468493710125088e+01 1.784295451731634330e+01 -5.401739754960476603e+01 -9.116936886626733738e+00 -2.360227690380019183e+01 4.717524113971886202e+00 -3.796820434786175724e+01 -7.017999617627130426e+00 -8.510492655680993224e+00 7.753166386232451259e+03
-3.150373186742265830e+01 -1.802145772267426116e+00 -1.152828198087268419e+01 2.136179633118725008e+01 1.465929272721673193e+01 1.313326252380399239e+01 -4.754790649149586557e+01 -8.563959101056186185e+00 -1.592908464701093862e+01 3.322142394960373668e+00 -3.978389398618079298e+01 -3.899428118052529868e+00 -8.655728540184956188e+00 6.244140498571519856e+03
-3.347675953378846714e+01 -4.322734337823663786e-01 -1.002584787723713511e+01 2.116378734365151004e+01 1.139566995871607524e+01 7.372521482378124880e+00 -4.886198462599756454e+01 -6.242312162617372095e+00 -1.415056496472099568e+01 -2.544743391482749306e+00 -4.312670777712668269e+01 -7.482136886273736742e+00 -7.711029894291882236e+00 6.462048664990913494e+03
-3.515796111764390020e+01 -4.381049026709758820e+00 -1.221182602585236232e+01 2.830062210095627506e+01 1.982810477505353575e+01 1.871506481294638746e+01 -4.987378216992972568e+01 -4.872493270563339252e+00 -2.480401833399457345e+01 -9.523077723945279516e+00 -3.909461316546504150e+01 -9.099362854857627525e+00 -8.765523315333735965e+00 7.853822372002401607e+03
-3.538815567267070605e+01 -7.268769163145700762e-01 -7.022137501974057727e+00 3.173781606580239512e+01 1.418773699711524472e+01 1.399020686423782855e+01 -4.859383943641820736e+01 7.461712337019290597e-01 -1.333943771774471543e+01 -6.260075500730917675e+00 -3.168061925874846807e+01 -2.614042620083463220e+00 1.553956167451679082e+00 6.298423846682058866e+03
-3.733986500655149143e+01 -4.513208025904373422e+00 -1.305073482770387194e+01 2.878614941904010749e+01 1.587130512802888482e+01 1.840895652716249842e+01 -4.028829721851772661e+01 2.230626519887837667e+00 -2.301185775996248140e+01 -1.536070332525397397e+01 -4.508969867377753360e+01 -2.113126628579531641e+01 -1.258982064698275138e+01 8.036120967103379371e+03
-3.815393493787797041e+01 9.170592856275734395e-01 -7.113609909400640419e+00 2.790722043446493927e+01 1.066750912119561256e+01 9.809064554757510379e+00 -3.942268701095834871e+01 4.333623799212811711e+00 -1.358907459558354702e+01 -6.215725423880588352e+00 -2.894355849133539849e+01 -9.800823191019524927e+00 -1.535157492061498763e+00 5.228362804783223510e+03
-3.858583419574827644e+01 -7.052395951139778241e+00 -1.813350956735184738e+01 2.873366687381474804e+01 4.616125631339023094e+00 2.438688977734330976e+01 -2.362637615138148561e+01 9.110684451673003448e-01 -2.009422111425577739e+01 -4.022346284000715144e+00 -3.525798716957292100e+01 -1.707401604405190199e+01 -1.522679703560750397e+01 6.054575397995887215e+03
-3.729244069215034330e+01 -5.265184608605821381e+00 -1.637797537365507239e+01 2.868863793242418936e+01 -4.824876930710332523e+00 1.297838091334393340e+01 -2.746382741260614679e+01 -4.612984667342911571e+00 -1.649184623364784485e+01 2.710906872417671032e+00 -1.932879719948929420e+01 -1.104726379069162334e+01 -9.631977599725324524e+00 4.344733016903866883e+03
-3.872704773959535629e+01 -9.180696444599739436e+00 -2.163810541866514825e+01 2.537758548717363993e+01 -8.346706384813632695e+00 1.738092973695513876e+01 -1.727399830097656164e+01 6.588358799740001714e+00 -1.131697241509089658e+01 -4.514054874050915656e-01 -2.768755675872736433e+01 -2.037785304899310646e+01 -2.024821969532274224e+01 5.129986306614518980e+03
-3.871035114132591559e+01 -9.783354965115684365e+00 -2.201799756530012075e+01 2.798711901561769011e+01 -1.333335632858074504e+01 1.277241631775439323e+01 -1.942378951048145908e+01 8.063629157728453123e+00 -1.185354095370388805e+01 -4.116822505641409613e+00 -2.407441824516448747e+01 -1.995259109575799883e+01 -1.324081779407943671e+01 4.955952512975650279e+03
-3.910042919493542257e+01 -1.439174029304858671e+01 -2.824185986625991163e+01 2.699138747600707688e+01 -1.721240432822735045e+01 1.254808896045015132e+01 -1.856482237787055212e+01 1.675467210400920948e+01 -1.251694468651915493e+01 4.315728287238910887e+00 -8.827607545100795150e-01 -7.769430665816455139e+00 -7.999044285055658676e+00 4.641623908858197865e+03
-3.750638405282496279e+01 -1.332862427123775007e+01 -2.637021643339334886e+01 2.796836869033485584e+01 -1.732816603132081923e+01 1.070424543164685183e+01 -1.732474983908110744e+01 2.122863793066568050e+01 -1.285019540168714514e+01 -4.329196752082567379e+00 -6.892973745811565855e+00 -1.840846931347800819e+01 -1.031970345270607758e+01 4.904397840529618406e+03
-3.560368560527511050e+01 -1.028840356627690511e+01 -2.259696178279344281e+01 2.832594573683375572e+01 -1.737845571069018291e+01 6.554449201660644597e+00 -1.915623649993137789e+01 1.762664981203662862e+01 -1.418502081636450640e+01 -7.292679940767423652e+00 -6.446757798809769291e+00 -2.132216589812840724e+01 -6.517141385954471566e+00 4.502153840811485679e+03
-3.556609446930245610e+01 -1.098628376372015580e+01 -2.372478533222320962e+01 3.165801738426081258e+01 -2.492996894799547558e+00 2.228950784972369803e+01 -2.545165384301619582e+01 1.037751363931613291e+01 -2.521221756447919304e+01 -1.492188043877629711e-01 -1.284805937914340035e+01 -8.684188217007793753e+00 -1.175877398858207101e+01 5.223692378161030319e+03
-3.556343977376629084e+01 -1.119057767264243708e+01 -2.480801614174720626e+01 2.658817808506867664e+01 -1.871540417244613286e+00 1.830348378335446569e+01 -3.785687713864749071e+01 -1.353288750276647745e+00 -3.356161709915799918e+01 -5.098194911436118026e+00 -2.796537640724042006e+01 -1.788357434747891617e+01 -1.676859353398819152e+01 7.021294847049482087e+03
-3.367384268889514942e+01 -1.125834211785183392e+01 -2.389590747745728905e+01 2.978850165334460343e+01 1.335995002241356922e+01 2.943514764067387546e+01 -3.513027384194327141e+01 1.395408209124051346e+01 -2.639448129604931736e+01 9.132115718207266752e+00 -2.238942359505006507e+01 -1.583154340148309380e+01 -1.823705717503946389e+01 7.057394392225737647e+03
-3.408729970166326950e+01 -1.065594938189208740e+01 -2.304486775441583646e+01 2.941087540795888344e+01 1.374021299064427915e+01 2.573088296314504575e+01 -4.387225109489020269e+01 8.202048721143125221e+00 -3.613849195544826642e+01 5.790995524419885188e-01 -2.570592637167190020e+01 -1.950656612537963497e+01 -1.536210677273773939e+01 8.098099644942149098e+03
-2.957496847184820155e+01 -7.525441134819865319e+00 -2.197435174097002530e+01 1.421313644122609965e+01 1.098738573785941242e+01 1.652126965076908505e+01 -4.290237664134096462e+01 6.197757832466078476e+00 -3.441576885116056417e+01 6.998843658692145198e+00 -1.428753596880108745e+01 -1.169272733243016305e+01 -1.921272087924534944e+01 5.832308684458012976e+03
-3.114048592059839748e+01 -7.149634324399936958e+00 -1.816366115087362587e+01 1.898642242329394136e+01 2.375792679739428337e+01 2.248118533667610919e+01 -4.657426593891182165e+01 8.961027817672208018e-01 -4.388479571271476232e+01 -2.050097420867974307e+00 -2.057697956544161855e+01 -1.054532050203749627e+01 -1.938239844540697021e+01 7.791429421185004685e+03
-2.741511961664047448e+01 -5.231951844959056963e+00 -1.760953829720233088e+01 1.383761023517369892e+01 2.628782668723671989e+01 2.394313714747180910e+01 -4.681399217938727020e+01 4.942438285794604980e+00 -3.333098772004345989e+01 9.280083586062676915e+00 -1.960740271135163226e+01 -1.126462819047369113e+00 -2.272258739203209643e+01 6.859948439259703264e+03
-2.813766933721427677e+01 -3.039500279001020377e+00 -1.589229203472804564e+01 9.406539220265461410e+00 2.596078089225870400e+01 2.379184625629988048e+01 -4.317028724273041007e+01 5.261267062437089415e+00 -3.392431482505102736e+01 3.489967493304769963e+00 -2.519644180609375894e+01 -3.797286030932367495e-02 -1.930068275278548739e+01 6.443801134240502506e+03
-2.321836467156817463e+01 -5.481495756927798446e+00 -2.012747849581727166e+01 8.573039447432750038e+00 1.535288976484788215e+01 2.260963291676715414e+01 -3.766014530107867841e+01 2.119458236233571657e+00 -2.868529362346214029e+01 7.563082447824639232e+00 -2.848791271002876258e+01 1.287509077887218023e+00 -2.089518821627841305e+01 5.347311048968387695e+03
-2.420495793692129638e+01 -6.059975953634783252e+00 -2.005009188894424810e+01 1.000925799204327582e+01 1.281020082776446678e+01 1.884592244000429773e+01 -4.316506635564300609e+01 -5.926935214690645992e+00 -2.694668745148884170e+01 1.072704329012098867e+01 -2.925164834324054297e+01 1.609007637667682289e+00 -2.172368741117306001e+01 5.713776133451064197e+03
-2.251595796271849181e+01 -5.461252691842649831e+00 -1.873007149811208194e+01 9.578206336731881265e+00 9.628096872756390923e+00 1.703566941759132902e+01 -3.800571198932362904e+01 -1.225596874096988209e+01 -2.863722576768893191e+01 1.304050217203122308e+01 -2.121941806660606034e+01 -2.883165831457498829e+00 -2.241116268430503311e+01 4.907890412115968502e+03
-2.352343661151781617e+01 -6.276730591833005413e+00 -1.962084418217933290e+01 8.404571158061299840e+00 7.277770938654470001e+00 1.522137092278374659e+01 -3.880007990171191778e+01 -1.511536690388658144e+01 -3.183133383781804682e+01 9.442271742849857930e+00 -2.204712711341705145e+01 -5.366530329936936461e+00 -2.282161823740847595e+01 5.205032389605413300e+03
-2.257728262532325303e+01 -3.881986261587906828e+00 -1.583805750973365001e+01 1.049709118366287086e+01 1.161517518899579393e+01 1.685936662161025623e+01 -3.416464138137081363e+01 -1.091866594216680930e+01 -3.231254111982453736e+01 4.769338005165444372e+00 -1.506205002554428063e+01 1.209041068096909921e+00 -2.071365684215495406e+01 4.315656630984644835e+03
-2.341104851897297223e+01 -6.169750186286075966e+00 -2.000969492750644818e+01 2.773760788679798583e+00 -1.387875164361909830e+00 5.883106779876847270e+00 -3.894931898437538820e+01 -1.912606845888188900e+01 -3.991122401625061400e+01 -9.533521256415927070e+00 -2.463642662162762065e+01 -2.837606067529107712e+00 -2.325074348905016208e+01 5.753014164712128149e+03
-2.392023056551339621e+01 -9.470276467119005392e-01 -1.226994616336507526e+01 1.146596127995338144e+01 4.631839053684134733e+00 1.570652374027901566e+01 -2.053700139716253048e+01 -1.745913381584762192e+01 -3.295691287385208312e+01 -2.930940819107539674e+00 -1.501079637073521056e+01 -5.129825621989397177e+00 -1.468372774511715129e+01 3.411832238954344575e+03
-2.480417198566003023e+01 -3.425226254509133650e+00 -1.532271284233915054e+01 1.137547000850150347e+01 2.724936177881973176e+00 1.394554416521426354e+01 -2.573824901628766071e+01 -1.955575134354547373e+01 -3.610651451668699252e+01 -5.631523502951527149e+00 -1.804070882589358504e+01 -7.789630455562615907e+00 -1.602695115030518380e+01 4.216357450081563911e+03
-2.354400825172464806e+01 -2.705778685022584007e+00 -1.263773595406603079e+01 1.563179453714782774e+01 1.153111174130714467e+01 2.115438800299762789e+01 -2.204761778203126710e+01 -1.794115139665763792e+01 -3.799124076979493481e+01 1.587818931349449070e+00 -8.055347867694038655e+00 -4.670990453169123313e+00 -2.052305371747732110e+01 4.307922025579012370e+03
-2.458428826341081930e+01 -5.345879204480816327e+00 -1.693528942698182149e+01 1.168056636408201143e+01 6.675983914829600074e+00 1.852339807923600290e+01 -2.443665194344360714e+01 -1.874918543721140196e+01 -4.118556166282704822e+01 -2.019223967857445956e+00 -1.275862096332147644e+01 -9.017969081427365197e+00 -2.578135525794096949e+01 5.001684471935945112e+03
-2.382636489700235316e+01 -2.788315608256137779e+00 -1.421302917829291168e+01 9.480785482002175968e+00 1.538795772072774248e+01 2.254992893619302663e+01 -2.859809138880671853e+01 -1.802250125345841525e+01 -3.610081143332428866e+01 1.205912180635062825e+01 -1.224039870364093829e+01 -1.175692939061081521e+00 -2.568649115807507499e+01 5.015012227480571710e+03
-2.536425961822245512e+01 -6.230082394763941878e+00 -1.980169031679525915e+01 4.734764154204984088e+00 9.802752781728029774e+00 2.184326432274135499e+01 -2.929597975719173064e+01 -1.981698537759567458e+01 -3.803683856739994695e+01 7.809336614017288625e+00 -2.366682716997249969e+01 -5.470770532684330334e+00 -2.971339896360166577e+01 5.901594964425070430e+03
-2.817151464073993949e+01 1.683072835118721300e-01 -1.254543847945267743e+01 1.923766019468162947e+00 1.920201737959890664e+01 2.952145574804864481e+01 -2.170998177514968219e+01 -2.160479175907574501e+01 -3.406731669150548214e+01 1.392531885173168860e+01 -2.707159762086415000e+01 6.854987142145182233e+00 -2.065376082002622837e+01 5.694012277552797968e+03
-3.127186264452255315e+01 -4.437651571461681321e+00 -1.847694262089316197e+01 -2.109653416518294744e+00 1.209302115200231853e+01 2.317132991990938962e+01 -3.323671296365276362e+01 -3.058999627655624209e+01 -3.977484154874509414e+01 1.250118399196643537e+01 -3.412596857498167680e+01 2.457520628873079538e+00 -2.825407754972798102e+01 7.774280500986011248e+03
-3.298068594978617085e+01 2.840157246444378725e+00 -1.220310621011481622e+01 -6.488551157331810870e+00 1.806129589884477582e+01 2.631136218870205923e+01 -1.623416585387145972e+01 -2.472117337083183042e+00 -2.020288763620040484e+01 1.389645815095877346e+01 -2.783830674806368677e+01 1.439931931776001051e+01 -2.108153464014354128e+01 4.602977971249573784e+03
-3.647457480653159934e+01 -5.509044909952106606e-01 -1.546918904561534625e+01 1.528519509339541171e+00 5.563938322843102746e+00 1.422387381049050781e+01 -2.601842578210439427e+01 1.325004940951166388e+00 -1.986859209494549461e+01 -1.131974407229917157e+00 -3.111912475119595811e+01 -2.368118865120597327e+00 -1.778053135175477451e+01 4.170517924088991094e+03
-3.646843616008183631e+01 -1.503171089691198059e+00 -1.577777696927970297e+01 4.514668875506473000e+00 1.837238777808543944e+01 2.409787568161243598e+01 -3.623481553104083730e+01 7.767612033015455886e+00 -2.639171555024610072e+01 2.640216456920881916e-01 -3.048637783715099303e+01 4.751435592998381807e+00 -1.392258179615970803e+01 5.735502753542639766e+03
-3.704093918513690653e+01 -2.562742875245132002e+00 -1.490372898637293986e+01 8.691113343507538502e+00 1.642289134583505117e+01 2.062053841714299551e+01 -4.193999622376220060e+01 -1.141636613754087426e+00 -3.195336004634129523e+01 -5.685207145893444114e+00 -3.147478428365791459e+01 5.143409298230347204e+00 -1.197638392625803228e+01 6.345329273191495304e+03
-3.340577531580123605e+01 1.278295922382128413e+00 -1.260478056123517021e+01 1.773969797257757552e-01 1.956792202745928577e+01 1.766031262352369424e+01 -3.599914011108974421e+01 7.052106908846158539e+00 -3.040435205262649987e+01 -1.162602009555131710e+00 -1.910117397084120938e+01 1.045355520214879164e+01 -1.058137118573739954e+01 4.828825689397007409e+03
-3.566534974424786952e+01 1.372543537528502500e-01 -1.290065717009933444e+01 -3.306439785849054402e+00 2.231221032245285585e+01 1.420593037997875463e+01 -4.557532991932908573e+01 -1.203132588286001337e+00 -4.218757236439576275e+01 -7.955249248154101060e+00 -2.266841662505852639e+01 2.278463892889064368e+00 -1.516042317188203370e+01 6.819561116680243686e+03
-3.255236463996609331e+01 8.310437374408704558e-01 -1.006943646378410051e+01 7.124558151304348774e-01 2.466319216116555779e+01 1.677774242522373527e+01 -3.936866846842291068e+01 2.530139496300658486e-01 -4.419800356243033690e+01 -6.019126089196312535e+00 -1.050454033506098561e+01 1.387907293724319402e+01 -1.237584082639660643e+01 6.047798850025380489e+03
-3.417452654555447822e+01 -1.480805915526720140e+00 -1.136665854292346367e+01 -7.850611137965732844e-01 2.022367942392761364e+01 1.352700101475987182e+01 -3.997000914609203193e+01 -9.407015442698874352e+00 -4.964749809795145552e+01 -1.112380588608364995e+01 -1.637604350748746640e+01 7.472859751650217319e+00 -1.983599040908534406e+01 6.884076908842684134e+03
-2.723123932941195946e+01 -2.990393877118805221e+00 -1.450062909303784942e+01 5.962185133627987632e+00 9.977668676282835492e+00 1.401232887456429665e+01 -3.448006084590599585e+01 -4.445168252874258208e+00 -3.879177861664554428e+01 -5.655993651250217802e+00 -1.228056451839541374e+01 8.968298167796763920e+00 -1.373828951137980603e+01 4.457607684095186414e+03
-2.835404178248559504e+01 -5.275286281163607427e+00 -1.646308268296477451e+01 6.934251446587158085e+00 5.931268097032744713e+00 1.053102302045329530e+01 -3.783484399648692431e+01 -9.906299426907041905e+00 -4.277109264329415339e+01 -9.902918543018099484e+00 -1.555422035214140841e+01 3.930373665084716972e+00 -1.895739418946298827e+01 5.370788404907789300e+03
-2.577293335566342236e+01 -1.882951840152431444e+00 -1.678323215757729514e+01 -8.836921417225783060e+00 6.667625421870776670e+00 6.404660015627745118e+00 -3.577510712720732755e+01 3.951096171569253301e-01 -4.498541522791853708e+01 -1.204166257149122465e+01 -1.449866015203550340e+01 -7.455693053623355659e-01 -2.013451169710312882e+01 5.177903765220051355e+03
-2.628122679959270513e+01 -1.106099565280046049e+00 -1.504542861100876117e+01 -6.387003002056574452e+00 9.322848425740401623e+00 1.043514877584123290e+01 -3.287541928165262561e+01 2.784754062461733071e+00 -3.702062161065553170e+01 -6.449492825782033867e-01 -6.816088756241286184e+00 7.560049080283759437e+00 -1.477668609007230671e+01 3.936347192503536917e+03
-2.278867549435299367e+01 -3.083674799143873102e+00 -1.695786975982653999e+01 -4.156468633075685037e-01 8.774962358006151320e+00 1.606209274619111937e+01 -2.731908108645522404e+01 2.431589656032171476e+00 -3.620990643382872776e+01 2.434411817871018791e+00 -4.637662352550526279e+00 1.061905277852244645e+01 -1.257465861060133783e+01 3.513288415623425863e+03
-2.115202533254494099e+01 -5.856696719844968868e+00 -2.377934896446410917e+01 -1.263252345367765628e+01 -3.382890881723275456e+00 1.687045163399018000e-01 -3.414118534622024015e+01 5.598902945413607668e+00 -3.698876245829257670e+01 -6.943175401982577100e+00 -6.996484208897455481e+00 -3.936958904594318298e+00 -1.273074972628453239e+01 4.058086479240746939e+03
-2.064004499297331208e+01 -4.935383757515390712e+00 -1.820297259516677002e+01 -5.614375183849551476e+00 -8.322001502763346492e-01 9.339485302913514531e+00 -2.592354331400455081e+01 -3.168467703310927863e+00 -3.499250356005957485e+01 -9.900706831780829720e-02 -7.126253808654881006e+00 1.648433929694917310e+01 -1.321415768124093049e+01 3.304842724932148030e+03
-1.782313072624545214e+01 -2.646100184581103409e+00 -1.768937402036628370e+01 -4.797941221364384390e+00 4.407281915588131760e+00 1.397212419394473315e+01 -2.104167338730952608e+01 7.637726009253579029e+00 -3.086340424226057877e+01 -3.490930209635348724e+00 -1.008583635637089593e+01 1.815382438586852487e+01 -1.612289035868120557e+00 2.774952520098237983e+03
-1.976117249833606948e+01 -5.200035542146928869e+00 -1.969883283001714602e+01 -1.243812174405051607e+01 1.790062870030322717e+00 1.037586424128868856e+01 -3.047940567117480981e+01 2.532391634273605807e-01 -3.489452822043039504e+01 7.288893858204824605e-01 -8.828943586799626431e+00 2.407889928343332997e+01 -5.508656209107829937e+00 3.906464687761552796e+03
-1.803007978613040407e+01 -4.776823200523271140e+00 -1.965083351174476789e+01 -1.235751489375460821e+01 -1.822073858987391271e+00 8.100661926205411589e+00 -2.805758483962661032e+01 -2.416803450716387136e+00 -2.809437010927166867e+01 4.783198093700113951e+00 -6.222909716352360121e+00 2.606510112426872894e+01 -5.196814887056988574e+00 3.306068534548361185e+03
-2.112427188146443413e+01 -3.769503440953677398e+00 -1.791740634016139211e+01 -1.504207670837190314e+01 -3.939638534394472202e+00 8.348519065410275886e+00 -2.197132321112365361e+01 -1.322973816552552861e+01 -2.832583906409843166e+01 5.409724068622816517e+00 -9.061869166651449703e+00 2.793571019770936914e+01 -5.389522956607620152e+00 3.473911686243172880e+03
-1.963514859262953749e+01 -5.239753467517452634e+00 -2.186798710757509312e+01 -1.857382556955138853e+01 -9.236677076850821067e+00 5.551187991382838582e+00 -2.610808449069534021e+01 -1.703760949142721159e+01 -2.787017915611440344e+01 3.258822936283234828e+00 -1.876388278457470093e+01 1.711743333162019098e+01 -1.206284323682931259e+01 3.902202858669544639e+03
-2.222789220944416400e+01 -3.103236197278215869e+00 -1.898676046648002469e+01 -1.561681233094334331e+01 -1.703835415384232110e+00 1.075602712008767980e+01 -2.442326684380637758e+01 -8.517467407089121423e+00 -2.399387432095703687e+01 5.791332254668740021e+00 -1.856291910302676840e+01 2.079949367629371437e+01 -5.741051250903396408e+00 3.315135662742581644e+03
-2.086580375177186042e+01 -4.260445516034296887e+00 -2.097486587568126026e+01 -1.780886946222784672e+01 -5.295753173882348008e+00 6.049822823634238844e+00 -2.357283533914367268e+01 -3.175939092491941729e+00 -2.499631421099163120e+01 3.328069049436686466e+00 -1.266108469548894533e+01 2.182906151462908895e+01 -4.356091727672472658e+00 3.132722800297835875e+03
-2.304924470044479179e+01 -2.500911094927055878e+00 -1.956208895728997277e+01 -2.254037699119324145e+01 -3.701001260774540391e+00 3.940197277436316092e+00 -2.127282188528390350e+01 -3.245623497606624497e+00 -2.456615929596703296e+01 5.120406395649719222e+00 -1.104916140888427734e+01 2.372523120360570204e+01 -5.580041915970915589e+00 3.266377920111907315e+03
-1.991166188967561368e+01 7.513448442759378398e-01 -1.327858223822256178e+01 -1.848939207686503750e+01 4.455174443963623609e+00 9.308262526308713092e+00 -1.540811752470490248e+01 1.005583950802370552e+01 -2.031394156907130366e+01 6.168784863349043412e+00 -5.609364732730582226e+00 2.961833733842554750e+01 -5.734286455360377843e+00 2.752542537675769836e+03
-2.178730690087338218e+01 -2.252285417816607627e+00 -1.726647430128785743e+01 -2.457270317257049541e+01 1.991877477423004417e-01 1.813311339776478182e+00 -2.524394524420570107e+01 1.018108667126217254e-01 -2.833126349063492455e+01 6.020554162015677058e+00 -3.266649424537373836e+00 2.523296294242623716e+01 -1.120464015059686069e+01 3.634128259933894697e+03
-2.047923482911148696e+01 -1.773547426625354806e+00 -1.863762698684837460e+01 -2.764064765717477101e+01 5.831715868585964913e-01 1.170570400633216934e+00 -2.652421711402286064e+01 -5.489130714380105580e+00 -2.813235426167626585e+01 8.134560831776017409e+00 -6.829390207268688506e+00 2.748493068700211595e+01 -5.302161984723323229e+00 3.957061389358306769e+03
-2.161469466479405455e+01 7.848142631646920497e-01 -1.409435042174032304e+01 -2.824756576694269228e+01 2.887330883456422637e+00 -1.828334606458195788e+00 -2.717501452313240762e+01 -7.971668918102555068e+00 -2.573295970362639551e+01 9.135190853659491239e+00 -4.890541385681306252e+00 3.349609910937015655e+01 -7.156950869095584089e+00 4.220859974558242357e+03
-2.053819007725196499e+01 1.119139831651805084e+00 -1.417299551346962438e+01 -2.733040490187747196e+01 3.861335992406193629e+00 3.060955900841202393e+00 -2.223549139865170687e+01 -1.410429659292775284e+01 -3.258570251199387258e+01 6.562555366532628831e+00 -4.568824641173090839e+00 3.506971079725917662e+01 -1.548448703486728917e+00 4.446573794862940304e+03
-2.202529548731481412e+01 9.002100511342451261e-01 -1.217888510023393245e+01 -2.684236980845562215e+01 4.629074500910338230e+00 6.945720744732906959e-02 -2.386941680375677421e+01 -2.090487731308795460e+01 -3.451678625972084546e+01 9.521994115229803768e+00 2.800595133348716459e+00 3.681314224060245976e+01 -4.602244344539202281e+00 5.049266521087986803e+03
-2.068723423407137574e+01 -1.860229575725655116e-01 -1.467340767923637479e+01 -2.526974218713570863e+01 -7.544948874654422433e-01 -2.052239205157547541e+00 -2.516654042113073331e+01 -1.077217349097255195e+01 -3.571416230066603248e+01 5.628111562933635348e-01 -8.653521898244319610e-01 2.945392293054420563e+01 1.238368185038643821e-01 4.180156345904325462e+03
-2.383104050121978190e+01 -1.573895244814331740e+00 -1.522575157819254876e+01 -2.337759064575811863e+01 -4.888473472167152445e-01 -3.672237687915465898e+00 -3.499570318652367007e+01 -1.475092294173923868e+01 -3.707030713564145685e+01 -2.403279551734916364e+00 -4.319319195002618628e+00 2.550823262824432902e+01 2.351001959957417231e+00 4.859581247726964648e+03
-2.196115135407064045e+01 1.743958093783784413e+00 -1.327297940649279795e+01 -1.993164661267590532e+01 9.224034090810832254e+00 4.454727100231570702e+00 -2.840079972098518368e+01 4.014257766242806724e+00 -3.196887236656952425e+01 2.374826967706136660e+00 -2.029416133426993341e+00 2.255233371228882433e+01 1.574544272291459102e+00 3.529277245193396539e+03
-2.444994630970725069e+01 -5.624364365269171051e-01 -1.599688646349936327e+01 -2.278017880485759150e+01 1.034862292631206060e+01 4.015588354314901132e+00 -3.644806866276496038e+01 -5.392658708004983481e+00 -4.225774016749554818e+01 -7.016080373990652985e-01 -8.525609371772841172e+00 2.378373322569588666e+01 -1.629685391737501821e+00 5.280931269377908393e+03
-2.222072602638890260e+01 7.409442907043520821e-01 -1.324611513141415209e+01 -1.061234862771657461e+01 9.800231026942810786e+00 1.381028699445176500e+01 -2.237079289373359003e+01 -3.061792288883950164e+00 -3.018813037583344894e+01 5.911064355173821783e-01 -1.678368043491559902e+01 3.033671115144297659e+01 -3.288138562295556344e+00 3.703479124856544331e+03
-2.777723498183390660e+01 7.026798949477748302e-01 -1.619984739496331727e+01 -2.653895448597617701e+01 1.092329457126919934e+01 5.069423660743019866e+00 -3.285514991559813325e+01 -2.216644781053794588e+00 -3.729638799234942326e+01 6.239662828296562713e-01 -1.935625620241875566e+01 2.226209860674022067e+01 -1.461421194878955276e+01 5.443462284336234006e+03
-2.832918251410578492e+01 3.356295365082841986e+00 -1.287692857584325878e+01 -3.002650856566048887e+01 1.382632382621061851e+01 2.398627502389528932e+00 -2.960038573748903445e+01 1.210256872851719123e+01 -4.078400702802320410e+01 -6.844706583028483671e+00 -1.012457898916697729e+01 1.959648430468111613e+01 -1.190340724942147155e+01 5.439195095192004374e+03
-3.152707818776688953e+01 5.628020605143103872e+00 -8.541791731327021964e+00 -2.165959827470358334e+01 1.903649303439248186e+01 9.594265317985492203e+00 -3.001783232953638958e+01 -6.028295127730691760e+00 -3.752310613711980380e+01 1.296808908886154521e+00 -1.494796108556134229e+01 2.355407668415838884e+01 -1.038081328874952014e+01 5.255242833462219096e+03
-3.214942703262211410e+01 4.191976163023341861e+00 -1.006932650145762231e+01 -1.572550046694650661e+01 1.040339635256399298e+01 6.025928527323586970e+00 -2.733812060586510739e+01 -9.197452411986123622e+00 -3.089958229830663328e+01 1.727349161839003999e+00 -1.550192141400522239e+01 1.586095846196915815e+01 -8.301040494161499694e+00 3.894904228703414446e+03
-3.348956194595245250e+01 7.366619331773585522e+00 -3.891497053151252494e+00 -1.691732452371334716e+01 1.532908468783728040e+01 9.519621958128578143e+00 -2.416305748635740613e+01 -2.484303934205806996e+01 -3.460888535525459275e+01 2.345300931405025491e+00 -2.184553179980370174e+01 2.675455450484398767e+01 -1.072334386244469151e+01 5.515090380452131285e+03
-3.525375179370008993e+01 8.373673062923591814e+00 -1.920661641119812524e+00 -2.025649623479756656e+01 8.901357628041262515e+00 8.902550992400165342e+00 -1.627324139791644697e+01 -2.897234075283190080e+01 -3.503779157028707658e+01 -3.409477767364456291e+00 -2.326647867933332492e+01 3.298175722406308807e+01 -1.224655308186495262e+01 6.008039271913099583e+03
-3.476911046354320689e+01 1.147222066652724770e+01 2.869423661086443755e-01 -1.603257886536604460e+01 1.624164604561132208e+01 1.611044604991952767e+01 -8.965499239225637851e+00 -1.745574500380318028e+01 -2.548064953393610566e+01 4.209213463662942800e+00 -1.882295316287920883e+01 3.161625410754017551e+01 -1.186176181692688836e+01 4.667623020507819092e+03
-3.808057323900500535e+01 5.853411520388162259e+00 -5.575027111267082169e+00 -1.331885745073800287e+01 1.175323846842793429e+01 9.876560264034866421e+00 -1.931467190790250044e+01 -3.667809662558250494e+01 -4.958284162013863039e+01 -1.164447764820890185e+01 -1.808313041910454544e+01 2.036677192334689934e+01 -1.071041553637288679e+01 7.097459803974151328e+03
-4.138654885241697201e+01 9.093570935961606594e+00 1.416403617253374936e+00 -1.206287240618346956e+01 1.474685621028647553e+01 8.425571349589564107e+00 -2.109712793198451308e+01 -3.510405218197316657e+01 -3.637314219774431479e+01 -7.709932209074850995e+00 -2.226845385831987301e+01 3.360453292108266510e+01 -1.953110382064999317e+00 6.920313693657436488e+03
-4.329752488554245105e+01 4.809047048232113042e+00 -8.633335092200837835e+00 -2.048471503071878885e+01 1.282236218264121241e+01 8.056706943321058745e+00 -2.530652226939025695e+01 -1.062288176669876627e+01 -3.473491462187593726e+01 3.927623736357297446e+00 -8.097203920397600285e+00 2.790851340422566196e+01 3.391763460579787726e+00 5.452444217682329509e+03
-4.220101597243493785e+01 5.917672290776704536e+00 -7.843453869226213904e+00 -1.997737763050291093e+01 1.212528351280112915e+01 9.334327276546408925e+00 -2.576732102771304511e+01 -1.035778401792168246e+01 -3.184983380610350423e+01 4.146392111062443320e+00 -1.306952835593029150e+01 2.093159019693614553e+01 2.361923956747078446e+00 4.928077874127244286e+03
-4.261674992918599969e+01 5.907211714901958288e+00 -4.433440211894639660e+00 -1.707002145443667729e+01 1.872960129731695389e+01 1.164240971199743768e+01 -2.682627748563387016e+01 -2.053919534660401069e+01 -4.435622753743282232e+01 -7.585844496487214039e-01 -1.137503849020242797e+01 2.752574549764092282e+01 -5.016023246416959402e+00 6.670243954002322425e+03
-4.393534527231699371e+01 6.893274384865643256e+00 -4.253902220181937643e+00 -2.111625339505713583e+01 2.020759174700204497e+01 1.098672960201416160e+01 -2.263585799244464525e+01 -2.274214414399972384e+01 -4.815276609251320394e+01 5.746097302929371597e-01 -4.824502891395980875e+00 2.928736955860415847e+01 -8.434439317834323546e+00 7.271650485487751212e+03
-4.685042233190349492e+01 9.993346988837746636e+00 -1.864610589514322569e+00 -2.836900012161025231e+01 9.713145711227411994e+00 3.922654522245906161e+00 -1.295459165957667835e+01 -2.246419933231431187e+01 -3.313332003812757875e+01 3.541430447510599322e+00 -2.875671930640320006e+00 2.510818474597999739e+01 -6.193820391775934908e+00 5.672712579784298214e+03
-4.789406461623517686e+01 9.719738031672035206e+00 -2.128466616588933213e+00 -2.915341552174707118e+01 6.857812096207856811e+00 -3.503863208698763554e+00 -1.748501379789773225e+01 -2.322689674570956342e+01 -2.880551536296939830e+01 6.640718734223168163e+00 -2.559254958125354862e-01 2.166692437889069822e+01 -6.198677549912525286e+00 5.529089397571807240e+03
-4.881339787598097502e+01 1.000086290315821813e+01 -5.747785891574513917e-01 -3.059075049648787115e+01 8.348491359749537821e+00 -4.273331713980331514e+00 -2.027204526963743803e+01 -3.391870838224798490e+01 -3.703669986421466120e+01 7.288928133080029959e+00 5.304699152429073195e+00 2.680405983357145772e+01 -6.692344561531466951e+00 7.284513269578093968e+03
-4.909814609329744428e+01 9.367443020835526823e+00 -3.369447918018816934e-01 -2.462686752045204130e+01 1.415464881003419961e+01 5.010634166006931345e+00 -1.703046825876943871e+01 -3.067167774952421766e+01 -3.608520837082002686e+01 8.885507406450082968e+00 3.307875556322767530e+00 3.720508845589124292e+01 -2.488919133879992529e+00 7.343672148171950539e+03
-4.955448375217854817e+01 9.680683525838155390e+00 -1.298448041213898341e+00 -1.923738077278838787e+01 1.096002666251669844e+01 1.641985541086065759e+00 -2.137203995603275075e+01 -2.398766935022869617e+01 -2.067809196785863435e+01 1.357405961521025617e+01 -1.417949735594760952e-01 2.723988184067805918e+01 8.419450192825074453e+00 5.500872945410310422e+03
-5.001811390102329113e+01 8.002991890933069286e+00 -3.003500256384641798e+00 -1.161484726917970356e+01 8.856171742180318773e+00 2.608473638645946835e+00 -2.121903895696975439e+01 -2.143536642284601257e+01 -2.751848752567835632e+01 1.062111599811553120e+00 -6.312501113508954376e+00 1.968870389836017054e+01 4.812969030974622697e+00 4.913796388037977522e+03
-5.180339098065262249e+01 8.834529675566161089e+00 -4.076328759379517663e+00 -1.898784652663627526e+01 1.000397189102392659e+01 5.377291297494905642e+00 -2.239565089193308367e+01 -2.096642096441223302e+01 -2.456809051508809816e+01 7.287572562798264819e+00 -1.562320133952659873e+01 1.916821877388827389e+01 -1.011176182512893096e+00 5.478172999527979300e+03
-5.192362512044264378e+01 4.932800689791116078e+00 -9.610679155292867648e+00 -2.557047162931192119e+01 9.662236390584482137e+00 6.669034737711029948e+00 -2.126006784471584865e+01 -1.541680134064488783e+01 -4.083738744940390575e+01 2.927716029564126909e-01 -1.270495842511076390e+01 2.470948464920993004e+01 -1.192170982790844391e+01 6.875992320542467496e+03
-4.990459313917692441e+01 4.363471770849826292e+00 -9.972726569553566733e+00 -2.582121067475025455e+01 1.445277560571875242e+01 1.793393622998454617e+01 -1.142338575112465904e+01 -9.682376472046046345e+00 -3.485647574433425433e+01 1.078211017086173129e+01 -1.780430046025198720e+01 2.776412559742236752e+01 -1.555376159719534712e+01 6.691436531741267572e+03
-4.729095778982271980e+01 7.049032317533318270e+00 -9.148280604682105022e+00 -2.678607439782866351e+01 1.737666214794122155e+01 1.825613803226124077e+01 -1.128904416849793435e+01 -2.558462494892735251e+00 -2.203447834816215334e+01 1.859070371942767963e+01 -1.563573611002464858e+01 2.149009569801412312e+01 -1.153700680314740623e+01 5.527067060440350360e+03
-4.377761006822197487e+01 1.131274472223691951e+01 -2.052220504883639052e+00 -1.973938980952117817e+01 1.571832695076156661e+01 8.305941117398710105e+00 -2.017634071488203418e+01 -1.703755837026146480e+01 -3.482076973679883025e+01 -5.411695351667145992e+00 -2.753135108577023971e+01 4.027997450825994363e+00 -9.116512441405394185e+00 5.550813342137010295e+03
-4.387162674596737588e+01 9.437394678634980494e+00 -3.872045717619729821e+00 -2.007036318401094732e+01 1.752407855901148892e+01 8.602193312695854743e+00 -2.481936700610533109e+01 -2.301933529832681913e+01 -4.228799128742318914e+01 -1.482299298331704307e+01 -3.768448848464558409e+01 1.439652023367397282e+00 -1.046074948874208133e+01 7.498193981599823019e+03
-4.470592364383033868e+01 1.146769632376642711e+01 2.269669283943655635e+00 -1.752277261064243774e+01 3.500984942036232894e+01 2.119255116014666385e+01 -2.316116328612104880e+01 -3.317145355828746744e+01 -4.377226741540390975e+01 1.678402765067897873e+00 -2.927010771176759363e+01 2.060749275337754227e+01 -1.265733281412810385e+01 9.114369691026742657e+03
-4.477679550577042988e+01 8.359721564080176748e+00 -3.044753403234559119e+00 -2.025059422386148711e+01 2.751386464580179947e+01 1.741634555138416474e+01 -2.490778974854088545e+01 -2.871515629605255526e+01 -5.010718648930679819e+01 -3.220500431697206900e-01 -2.690208837949843002e+01 1.327553798866080648e+01 -1.106763076863292206e+01 8.532792054479483340e+03
-4.178427448809038935e+01 1.165591491650724087e+01 -1.200639479829598066e+00 -2.255852358732670027e+01 2.813689034001063050e+01 2.004258075396362671e+01 -2.213148510457497409e+01 -2.373431122528828396e+01 -3.695069560555138111e+01 1.742551605638167800e+01 -2.436852349940309281e+01 6.738281748489294287e+00 -1.900420451642379760e+01 7.308015955525620484e+03
-4.313596615828718939e+01 7.942049651109432951e+00 -3.972643765344202826e+00 -2.187552990663157004e+01 2.834260331557447898e+01 2.101505646587694187e+01 -2.497110492293494843e+01 -3.304929905168762616e+01 -4.694636540611638509e+01 1.088293963905800688e+01 -3.144590892648043479e+01 -1.662427969584541643e+00 -3.034143279814698602e+01 9.613467445342972496e+03
-4.072486699942294308e+01 8.464373060211185518e+00 -5.024967263175916798e+00 -1.541909850031285600e+01 3.395965470058675351e+01 2.395685582897142041e+01 -2.710482951968885601e+01 -1.181587087722237683e+01 -3.726614827136950936e+01 7.195944088122345761e+00 -3.164329102237968883e+01 2.817062098701875961e+00 -1.586312202624061740e+01 7.296054738770688346e+03
-4.252710087151368157e+01 9.697900623480762761e+00 -2.999489846487355837e+00 -1.206913681504613223e+01 2.282864106726908560e+01 7.042699681443303383e+00 -4.328705550884205877e+01 -1.737258167363874861e+01 -2.447355259870590771e+01 9.739875196474898189e+00 -3.863855307638928593e+01 -6.002430394165900296e+00 -8.640223579255751574e+00 7.101027191870136448e+03
-4.342738427145400948e+01 7.315516713881705435e+00 -3.784407218413261997e+00 -9.359633082693910922e+00 3.523374015382451319e+01 1.565309113063164581e+01 -4.862493723545838975e+01 -2.340193786400021025e+01 -3.478768024897631506e+01 6.802279689330045898e+00 -3.803665345917099216e+01 -5.868563307739247392e-01 -1.377246655164935696e+01 9.333115830722153987e+03
-4.305062923495976435e+01 1.190243797676189708e+01 6.606059918128485142e-01 -1.742159451843905771e+01 3.809933814742905156e+01 1.889120697036847929e+01 -3.756228953182716168e+01 -1.893408274013327386e+01 -2.937360511993790979e+01 2.430877663497838270e+01 -3.080020418109272384e+01 -2.105097569556642512e+00 -1.528085280089895015e+01 8.517149190238835217e+03
-4.290753695911639909e+01 8.455560337621207623e+00 -4.028877596860391819e+00 -1.644452127353574511e+01 3.140275591678297218e+01 1.545539559640855742e+01 -3.925416993062170690e+01 -2.468096873758345211e+01 -3.800874319263177625e+01 8.233829986129860501e+00 -3.938762821650391999e+01 -9.737015600280333416e+00 -1.739099538832021352e+01 9.035351735347714566e+03
-4.259000740296873744e+01 1.121133265340344387e+01 -1.166238609915374091e+00 -2.262960042198798760e+01 3.826951060433056995e+01 1.953319476459126136e+01 -3.223005460912428788e+01 -1.933917035575841581e+01 -4.219856709821992524e+01 1.117622529100953699e+01 -2.894344748396152767e+01 -8.645911557484350141e+00 -2.656386543702498670e+01 9.235683670738324508e+03
-4.211045053398022020e+01 1.279355062559240608e+01 2.585298902217809225e+00 -1.816468144304776899e+01 3.767060006631490410e+01 1.634577701993586274e+01 -3.082982611171297904e+01 -2.089779547552513961e+01 -4.076923929576034311e+01 1.526957423660772228e+01 -1.679467083089993196e+01 -7.537832017836262111e+00 -2.690157035350172876e+01 8.304924111136695501e+03
-4.412926451806817596e+01 9.390235707506978002e+00 -8.714545935907063168e-01 -2.127417557011637683e+01 3.634111507819099529e+01 1.821718521766032595e+01 -2.863087712669082308e+01 -2.975319626841308462e+01 -5.357476821745297002e+01 -2.707627757782754330e+00 -2.924617694197049289e+01 -1.684659737971436044e+01 -3.014086124041037706e+01 1.077164605139368177e+04
-4.402999986135544930e+01 1.347160371913681232e+01 2.558489360166551485e+00 -1.271012507190200402e+01 1.680545932528725217e+01 3.446619078599954200e+00 -2.677386374061495289e+01 -2.510520822137153729e+01 -2.871803037824238203e+01 -5.971471820605679381e-01 -2.444362146967103300e+01 -8.422587620086735782e+00 -1.225496511454616488e+01 5.573328683644229386e+03
-4.722011972166416882e+01 1.114561124536366954e+01 3.324391944209907912e+00 -1.044972992833978687e+01 3.025109210339354604e+01 1.475254095107698582e+01 -2.838797435340633513e+01 -3.463989691101104285e+01 -3.828955738902080697e+01 -2.250763055741700658e+00 -3.259258756550520530e+01 7.475159943601452639e+00 -1.178981765156766670e+01 8.341089097826348734e+03
-5.011466291670200945e+01 1.325505456932603643e+01 7.159243007764060529e+00 -9.510373702997474865e+00 3.458117326634022959e+01 1.864064756952255308e+01 -1.533606457154705005e+01 -2.996130618730731854e+01 -4.078387305016664044e+01 -9.071097236803106867e+00 -2.534744871090124008e+01 4.722553593632723867e+00 -1.644866582551611600e+01 8.186047292673043557e+03
-5.158577472875020931e+01 1.602197088506109779e+01 6.309859908313964816e+00 -1.343037781572097167e+01 1.130290697960881552e+01 1.130160380197424885e+01 -3.623700564262024582e+00 -2.835773857866987413e+01 -1.906061662996545891e+01 7.441313469856040363e+00 -2.068265146075092886e+01 1.389617335437304746e+01 -1.202177191129640299e+01 5.394838541204872854e+03
-5.668990251766319943e+01 8.946975426982863411e+00 -5.004620108824481273e-01 -2.152456852397221176e+00 1.960727646132088609e+01 2.130170642969755335e+01 -1.337288974621037241e+01 -3.152369214060637859e+01 -3.094354941618063393e+01 -1.208430904969362896e+00 -3.683360879000189669e+01 1.126176592145576416e+00 -1.796658215187116880e+01 7.949206923021909461e+03
-5.664088129085615009e+01 6.099239638795495466e+00 -2.013582718761949941e+00 1.278068204787792439e+01 1.210702238159244715e+01 2.485144538604847853e+01 -3.799609387069021071e+00 -2.959692088701931212e+01 -2.345028480007287186e+01 -2.198292391606239793e+00 -2.984026764248401875e+01 6.218430650738882903e+00 -1.719114113457445470e+01 6.846773725646979983e+03
-5.724686818080365214e+01 3.798085583060909709e+00 -5.397358915632218590e+00 1.304448832171197736e+01 2.135687380241453770e+00 2.406592621194308990e+01 9.294701408856426150e-01 -3.665738818141080912e+01 -1.866917225434703198e+01 -3.381687139316787771e+00 -4.398340955415520881e+01 1.006055109023188265e+01 -1.965769113380413202e+01 8.201431143026706195e+03
-5.611308982877363150e+01 4.549552926165701727e+00 -6.189415558656857996e+00 6.687131114467958604e+00 -1.033239295143978964e+01 1.683577658815142897e+01 8.169258996385534433e-01 -3.295585115137861010e+01 -1.083992912324917235e+00 2.807293625234344780e+00 -4.515891742186701663e+01 1.852096452380205349e+01 -9.472492742446730674e+00 7.210499086421161337e+03
-5.621533950379129152e+01 -1.453001860652652910e-01 -1.058528354014468498e+01 1.124367241684250551e+01 -9.622693174847846365e+00 1.799841047998933519e+01 -3.437702807862982546e+00 -4.205523570404037770e+01 -1.654459725535964409e+01 3.596610541932742766e+00 -3.132135828835335190e+01 2.835422077161683063e+01 -1.632868591453136986e+01 7.933928169194945440e+03
-5.514716140771910347e+01 1.218373706062782835e+00 -9.218034155002118979e+00 1.269311478113683300e+01 -4.942714237867387617e+00 2.299940039330105890e+01 -6.232652658406515611e-01 -3.776968049268698024e+01 -1.245611561662658140e+01 8.521997746257614637e+00 -3.407258935814607526e+01 2.894266116283827728e+01 -1.543627758322161370e+01 7.733798137170379960e+03
-5.237787203848292705e+01 3.800090222296015785e+00 -6.006804032066980881e+00 5.488899169087188668e+00 -5.712505337519226067e+00 1.762850578492018272e+01 -1.575754793078602556e-01 -4.336282530751343245e+01 -1.853246297100042028e+01 8.884456825302796901e+00 -2.629130395916374141e+01 1.932345334603444087e+01 -1.880564960661511265e+01 6.888514982935563239e+03
-5.298340923311528172e+01 3.911440486392553595e+00 -5.520688984278049993e+00 1.007459084790121029e+00 1.399100087748240462e+01 1.879696238012838094e+01 -1.392690422187765620e+01 -3.708495381311762173e+01 -4.437511956130406077e+01 -1.567388471254548676e+01 -3.319679084965967775e+01 -1.756314563300741316e+00 -2.133678725566295498e+01 8.747552314128033686e+03
-4.778926001481633534e+01 6.344524309014332175e+00 -6.778361628968197827e+00 -4.969193394790850427e+00 1.937666146002277756e+01 2.358123486746989883e+01 -1.125164225220372671e+01 -5.258140370579718059e+00 -2.862945503035583883e+01 1.076879694220268524e-01 -2.942648855617008152e+01 -5.212602391611241615e+00 -1.749637510358403958e+01 5.499352457817386494e+03
-4.559057473188001097e+01 8.153142120021348305e+00 8.566642637997801124e-01 3.145705824194410472e+00 3.255769835942967916e+01 2.260799484702681639e+01 -2.901622064143984048e+01 -2.825847311023153452e+01 -3.267768561570829178e+01 1.633123263196130637e+01 -1.830092946131117060e+01 -3.961180472413882825e+00 -1.507491560879116932e+01 7.279619432880246677e+03
-4.510752062020122821e+01 4.982529148656955620e+00 -5.015032922093634937e+00 -5.597575499902728957e+00 2.224774982228801790e+01 1.320314744891333980e+01 -3.250305093276056567e+01 -3.237769698812838470e+01 -4.798576219643607033e+01 -6.605936811340143322e+00 -3.371977406909837782e+01 -2.826875071126234218e+01 -2.392400900441117173e+01 9.744821888429451064e+03
-3.926526239442227251e+01 5.044947853343679789e+00 -3.506715124730724220e+00 1.141319033855915421e+01 2.639809335138566837e+01 2.154065509695562497e+01 -3.192282008639504198e+01 -1.296879341906723226e+01 -3.162169146070696968e+01 8.669041840183139058e+00 -1.961567292573005261e+01 -2.010496120459864500e+01 -2.351613017802835603e+00 5.927483324441375771e+03
-3.939882526662279361e+01 2.687037880257089117e+00 -4.833892750844021258e+00 1.453292306619039032e+01 2.740460584809191502e+01 1.548468217996470209e+01 -4.305320243335913233e+01 -1.552447779531889260e+01 -3.904459295988244349e+01 5.741580075239697045e+00 -1.333632255701303393e+01 -3.430901868771621821e+01 -6.758407587163883790e+00 7.837523748359501951e+03
-3.742656964418507926e+01 2.138630180422638194e+00 -5.312764164454204519e+00 1.927442286186145637e+01 2.547809526187037221e+01 1.317137475708588390e+01 -4.256068037158124184e+01 -5.505967365918428946e+00 -3.087301589804851076e+01 2.402542592231434959e+00 -1.460837034623969899e+01 -3.208716756301623008e+01 -8.860607625786249386e+00 6.749812831032367285e+03
-3.781653305346514315e+01 4.612956845083894031e+00 -3.192483482820823504e+00 1.783088564105929663e+01 2.644792746335828326e+01 1.016484626147747861e+01 -4.746381164422851384e+01 -2.659189043638888528e+00 -2.834003802085415913e+01 2.897780845848765718e+00 -1.386017523401506502e+01 -2.971717688668493196e+01 -5.380871146471895017e+00 6.757927368147280504e+03
-3.845959050092210418e+01 6.285403505104661948e-01 -7.959961628553379853e+00 1.679437403217154312e+01 1.818613740757787056e+01 8.925369548757457139e+00 -4.283909746831337628e+01 -1.387703686889583921e+01 -3.512243618413227608e+01 -9.051431363623873239e+00 -2.861097965768625784e+01 -3.448150154561568570e+01 -1.729567195572132832e+01 7.885321699732491652e+03
-3.564157137478176196e+01 1.726160731734665221e+00 -4.698004150568887205e+00 2.599953992862297980e+01 1.630578931875033888e+01 5.382683619737676395e+00 -5.052339238996584925e+01 -2.736512941542131871e-01 -1.774350806576779860e+01 -9.077935382171049561e-01 -1.777050568591203117e+01 -2.696518558745982119e+01 -5.669790855363654458e+00 6.209603474343929520e+03
-3.648748831465702125e+01 -1.641700464060563247e+00 -7.987893365639838983e+00 2.774271783964234572e+01 1.809003337248068988e+01 8.364147631550503448e+00 -5.172847488560290685e+01 -4.159744138852082607e+00 -2.426683918976537058e+01 -5.644987486444087210e+00 -2.326424014344461355e+01 -2.974456867145017114e+01 -1.127762777659065740e+01 7.431738166941619966e+03
-3.791434463259942333e+01 1.537696670522416209e+00 -4.605228580531822047e+00 2.795952013029499383e+01 1.735811161492400956e+01 9.025773943117528120e+00 -4.150759857961497090e+01 -4.166473868939028158e+00 -2.253154175032701900e+01 -1.083539313731391474e+01 -2.574434952903947504e+01 -2.111957304011476921e+01 -4.802453607595770002e+00 6.122761391430886761e+03
-3.828773354966305931e+01 3.372932156287522965e+00 -4.554671702173622272e+00 2.103522017841294556e+01 1.137660360644370527e+01 1.443277019285683860e+00 -4.380081879244119847e+01 -2.623912746862129719e+00 -2.141289674859682890e+01 -8.736596674171790866e+00 -1.888870553554201948e+01 -2.244102987853534970e+01 -6.125077150325575204e+00 5.430199394662156919e+03
-4.159285440965597047e+01 2.523257316699583974e+00 -3.158011588996938013e+00 2.790490581408138482e+01 2.319110431757648527e+01 8.262874602680399860e+00 -4.419516973763556678e+01 4.541634987665190692e+00 -2.401170314798929084e+01 -1.593653537521909946e+01 -2.165155900443139458e+01 -2.344605106184039656e+01 -5.085585330441847240e+00 6.979836607488822665e+03
-4.367536364656862702e+01 6.935083371665529128e+00 2.673231710518636728e+00 2.957665951934055926e+01 2.438169121609770684e+01 4.166899337415706839e+00 -4.389073332347884104e+01 5.282894100737652643e+00 -1.982553195869600060e+01 -1.298186250823012244e+01 -8.687337264608762766e+00 -1.998104012244980510e+01 -4.143330954189919701e+00 6.457152541678541638e+03
-4.332965285760852225e+01 3.667743699494515841e+00 -3.655594394730728336e+00 2.007759990778165715e+01 1.014913928299270474e+01 -1.799122932180617251e+00 -4.103962749232579199e+01 -5.712768437771420516e+00 -2.457039387964163879e+01 -2.043299319067362418e+01 -2.648744075551524091e+01 -2.777197516747392569e+01 -1.103708944471073217e+01 6.746409100506038158e+03
-4.205024593122954002e+01 4.218316905244834381e+00 -3.384550305457235453e+00 1.855776688340070635e+01 1.426928824194560086e+01 2.385919662473184655e+00 -4.158450981612495667e+01 -4.213955359982954008e+00 -2.328415941495016028e+01 -1.339044777884326365e+01 -2.457377990976111803e+01 -2.220974017505928444e+01 -6.973373102120455691e+00 5.965424670346740641e+03
-4.353797514413598435e+01 1.315431040025342835e+00 -3.226406652566882194e+00 3.410721225832642745e+01 2.082112684901043309e+01 9.720793997757215976e+00 -4.315305418171967489e+01 -2.142465724091374479e+00 -2.146379789842777441e+01 -8.595852596850429350e+00 -2.125729470043177116e+01 -2.253535462063487671e+01 -1.776558200950413946e+00 6.963240917184953105e+03
-4.155683359965334489e+01 -1.878526443795185408e+00 -7.707039444563723585e+00 3.401264486993096625e+01 1.152881557902193244e+01 2.460933160465049063e+00 -4.777457445416992954e+01 6.555623607673932263e+00 -2.412038467831124677e+01 -1.723538875979598473e+01 -1.939838797388464542e+01 -2.552049797753989679e+01 -3.139221792768518426e+00 7.327413263517488303e+03
-4.024955138080169093e+01 -2.125470960665468978e-01 -8.420312996501150948e+00 2.491448287683139640e+01 8.931603027654073657e+00 -2.325601414874308936e+00 -5.011552626560206392e+01 1.111845750735553118e+01 -2.604424623158669050e+01 -1.626946412133031927e+01 -1.700722837095385032e+01 -2.296385388748824141e+01 -1.952245557343625704e+00 6.795466604919025485e+03
-4.107247988327739563e+01 -2.779506864174407177e+00 -1.134096997701989373e+01 2.848940412981328052e+01 1.093207626020060985e+01 4.693435043737429702e+00 -4.560071410774666845e+01 1.099106021096024577e+01 -2.875001896950831792e+01 -1.811522894928726757e+01 -2.253895910605467634e+01 -2.725055614652677960e+01 -8.133668960166234640e+00 7.448184334692899938e+03
-4.357814084549909239e+01 -3.760051811872764382e-01 -3.269663061922629232e+00 3.926461562059208887e+01 2.218768684805699820e+01 1.349383590439626346e+01 -4.187068913304734963e+01 6.173343368091031014e-01 -2.071573359911096546e+01 -9.425578209445676592e+00 -2.908326022472866512e+01 -1.815421377119792368e+01 5.221977974301131198e+00 7.600172941105125574e+03
-4.385785920084703093e+01 -7.158443668035697760e-01 -3.710355451382620462e+00 3.835407081342727054e+01 1.502139663099706546e+01 7.461794583626899957e+00 -4.261218511691171074e+01 -1.503947413883572448e+00 -1.447725240001680724e+01 -9.770928661012691308e+00 -3.558665757673021091e+01 -2.371778843683594218e+01 -8.120974468403452384e-01 7.642871717824972620e+03
-4.268391839777248009e+01 1.547385172086721772e+00 -4.901699011977346920e+00 2.998119082627786369e+01 7.053240457121761509e+00 4.238607371541236901e+00 -3.306993161464163222e+01 -5.253659853966572868e+00 -2.377638778377119522e+01 -1.613842155335093764e+01 -1.816479354424712156e+01 -2.300388678515005481e+01 -4.597054217669599652e+00 5.642181764965762341e+03
-4.326947212298124157e+01 2.320996842699347695e+00 -3.941217757523224119e+00 3.043694486981161518e+01 2.904843187694856166e+00 2.587923152529401971e+00 -2.812948128326452846e+01 -7.780286466135564183e-01 -2.183701465194335256e+01 -1.477947631932053696e+01 -1.054171743439800935e+01 -2.613387350404186549e+01 -4.478649964874265699e+00 5.136037146076781028e+03
-4.528105397051699299e+01 -1.408360833998114625e+00 -7.770196432927506613e+00 3.092778176837718362e+01 6.457598673142695311e+00 2.178140140901954513e+00 -3.576235851421476042e+01 -1.366465125317226859e+00 -3.842866830152095758e+01 -2.999714002973865945e+01 -1.057698761239074159e+01 -3.127351377486689898e+01 -9.715833198764963541e+00 7.957413058090726736e+03
-4.361887773670559909e+01 2.207976489213820948e+00 -5.118624598336848130e+00 2.669862379048481671e+01 1.274219693141336984e+00 1.319879614339659168e+00 -2.546729334899011121e+01 4.207295364334627585e+00 -3.234560084595869967e+01 -2.556457564538361282e+01 -1.081481198072696603e+00 -2.273888349678200171e+01 -4.649611778389113326e+00 5.555779304066510122e+03
-4.440971554221114559e+01 4.086142216498874769e-01 -8.518089304926711236e+00 2.491713802632526509e+01 4.805261520927561314e+00 3.770268692086961693e+00 -3.191531197889805682e+01 6.305923392138224060e+00 -3.147178278445602118e+01 -2.226270945308048965e+01 -8.794904545234084381e+00 -2.366364036670321980e+01 -7.264618059884878853e+00 5.937662926529557808e+03
-4.510213259886098314e+01 -6.514485002200799402e-01 -8.659368726283444673e+00 2.896939659719395266e+01 1.808849987939387916e+01 1.175208285227589400e+01 -3.905282947566615803e+01 6.040768907719665570e+00 -3.490458058203311964e+01 -1.355154679659339578e+01 -8.530341929276159973e+00 -2.062432459340056923e+01 -4.669499271698050791e+00 6.897664902363054352e+03
-4.551008640312786468e+01 -2.091646189080178075e+00 -1.046945735938105848e+01 3.228290668083386095e+01 1.597712051825665291e+01 1.403540973058482777e+01 -3.786296995202713589e+01 9.490440793430785504e+00 -2.896685484323337079e+01 -7.757062411375210687e+00 -1.160471515535639497e+01 -1.836233121675527968e+01 -2.586757732448060398e+00 6.581059249645886666e+03
-4.560471044432586751e+01 -4.186079416177451051e+00 -1.407520449299060061e+01 2.954984003034672568e+01 5.911832039074078615e+00 7.332175863447792707e+00 -4.006734655221718810e+01 8.636072755950717550e+00 -2.830838312261522915e+01 -1.678365481301667472e+01 -2.071900093584805802e+01 -2.178177421508688383e+01 -6.030438259402460588e+00 6.960446373496653905e+03
-4.745837826239975499e+01 -3.647601597519870342e+00 -1.077730031359953600e+01 3.756341113228389617e+01 1.749945911453976422e+01 1.417780408644821399e+01 -4.270399338522811661e+01 1.239207100844249254e+01 -2.939983179897388155e+01 -8.800377427364837857e+00 -7.490589704598882292e+00 -1.727988551741371026e+01 -1.220195237640809838e+00 7.575187402300350186e+03
-4.449253852441194823e+01 -7.191547986271138448e+00 -1.710927796436547865e+01 3.325187487339140091e+01 1.225339318755185580e+01 1.864701007757846796e+01 -3.330933807739867092e+01 1.887687610255619575e+01 -3.277015147831004782e+01 -2.074812490707324031e+01 -1.998504817595830829e+01 -1.561931148604269204e+01 -7.764001469918358822e+00 7.601436281619667170e+03
-4.517506802765897334e+01 -3.460819110349027117e+00 -1.201639963527102317e+01 3.291900032290322287e+01 1.920685097394166263e+01 1.271671398223169724e+01 -4.653550747376316821e+01 2.255682939810724363e+01 -3.092394698260015318e+01 -1.638540135298800493e+01 -9.601743193125049203e+00 -9.676547573393538215e+00 5.596108634607243060e-01 7.896714513935631658e+03
-4.521783168860686430e+01 -2.326946466144288905e+00 -9.781871501439280081e+00 3.139940170102733674e+01 3.179688713051047344e+01 1.601617827901710100e+01 -5.167947120727321675e+01 2.627064866985338298e+01 -3.802402866582747265e+01 -1.793274189348815284e+01 -8.953079351452378987e+00 -1.465744775899623420e+01 5.888527411289955715e+00 9.857232290935316996e+03
-4.591131540854966175e+01 -1.930153638814912975e+00 -8.890758925890313691e+00 2.461347119885343204e+01 3.023983305085446460e+01 1.750073958495003978e+01 -6.080839211858364735e+01 8.398225558174781114e+00 -2.141648029581292434e+01 3.290589677265860491e+00 -4.682292353120450912e+01 -2.189773989829916445e+01 4.000676336270266198e+00 1.094275326838029287e+04
-4.559033813289066472e+01 1.075061384276212895e+00 -7.628997267173903474e+00 1.644639755606085174e+01 3.212955815646745350e+01 1.340281966237015610e+01 -6.314916942278257750e+01 1.020892163419279086e+01 -2.372982651462560710e+01 2.513654683838004722e+00 -4.316295811029755214e+01 -1.736862340537924609e+01 3.965819429125029494e+00 1.046216492373546862e+04
-4.801951887501912353e+01 4.721673248251545552e+00 -6.435136620086443493e+00 9.350772093722836686e+00 2.100220539533083652e+01 1.292569315982247602e+01 -3.784310565582837427e+01 8.525432913506588051e+00 -2.174478004481835569e+01 -7.557479251744024795e-01 -2.710869584165402912e+01 -2.602011642539253344e+01 -7.657114885821872718e+00 6.513932012014833163e+03
-5.168546209904577893e+01 8.517321627765351622e+00 -1.137189171297062984e+00 7.287908941119398243e+00 2.829974650154628435e+01 5.561705384344297620e+00 -5.358155059492576555e+01 7.274856878080686151e+00 -1.578805927967543710e+01 9.416240457558668453e+00 -3.179628089766899279e+01 -1.744784969544143749e+01 1.480869928894291254e+00 8.209605215472834971e+03
-5.521580176929532513e+01 8.008683406249264891e+00 -6.123050909943151821e-01 9.493004885689826367e+00 3.527996877849957258e+01 1.097745969148826006e+01 -5.227504136124308332e+01 1.106333328762011092e+01 -2.157849566097075211e+01 2.584822611086425415e+00 -3.620569516108889729e+01 -1.649614502185179532e+01 7.258721861320699631e+00 9.531650933915625501e+03
-5.641108042397961242e+01 9.770962052824703648e+00 -6.746733927697265987e-01 2.793134326870248429e+00 2.677304898093979446e+01 6.534682970462386997e+00 -4.303076148677283186e+01 7.754248204744078166e+00 -1.804374475104895836e+01 -8.802634924287850993e+00 -3.815499664872969987e+01 -1.418372201358106111e+01 -5.984990064174747104e+00 8.053076461948538963e+03
-5.823192719793532035e+01 8.568992011506647799e+00 2.391115248891705347e-01 8.396974176181764449e+00 2.290843310100897767e+01 7.955262700195137704e+00 -3.319392529557877936e+01 1.951644329379064757e+01 -9.360454469220504947e+00 -7.054119545957922455e+00 -3.909422979785288987e+01 -1.238724233020505849e+01 2.162922669820543486e+00 7.429621587005625770e+03
-6.147573174366514337e+01 5.694651401977266936e+00 -2.363281239029461744e+00 9.439591596590947375e+00 2.235211545777296394e+01 5.434135286892349370e+00 -4.309396243780979319e+01 1.316236632077526814e+01 -1.513346092780266261e+01 -1.388135624861749662e+01 -5.194486707825981853e+01 -1.579503629652669794e+01 2.617806743617056009e-01 9.835404620704308400e+03
