-9.861741075195362782e+01 5.890273676830383387e+00 -6.135695022087372053e+00 5.291306943726249656e+00 1.839627577585104090e+00 9.172054327081323066e+00 -1.004958869376692299e+01 1.418109645989623857e+00 -8.584601059151140134e+00 8.696217150597551182e+00 6.734996282525361477e-02 7.689159661558320202e+00 -4.444285229671434578e+00 1.024444873966560226e+04
-9.733702591100751533e+01 8.105471596211044627e+00 -2.610326504109081291e+00 7.586782166370515057e+00 2.579858434520593047e+00 9.139750749033408894e+00 -4.987172211941926392e+00 8.500769999090149298e+00 4.702876698777903819e+00 1.060002065458250264e+01 -2.011357703230407079e+00 1.212573079845693513e+01 1.066180437411181625e+00 1.007858717669435828e+04
-9.411327549548384752e+01 1.547268127559371997e+01 9.015058547317471138e+00 1.548523595975979461e+01 1.037518795090992363e+01 8.250850596508408685e+00 -6.921455138525516304e-01 8.983201210731403208e+00 -1.244538352445907714e+00 -3.580071921190138617e+00 -4.897214552048086977e-01 2.657446480886444196e+00 1.939587210689839747e+00 9.700103971795328107e+03
-8.911171855271058462e+01 2.019796827302416631e+01 1.682415048607504460e+01 1.779072942931529511e+01 1.447891287870349153e+01 1.293225927079857662e+01 1.274676008784084225e+01 1.927548079480096543e+00 1.967224674556936392e+00 -3.080272630736334172e+00 -1.347301861154235336e-01 -3.553299072179893603e+00 -2.123196458700414180e+00 9.522006083434211178e+03
-8.903356268012117880e+01 2.039997067365830929e+01 1.792011505020657225e+01 2.163110835980166868e+01 1.655314435330616263e+01 1.031023768394349993e+01 6.022876408592673592e+00 2.615647046533645437e+00 4.133901725990846820e+00 -3.177875204910936002e+00 2.227734482170595498e-01 -4.337841366708119928e+00 2.195698257055954894e+00 9.606469318939462028e+03
-8.742793404295603921e+01 2.085348374047738673e+01 2.163732101820016851e+01 2.716059827803033855e+01 2.675142924880602635e+01 1.321360461897759997e+01 4.448640063744571549e+00 6.007732615909111118e+00 8.817209453727196333e+00 -7.113603528237593565e+00 -1.172333856534815943e+01 -1.827837416267352566e+01 -5.190764990748426566e-01 1.083065636554878438e+04
-8.507078043483021190e+01 2.088916749367277248e+01 1.949441713112006980e+01 2.332225576934761335e+01 2.335887362972430381e+01 1.256996385777261693e+01 5.371619050708427601e+00 5.345365576303674260e+00 -9.207386124152039386e-01 -6.870899897442184212e+00 3.834060353233037066e+00 -1.188679738746966130e+01 -5.362633905613354734e+00 9.591233947149870801e+03
-8.665821890007714501e+01 2.275301967450899454e+01 2.117830138439902754e+01 1.909454511791251718e+01 2.308515429691036047e+01 8.034315651802447888e+00 2.297182444825364378e+00 6.220755626443081887e+00 2.922479927826691970e+00 -9.056327525425492908e+00 -1.755994796395841773e+00 -6.743885687222146430e+00 -1.410725988778479989e+00 9.623029951563445138e+03
-8.786310757272626404e+01 1.930807476008695289e+01 1.680591642117689233e+01 1.740432984309371633e+01 2.173826875629528033e+01 9.479482760832272703e+00 -8.495034680858000176e-01 -2.233866942328350813e+00 -5.873691585978997765e+00 -1.514887980684093804e+01 -1.042311745640808596e+01 -8.814900243368313681e+00 -8.163029409754376076e+00 9.763169392116957169e+03
-8.661036360096822762e+01 1.960699633572536627e+01 1.682570200715324660e+01 2.042384655367443358e+01 1.416333977162992142e+01 3.629381527290320708e+00 -3.771197519476237048e+00 -3.652729162372052585e-01 3.362892581125416669e+00 -7.123552298134320893e+00 -7.081647384475166618e+00 -8.889355924945013143e+00 -1.921682236934211030e+00 9.009072388188729747e+03
-9.049589648565866185e+01 1.616198486926655775e+01 1.682894435589783200e+01 3.213507627013094492e+01 1.969468451196851433e+01 1.386809730207632896e+01 6.497121303623002220e+00 2.215938220370334388e+00 -2.913031438798817430e+00 -1.815142802429042135e+01 -6.879351243232570745e+00 -1.017786942121448490e+01 6.230924330588328175e+00 1.092162022789580806e+04
-8.087528077562920714e+01 1.206258199097911543e+01 7.806044278650425383e+00 2.642183414181373635e+01 -1.032277745734824448e+00 1.143275052792651891e+01 8.387896650399650156e+00 -6.528593920366862591e+00 -4.699754240510486625e+00 -1.221526142422088901e+00 2.858088450327157748e+00 -1.564412371926349898e+01 -6.191528550148102994e+00 8.004939420655330650e+03
-6.241262285643479402e+01 -2.822910804455404765e+00 -1.439707811909699942e+01 1.565487341060189230e+01 8.662930831661361353e+00 3.041046363719269152e+01 -8.924947382032824450e+00 -7.285779316355054824e+00 -3.626904876623399332e+01 1.033036105255947668e+01 -4.750961536813028019e+00 -6.409688691173943909e+00 -2.870642203233867917e+01 7.798109840765156150e+03
-5.586264818093651741e+01 -4.587174815716842602e+00 -1.529627560420387056e+01 2.039411195174257330e+01 2.143047383816087503e+01 4.309068663439654756e+01 -1.145964448363888089e+01 -2.923490193281498950e+00 -3.191697454635007603e+01 2.663181508596861491e+01 -1.099086485399172375e+01 -6.602389900742910989e+00 -3.055713587224962069e+01 9.073592268711327051e+03
-4.985811251561038659e+01 2.979760755092056845e-01 -3.688196811026154265e+00 2.905992804322418976e+01 2.553643814612844665e+01 3.447239900936730805e+01 -2.046228875285376603e+01 -2.664627437447901670e+01 -2.970169251800700394e+01 1.525281468573394505e+01 -2.573839686157688789e+01 -2.352132889629819701e+01 -2.598972289853787387e+01 9.319210129318549662e+03
-4.329219662050721240e+01 -1.571611289428883174e+00 -1.231747594781947441e+01 1.903722515209101118e+01 1.838751233701945154e+01 2.235910816388402012e+01 -3.464256692722302233e+01 -8.954293684359204697e-01 -2.431016261794977140e+01 5.885303984381955900e+00 -2.914884361050106065e+01 -1.636640837041786511e+01 -2.540211355398857762e+01 6.818162559665733170e+03
-4.044736603707352174e+01 2.706369764166683733e+00 -5.413834982078990166e+00 2.244949958041528149e+01 1.517495193136274878e+01 9.489155091092051464e+00 -4.500248554394959655e+01 -5.318002009768639127e+00 -1.721857955442889221e+01 4.443535099700365087e+00 -2.774463648206972266e+01 -1.667245515922381571e+01 -1.211461432321167564e+01 6.061155559046071176e+03
-3.768141475766052650e+01 3.463586910570928823e-01 -1.191926726043044305e+01 1.046786361661305698e+01 5.596428069080754852e+00 6.849868451260001656e+00 -2.988956310511000680e+01 1.322568450476819590e+00 -2.954312754840318789e+01 -1.431522956078000242e+01 -2.640308972723233794e+01 -2.791919263703543663e+01 -2.681533457057992820e+01 5.918418773555163170e+03
-3.701738550562113517e+01 -2.195801321655626470e+00 -6.655285150212775669e+00 4.152541737306454195e+01 2.794879688659105810e+01 1.721600284231817213e+01 -5.110908705871378288e+01 1.497646281621747733e+00 -2.497283388863752407e+01 2.371458999539799883e+00 -1.300849212261773857e+01 -2.041507909623030770e+01 -5.399668758832874005e+00 8.080088201919121275e+03
-3.262203458234049691e+01 -1.211941256597004246e+00 -1.259638430879482129e+01 2.012618333001494619e+01 1.690235337292653739e+01 1.702413476839183204e+01 -3.631935085271070562e+01 1.121895943847847477e+01 -2.547301724276364610e+01 -4.934400660557225926e+00 -2.227317933255346105e+01 -1.421839549271171421e+01 -1.105941839077315336e+01 5.143660046827720180e+03
-3.245883739172455051e+01 -2.980453549221637743e+00 -1.070480594223962001e+01 2.907860018309236239e+01 3.336719213496471781e+01 1.624987791613791543e+01 -6.434363968102083220e+01 6.577933995034351611e+00 -2.567239195112278338e+01 9.986696500749317806e+00 -2.699876975500797016e+01 -2.075684368364613164e+01 -6.659488242876437702e+00 9.546353040494155721e+03
-3.264599418999281255e+01 -5.657021994542362542e+00 -1.569902026411985396e+01 2.324620000369428396e+01 2.784475163466397163e+01 1.379028727798401732e+01 -6.526485879473804630e+01 4.207494247286351019e+00 -3.425481479967459109e+01 -3.412827219475852991e-01 -3.445486238046886740e+01 -2.381026686095651002e+01 -1.167186304012390252e+01 1.019112245183900450e+04
-3.018070805100310849e+01 3.990879324979714760e-01 -1.180161044683366711e+01 1.220436026916919126e+01 2.351462558536095315e+01 1.253229128692924199e+01 -5.234114392495826706e+01 6.931561246898015227e+00 -2.729488131002763041e+01 4.709487022028326031e+00 -3.075042327426108457e+01 -1.846541049231164777e+01 -6.758208721082969106e+00 6.796319773421750142e+03
-3.298115933631311236e+01 -4.268156106688802964e+00 -1.362969090902362801e+01 2.241651241096389668e+01 2.788398594191943758e+01 1.380745805864323117e+01 -6.323221853223361677e+01 -8.228114121570341277e-01 -3.389525240150614849e+01 3.258537309406994265e+00 -3.400780674339572585e+01 -2.359454453354905468e+01 -1.133130962095616212e+01 9.762533809569596997e+03
-3.086648238100419661e+01 -1.372595160906574296e+00 -1.180806956489953841e+01 2.060008085817743506e+01 2.621266848849521480e+01 1.996943686211909963e+01 -4.823932979606103544e+01 7.903873810958366164e+00 -2.320329320428578157e+01 6.646802504479514262e+00 -3.447702282622566372e+01 -1.652088988042174833e+01 -6.424125681540117760e+00 7.079251243767088454e+03
-3.155111079987463540e+01 -3.018404365808823542e+00 -1.337977718910456915e+01 2.218605484012296003e+01 2.173380917797966561e+01 1.699995721246471447e+01 -5.087614325357510126e+01 2.651978739704784704e+00 -2.485863403390817794e+01 4.287281937006879318e+00 -3.607083979582292699e+01 -1.544465670044165151e+01 -7.614300934834473900e+00 7.266547730160937135e+03
-3.199241794126329452e+01 -3.079546371954085870e+00 -1.156399431011727508e+01 3.130252734014935356e+01 2.331936054320047802e+01 2.373743227539610601e+01 -3.760388660551210194e+01 9.955832900001496455e+00 -2.433592159659889376e+01 -2.903536835109659653e-01 -2.575501584940038313e+01 -1.735243334963385919e+01 -7.748741009841212168e+00 6.383793914627742197e+03
-3.301612645637084142e+01 -4.115845890409248753e+00 -1.156110685979305686e+01 3.302374960376497626e+01 2.320701447101179227e+01 2.217347356537364789e+01 -3.959052315072431583e+01 5.613230942703558490e+00 -3.062761739800210137e+01 -6.597789225210742181e+00 -2.414161478620517798e+01 -1.567357153723799712e+01 -5.276128390804029067e+00 6.798276069022021147e+03
-3.245494352929048887e+01 -3.984466318785783390e+00 -1.166732437682640722e+01 3.365536534041090988e+01 2.194752234552195702e+01 2.429269558974158372e+01 -3.199268181517294352e+01 6.852576895899737508e+00 -3.361710391253357244e+01 -8.135632825279250468e+00 -1.312703731479213687e+01 -1.807420570115355574e+01 -1.474016732777749716e+01 6.392894451786023637e+03
-3.213564904285429691e+01 -2.947569259775955075e+00 -1.158485714534214317e+01 2.971390112405464023e+01 1.203819925485248454e+01 1.667184736739511308e+01 -3.172119909248291592e+01 2.508506725163432982e+00 -3.533094478668299132e+01 -1.010515791886984793e+01 -8.300752174608104994e+00 -1.721681978142247260e+01 -1.677266866060011452e+01 5.490942412964597679e+03
-3.107471045439300994e+01 -5.374713122729960268e+00 -1.208201860471062439e+01 3.840072675713928163e+01 1.007135068743954953e+01 1.764185175860697186e+01 -2.965300657482569946e+01 3.757576738273324501e+00 -3.007497974421538700e+01 -8.703790145358736297e+00 -3.318615224829986943e+00 -2.261012853937725708e+01 -1.900794197845642586e+01 5.784996727373187241e+03
-3.155791811912772360e+01 -5.284538213431626552e+00 -1.319951775279913342e+01 3.490427355249607899e+01 5.195179520260534645e+00 1.364609842390110472e+01 -3.174738170845502339e+01 1.469181372575202316e+00 -3.161054827189081706e+01 -1.144092294191403525e+01 -6.108547393514506041e+00 -2.350681053665133291e+01 -1.810733408331989480e+01 5.687506273249271544e+03
-3.209338739450738132e+01 -3.885667260982419435e+00 -1.193862968408653380e+01 3.668640109236934421e+01 3.148077929819130372e+00 1.161656880347953802e+01 -2.915584049703824476e+01 4.845281783739316950e+00 -2.528883411411842985e+01 -8.748874127290404701e+00 -5.378590505045577785e+00 -2.679294978963522311e+01 -1.910566104995410441e+01 5.379787292184892067e+03
-3.503912657976324141e+01 -6.840811759106139256e+00 -1.326073947032404554e+01 4.298261546443325898e+01 5.333587972377327624e+00 1.357090567733635389e+01 -3.343974878883192758e+01 -2.210357247303974260e-01 -3.331388915758935809e+01 -1.161553296860382822e+01 -3.654844803941325049e-01 -2.585635477161017803e+01 -2.129186189335849022e+01 6.995535698688884622e+03
-3.825387518001365095e+01 -1.689623948494538341e+00 -9.275683881642283524e+00 3.390292695654670041e+01 1.180173545727351936e+01 1.402671959217802033e+01 -3.375727079613712789e+01 -5.188307362684988489e-01 -2.638731614469504549e+01 -7.096497479327965152e+00 -1.000113168337768421e+01 -2.118704147346389632e+01 -1.711164930231850789e+01 5.765885535312447246e+03
-4.090915431647513145e+01 -3.630798817194544448e+00 -1.210925607136399051e+01 3.316829942056666880e+01 1.022330690790153263e+01 1.435614317165570242e+01 -3.835509885491688920e+01 -2.500167841485528175e+00 -2.296537053828154740e+01 -2.051172534340011122e-01 -1.297478779584931452e+01 -1.620659615066517034e+01 -9.174245933945657683e+00 5.764107056941436895e+03
-4.210574863838492377e+01 -1.480198291648039621e+00 -8.863284890223841472e+00 3.280532056921475004e+01 1.881259654485921473e+01 2.088631528053253206e+01 -3.663741959497427558e+01 -2.288051390687221964e+00 -1.986551917246854160e+01 4.061542580483954445e+00 -2.092335347555226122e+01 -1.437781628999993444e+01 -1.103113166688237534e+01 6.244848748486540899e+03
-4.060662219253617877e+01 -2.604690541234207846e+00 -1.354653094436348937e+01 2.250014755645214137e+01 1.986412279017956806e+01 1.917831913830129764e+01 -4.392097049606922354e+01 5.750192232487825184e-01 -2.635978389425253354e+01 4.579617956152238989e+00 -2.389082636658899617e+01 -7.752446124443368447e+00 -9.232971841999971119e+00 6.469151797011310919e+03
-3.857217612839709631e+01 -8.918777723563608983e-01 -1.064463264035831713e+01 2.452234321504746362e+01 1.927549150829011637e+01 1.599939611862675548e+01 -4.598093610268185216e+01 5.075502287159620707e+00 -1.930909832611199661e+01 5.542136213876257322e+00 -2.864521522751615024e+01 -1.886203582180636573e+01 -6.111383837072390079e+00 6.588024510596923392e+03
-4.003755498441562111e+01 -5.630581403017865583e+00 -1.316650253983027241e+01 3.155791093616211285e+01 2.664717261574780593e+01 1.968970171053894092e+01 -5.213027656983098979e+01 -3.454714320782540149e+00 -3.035755330074225000e+01 3.130153111667616006e+00 -2.520407036012042923e+01 -2.295948489086195110e+01 -1.889781117016642398e+01 9.082114013105736376e+03
-3.994283190824585716e+01 -3.786153667289070546e-01 -7.706334951088792629e+00 3.263161799344924674e+01 2.036604330864739865e+01 2.012877086637934809e+01 -3.610980746170857003e+01 3.932613047962485897e+00 -1.897318842942675587e+01 8.523979087216982942e-01 -1.857357893460201836e+01 -1.086934806985565416e+01 -8.158455211725645029e+00 5.749499453361278938e+03
-4.013475243194575626e+01 -1.795310190035030784e+00 -1.187018625987520970e+01 2.708043253403166517e+01 1.656929000363006921e+01 2.188567246527972188e+01 -3.459276689040738972e+01 1.020112941072675383e+01 -1.778489015240246829e+01 3.089290523298210633e+00 -2.272247454212955731e+01 -1.186564764619612689e+01 -1.389539321811026973e+01 5.718551662134422259e+03
-4.038575361443665201e+01 -3.181976761801311726e-01 -7.629497622255077438e+00 3.049542207540573813e+01 1.286033233437267853e+01 1.096559052131235745e+01 -4.673234158326955168e+01 -6.354157614097910578e-02 -1.432619515550090306e+01 -9.890977586820310918e-01 -3.091268366949050872e+01 -2.153383416765496960e+01 -1.096435780816579175e+01 6.834573806676401546e+03
-3.520886219849935372e+01 -5.601100685419712732e+00 -1.343104650384859333e+01 3.586225668477995754e+01 2.617883497379903801e+01 2.409048602122444294e+01 -5.458009691175114142e+01 1.167029338086990187e+01 -1.913692890438587213e+01 1.072292926061899543e+01 -2.566320110845049740e+01 -1.429254290778812653e+01 -8.904061469867672329e+00 8.541758659113331305e+03
-3.001059184660531542e+01 -1.550749979421595759e+00 -1.477070072404350043e+01 1.403740631235962866e+01 1.605964774320402100e+01 2.049207854238707682e+01 -3.383655369671186719e+01 2.127910556990329027e+01 -1.888830589740103250e+01 -6.699644562883046994e-01 -2.767326424081768721e+01 -1.171269966008435404e+01 -8.425920692979607551e+00 4.925023071528780747e+03
-3.159615139249545734e+01 -4.210408313259960345e+00 -1.348824631402440843e+01 3.017346624711941416e+01 2.399374643055538670e+01 2.166137786250747155e+01 -4.989060472338086072e+01 1.008632068978487517e+01 -2.436165588227329337e+01 1.413849729658575027e+00 -2.811422817308780608e+01 -1.128497742786976943e+01 -7.247034727190793113e+00 7.309905940411083066e+03
-3.135735236450758023e+01 -3.003311122220456042e+00 -1.272448683454478946e+01 2.712544926024569847e+01 2.793874661374150392e+01 2.367609846861986611e+01 -5.317967796059541996e+01 7.866915553733190514e+00 -2.300723602665596346e+01 1.148121381694996401e+01 -2.873502224359209123e+01 -1.100527731567965617e+01 -6.822666899237281868e+00 7.775621293195725229e+03
-3.408455663730682517e+01 -1.027701368213267408e+00 -8.211887544229137248e+00 2.369604209289723329e+01 3.069816112077865355e+01 2.685050753218985875e+01 -4.514367107871788676e+01 -4.627895105958932831e+00 -2.168692723351584206e+01 1.498488302532181748e+01 -4.490060036567151514e+01 -2.022608831085621972e+01 -1.357529732514420218e+01 8.818762772816877259e+03
-3.205723691301813005e+01 -8.436444286348830923e-01 -1.082588879408446481e+01 2.162850032003240841e+01 2.633323264900081284e+01 2.571659984973113211e+01 -4.358033949273542618e+01 3.941042652015305681e+00 -1.940455319026841963e+01 1.416925764105257457e+01 -3.403167880798335432e+01 -1.160524399844029020e+01 -8.142767793514154917e+00 6.819376590464189576e+03
-3.385900756913667919e+01 8.440501089801488721e-01 -7.934581453092319769e+00 2.771310281303154355e+01 2.221562288244670569e+01 1.765259212721493753e+01 -4.268558288096178899e+01 8.992656784860180608e+00 -1.653455772477797225e+01 7.598883567350248391e+00 -1.978277316882676118e+01 -1.200537461731006417e+01 -1.856132862455116550e+00 5.556260229095840259e+03
-3.599923686867474970e+01 1.637427274260367938e+00 -4.759366952140696938e+00 3.331598656500013078e+01 2.156856960577079008e+01 1.368223848481608051e+01 -4.133482887190985622e+01 7.100057838452664249e+00 -1.587597451085153644e+01 -2.658913410943784417e+00 -2.242022169900781137e+01 -1.686011339971815914e+01 -2.655443880542017521e+00 5.895716036046477711e+03
-3.477072790785300782e+01 1.627588475109718713e+00 -7.607219192186703616e+00 2.178609805638979324e+01 2.750363259580934638e+01 1.943206056835116868e+01 -4.026041651739640770e+01 4.902353890369316680e+00 -2.531965367842284920e+01 1.123376376074315885e+01 -1.013492101874509466e+01 -1.846549226053613424e+01 -1.785986495344228331e+01 6.053093526827637106e+03
-3.537253748673896325e+01 6.206227385211135150e+00 -5.221290221323081404e+00 6.260907977215460107e+00 2.770914312053534800e+01 2.013917060215662858e+01 -2.944873982465596995e+01 1.962682378012641005e+00 -3.123506895051865939e+01 1.003234335037173253e+01 -7.822412510894949378e+00 -1.343278593226162521e+01 -1.937090558625144610e+01 5.093797015343904604e+03
-3.809537931889792617e+01 5.033168544549762480e+00 -3.888355424657342851e+00 8.786715309246446282e+00 2.883763069436545123e+01 2.809070669732114567e+01 -2.005586476115779959e+01 -1.154209929087159026e+01 -2.924885372791406724e+01 7.265857275897547041e+00 -2.443902320928795646e+01 -4.150410422045495373e+00 -1.821186967985716620e+01 5.579522984742756307e+03
-3.888909453042479214e+01 3.832372876398598915e+00 -4.694724682519386683e+00 1.269638246630489498e+01 2.840307864847088126e+01 3.404245965307091382e+01 -1.112146120904685986e+01 -4.447748595345579758e+00 -2.218294955600361007e+01 1.108268633430223638e+01 -2.711546289619550620e+01 -5.247101662544185530e+00 -1.941595507676547427e+01 5.574049528633071532e+03
-3.750510865095528601e+01 7.258557603315780149e+00 -2.796629401985252450e+00 8.405352962250313809e+00 2.361116885475188099e+01 2.155051732121546237e+01 -2.211339448238304684e+01 -2.064095878677408624e+00 -1.764967095794751728e+01 9.871685552915339557e+00 -2.321207081379840531e+01 -3.055574728786137673e+00 -9.233429385357965202e+00 4.095319773843981693e+03
-3.905990649480373378e+01 6.082525003147129183e+00 -2.705311189128169591e+00 1.165888162488759328e+01 2.274787577005934125e+01 2.438617891920238989e+01 -1.952674445730680475e+01 -7.145089433306484494e+00 -1.795424734322676130e+01 4.582825559456603415e+00 -3.637697553408554541e+01 -2.965727107737631929e+00 -5.607155100453620200e+00 4.957296623985942460e+03
-3.778677133316926984e+01 7.055174002278031153e+00 -2.997483050103181057e+00 6.763726285250003301e+00 3.032703203315867668e+01 2.762392271434267244e+01 -2.129339125106500674e+01 2.955890041916485966e+00 -2.121924839537788543e+01 6.155314158374411981e+00 -3.817322077604966069e+01 -8.540075218145378955e+00 -4.106257715588594870e+00 5.712437657292595759e+03
-3.722274961479573818e+01 6.781522755119611112e+00 -3.630075525828384997e+00 6.869374674462215502e+00 2.385226199992344931e+01 2.184764310974908597e+01 -2.279514236216931877e+01 7.301777017612229415e+00 -1.701632801105974124e+01 4.766887337776233302e+00 -3.642036582214379337e+01 -6.411310468955974784e+00 -1.405001384971305174e-02 4.790899051217837950e+03
-3.847355731624814723e+01 8.453915013397477196e+00 -1.659185823087430567e+00 3.098838887499362205e+00 2.408285533458549210e+01 1.704603689697900037e+01 -2.717779558124059136e+01 3.410717501067865864e+00 -1.974855772555733324e+01 3.169940026019033574e+00 -3.746702038557103265e+01 -7.611380063557604103e+00 1.027130885650584302e+00 5.047675626063327400e+03
-3.854386045668415761e+01 6.881852347276541160e+00 -3.598770586852935160e+00 2.888595899820701529e+00 3.122797871997177310e+01 2.992789722476310388e+01 -1.682200182188487858e+01 6.355680090678237804e+00 -2.357092103958929385e+01 -1.744269029793155346e+00 -4.620857608265202288e+01 -2.555648462207268601e+00 1.682322610584584988e+00 6.451749153702405238e+03
-3.878246895087964674e+01 7.051767572299353581e+00 -3.847315423061502759e+00 3.372467921055420703e+00 2.300233834120131249e+01 2.503768547839399261e+01 -1.589262581793628115e+01 -2.015612471332577649e-01 -2.275724626696386821e+01 -2.926318884012793387e+00 -4.075913409850783609e+01 2.125925071751751716e+00 5.807776246677841314e+00 5.214604579934606591e+03
-3.920435658701862280e+01 8.378860937916428497e+00 -2.246810583071761069e+00 3.290250944047520054e+00 1.966184058219185360e+01 2.056165590773445828e+01 -1.919263420683056509e+01 -5.880833753156140098e+00 -1.539791243303684531e+01 3.298672714943070350e+00 -4.259877429563452722e+01 -3.035899784132674029e-01 -3.398206995063528080e+00 4.909644375389607376e+03
-3.861719876310053223e+01 8.339541255628599714e+00 -2.016362436438796646e+00 6.110841414490804091e+00 1.805725614544758173e+01 2.398743142860386968e+01 -1.136296484456134870e+01 -2.686286344958699779e+00 -1.272092835376509434e+01 5.242851936332168172e+00 -3.696096551583875822e+01 2.178855349041368683e-01 -9.162888698012170430e-01 4.196348105231599220e+03
-4.012849786588164136e+01 7.690860688522171529e+00 -5.463646356108281532e-01 1.108234828734294553e+01 2.095771675613319829e+01 1.909584989103375108e+01 -2.131318750876075185e+01 -5.024451595813528293e+00 -2.010670770250594686e+01 -4.476195412493074066e+00 -3.525726238521760791e+01 -6.549309473937412918e+00 1.632644799487491527e+00 4.788886641824427898e+03
-3.838049621837086534e+01 7.419580502605533923e+00 -1.528459100309840779e-01 1.820947545725996264e+01 1.948155132694796521e+01 1.511219843503755023e+01 -2.644945416666158877e+01 4.139604346093442855e-01 -1.303879888341695370e+01 6.792752698321135263e+00 -2.519136050751278688e+01 -1.945312319311464222e+01 -9.371694680329406779e+00 4.484384468614032812e+03
-3.497599507945547970e+01 5.125933928696300157e+00 -3.932492977469530970e+00 1.306607722071306377e+01 2.129413339790096771e+01 1.924230174632619139e+01 -2.916532852561854838e+01 -1.046971721818527357e+01 -2.591389731522461304e+01 1.357436639724201832e+01 -1.426829273181032320e+01 -1.109047243635901125e+01 -1.225959807413618385e+01 4.552393964127443724e+03
-3.487736654101195199e+01 5.117292917837875876e+00 -2.412772725632953197e+00 1.205148349530411167e+01 2.683537024756596168e+01 1.890345300346213975e+01 -3.175269813017281351e+01 -1.576098243674033306e+01 -3.056622866517695059e+01 1.202962220986151110e+01 -1.374977668024089894e+01 -1.783545027108169734e+01 -1.685114030803340412e+01 5.597923868134997974e+03
-3.150832899471352988e+01 2.870816632616926878e+00 -8.090490182862058788e+00 6.898844850905653914e+00 2.295496401368237471e+01 1.870650469358868762e+01 -3.510543614686165625e+01 -1.077459233516994175e+01 -3.076544615496560908e+01 1.631239244940283584e+01 -1.234564523969008043e+01 -1.248828565020030901e+01 -1.227786434782275471e+01 5.011138665970504007e+03
-3.312366499246162732e+01 3.180486795494254171e+00 -7.113721066225513923e+00 7.760378165151159635e+00 2.927246441103238439e+01 2.167804267115131367e+01 -3.904862357791558480e+01 -1.200171851208613383e+01 -3.430700272234620485e+01 1.399213543321876152e+01 -2.030772877961220146e+01 -1.833884963377298760e+01 -1.224930799711473739e+01 6.485285223041077188e+03
-2.981412576896687483e+01 2.234883623024932486e+00 -9.103398739141111307e+00 5.725893891860860840e+00 2.374126871958161189e+01 2.304127981966247418e+01 -3.158883639171963154e+01 -8.824274572257836624e+00 -2.862993886345524785e+01 1.938633882133746766e+01 -1.943782598057153521e+01 -1.426753507051901160e+01 -1.467291526712399374e+01 5.171994962590234536e+03
-3.232752618460352068e+01 6.812844512431311950e-01 -8.876839525580784596e+00 1.230566851826093888e+01 2.826934598584166736e+01 2.881221440586333671e+01 -2.845428802407718294e+01 -1.025201355267574499e+01 -3.004800324728324767e+01 1.665884950021836985e+01 -2.157332077544592863e+01 -1.676177785650869012e+01 -1.989354373125626196e+01 6.142328979840321153e+03
-3.012371772201581166e+01 1.672705531509365517e+00 -1.111068061267381957e+01 3.061632776937374345e+00 3.216753968649008755e+01 3.241006560914514267e+01 -2.516152834016399353e+01 5.531541477928395345e+00 -3.583197384523671047e+01 1.555371375867519035e+01 -1.685401856358070205e+01 -1.904002747622820024e+01 -1.933938684064992586e+01 6.338361386676301663e+03
-3.291053325114156536e+01 -1.091909142697641971e-01 -8.896452404349874499e+00 8.102502472347529405e+00 3.195435750741905068e+01 2.580568567415276959e+01 -4.069553944476699314e+01 -1.897948118417301799e+01 -3.281439775950273230e+01 3.158814874727216804e+01 -1.770626746974185650e+01 -1.409113065655737884e+01 -2.452287221567431175e+01 8.119313520968751618e+03
-2.952265928311650711e+01 1.243148088849291177e+00 -1.059799746269115239e+01 4.586833375051583062e+00 1.930640141926603803e+01 2.828892781713345883e+01 -2.056251289455936870e+01 -1.475899195524440977e+01 -2.771060892796820596e+01 2.024524122475754595e+01 -2.534869887845712100e+01 -8.330064962901550629e+00 -2.110590976529804763e+01 5.155288355371375474e+03
-3.205288023667168318e+01 2.183780298877283421e+00 -7.756397904451007186e+00 2.408340083348134986e+00 1.984254777196364827e+01 2.072821328593118650e+01 -3.143401004594619508e+01 -2.125542830831235008e+01 -3.460179406630053478e+01 2.046521057715512981e+01 -1.810264702401515180e+01 -2.134938055381731914e+01 -2.034456451048340497e+01 6.174905767520574045e+03
-3.064552305338744631e+01 3.296855026656901888e+00 -7.334151706590911424e+00 7.082385666460507823e-01 2.162809775797042633e+01 2.204810054527683150e+01 -2.681512518084367258e+01 -1.635063960685812390e+01 -3.756097937696397082e+01 1.553912024286615434e+01 -1.382534205741575839e+01 -1.645304071468273932e+01 -1.700258694515642688e+01 5.347818447975831077e+03
-3.296487921886009076e+01 1.367721245794817131e+00 -7.789643649695031868e+00 2.236481083078669219e+00 2.546201643138078907e+01 2.417111498723591012e+01 -3.109875559199505091e+01 -2.160603729261762851e+01 -4.221640174406944368e+01 1.602174885264741278e+01 -1.610927843311404573e+01 -1.735827731531085050e+01 -1.841845828972421373e+01 6.759724107758265745e+03
-3.104278021245810493e+01 9.441745930873238768e-01 -1.037265095917634206e+01 6.892181204718329290e+00 1.474466836889388155e+01 2.448946226046806274e+01 -1.723918420622941383e+01 -1.593094710740260922e+01 -3.539787873542898922e+01 3.333576752122114240e+00 -2.127463317209308968e+01 -4.384334057260461215e+00 -1.415879598620195878e+01 4.424189732053595435e+03
-3.424933108161597062e+01 2.712360970526070059e+00 -7.687735108014981833e+00 1.524129098753066236e+00 1.783404270999488972e+01 2.353885401578387970e+01 -1.983300444458838285e+01 -1.913742037425744158e+01 -3.824345486032627406e+01 1.055370827296886560e+01 -1.318384537357419539e+01 -8.707161449831220423e+00 -1.442184448759818238e+01 4.905078109548616339e+03
-3.358476548978808296e+01 8.316508924683456705e-01 -9.962817188964434578e+00 4.901436496223360528e+00 1.453870663314874889e+01 2.645791272255979365e+01 -1.094837792020740785e+01 -1.835377978503476726e+01 -3.927660059979184126e+01 -2.756686676631471045e+00 -2.361178933238013045e+01 -6.498458179800596923e-01 -1.357045990171882011e+01 4.912380223075520917e+03
-3.562537503474429457e+01 4.461000169768210455e+00 -4.879572866007943155e+00 1.530149466445950956e+00 2.466063081598682416e+01 2.466476124896498945e+01 -1.730409250012271727e+01 -1.651363767156578888e+01 -4.512499929039362456e+01 -4.505688814242125417e+00 -1.624842187021681283e+01 -8.739315149310399988e+00 -1.318107998111878665e+01 5.674542968405572537e+03
-3.717713604065767186e+01 4.021820411483641777e+00 -6.892730669520118703e+00 -2.859159076484473427e+00 2.238974574393626682e+01 2.437310390351209577e+01 -1.409010776091302297e+01 -1.229832303040630492e+01 -4.397721538796901086e+01 -1.089099547491919040e+01 -2.977776064424528357e+01 -2.145106413600351658e+01 -1.551398631680590334e+01 6.539284013464321106e+03
-3.965300643646051526e+01 1.233939265078917913e+01 1.045447942579041278e+00 -7.821539392531985158e+00 1.897286948408536489e+01 1.090294347217743010e+01 -2.260171798674192800e+01 -1.256408686213399939e+01 -2.356032128956304561e+01 -1.553811478467393536e+00 -3.509208060525352835e+01 -4.494978319919273879e+00 -4.689161094096713223e-01 4.743810760756870877e+03
-4.231840287731639449e+01 6.798292333308511459e+00 -5.184682710330312361e+00 -7.751061309414548184e+00 3.033541527298064722e+01 2.579988983905309041e+01 -2.001131443619339478e+01 -3.394417401725708050e+00 -3.721185066565814736e+01 -1.109086583781787461e+01 -4.860761299628703824e+01 -1.769701747896622024e+01 -3.021930935138301244e+00 8.114616067837999253e+03
-4.202358727478774370e+01 9.246541513447716909e+00 -1.107703469010443920e+00 3.691621511385971832e+00 2.383295205284451157e+01 1.367216438724763883e+01 -3.184281258911988033e+01 -5.370757999217194989e-01 -2.150045598628463850e+01 5.831507433917808569e+00 -2.840159800298971859e+01 -1.824862883632734167e+01 -3.292038821597211840e-01 5.271574025641478329e+03
-4.534845301659266426e+01 5.972433112751514450e+00 -4.485434945571028287e+00 3.650711357732951523e+00 2.203114508173556629e+01 1.197421476271243357e+01 -3.578888771116928069e+01 3.771689231235855200e+00 -2.625111010741115081e+01 -1.938832823098125324e+00 -3.817602424732568522e+01 -2.760039440777853770e+01 -3.867732019522079678e+00 6.976452068768093341e+03
-4.613987699057572911e+01 1.010882847241228966e+01 1.117081101159844492e+00 6.947505188162822698e+00 2.396660950342149832e+01 1.494761830484968534e+01 -2.476252231483995203e+01 4.077708452542829320e+00 -1.775468207403416088e+01 2.429477663965735168e+00 -2.871295076575521676e+01 -2.765544744690890155e+01 -6.125907598191450809e+00 5.656147398346828595e+03
-4.773227478147137504e+01 7.095085185213680923e+00 -1.102668295113731656e+00 1.377186243384562658e+01 1.331145662768633819e+01 9.706450696506800924e+00 -2.568894215733403996e+01 2.196161898185420736e+00 -1.089994795961385954e+01 5.110955395360967657e+00 -2.485225996400006210e+01 -2.120401762533604995e+01 -7.163642433668561793e+00 4.719238993052450496e+03
-4.944631107108926926e+01 1.057505782855077570e+01 1.890612453276508509e+00 4.184035748600855698e+00 2.287508922647742438e+01 1.259448321809662197e+01 -2.906982369470683025e+01 -3.273442287345748269e+00 -1.651547512147495667e+01 1.281529643971825827e+01 -2.471101340172211636e+01 -2.340168338951171023e+01 -7.168551095746105162e+00 5.762164720851590573e+03
-4.988054925838445541e+01 1.000998980483965894e+01 2.074256686332703659e+00 4.697156262412839567e+00 1.919350258938762721e+01 5.912727230402859746e+00 -3.618778046009055771e+01 -1.620600376079856275e+01 -1.555845201662096144e+01 1.548501901179299267e+01 -2.023783705684978429e+01 -1.894427486525151494e+01 -1.213236030169493773e+01 5.987676813787171341e+03
-5.282490717377454814e+01 1.088680097215985043e+01 8.593071850620662699e-01 -5.386222662248863813e+00 1.932524598612940636e+01 4.482291254360721844e+00 -3.287113048819170302e+01 -1.000601309222169988e+01 -2.182899990099049248e+01 6.867464248260497506e+00 -2.161239213751002097e+01 -3.117252355971860567e+01 -1.643798666388316221e+01 6.745627068045004307e+03
-5.336741668164120256e+01 1.183791201825977701e+01 2.717303977909220958e+00 -2.616858707517345506e-01 2.397247951367495844e+01 1.570671181853256826e+01 -2.214802989674520362e+01 -9.871897199028405012e+00 -2.223747723222308537e+01 1.813685469100863656e+01 -1.144003494359967554e+01 -1.816995975462006641e+01 -1.394217224636513919e+01 5.883896593105599095e+03
-5.456855716239569176e+01 1.130284381548175965e+01 2.370591497841084916e+00 -4.022137052627251741e+00 3.749659939925539476e+01 1.635154892682831118e+01 -3.407735840712307862e+01 -1.218959996663878265e+01 -3.179538641924818521e+01 1.444151357759852417e+01 -1.343000252332029376e+01 -2.042376214751002195e+01 -2.375256647168553670e+01 8.491683175779044177e+03
-5.397528759208701388e+01 1.179551243667804350e+01 1.968251109383034159e+00 -1.111353214359654906e+01 3.211471152121316663e+01 1.267822512237532351e+01 -3.428540339666439252e+01 -1.825728186492752059e+01 -3.448670403734658407e+01 1.028545171386211798e+01 -2.674714859229518993e+01 -2.873452507480284623e+01 -2.051528480204935434e+01 9.137842780860173661e+03
-5.282554372792203878e+01 1.372542271047323936e+01 7.051800789670059189e+00 -4.309190173713349226e-01 2.754887661980319535e+01 4.129060469174762105e+00 -3.797140056450884060e+01 -2.294231966361592256e+01 -2.023316586271519313e+01 1.769656206226068562e+01 -1.437026586794560501e+01 -2.256190214479829947e+01 -2.308946971865070807e+01 7.744222811104634275e+03
-5.365095192710849403e+01 1.252825994280636657e+01 4.030262713566489907e+00 -3.561137517966757482e+00 1.948013912017664140e+01 1.774717457672253973e+00 -3.257587490226440252e+01 -2.136453474513445983e+01 -2.296328863346531790e+01 6.314946889025264909e+00 -1.988350365223870142e+01 -2.903212752681408659e+01 -2.400033889126142839e+01 7.345988662753938115e+03
-5.230262936809764085e+01 1.819897976097263381e+01 1.136786017665397708e+01 -2.436335134052489249e+00 1.913900774233289326e+01 -4.261552063161933468e+00 -3.031388022364762946e+01 -1.069039765339444870e+01 -9.949948301116711136e+00 1.010154606607603611e+01 -1.165269823330489274e+01 -2.649129267123821663e+01 -7.808159210412685347e+00 5.719194274472501093e+03
-5.311917156943334106e+01 1.806804008628639480e+01 1.186254173572980086e+01 -8.517330389623467113e+00 2.179367592099768558e+01 -4.171111607573416258e+00 -3.033024806455759759e+01 -1.531694095201773109e+01 -7.518243463974622287e+00 9.160498784059164734e+00 -2.688372267866387944e+01 -3.645387325634914077e+01 -2.360216099727263028e+01 7.757380531108786272e+03
-5.148666010415477956e+01 2.059635567329680939e+01 1.362461011089485652e+01 -8.620571938731856676e+00 1.989014550480828447e+01 -2.857813442697738182e+00 -2.563581608954951108e+01 -1.640401832402841009e+01 -5.223501004850423790e+00 9.267293236488445274e+00 -2.566594851839137803e+01 -2.218562946859675833e+01 -1.551477043745309636e+01 6.169921023226625039e+03
-5.096593345067291381e+01 2.256656833950598084e+01 1.837929217626857081e+01 -3.526515839352078352e+00 1.939789767687560840e+01 -4.482273940983782623e+00 -2.036369895822380371e+01 -2.315651840971769815e+01 -1.013129126182102047e+00 1.081662779550572395e+01 -1.929190942772827810e+01 -1.913287571305257373e+01 -1.500023065099032493e+01 5.885562357565704588e+03
-5.073274619623018822e+01 2.226987967409865377e+01 1.704603839190009040e+01 -7.753237797664716879e+00 1.927968846565511996e+01 -1.193349299685033138e+01 -2.458404538810018281e+01 -6.645354615272735188e+00 -7.506392981008296772e+00 -1.391289757280408823e+00 -1.268492259812580691e+01 -3.287456017497760996e+01 -1.289920423288007534e+01 6.049404927194959782e+03
-4.770206022145661962e+01 2.155299701284334191e+01 1.788799311965048489e+01 -5.614782322502428258e+00 5.750448290643976890e+00 -1.703262760330484582e+01 -1.862223055785549164e+01 -2.672618394792536733e+01 -3.935190890490505744e+00 9.525910250011144775e-01 -1.028168164746070445e+01 -2.797496711348554754e+01 -1.359324063125235149e+01 5.565259856334329925e+03
-5.041273547887359285e+01 1.870101141075656415e+01 1.582973813332300317e+01 -6.379185963072920629e+00 1.815994011188402979e+00 -2.805704112895811519e+01 -2.692582152561914555e+01 -2.604223604773972056e+01 -6.485781431947329700e+00 -8.479124595361632544e+00 -1.284442372853511038e+01 -4.156499183182746293e+01 -2.261976171275289360e+01 7.894381965052004489e+03
-5.059764577834857846e+01 2.587096884309235634e+01 2.479814851392253061e+01 -8.088832016272318626e+00 9.118726057549158881e+00 -1.730534484611756696e+01 -8.218037532058161787e+00 -1.583842098260780951e+01 2.636749297705329731e+00 2.361400553750966913e-01 -9.213486965271718176e+00 -3.311758809866627473e+01 -7.942567479661048147e+00 5.862579576239647395e+03
-5.153567837552100173e+01 2.041196795466754565e+01 1.886211415548423531e+01 -1.187708863721812413e+01 9.091844538391416819e+00 -2.804675590625254955e+01 -3.297079379144120992e+01 -2.565558908435141561e+01 -1.986387814272153607e+00 4.785754263547241649e+00 -1.874543706117711750e+01 -4.195193916240667420e+01 -1.669396531568766306e+01 8.600878083278348640e+03
-4.488865329716983865e+01 1.879384538212600120e+01 1.406054107339035397e+01 -5.708595705844426327e+00 1.193084885375683157e+01 -1.178098082536383728e+01 -2.254225555614091903e+01 -7.838840593072609053e+00 1.053678673814308464e+00 7.224433679607644265e+00 -2.169852589981264401e+01 -2.932428811401607405e+01 -1.030428325492288266e+01 4.939444904025856886e+03
-4.802778281880966205e+01 1.827018258208367385e+01 1.481995782783268822e+01 -1.280932696920275049e+01 1.250384531980760983e+01 -1.705226328717288098e+01 -3.696183135409239640e+01 -2.019824916767115042e+01 -5.608749150986342080e+00 1.674929100630609469e+01 -2.572010142864566262e+01 -3.633956554239807701e+01 -1.421301155230719893e+01 7.741543733929242080e+03
-4.224732127227741074e+01 1.422878839530036998e+01 1.216381747917774625e+01 4.067007061322935435e+00 -1.106946668241345799e+00 -2.291397350288000467e+01 -2.225502092037346102e+01 2.454845082415722524e-01 1.000857781637796684e+01 1.019832714503510651e+00 -1.282965837496459294e+01 -3.995824726726382892e+01 -1.778698234348312202e+00 5.039052422182958253e+03
-4.484199448721277292e+01 8.571925295537665690e+00 8.238809767228111980e+00 5.304288919986791306e+00 -1.139456579088654564e+01 -4.026031154249599098e+01 -3.636916765808356899e+01 -6.582467369538840707e+00 1.064580959510132807e+01 -5.642068395562309213e+00 -7.580782553598877982e+00 -4.472693502703543089e+01 -8.440695006487043628e+00 7.571448399010768298e+03
-4.512713208894374617e+01 1.362395944063801956e+01 1.108633235507327974e+01 -1.505226449755791229e+00 5.154473077785487689e+00 -2.448772582215319105e+01 -2.866999524453098758e+01 1.046228523724453119e+01 1.807865535958949366e+01 4.164173867889205738e+00 -7.132315916639811348e+00 -3.156729558900369170e+01 -5.985736148467856843e+00 5.332259383512959175e+03
-4.850200557749698760e+01 1.016359557230644484e+01 2.401758195596356060e+00 -1.058640223993351981e+01 1.223930296808504625e+00 -1.853279531603640606e+01 -3.112052733042017039e+01 6.442435861531322416e+00 1.155906473240924726e+01 3.685104804124294642e+00 -1.795924737575015584e+01 -1.769527402123418724e+01 1.941363922464313330e+00 4.715156441338467630e+03
-4.865594712508165287e+01 1.431622895674390250e+01 7.846671285677233598e+00 -1.742171915554381556e+01 1.016315027349834477e+00 -2.951482744808158643e+01 -2.764043980132618117e+01 5.877564780176009585e+00 1.327088855856458416e+01 -3.100120123156687724e-01 -1.716432305367760236e+01 -2.799953058918732296e+01 -5.872812006778151073e+00 5.897429977015939585e+03
-5.013405885648838733e+01 1.575468161436086767e+01 1.073476790004584203e+01 -1.409516951177258370e+01 -2.177737457488384987e+00 -3.107776782716953079e+01 -2.332748538199013311e+01 -8.108597114268530914e-01 1.258204377020160791e+01 -2.380165319994082651e+00 -1.327237715324430845e+01 -2.905407464985737320e+01 -5.489805411173194649e+00 5.805348381796724425e+03
-4.971672930683897818e+01 1.546195479005066353e+01 9.079769282928817020e+00 -7.875605507090178925e+00 -8.366184864269476051e+00 -2.068124996361609647e+01 -4.628439494149525046e+00 -3.777161311543600686e+00 7.738153403176879941e+00 -6.498441218759645643e+00 -7.113042632328512305e+00 -2.411058198981603695e+01 -9.064927135132162306e+00 4.204886339905718160e+03
-5.243923384345018235e+01 2.021571757935037894e+01 1.433831152038736434e+01 -7.888689809412489318e+00 -3.024478623622910423e+00 -2.159348026923314023e+01 -4.945720743462531210e+00 1.909983278159346209e+00 3.641711173766377652e+00 -1.394059797252478994e+01 -2.784489366795471987e+00 -1.588482980891002683e+01 -5.525988899289976386e-01 4.397890035108266602e+03
-5.263492315906322006e+01 1.944036262478498855e+01 1.671170888016249734e+01 -1.584994347695960215e+01 -1.026978395216733375e+01 -3.534308904623469516e+01 -8.822917329013577614e-01 -4.208090231246941482e-01 1.818095636021919859e+01 -1.336889141587634455e+01 -1.263939979331201258e+01 -3.786038493910530178e+01 -1.147498422578728494e+01 7.268535551268060772e+03
-5.188384803594317418e+01 1.850821124603811541e+01 1.513324016436238750e+01 -1.727211670543239563e+01 -6.340397296998165011e+00 -2.711710371910913864e+01 9.365518468005623376e+00 1.237587878396978880e+01 2.473367516113381370e+01 -7.606782133772628463e+00 -6.734539771466184099e+00 -3.351050827024583612e+01 -9.205168593509863939e+00 6.500902948455720434e+03
-5.349549171417628912e+01 1.627890836992988355e+01 1.063091904950844047e+01 -1.671724399086761892e+01 -4.997024157974309766e+00 -1.729418160978080365e+01 9.171081048924962786e+00 4.654092484077647640e+00 1.669573785940383104e+01 -7.472410419760270095e+00 -1.512374795128950744e+01 -2.468441880033190472e+01 -7.484412078370360710e+00 5.177730738303677754e+03
-5.817054792994328949e+01 1.989409409910448900e+01 1.665604753023530193e+01 -1.914127144930709079e+01 -6.102990603713135620e+00 -2.594529306770987986e+01 4.994675866796089103e+00 2.032222872970057104e+00 2.178714622383495936e+01 -3.990786315155233410e+00 -8.613038352328159064e+00 -2.246144057449883746e+01 7.128029501513879485e-01 6.232696208395670510e+03
-5.957107571119460232e+01 1.703475734808164432e+01 1.083870791623331620e+01 -1.408528139144686975e+01 -3.958097844905525520e+00 -1.978042328014224438e+01 -1.631339665572901554e+00 6.139949737316827694e-01 1.285082380916860778e+01 -1.649640758493289061e+00 -1.083181423989699610e+01 -2.171150650626260159e+01 -4.551460371316320419e+00 5.342037196307396698e+03
-6.185436452718958122e+01 1.733126698380129582e+01 1.316196257256026669e+01 -1.135407405479467791e+01 -6.876980608441936482e+00 -2.812334784543676847e+01 -7.921216235459571209e+00 -2.347413562337375303e+00 1.306446387818734500e+01 -9.814734046914344034e+00 -1.918720070283056245e+01 -3.049125795781191428e+01 -3.669722999858198609e+00 6.913300626527700842e+03
-6.147494317347761950e+01 1.722369528596934174e+01 1.323829010402588935e+01 -8.121808465925113296e+00 -5.436983828905376015e+00 -2.491223830388829086e+01 -6.712167546114281791e+00 -3.155946681896277806e-01 1.116305025079248558e+01 -1.019420875622744482e+01 -1.672185442772014241e+01 -3.235679156141157620e+01 -3.985555192051546847e+00 6.583376227655596267e+03
-6.336722291483386016e+01 1.877406330777980514e+01 1.475617795631512053e+01 -6.007261211925838396e+00 -4.382138537250654053e+00 -2.167118894850045407e+01 -2.144793691234405664e+00 7.141783651970705360e-02 1.060984035944713355e+01 -8.168773307408384809e+00 -9.576951836431438991e+00 -3.276329231426956312e+01 -6.834976037573709640e+00 6.506316974238706280e+03
-6.400522209254249617e+01 1.926583211413547758e+01 1.759261380853409662e+01 5.509087623712375370e-01 -6.580177106265615805e+00 -2.391963474492186847e+01 -2.272915969610362019e+00 -7.399587265145788351e+00 1.610886634718533017e+01 -1.059589446694060832e+01 -1.717985079019615924e+01 -2.710233983802727309e+01 -8.917827679042673594e+00 6.933992301954586765e+03
-6.559346184402726010e+01 1.703582168823070830e+01 1.215521879806849803e+01 -1.743724776145584299e+00 -9.720131196074424551e+00 -2.311539224284795679e+01 -1.441767450310962850e+01 -2.658663788170489184e+01 -1.387854052063731247e+00 -1.367102005359732964e+01 -2.120788694474983416e+01 -2.255972644625192203e+01 -1.170478631669254277e+01 7.571573015227182623e+03
-6.780193293498176388e+01 1.992340442369192388e+01 1.650159300701459131e+01 -3.065211648598312522e+00 -5.505521129982589024e+00 -2.304210037338784645e+01 -5.798715951863942841e+00 -7.575053411438363860e+00 9.425678681835027106e+00 -8.121144495990174406e+00 -8.785312079477161973e+00 -1.647115244371762088e+01 7.008513991395668441e-01 6.431766111555735733e+03
