-1.024571780398729857e+02 -4.274215966572512265e-02 -1.260328557251025394e+01 6.922938813073280961e+00 -1.463276203853737023e+01 3.043542470945286849e-01 -1.441956838028524501e+01 -1.300919500193518807e+01 -1.317834946628629744e+01 -3.810460695033942358e+00 -1.239124991830740719e+01 4.543545164402327252e+00 -1.387934339182476506e+01 1.185063006662560110e+04
-1.031862143437410140e+02 -3.634138053754978337e-01 -1.370695429838338164e+01 3.386542330551413293e+00 -1.397648472842746159e+01 1.647705634041896960e+00 -1.255416303006084888e+01 -1.031188723197189638e+01 -1.289157220794993819e+01 -5.566636003356811635e+00 -1.802063046012921532e+01 2.407769297061786773e+00 -1.149432873439756975e+01 1.196871539078112255e+04
-1.019147536569615653e+02 9.112772786784124612e-01 -1.064460792029960601e+01 1.019951301275826339e+01 -1.421828213998738910e+01 2.895870708199279053e-01 -1.032852132697138892e+01 -5.777390737383746533e+00 -1.477955469519197251e+01 -7.268691803483282143e+00 -2.938989829128010101e+00 3.058261816244637110e+00 -1.423309091946136862e+00 1.123837073977593900e+04
-1.014592526732505320e+02 1.197093483916492840e+00 -8.838226175746211055e+00 1.186421541062918728e+01 -2.324165463373709173e+01 -6.808982745150027327e+00 -6.495039084917554106e+00 -7.350753177756894630e+00 -5.410138966364496760e+00 -6.539290895749298116e+00 6.853945394372668032e-01 4.928894402776314188e+00 3.426214841229004548e+00 1.130557733910103343e+04
-1.004016596523437812e+02 3.109317646960060078e+00 -7.397598474479060826e+00 1.077899047255743881e+01 -1.405938532908083261e+01 -2.929769482799747804e-01 -1.028275367896100967e+01 -1.120632133915212947e+01 -6.015981826039713987e+00 8.660837833189216628e-02 -9.993230772587317290e+00 -1.451948398832653586e+00 9.298307620048308353e-01 1.082917796748966066e+04
-1.000961972232280885e+02 8.356158067197243522e-01 -1.168187081367813462e+01 9.471320522907648254e+00 -7.305322897801763027e+00 4.030830415938674527e+00 -2.032096461749157967e+01 -6.704964426383555498e+00 -9.468980337647025181e+00 2.462301383672700350e+00 -2.260655821739643656e+01 -8.533659531694709699e+00 -7.010362774547427733e+00 1.150238198031951106e+04
-1.006372051760343140e+02 5.966519601433517561e-01 -1.183481791851030707e+01 1.130749055768851719e+01 -3.813536092743843309e+00 6.178304846188086508e+00 -2.197883014519834433e+01 -1.056970490021719389e+00 -9.161830495703487287e+00 2.374855810339184359e+00 -2.530393935202875255e+01 -9.863756659701628848e+00 -5.253197678099155610e+00 1.178778419272267456e+04
-1.008927531527267831e+02 -1.336533836623506000e+00 -1.428206248078004847e+01 4.876421435375845270e+00 -1.125170289671331680e+01 -2.047321711493829965e-01 -1.729069100311574303e+01 4.566048674553104370e+00 -5.937636989267079279e+00 1.503865247839956343e+00 -1.829072242446525109e+01 -6.873820596952091577e+00 2.151950253759247200e+00 1.127929825535777127e+04
-1.013658650289059864e+02 9.860374466454766562e-01 -1.042740132890472893e+01 1.298916205559953596e+01 -8.380368678306187036e+00 4.954405127211458648e+00 -8.573088102804367949e+00 8.354525827544696526e+00 -1.071385810247752879e+01 -7.212427564972745841e+00 -7.590328459784721815e+00 -7.265057158309565111e+00 -2.832591609423033674e+00 1.107675612674237345e+04
-1.008529903643026557e+02 1.824820805375437116e+00 -1.000567068192165010e+01 1.294533008423262999e+01 -5.496603355185191830e+00 8.114383048905997597e+00 -8.438403802952542776e+00 6.579230480949504134e+00 -1.026488116701533215e+01 -3.360139321511802279e+00 -8.662492882482769829e+00 -6.301759066188299840e+00 -5.882814834593343534e+00 1.091891622862878285e+04
-1.009275138204864675e+02 2.105625276497868903e+00 -7.340396019155219776e+00 2.132615328210752637e+01 -7.432066360623245771e+00 1.159691890651101254e+01 -3.821151326343821264e+00 -7.491076827421068174e+00 -1.080199810613444811e+01 -9.219694520365480983e+00 -1.885338019647452867e+01 2.973195023681689086e+00 1.486867063467494976e+00 1.152811103660541085e+04
-1.002579618532403458e+02 1.057162368916147122e+00 -8.242305067031509225e+00 2.168569294545474335e+01 -9.070502642848072838e+00 6.090582405215029027e+00 -1.177751440913223391e+01 2.508208465423847677e+00 -5.015604745125890496e+00 -7.273352856530440391e+00 -1.997979787076374336e+01 -2.480873519675719230e-01 2.506286770354301918e+00 1.133894484257553813e+04
-8.587841927092424044e+01 -1.109667639451490651e+01 -2.519184141746907457e+01 2.114948954965511874e+01 7.492494476646569979e+00 1.726208624344960185e+01 -4.320753793887086402e+01 7.295770792647457093e+00 -1.721145964112337623e+01 2.326679699292979109e+01 -2.906335723983549002e+00 9.601957888034437616e+00 -1.216602638283814741e+01 1.194064037270803237e+04
-7.932365907673927552e+01 -2.158466267915632386e+01 -4.003297742267682224e+01 6.582823939372616451e+00 -1.861685494490830095e+01 1.637695415240063923e+01 -1.352585034770629413e+01 1.447359115347392589e+01 -1.305110916159686418e+01 6.428738977623489781e+00 -1.124434434383158532e+01 -2.176794419141081072e+00 -9.014698354914603584e+00 9.835437423779403616e+03
-4.677925315373712323e+01 -1.496098159024692720e+01 -2.933381805703532308e+01 1.303786092209451120e+01 -1.562830338790761786e+01 1.282721950649519727e+01 -1.587688912504092720e+01 8.517367905968526998e+00 -9.558141848558674880e+00 2.063616177083547853e+01 9.023905843976892882e+00 -4.517970866050062817e+00 -1.230865881474999846e+01 4.946546053853644480e+03
-4.837412218924122698e+01 -2.464014688377322670e+01 -4.035132974267546757e+01 8.734685287342836002e-01 -2.086764638691511919e+01 1.616349338908515065e+01 -7.811905034957542959e+00 8.571940567510258902e+00 -9.898865866143465198e+00 3.176985731817427450e+01 1.820330486352362342e+01 3.602356034697383080e+00 -2.039036359282575006e+01 7.274822088798618097e+03
-4.296412822536829168e+01 -6.535895289989774426e+00 -1.537971541122901442e+01 2.144032775940062763e+01 -3.613087574528143442e+00 1.869459031369627411e+01 -1.417986507336803115e+01 -1.193971538296989721e+01 -2.724477036874565528e+01 8.568318278770446383e+00 -1.083822822630863492e+00 -8.323693423322467311e+00 -2.387504062281131567e+01 4.747194727141127260e+03
-3.274506453185769317e+01 -8.929070353996573228e-01 -1.395577369921740463e+01 4.885088157750042015e+00 1.331483779317283567e+00 1.732879061200857507e+01 -1.207943981392405064e+01 4.153651231848852987e+00 -3.137381230994218129e+01 -9.680275693680362892e+00 -1.004216535974248181e+01 1.075556620921275197e+01 -2.387900165288221022e+00 3.057142951083316348e+03
-3.144143003157800464e+01 9.223883805491615850e-02 -8.227292330454559988e+00 6.579990908115384229e+00 3.696972416344918688e+00 1.519006011092554331e+01 -1.125766497920475118e+01 -7.478890315898464536e+00 -4.269452953614245416e+01 -2.287756110378490959e+01 -1.642932710675725616e+01 8.185292322414444044e+00 -1.346042466523081060e+01 4.390941488360009316e+03
-3.021975831256347789e+01 1.044990598990210628e+00 -8.935756006749233649e+00 3.219371639144272379e+00 2.855622392220876549e+00 1.726522078667213833e+01 -4.600699647946985493e+00 -2.658880485368782853e+00 -3.766535644085359991e+01 -2.284006355544121902e+01 -2.122446918701042762e+01 5.803084746810989181e+00 -1.206572468061012948e+01 3.909099573680848607e+03
-3.429087798425751288e+01 7.525013054382413635e+00 -2.697010544393946052e+00 -1.686824477394591293e+00 -2.777206121324194310e+00 3.166811633237569978e+00 -3.913552794525937628e+00 -1.091443228322262726e+01 -3.407246660736864641e+01 -2.061047703724752012e+01 -7.955452830218002092e+00 4.792409693272528415e+00 -8.286918862544368380e+00 3.135445863444843781e+03
-2.249808319871855389e+01 2.605694073827910628e+00 -9.114986964004373249e+00 -7.035870053671373636e-01 -5.751451209552008059e+00 7.292242537911707068e+00 -6.595009351585744417e-01 4.659564701926343089e-01 -3.392565965864453403e+01 -3.022158948071687234e+01 -1.991553848284541672e+01 -4.580395782089563994e+00 2.292008732713009866e+00 3.170596317042381543e+03
-2.106760439752331138e+01 7.745537269068910602e-01 -1.353297556647383182e+01 -6.037580384336122208e+00 -6.592208781882352042e+00 3.174321952558322835e+00 -1.107143427524386325e+01 -9.251747174919133787e-01 -3.634726050726513336e+01 -2.756217466513012582e+01 -2.107617358591290113e+01 -8.143217391239446101e+00 5.445445062809063652e-02 3.432320701203705539e+03
-2.205252051523803303e+01 2.371120382336204369e+00 -8.695255280318349378e+00 -7.892934394055499681e-01 -7.553577036812062495e+00 5.584737677873927275e+00 3.076503706782714342e+00 6.858061633116870226e+00 -3.329982535162554314e+01 -2.919473758404591734e+01 -1.179378751676099846e+01 -7.317336076252041188e+00 8.685732611890095711e+00 2.942199880167758693e+03
-1.893473922862763459e+01 8.699852156191549835e-01 -1.117809336243561447e+01 -1.162250581050110920e+00 -1.351069663313905522e+01 -1.437658072704380174e+00 -3.296080777484909241e+00 7.148019455376499742e+00 -2.812515667552537835e+01 -2.495993699092289475e+01 -7.463649180539416506e+00 -1.617175350412342283e+01 1.186995423360843738e+01 2.604296313046822434e+03
-2.043235126234792176e+01 4.509697058983702656e-01 -1.172549114850124852e+01 -3.330572754807293201e+00 -1.632764096641755813e+01 -4.291145750310344731e+00 -8.842462672440627003e+00 -4.738982830849485239e+00 -3.822116152983853965e+01 -2.897953048182692726e+01 -1.142355465979402851e+01 -2.254911176724349531e+01 8.255235481819624965e+00 3.959696436149869896e+03
-1.773599794888998105e+01 1.258026781086308610e+00 -1.111585424092025676e+01 -4.048013313325911966e+00 -1.440868657769604155e+01 -4.103170893037753508e+00 -8.636700563342619930e+00 1.545395293910294621e+00 -3.274025355562643824e+01 -2.564220520048691299e+01 -8.609627711178998055e+00 -2.138560302119051215e+01 9.781288667198085207e+00 3.114114189748941499e+03
-1.870132973339865501e+01 1.025611323607041214e+00 -1.339125210938214039e+01 -6.499169763082498719e+00 -1.339532714600876417e+01 -7.148949557357519025e-01 -9.638058712566602182e+00 -4.505952005364203927e+00 -2.524546013545463552e+01 -1.085522009956541645e+01 -1.044548461508867554e+01 -1.079920115555158588e+01 3.237651323326565578e+00 1.856880437813068966e+03
-1.861779339802232158e+01 2.915099172310243514e+00 -8.219310690827473564e+00 1.658548242973837628e+00 -1.148532966458712679e+01 -8.676090735617485450e-01 -8.101677478406976718e+00 7.065907022261580517e-02 -2.533734495995363645e+01 -1.315969922737201081e+01 -2.004546289686961913e+00 -1.274883908928041976e+01 1.596170165849568789e+01 1.860221355540842751e+03
-1.773241106566502978e+01 2.294238522947871672e+00 -9.340668659042901112e+00 -1.620490177189656045e+00 -1.375132663498871821e+01 -6.205391295358395176e+00 -1.231610795675063486e+01 3.923153763088496948e+00 -2.486714238393664189e+01 -1.739943338673221263e+01 -5.456782764100694294e+00 -1.975770905714479397e+01 1.505636329926631767e+01 2.372212201659294806e+03
-2.018262751734827276e+01 1.913199678926007952e+00 -9.681886860214699908e+00 -4.156828830607691039e+00 -1.632026647443479561e+01 -7.779848456431285086e+00 -1.253713388364087677e+01 -2.022671083180214158e+00 -2.921611827862143684e+01 -1.965290636808398972e+01 -4.410533539686824156e+00 -1.372692632418222303e+01 1.575296545682070537e+01 2.706020538826191114e+03
-1.839931008837650595e+01 3.143693028194422645e+00 -8.441312013342942677e+00 -6.194570796516137179e+00 -1.119049217240421257e+01 -6.573630386869586673e+00 -1.314524247666955681e+01 5.368250128031951007e+00 -3.125575263276031990e+01 -2.079163698673783855e+01 -3.151354964314567741e+00 -1.793961523861095841e+01 1.781806415772778251e+01 2.886559598752782676e+03
-2.093592350837679206e+01 4.194340330528715910e+00 -9.843095714760393022e+00 -1.378407796849023903e+01 -7.165627101665084986e+00 -3.625755908747558820e+00 -1.587142861744159994e+01 1.243176300919158983e+00 -3.200002690029148056e+01 -1.192171681193808652e+01 -2.207741174927495109e+00 -1.436538529305546241e+01 1.020190932109941961e+01 2.542179196864668484e+03
-2.284315116550093450e+01 7.377742462215703512e+00 -4.486661451725508343e+00 -7.434594921201877149e+00 -1.145272106816749513e+00 -1.047514811168258841e+00 -9.504605047347201463e+00 6.672510064430936971e+00 -3.070799866502011710e+01 -1.497958722790578712e+01 8.408683275223140186e+00 -3.150362716136953178e+00 1.379895579845655185e+01 2.227323951101043349e+03
-2.310358458792109815e+01 7.809218049788515970e+00 -8.102505754598340104e+00 -2.194780539880721904e+01 5.089701709099725413e+00 -5.225019535190043030e+00 -1.958162979014814198e+01 1.549708608276631772e+01 -3.408493346333083451e+01 -1.681070087128601642e+01 2.972683051951478639e+00 -5.793970406320152478e+00 6.807961656385475457e+00 3.352059696108430217e+03
-2.447771248983684345e+01 6.082872096408697971e+00 -9.983839795346133528e+00 -1.938243956052986050e+01 3.960355941820359771e+00 -4.321871286272513046e+00 -2.189871820909379352e+01 1.476634144823546180e+01 -3.158538555110770574e+01 -1.349065546272291449e+01 -1.359132948570367372e-01 -3.694413528922602996e+00 5.410416221337984943e+00 3.066051584281844498e+03
-2.511898867569034266e+01 7.480322758662982352e+00 -8.988976206221096277e+00 -2.248665916543638232e+01 7.978168040399539862e+00 -2.901561273423290288e+00 -2.260274972555097861e+01 1.560757412147010292e+01 -3.053497078434344303e+01 -1.263592815251316992e+01 -4.619969694084212541e+00 -1.361094522507627413e+00 4.425054463171970376e+00 3.234750168890781879e+03
-3.178363386612991803e+01 5.667748499277737828e+00 -7.944909177749932994e+00 -2.980512041191956563e+00 4.873804607541829981e+00 -5.102788113477316895e-02 -2.350148155417127072e+01 1.373841415946607825e+01 -2.217812480668632347e+01 -7.517132993171179223e+00 -5.020186970081607747e+00 -1.366028637820362590e+01 4.851508259460224792e+00 2.662867364631571945e+03
-3.296358358481124640e+01 5.409332314695149968e+00 -6.637820532444814070e+00 4.891918833673172706e+00 1.336304695711717061e+00 1.577780986927833196e+00 -1.784063062145792955e+01 8.997463110761712457e+00 -1.927281453375295683e+01 -7.416616945112802561e+00 3.592234013673341608e-01 -8.231944018790880335e+00 9.223749432048858665e+00 2.166786880951939565e+03
-3.433855190441708771e+01 5.417726177241961594e+00 -6.381145838370259504e+00 -7.976167692913914697e-01 -5.651736369744741140e+00 2.946474254037008134e+00 -5.465487078127078568e+00 -1.901856986829733920e+00 -1.597859629710316653e+01 -6.518080269288823558e+00 -6.656421332314182315e+00 -2.630205746532797484e+00 1.101843400012489660e+01 1.794388287127630520e+03
-3.394292911999254159e+01 4.611428856699612666e+00 -6.232730693540945666e+00 4.945695890268059891e+00 -3.098707844035924808e+00 -5.778693843427562538e-01 -1.170354454950956757e+01 6.468850984894901401e+00 -2.214859130960007860e+01 -1.631596505834248845e+01 -3.640560459687617989e+00 -8.584594355138136734e+00 1.381066469631464244e+01 2.459903677339329533e+03
-3.394324621709033352e+01 3.664078422698000104e+00 -8.373213786013984361e+00 6.297826962415254970e-01 -1.187032545938260908e+00 -3.181306503232406713e-01 -1.541928247221698633e+01 6.562346666211240631e+00 -2.185843338722454376e+01 -1.521633031054141938e+01 -1.084754044641841197e+01 -8.203301920531369973e+00 1.169722316871434131e+01 2.549521833151840383e+03
-3.265498152601431769e+01 2.903639505259530740e+00 -8.414429349466718833e+00 4.552059192888433081e+00 -8.005397418377459218e+00 -1.162076366197414279e+00 -1.010855955565616782e+01 9.980981507961872445e-01 -1.783549410091086784e+01 -1.721849570875992796e+01 -1.118082193561845550e+01 1.585638731406294744e+00 1.199008165522536906e+01 2.220787322267201489e+03
-3.353808989605163760e+01 4.405538239657605715e+00 -6.052103185309446687e+00 6.106342466791331525e+00 -5.747791949198532535e+00 1.750758322889887530e+00 -7.000994695400001966e+00 -3.050728219219220883e+00 -1.838304331080814791e+01 -1.569948975997073681e+01 -1.020080793886435444e+01 1.145011188343205033e+00 1.037948009652524739e+01 2.110062149124764801e+03
-3.568265373682608299e+01 4.408485679734949869e+00 -7.684202636326538105e+00 -5.219833513353802523e+00 -5.880601745445514617e+00 -8.353471668032157460e-01 -8.781224515404632669e+00 -5.616837267202165584e+00 -2.345707849951648072e+01 -1.353332615163570729e+01 -6.938903077386914475e+00 5.738905827110337476e+00 1.978772099621701130e+01 2.728940969100676739e+03
-3.756582424573056045e+01 5.659553850570699929e+00 -5.354126703990413461e+00 -4.545280715946109495e+00 -4.907263948104528817e-01 1.340385235302177680e+00 -1.214963850879661500e+01 -1.089420837996885538e+01 -2.718196022826047553e+01 -1.630265434367431610e+01 -1.583376232076775025e+01 6.971602040667013611e+00 1.945252505085418804e+01 3.443230383290123427e+03
-3.837680925049312464e+01 4.421889565813263978e+00 -6.576151634351757203e+00 -5.239822552618598195e+00 -4.862941508829256243e+00 -2.871947844011939921e+00 -1.502351539466689445e+01 -1.259569232400700400e+01 -2.171845836788814665e+01 -6.054901558637403092e+00 -6.367133285674189125e+00 1.277881012800130911e+01 2.574666189191538734e+01 3.354370110657899204e+03
-3.962901232644977512e+01 7.082138698578672731e+00 -3.105059811213000120e+00 -3.615190091910312375e+00 1.012862804105029157e+00 1.295552541640571986e+00 -8.385524420747310970e+00 -6.853408833545675982e+00 -2.616628185196394796e+01 -1.399705998089383385e+01 -3.526342958598548627e+00 1.420509442904596220e+01 2.380590042359465386e+01 3.424849573689463796e+03
-3.985317064637661844e+01 6.221938779264521102e+00 -3.700379303380526785e+00 -2.812264469355576058e+00 5.789955899273584450e-01 1.248721006447122417e-01 -1.452165471515319339e+01 -8.845564316276947281e+00 -2.338260163765475141e+01 -5.823854344874495936e+00 -2.847288856008446167e+00 1.191458533294414757e+01 2.789183540648642889e+01 3.446744882454470826e+03
-4.075980629735672522e+01 5.956387609907337399e+00 -3.725057135746297376e+00 -5.039648677187615000e+00 1.427078832536434083e+00 -6.812335429102041040e-01 -1.810244962908117117e+01 -1.355492409408827648e+01 -2.423637253230173982e+01 -7.078778803373460882e+00 -1.206743647341405534e+01 1.356339241041399646e+01 2.986964619031294532e+01 4.109345018240564059e+03
-4.243114440777299734e+01 3.231046335946642145e+00 -7.631031278547808938e+00 -1.751073158044905265e+00 -1.231459097782443834e-01 1.581486687879196662e+00 -1.626874994249923034e+01 -6.542968432812547697e+00 -2.487805854768537728e+01 -9.098848755723407677e+00 -5.934952750644217012e+00 1.697724091566640681e+01 2.933255000538281720e+01 4.067695206281536230e+03
-3.812629012957698649e+01 -1.031475444224837279e+00 -1.362549400318521897e+01 5.635300543619717217e+00 -3.664003429043303783e-01 2.392597392019781832e+00 -2.646197874264953853e+01 -5.699045833209604339e+00 -3.434851606211768171e+01 -9.007077088148172095e+00 5.149580105516492701e+00 4.388312309792793187e+00 2.047656133972853709e+01 4.136675871393990747e+03
-3.682937631323866157e+01 -1.944478642143779190e+00 -1.453791704397994167e+01 7.984450974132498047e+00 3.764712102389058401e+00 1.158643049772885902e+01 -1.948628601184730158e+01 -1.949718198674351033e+00 -3.486192972301175530e+01 -6.966307530214132626e+00 8.910940821158286340e-02 5.320398865226600549e+00 2.277834181608546160e+01 3.978272643710093234e+03
-3.876430203183189604e+01 -2.423619811843083158e-02 -1.310917062633965458e+01 1.663501095746941827e+00 -1.304030829683194170e+00 1.065937355664323327e+01 -1.662824953166787267e+01 -1.023449476855090268e+01 -2.889789665293445609e+01 2.977318040173998259e+00 -5.963833979242126659e+00 1.162220839619078294e+00 1.743642175882118650e+01 3.358755326933687684e+03
-4.130215151610978808e+01 1.676994351962177277e+00 -1.076888408840864209e+01 -1.839656089316929588e+00 -5.948544074232816614e-01 5.881755364205258019e+00 -1.498421893358937318e+01 -1.034011011431781313e+01 -3.375558490858674077e+01 -1.014754900555411865e+01 -6.321556043702952543e+00 3.912923090278924931e+00 1.871522984091452813e+01 3.842371950372392803e+03
-4.397785044569033630e+01 2.409861166233971730e+00 -9.672619193543043892e+00 -2.167863288389135779e+00 4.125127881689979681e+00 7.672341643349534834e+00 -1.706409144102407893e+01 -1.575526781805101528e+00 -2.796037457641996937e+01 -5.711904058180150123e+00 -1.258618550367322442e+01 7.226107030880428717e-01 1.883537212163641072e+01 3.735778830790035045e+03
-4.457534931114513199e+01 3.906802207799922932e+00 -6.883868064430010314e+00 3.919711126164286963e-01 1.621423303112211611e+00 2.906483145981607841e+00 -1.525617379663120410e+01 2.416309977078790361e+00 -2.716719822952167007e+01 -1.429764714521886226e+01 -8.233260459951873500e+00 4.627987448228963352e+00 2.459181003053989301e+01 3.935873540939024679e+03
-4.561014320582282977e+01 3.550453656204780817e+00 -7.851457200829657701e+00 -2.795350831724192076e-01 5.222982908423866810e+00 9.226688807678353754e+00 -1.101449552363938800e+01 1.843364261344577759e+00 -3.303007472001398526e+01 -1.636624897114446497e+01 -6.406986445901402760e+00 4.148980658015686274e+00 2.141142340683056489e+01 4.267295354235726336e+03
-4.657801275549483222e+01 3.355627350052746927e+00 -8.730050451292228786e+00 -8.817051395023474125e-01 -3.836987243032075945e+00 -2.359390753028313803e+00 -1.543035508417074197e+01 9.005549716880743460e+00 -2.918055451071793271e+01 -2.223798848069301215e+01 -7.542097246400400579e+00 -1.164042517979799385e+01 1.255309186692071499e+01 4.293243409434468049e+03
-4.636030285353353975e+01 -3.061960687597218844e-01 -1.032370634563242895e+01 1.216138324347427790e+01 -4.628858041744480900e+00 -2.385638947889205941e+00 -1.786238741223641213e+01 1.562022550335955451e+01 -3.086019483838768451e+01 -3.326735385184429816e+01 -1.005023098091284695e+01 -1.200193573374204981e+01 1.426799061745700925e+01 5.501721138763802628e+03
-4.702194276385790772e+01 -6.171119728515809477e+00 -1.691683395640787069e+01 1.911935699875921557e+01 -8.037948742206133090e+00 4.193916175984114147e+00 -1.633302604190152252e+01 2.298828318552138938e+01 -2.784268750370386414e+01 -2.513285778232680201e+01 -9.439368242367088158e+00 -1.314806909410088487e+01 1.339288963051789061e+01 5.626520033631622027e+03
-4.590134020400906678e+01 -6.293396123808440379e+00 -1.627333882451263136e+01 2.436571862329320126e+01 -1.283815240977539318e+01 -3.098898854794538416e+00 -2.839707798347211920e+01 9.345403595126473562e+00 -2.820139046990658827e+01 -2.361499022710557938e+01 -9.101807108752192121e+00 -1.954295746999483896e+01 1.487681972999668645e+01 6.112277638046510219e+03
-4.476426804698287754e+01 -5.654607754749716442e+00 -1.581016268548036585e+01 2.564177931008357447e+01 -1.780327835983298712e+01 -9.390886683584043215e-01 -2.264091676997461278e+01 6.048702361901565627e-01 -3.073223669940388092e+01 -1.587958958034279711e+01 1.197578669098210469e+01 -1.533200027627058404e+01 8.186725851382972152e+00 5.416235878336361566e+03
-4.337572823944142186e+01 -6.738477276244071668e+00 -1.661134472009378271e+01 2.792573125828089076e+01 -1.615035395651901240e+01 2.914244322774999674e+00 -2.170358484869506199e+01 -7.873740618876946762e+00 -3.150749407256485668e+01 -1.062380947571569578e+01 1.232870214210039705e+01 -1.186736887528572382e+01 8.884234095914429474e+00 5.262360722046138108e+03
-4.455996259776274115e+01 -6.502948004642832736e+00 -1.639436616812700009e+01 2.339597478340747472e+01 -1.129105898631915750e+01 8.027552580455374454e+00 -2.200297358924363778e+01 -1.966477853600240877e+01 -4.161166578026632834e+01 -9.125131842119770909e+00 5.556686017290007662e+00 -2.412544784261636721e+01 4.989127967350668769e+00 6.359393603809862725e+03
-4.220486847556934862e+01 -7.298628108492116739e-01 -8.374838315743611261e+00 2.732559526558182483e+01 -2.174920375977393849e+00 1.360295162429815186e+01 -1.611440216244477952e+01 -1.659502796449297790e+01 -3.284869796642801276e+01 3.928582487723238259e+00 1.332770665337901761e+01 -1.672316785278069062e+01 -6.001621587115826273e+00 4.911231465724343252e+03
-4.108202495392965403e+01 3.438285548344178544e+00 -6.707511324182419798e+00 8.992452004227018847e+00 7.473738205424547587e+00 1.336443291783164788e+01 -2.359191777416683777e+01 -1.945236685158711154e+01 -3.303393416321340226e+01 5.454911646982433027e+00 -8.466745275547317817e+00 -1.008568125881770960e+01 -7.238840746868611120e+00 4.341651898159729171e+03
-3.839023790563781802e+01 3.161225560306600624e+00 -5.493764091269770944e+00 1.104488804680124048e+01 1.387222363740167097e+01 1.157440090596504056e+01 -3.327668973897841909e+01 -2.019393627847501449e+01 -3.405137600447937274e+01 9.754918923810365072e-01 -2.344505810464601581e+01 -2.154216361929852042e+01 -9.310860830805438582e+00 5.738388681304953934e+03
-3.259584436277513220e+01 1.614566881057797332e+00 -1.358212618901985991e+01 -9.108765879206123017e+00 1.458350957587274976e+01 1.895121183524623731e+01 -2.709058421720087040e+01 -1.498243135134203996e+01 -4.259652421402291367e+01 5.152852308857456265e+00 -2.548346529850120490e+01 -1.001635529575875516e+01 -1.760853240370995820e+01 5.763550400069227180e+03
-3.128507398030324183e+01 -1.157387985313129919e+00 -1.009419913106842337e+01 4.160752562937161336e+00 3.137383666710627139e+01 3.142812043421257684e+01 -2.673663121457745717e+01 -2.367771382831130111e+01 -5.020265029491671527e+01 8.983713238644615018e+00 -1.640806514287275419e+01 5.744917042713437283e+00 -1.580870023156871795e+01 7.499982957730515409e+03
-3.020802347335409976e+01 -1.522345690137098861e+00 -1.430247048106827812e+01 -7.866783173639972482e+00 1.671337977120006357e+01 1.956429997951679667e+01 -3.092478521973890793e+01 -2.649473665126188493e+01 -5.638721842196192569e+01 1.963158577330194721e+00 -2.028747943123842745e+01 -2.772577350919321226e+00 -1.306195609167264493e+01 7.274957562847793270e+03
-3.064894890702767682e+01 3.521056342085189694e+00 -7.803162276028802857e+00 -5.550631209592873816e+00 1.852337839758022042e+01 1.687977716147475249e+01 -2.060077002882636776e+01 -1.187809503441953218e+01 -4.642940089918636204e+01 -9.006612711519688119e+00 -1.887132025514302924e+01 -4.330281433273566627e+00 -8.452960258560560547e+00 4.920116989897959684e+03
-3.112850070735235164e+01 4.530116398870146277e+00 -7.840043295260764822e+00 -1.043198213443390898e+01 9.261356366349819069e+00 9.192129916605468409e+00 -1.813485894987896785e+01 -1.775230863214428467e+01 -4.708920462934491979e+01 -7.388631516342615946e+00 -7.020222564287025513e+00 -2.008367310001707651e+00 -1.588520867400441361e+01 4.551725573080135291e+03
-3.264031054847497870e+01 5.908172746337593040e+00 -4.435172340569262239e+00 -6.770006981166643456e+00 2.407717400160657562e+01 1.536027036279575597e+01 -2.354306938752543132e+01 -9.415182753560840112e+00 -4.393608874197440173e+01 -4.066123343464086659e+00 -1.125599520697978306e+01 5.816142996665342402e+00 -5.686385412842347442e+00 4.764143301615167729e+03
-3.402691189144539408e+01 3.046772851543814387e+00 -8.964985206929151573e+00 -1.398300742132924768e+01 1.988472092326324514e+01 8.860952271268450531e+00 -3.274632453867631199e+01 -1.342916551449319407e+01 -5.499164106138972130e+01 -1.359118161422343185e+01 -1.943595214931072235e+01 -6.737344082402847434e-01 -6.195936930036116230e+00 6.794992465279886346e+03
-3.393032069452571875e+01 4.467150053271196519e+00 -8.260793156827775263e+00 -9.822708838060117742e+00 1.669517662880140207e+01 1.161316611484816264e+01 -2.309486045396527842e+01 2.903193383050022724e+00 -4.282090211566224269e+01 -7.425735535190938208e+00 -8.958164771898220025e+00 6.622140883945982104e+00 -1.229080603528587057e+00 4.305727376949448626e+03
-3.639140020879939641e+01 4.825761278388384312e+00 -7.931670518224615662e+00 -1.153580129990119296e+01 1.044418389232312450e+01 1.019806461381463691e+01 -1.493732604785926021e+01 -3.097031465952022167e+00 -4.107018117720877370e+01 -1.336313687919635207e+01 -1.673522017852834765e+01 9.010441235847064689e+00 -6.075345509602719574e+00 4.252903580249241713e+03
-3.508237512832637606e+01 6.728220732262389703e+00 -5.496952010440166347e+00 -7.919074277446769727e+00 2.210602974270160281e+00 3.353231278592809339e+00 -1.132578822300326316e+01 -4.335355896051984459e+00 -3.991759301819684680e+01 -2.257379312406009930e+01 -1.221279996357914222e+01 -9.357566887647266185e+00 -1.157763446024648202e+00 3.873217258397200567e+03
-3.597804771994153583e+01 5.562658474649817997e+00 -6.259794884912300184e+00 -8.981198985155689485e+00 9.056818294334842978e-01 1.144311961760642760e+00 -1.439125142745736241e+01 -8.027387916773415455e+00 -4.423842723456267834e+01 -2.785084556896893559e+01 -1.726935314251242204e+01 -1.131585994882326673e+01 -3.848883264556277606e-01 4.878022264573048233e+03
-3.554978331223799159e+01 1.057692877435027157e+01 9.728788578849439928e-01 -5.766207450431409143e+00 5.136662071832129861e+00 1.149912487392970029e+01 2.951072880635784212e+00 -1.777942400250792687e+01 -3.269511143692855626e+01 -1.525139356882876385e+01 -1.849949471484280750e+01 3.314356296228245125e+00 -1.644297820380004937e+00 3.550781371941928683e+03
-3.772624831564434089e+01 6.664642844732528104e+00 -3.587126204266446905e+00 -1.118428287418974421e+01 -6.259754441465104069e-01 4.543320562869689105e+00 -4.931770568194331794e+00 -2.739106073757409376e+01 -4.771430254662689663e+01 -2.644901961038870297e+01 -2.282551769741717251e+01 -4.767000617722330524e+00 -7.200247136571264583e+00 5.973046528031124581e+03
-3.803700887243341100e+01 9.365978217915463588e+00 8.396362730634520863e-03 -1.798791923774640367e+00 5.793116002749567173e+00 1.401811554027820783e+01 2.835255810380219899e+00 -1.223418380900100821e+01 -2.931002777681545268e+01 -1.513706812952447223e+01 -2.033012894069825904e+01 3.908542693873549467e+00 -2.305923225899643381e+00 3.447669690623160477e+03
-4.222776756588775271e+01 6.657239521133882398e+00 -1.409199169395414453e+00 3.941530871267660441e+00 8.672737682373234946e+00 8.955574790092462933e+00 -1.350955518271962674e+01 -2.152053118217109429e+01 -3.556173479510802338e+01 -2.211238050409988531e+01 -2.621129317731230302e+01 1.379978830142795765e+00 -8.152952662606101353e-02 5.088621973732576407e+03
-4.172091734596008905e+01 8.172745442764693280e+00 -1.677513970643985886e+00 3.517708335762936844e+00 9.816152251251919481e+00 1.418277016572392313e+01 -6.086259106484142478e+00 -1.349843084129356896e+01 -3.153444569479381343e+01 -1.702086844095737206e+01 -2.144506520977402175e+01 -8.381460862634247944e-01 -8.362314221153971161e+00 4.154027874608791535e+03
-4.232466754268470055e+01 8.639684928652521023e+00 -2.676079887278386416e-01 8.251628296736994272e+00 1.447892767098669786e+01 1.362091927069513098e+01 -1.247118949376952912e+01 -1.243056135196154521e+01 -3.431168218412204141e+01 -1.736752786772321855e+01 -1.251731827389104801e+01 4.293230921293393898e+00 -1.794043014017870696e+00 4.296657070433083391e+03
-4.236798040158968348e+01 5.232627898203310757e+00 -4.831861538471727613e+00 8.572564917713693333e+00 9.145886248246807071e+00 7.454881832607275882e+00 -2.034053628703018646e+01 -9.845527145722046125e-01 -3.442331096699471971e+01 -3.048773017228392135e+01 -2.207608015013253322e+01 -3.458485674091100748e+00 -1.393059044013420289e+00 5.088912252563179209e+03
-4.134384727785007385e+01 4.350238050328743000e+00 -5.929111148296489553e+00 8.322056722876848056e+00 1.492466139568165495e+01 1.213424503984549929e+01 -2.776333629724212670e+01 -4.613073377367448380e+00 -3.308853859001295206e+01 -1.914846636449058792e+01 -2.113355297818544543e+01 4.028587171566382352e+00 -3.571521531263599503e+00 4.931845467001620818e+03
-4.059426682138801112e+01 8.343599008354365409e-01 -8.768652445062100398e+00 9.830807430900874166e+00 9.743899306975313479e+00 8.763315628758308051e+00 -3.248237862306353207e+01 -1.606795120726591364e+01 -3.524681576371486358e+01 -1.515504861294403760e+01 -1.826658487722686175e+01 8.564940742357128656e+00 -4.358042750277375532e+00 5.205180336732984870e+03
-4.155731394903560982e+01 2.913568969446330037e+00 -6.194088420471864254e+00 9.009772824447153994e+00 7.786018494069475437e+00 9.944228416361738709e+00 -1.925727494667277284e+01 -7.623462049364668758e+00 -3.703677488809994856e+01 -1.994369769635756029e+01 -1.656040452131230722e+01 2.000402237808146300e+00 -1.304408009601726093e+01 4.661381943773154489e+03
-3.989091649729968481e+01 -3.106858309179450384e+00 -1.179228875204732674e+01 1.742404021251011059e+01 3.647274945706684868e+00 1.036935573956278311e+01 -2.519500632723432787e+01 -3.374173405272111292e+00 -4.568480428576202712e+01 -1.518943346186637200e+01 3.241330369451251414e+00 5.157726163510804263e+00 -5.941645889364125743e+00 5.200824331005226668e+03
-4.016022363025744113e+01 -6.387408879503342796e+00 -1.822877675764933869e+01 1.769247702829678559e+01 -2.457707855264879448e+00 1.589727083969406429e+01 -1.638306190785626626e+01 7.435841978005889530e+00 -4.197385170903677931e+01 -2.277467967646629887e+01 -1.431789678548562961e+01 1.883189727865497431e-02 -7.130195606544307729e+00 5.417747085199831417e+03
-3.980084929052705434e+01 -7.263597989302811087e+00 -2.065638918935288615e+01 1.728296152991904577e+01 -4.512522501861546687e+00 1.788000296594346139e+01 -1.489434698899244935e+01 3.381655269503146766e+00 -3.702582156080604392e+01 -1.433505279783759434e+01 -1.457454270433109755e+01 -7.860174481839981908e+00 -1.433500706919867085e+01 4.991686430135104274e+03
-4.006917268240244567e+01 -6.729107776319851908e+00 -1.756261148297419084e+01 2.261070595234629721e+01 -9.327080816627104198e+00 1.894713559560153371e+01 -4.102635290133443746e+00 -1.974264356662330355e+00 -3.551086817020730280e+01 -1.268699083738358269e+01 -5.032553002838922040e+00 -5.149407415885872474e+00 -1.648458889130341021e+01 4.682792708680864052e+03
-4.060154427986746839e+01 -7.563502895189600395e+00 -1.867004287016006714e+01 2.207869755048014682e+01 -1.761550127784228081e+01 1.399980841689673206e+01 -4.116491596166410361e+00 -7.945847484041412834e+00 -2.924767284198268413e+01 -1.019098222254589992e+01 -5.849539496825846285e+00 -4.528825306384003824e+00 -1.334947426289429551e+01 4.320332195943448824e+03
-3.902435447574237060e+01 -7.139995341953697228e+00 -1.722532729212889890e+01 1.788376104136577638e+01 -2.399837906642396135e+01 5.902349635126342697e+00 5.873192095711288196e+00 1.139396410987151853e+01 1.630203855842499827e+00 -8.989120220682166318e-01 2.106681671597366634e+00 -1.605195048580211648e+01 -1.487859260474965595e+01 3.452438664995586350e+03
-3.944613486395019919e+01 -6.626321915174756327e+00 -1.730302536227665655e+01 1.465063007031696785e+01 -2.226878249558481571e+01 3.755102431526696094e+00 4.801728937198813441e+00 1.033460517713774962e+01 9.027130765282269653e-01 -7.969827372177554103e+00 -1.007899643424465275e+01 -2.326383742104824037e+01 -2.053606111782882238e+01 3.882656625184441964e+03
-3.909091390094073404e+01 -4.762776450403549688e+00 -1.581961776111324625e+01 1.225305047011918269e+01 -2.687518043283249369e+01 -7.714292073549749995e-01 -9.868383187665118461e-01 -7.488706399483215925e+00 -2.359539048216186874e+00 -1.038575544688425367e+01 -2.218440743282230088e+01 -1.856533382072208127e+01 -1.658776407784201723e+01 3.956510951627605209e+03
-4.062900262179771715e+01 -3.610062976420165715e+00 -1.512438291461563011e+01 9.731504953325277540e+00 -2.683942249379787270e+01 5.239721306836595538e+00 4.383301065089774795e+00 -1.745262244306612232e+01 -9.714968670161523434e+00 -9.712963643424329163e+00 -2.511734979379195565e+01 -9.321424421989799924e+00 -1.009305911696784719e+01 4.067176528739489186e+03
-4.196829778737477312e+01 -3.643060853062261017e+00 -1.634114943768999240e+01 9.558942334463553792e+00 -1.980685688043060821e+01 5.321799680103873165e+00 -7.876290783489682035e+00 -1.935513453939432083e+01 -1.644408573925452544e+01 -4.404750381651350466e+00 -1.922902356105108979e+01 1.432205602056717098e+00 -1.217719977420973088e+01 3.800207311972196294e+03
-4.461678632005328637e+01 -6.965944631872300619e+00 -2.038202507973199218e+01 9.597954349000534791e+00 -2.106962669421190526e+01 4.482570009194343896e+00 -1.036889720483545396e+01 -1.241556964172709066e+01 -7.883071345435024746e+00 3.725095211166912890e+00 -1.691722740303764283e+01 -7.109239721261230827e+00 -1.557595595989489645e+01 3.927776106528230684e+03
-4.643413902260480342e+01 -2.930566793406139681e+00 -1.412102019586632196e+01 1.892638573405391611e+01 -1.704878850213957264e+01 3.920384792003224650e+00 -1.683837596398361569e+01 -1.802899002339514567e+01 -1.987378200521294858e+01 -1.149500033086349049e+01 -2.321598375348100518e+01 -9.270734526075871784e+00 -1.394246004542359429e+01 4.983357625714049391e+03
-4.661303627201560573e+01 -2.801011792060883909e+00 -1.554520018829821382e+01 8.199564818786971188e+00 -1.301245691313265773e+01 8.484583195477606310e+00 -8.545803735573031190e+00 -1.448093942952777446e+01 -3.328932487825775155e+01 -2.315149142512525415e+01 -2.779833431166733604e+01 -6.978273618192176286e+00 -1.388584139294835040e+01 5.671978475274497214e+03
-4.667340965550329202e+01 -8.493032841388773457e-01 -1.324117606961781135e+01 9.176224743272559436e+00 -8.143175546076797389e+00 1.475092894555992196e+01 5.690502602627286466e-01 -3.940805484202359654e+00 -2.369673601064263835e+01 -1.454051539245312341e+01 -1.703418462513955234e+01 1.044058676902539595e+01 -7.016470484858979617e+00 3.959777349404789220e+03
-5.025907410487138094e+01 -4.275588607759859272e+00 -1.819834300217505074e+01 4.412284908345498913e+00 -1.751787925304933680e+01 5.085833296635964729e+00 -8.166026086482846225e+00 -5.377527662620195770e+00 -2.214334783016920483e+01 -2.092831910232210291e+01 -2.751700578175996981e+01 4.749428774723975621e+00 -1.539247590042778135e+01 5.268240102413255045e+03
-5.036358125569337574e+01 -3.902904930592724142e+00 -1.577797313778568622e+01 1.041278148623545086e+01 -1.423078471691901115e+01 9.974861362100412521e+00 -5.017993607732964989e+00 -3.367518310980063934e+00 -2.546209164006360481e+01 -2.110765854655857510e+01 -1.762490533815767080e+01 1.774323471556116516e+01 -6.311241593628047930e+00 5.006769767496061831e+03
-4.958827934355926459e+01 -5.868016284194905730e+00 -1.753058861061063212e+01 1.592712541670294968e+01 -8.181455380597052240e+00 1.698142716955919695e+01 -9.915685511888314707e+00 -1.418575387662467158e+01 -3.689952161360846361e+01 -1.818913304797855446e+01 -2.203817349881424548e+01 7.639858351467835540e+00 -1.815100732450412835e+01 6.275214287557644639e+03
-4.962595110754482164e+01 -6.547788507577738670e+00 -1.580414184198633620e+01 2.163166051330918549e+01 -7.871845170703405614e+00 1.989090200988870905e+01 -9.138269373258316008e+00 -2.927447091704379289e+01 -3.624613992772160032e+01 -1.043081296445739170e+01 -1.952076485602922418e+01 1.561189524146213614e+01 -1.454971589654195263e+01 6.880495022387000972e+03
-4.606187268221459874e+01 -6.994494766364477201e+00 -1.653753221508117122e+01 1.271207040444539338e+01 -5.172491897027451380e+00 2.363624332543780682e+01 -6.813793456826825690e+00 -3.133066346791883205e+01 -3.821290784023745601e+01 -5.957545600867644175e+00 -2.829047176776114014e+01 2.272205106772370797e+01 -2.611067040887062518e+01 7.713298885298374444e+03
-4.375951485836765897e+01 -7.364535177081434902e+00 -1.535512133509212873e+01 1.687436621760743094e+01 9.668729785740357130e+00 2.724683879575541923e+01 -2.197633577990307074e+01 -1.674060860940556239e+01 -3.243029970230216463e+01 3.246969493924795724e+00 -2.386358212213639618e+01 3.049684993189523041e+01 -2.840934034085139004e+01 7.457623552177828969e+03
-3.387753276687061543e+01 -9.522642834753526131e+00 -1.800894050031381610e+01 2.348194928641433066e+01 3.685834016025092641e+00 3.167270239847121260e+01 -1.652034605040273973e+01 -1.617541082794936003e+01 -3.395330082961292106e+01 -3.064116434582687898e+00 -2.454995051252936733e+01 2.489876834320918420e+01 -1.523075698005035150e+01 6.282243171968724710e+03
-3.263007323222707612e+01 -7.910126602422917763e+00 -1.565247143343352931e+01 1.664230536661794702e+01 -2.508132550427053964e+00 2.703542963627324269e+01 -1.940754748213065994e+01 -1.445580359287392902e+01 -2.641829018048290223e+01 -6.227848277807851218e+00 -3.530259067253373217e+01 1.891821066402427576e+01 -1.650606271955878768e+01 5.585420172846839705e+03
-3.158671160478338180e+01 -5.324695263947699431e+00 -1.467523618089420268e+01 1.653074848705217192e+01 8.388720273982007924e+00 2.646019477709399226e+01 -2.277631983327900755e+01 -1.153374174985129841e+01 -3.193112263392869465e+01 -2.190343056032133084e+00 -2.577808568881255979e+01 1.677292303643552174e+01 -1.725284074662401324e+01 5.204896769702241727e+03
-3.561162750763811857e+01 -3.251297215666732132e+00 -1.241568910463294095e+01 5.828139412274635056e+00 1.311660887646362106e+01 2.317294392830639183e+01 -2.907329612032138044e+01 -1.768858312433033575e+01 -3.280547119104011244e+01 -6.050924418661172977e-02 -3.534883034903513988e+01 1.354421622012514881e+01 -2.240263765860228418e+01 6.345115146807764177e+03
-3.245439783115782006e+01 1.658262530031805015e+00 -9.526812941754158715e+00 -3.656897177617410399e+00 2.310980051421001136e+01 2.976380675036432066e+01 -1.927208341805723535e+01 -1.462241480815633032e+01 -3.678658577310177691e+01 7.571696622008263766e+00 -2.663166466126681087e+01 1.400266069813112324e+01 -1.694954040424886443e+01 5.768536592920292605e+03
-3.331478763717773717e+01 -9.074398335119436831e-01 -1.212092293478077742e+01 -9.899085427798860692e+00 1.914099473402661644e+01 2.069758909035155980e+01 -3.144500041917205735e+01 -2.751762258628667368e+01 -4.664878379838606293e+01 2.045264073838856778e+00 -2.989466782944764844e+01 8.875073531233217849e+00 -2.169403755747245910e+01 7.519764160546704261e+03
-3.237007933359062406e+01 4.839135368570898876e+00 -6.258566013934248495e+00 -1.283459500147014154e+01 1.891044047720291488e+01 2.368504135941230970e+01 -1.685418780471721689e+01 -2.399188668541650316e+01 -3.768021449031929393e+01 3.576545389362764116e+00 -2.873703879249394078e+01 1.357548592672217858e+01 -1.716047944532427394e+01 5.790579473562260318e+03
-3.719216100943494752e+01 5.361017632400507438e+00 -4.652461601461519436e+00 -1.510932829329716043e+01 1.576382715615518748e+01 1.729550458395722856e+01 -1.786167942947769305e+01 -3.588702911970018761e+01 -3.667358207207784204e+01 8.661446772099472113e+00 -2.704981358677729020e+01 1.475237550870026304e+01 -2.416095458220844705e+01 6.769534734272786409e+03
-3.471171165746906695e+01 8.536446084086048103e+00 -4.868049955113977312e+00 -1.741743921806953921e+01 2.132939965232361601e+01 1.813809143996128270e+01 -1.719471190718037334e+01 -1.706020242580104096e+01 -3.954668376677589947e+01 1.710729008172670262e+00 -2.165532136696307930e+01 1.481683127150592227e+01 -1.429180659597074410e+01 5.435095171111728632e+03
-3.791168758476440104e+01 4.925167111126138586e+00 -6.083510648117731456e+00 -1.443315098748949943e+01 2.701542468239633266e+01 1.635459092046161445e+01 -3.079341053017007113e+01 -3.012994974383706648e+01 -4.734707425483470900e+01 -1.191971168462096387e+00 -2.880612062594623879e+01 9.050584153494586559e+00 -2.283299135208769570e+01 8.236449483302179942e+03
-3.684855486544631020e+01 8.109526468866441462e+00 -2.676225716403916266e+00 -1.531748755724687072e+01 2.056480955336152405e+01 1.631954660231240695e+01 -1.482859039907363474e+01 -2.126978248000257210e+01 -4.355169911948834027e+01 -8.128943274981484279e+00 -2.772652383417433697e+01 1.745316664696733966e+01 -1.536803142189084070e+01 6.299277512294187545e+03
-3.955391505145733788e+01 1.042730173931078319e+01 -7.232805122582632862e-01 -1.676082372554509803e+01 1.364505261643958711e+01 1.254507228567018373e+01 -1.499832565004604490e+01 -2.344880251143324656e+01 -2.762084606476336646e+01 -5.150058284836745770e+00 -3.758323799638667850e+01 1.566730054091964952e+01 -1.426419440984635578e+01 5.723917139566872720e+03
-4.139089154634520185e+01 8.650672656881159384e+00 -2.367928878506062595e+00 -1.264440552008566776e+01 1.641067001204058684e+01 1.811459013860108413e+01 -1.166241815627421374e+01 -3.329742523023522693e+01 -3.826340412737535956e+01 -7.808816279180801345e+00 -3.824554631188193099e+01 8.750815276529634090e+00 -1.875106279472050730e+01 7.211673752622995380e+03
-4.686238965292426428e+01 1.013457890695883989e+01 3.740152515500002384e+00 1.608736833540231670e+00 2.138775778801799632e+01 2.022930778455226175e+01 -1.260149587078352340e+01 -1.883993474030699389e+01 -2.611592768040117818e+01 -9.141002948914859871e+00 -2.692549830153398460e+01 1.260142270793195252e+01 -9.115479784840156086e+00 5.428241842761876796e+03
-4.922593263686449916e+01 7.908223163451754800e+00 -1.571609967742310987e+00 3.184041578912303883e-01 1.459552627039410311e+01 1.236824684041347666e+01 -2.134673748613343136e+01 -1.663085687461354922e+01 -3.038652334216403972e+01 -1.466533552644997762e+01 -2.997140395386078637e+01 7.143441092486042532e-01 -9.325655707894618729e+00 5.710751359152826808e+03
-4.907324740884648406e+01 8.041644404141099045e+00 3.848429120250744240e-01 9.656216611624371282e+00 8.422296627432894311e+00 1.357181054224625250e+01 -1.744607844044298517e+01 -2.277892237533957953e+01 -1.894411314492417020e+01 -6.604051972699118700e+00 -2.145896481318970217e+01 6.895363489528447687e+00 -3.292792082577716162e+00 4.565984972208309955e+03
-4.976578933562272766e+01 6.725211047320977187e+00 -8.989855837731252075e-01 6.728497168865490430e+00 3.519867034396496397e+00 1.227895413456198703e+01 -1.678508951676823457e+01 -3.008445006390502385e+01 -2.179809531848270510e+01 -1.078334649885395713e+01 -2.426731482150369956e+01 1.467501478860523356e+01 1.939940113234846164e+00 5.317378161934573654e+03
-4.990272418941901122e+01 5.451060776440919575e+00 -4.853881067769157731e+00 7.808541674335798266e-01 3.238818552731892453e-01 9.843265402898270011e+00 -1.692874182999038268e+01 -2.725207106183914618e+01 -2.215487150384662129e+01 -8.947746679338495213e+00 -2.625174639493785378e+01 1.746222331771959801e+01 5.657756259785708508e+00 5.267412429985345625e+03
-5.289972778977594459e+01 5.627588779806433905e+00 -6.907349320310710361e+00 -4.946731228282045478e+00 -2.423835863711982341e+00 6.142597513258614583e+00 -2.107511338118331068e+01 -2.429170666077607521e+01 -1.529905993408578624e+01 -4.675669379538444304e+00 -3.374071530432702559e+01 1.317239577339825018e+01 -2.805563137601678747e+00 5.555828664402945833e+03
-5.339557188233484908e+01 1.003532158693524146e+01 -1.788071630692451841e-01 2.306051042159712239e+00 2.756110674757192402e+00 6.566822710722158618e+00 -1.394097449533807520e+01 -1.982631130830539234e+01 -9.607752755322854554e+00 -5.791338036002218193e-01 -2.346495631398915194e+01 1.309288930747075952e+01 -4.135818264366484254e-01 4.410140600076624651e+03
-4.786302146599898322e+01 2.333413229575461489e+00 -1.114359617507072286e+01 3.015708758237989784e+00 1.637314842095930256e+00 6.881931851724154114e+00 -2.401034662847175127e+01 -1.015420083268936580e+01 -2.893234341009452848e+01 -5.063839413217405827e-01 -1.088684602822579706e+01 -9.501941502644315918e+00 -1.124477524497133274e+01 4.331826400823637414e+03
-4.298528509321400293e+01 1.398964249466992715e+00 -1.333040190162178185e+01 -2.665906115225984863e+00 1.248889542621183679e+01 1.730232384612444818e+01 -2.268633148491539231e+01 -8.368602719755974251e-01 -3.489350831807870890e+01 4.866952334929104396e+00 -1.038617223556998681e+01 -1.525359892424240638e+00 -7.281891550592198392e+00 4.409680785428657146e+03
-4.110210595730653438e+01 2.520824949322662434e+00 -9.454324081534959845e+00 -2.784205161416053009e+00 2.059308261880969937e+01 2.023016551689165254e+01 -2.462443516694370516e+01 -1.072511486683846726e+01 -4.574095407249746614e+01 -2.844208912890486274e-01 -1.624109569707611911e+01 -4.918069494318601187e+00 -7.778335597356895725e+00 5.788378135917541840e+03
-3.978289542287286906e+01 1.669843029669222156e+00 -1.149087917121381075e+01 -5.859383499099345194e+00 1.802425214270718001e+01 1.830029637341344184e+01 -2.778801932428464738e+01 -1.764226527497800490e+01 -4.660844683722476844e+01 -4.437337731139444630e-01 -2.183402354056366335e+01 -5.858199220072269675e+00 -1.478883673108473396e+01 6.397334867916526491e+03
-3.863146658272310674e+01 4.982845233222538361e+00 -5.836006070422963710e+00 -5.159677082679871241e+00 2.108424288133220159e+01 1.431409496430214290e+01 -3.050995911293728469e+01 -2.616146661759929870e+01 -4.251003449763972242e+01 4.447049569257722546e+00 -1.885692682907496476e+01 -8.966410150041690841e+00 -2.274510119703740685e+01 6.622817856326066249e+03
-3.230091543501694673e+01 9.669666900042952484e-01 -1.476991602320733676e+01 -6.414372203765743130e+00 4.158091575908690274e+00 8.046514928520133836e+00 -2.455874961595705486e+01 -5.218414357039570461e+00 -3.567499933711170002e+01 -8.426664295988418374e+00 -2.277255165355308719e+01 -1.536885316380830702e+01 -2.028478528409918269e+01 4.525956431036957838e+03
-3.079209580280958747e+01 -3.941627978956470102e-01 -1.024226710698587972e+01 1.089625271539701679e+01 2.130700557351062585e+01 2.541907430342057950e+01 -2.924621732675207753e+01 -2.211821079875358009e+01 -3.689734644969130528e+01 1.493754249241917975e+01 -1.648916916574598801e+01 -1.410997772358936686e+01 -1.749380547309242928e+01 5.978176940591984021e+03
-3.226609387328429079e+01 -4.449908222771578714e+00 -1.313821542513604967e+01 1.123407336993915351e+01 2.535215249114322589e+01 2.685519591963675268e+01 -3.516164754812999149e+01 -3.198591274727003864e+01 -5.042987339297702931e+01 6.057943488946338384e+00 -2.162048098317818656e+01 -2.068534770039266846e+01 -1.906275716737518167e+01 8.821681190459668869e+03
-3.039424426343831698e+01 -1.298613448213906452e+00 -1.183891645820439642e+01 1.174468714803368030e+01 1.898439017178790067e+01 2.029059199098411170e+01 -3.767527321370259585e+01 -2.665461289820653690e+01 -3.786605495192153370e+01 1.070385329996934054e+01 -2.154799590196083514e+01 -9.889519714623377311e+00 -1.847764305382648686e+01 6.557556507853279072e+03
-3.225873699816404638e+01 -2.046487500645818081e+00 -1.370898561336161769e+01 5.916676192188554673e+00 2.241037325846146189e+01 2.261791373103967118e+01 -3.760682346388772146e+01 -2.173523909169039214e+01 -4.168252347324200713e+01 6.104054124029172357e+00 -3.004180081241944578e+01 -1.585249116577806738e+01 -2.163499945247809819e+01 7.564822921432197290e+03
-3.006040824146129253e+01 5.121275833072143346e-02 -1.294781570022875172e+01 7.106284523598275449e+00 2.483768642682096939e+01 2.242874392638335479e+01 -4.374347592796222983e+01 -4.735535564267697950e+00 -3.321676699879011352e+01 1.104609243935449925e+01 -2.642367336709068582e+01 -1.347135241211098844e+01 -1.004224154191532037e+01 6.383556415259204186e+03
-3.137702477387397337e+01 -3.527702722370737121e+00 -1.519190079976068652e+01 1.370460639918621126e+01 2.915177578620337329e+01 2.793778910637611190e+01 -4.560777351117016565e+01 -4.304101701929828216e+00 -3.668972394585762231e+01 8.508872724398864662e+00 -3.148183377622132895e+01 -1.626573240289589251e+01 -8.770419579988166348e+00 7.895649770760823230e+03
-2.906403616715761018e+01 -3.763089464540076090e+00 -1.817353519638057335e+01 9.425796270214213735e+00 1.821553863125130945e+01 2.335110270924703357e+01 -3.993080274610802149e+01 -4.533871557272075137e+00 -3.327785601133973614e+01 9.872181191238603049e+00 -2.956046761592533656e+01 -1.246338456140979467e+01 -1.376036358549649918e+01 6.193487370703408487e+03
-3.176976773048916058e+01 -2.739490074826400168e+00 -1.335033835067759966e+01 1.744034285683712682e+01 1.649954153147461611e+01 1.933299475103613929e+01 -4.683351980401949533e+01 -1.530941936151400462e+01 -2.458242917639850589e+01 2.028695477344268738e+01 -2.995550521386975262e+01 -1.674108206786247166e+01 -9.121873804399591279e+00 6.849637557090372866e+03
-3.125135892824742356e+01 -5.825910293101549620e+00 -1.817598316142468562e+01 1.730170967902580870e+01 2.273879489242781915e+01 2.650708808064776179e+01 -3.860064577297016797e+01 -3.151203926681035439e-01 -3.613379364159276008e+01 2.733523355961334111e+00 -3.178780379055489647e+01 -2.130292935177355673e+01 -1.190500729018737225e+01 7.269223514178102050e+03
-3.341216202574611316e+01 -2.773187137590756635e+00 -1.249164884635124828e+01 2.178068003582486512e+01 2.064414402956519012e+01 1.155961653452070692e+01 -5.920127076554850731e+01 1.308384430564631273e+00 -2.700973009495955424e+01 7.300641557645156654e-01 -2.877544649590837622e+01 -1.820118680239568221e+01 5.960658382526192733e-01 7.710533529083082612e+03
-3.576006452442545225e+01 -7.210833657261134455e+00 -1.540404004242165392e+01 2.815559437043686941e+01 2.542884149788255499e+01 1.874641895887534204e+01 -6.092991105972043187e+01 -1.593448647595584688e+00 -2.991129467133791309e+01 -1.235675993188508626e+00 -3.777349549035357512e+01 -2.202682339062322825e+01 -4.903335097682857580e+00 9.906120674246336421e+03
-3.439487281771059202e+01 -2.587647847411694624e+00 -1.374369930111780924e+01 2.009690179823992651e+01 1.777411173818599366e+01 1.864081109563166905e+01 -4.438179458048137604e+01 1.512929674891760667e+00 -2.262193060572311154e+01 4.614845924995645277e+00 -3.215583202368382132e+01 -1.067411770013102057e+01 -4.212357425081834528e+00 6.116636286795969681e+03
-3.648169901056206044e+01 -6.693284125763673487e+00 -1.655060722231708681e+01 2.530621273181479225e+01 2.288801448494627166e+01 2.607557116181432377e+01 -4.374163377203998238e+01 -4.767520279839244424e+00 -2.766988148062036146e+01 4.983081616277623915e+00 -3.597379193637848971e+01 -1.097463419978671340e+01 -1.423053679147564843e+01 7.837415733505205935e+03
-3.932745913804482285e+01 -2.777880808218764042e+00 -1.232945057493326146e+01 2.392580593806566114e+01 2.101799055497068736e+01 2.371212888768090110e+01 -3.947640391325553821e+01 -4.335996021271970036e-01 -2.043811037104131145e+01 4.486756163322067059e-01 -4.094095028629547528e+01 -1.155068279991304792e+01 -8.128478575260089656e+00 7.134990175982389701e+03
-4.023614052126517038e+01 -1.551238878661661991e+00 -1.297186348692938473e+01 1.721007966369972664e+01 1.455281858084137880e+01 1.662704739805305110e+01 -4.272939020762353124e+01 -2.068308758252369373e+00 -2.112850839293908578e+01 1.179978741853695112e+00 -3.343671670673582241e+01 -1.252331898753395123e+00 -2.710887532414052448e+00 5.978868840185157751e+03
-4.468835816046413356e+01 -6.448223060790398087e+00 -1.565347799929009120e+01 1.898382904933139770e+01 2.805115687672240199e+01 2.896217781587239060e+01 -4.361505078562797877e+01 -1.385159907442691107e+01 -3.327817470782395759e+01 -3.245093789371998327e-01 -4.743433201625509099e+01 -7.607181211887690253e+00 -1.177197019650317067e+01 9.917867232828051783e+03
-4.633477929674018725e+01 -1.509017377690685224e+00 -1.414838692439188605e+01 9.096207059277107376e+00 1.143121145225839363e+01 1.326952868406155517e+01 -4.159762143605051676e+01 -1.780196742219696304e+01 -2.724502502081668709e+01 5.840751699323592838e+00 -3.286939274529042621e+01 -4.913263677816084751e+00 -1.347353282496714577e+01 6.848610876348091551e+03
-4.823408494217176212e+01 -1.208206995864470334e+00 -1.468506292213339570e+01 6.771691519603952436e+00 1.558880022878961391e+01 1.922169335371791377e+01 -3.893737063698175405e+01 -1.248842571705965732e+01 -2.484232904868462910e+01 1.541044176111316233e+01 -2.871440766137780898e+01 1.545271077217684530e+00 -1.149194065916459628e+01 6.687650188382289343e+03
-5.202036026931391177e+01 2.018590546382810491e-01 -9.246912894844548703e+00 1.109939245860715218e+01 2.972330077577784024e+01 2.100982463876571771e+01 -4.780734048850720797e+01 -1.535152279238167061e+01 -2.993548998062988886e+01 1.494047017329233817e+01 -2.888117797849685786e+01 -1.088705556467686719e+01 -1.636347028143136839e+01 9.100723726974989404e+03
-5.204896865630304603e+01 2.126749578766367055e+00 -8.332814388449694576e+00 1.251916183102005320e+01 2.181040750464065781e+01 1.447091662871010520e+01 -5.321280318906725881e+01 -1.105106476623011424e+01 -1.969223911751513256e+01 1.490798209245497397e+01 -3.330886787526042525e+01 -9.500220947300025642e+00 -6.362312878002135186e+00 8.428859283705623966e+03
-5.164025108532281649e+01 2.764393819705889932e+00 -8.604787508306197097e+00 8.449412970095343312e+00 2.384632486582861333e+01 2.365683467809589402e+01 -3.478494532984012011e+01 -6.001261516073483904e+00 -2.076680843375131857e+01 1.071457788300022784e+01 -3.736148707109287415e+01 -1.118312201819319895e+01 -1.112219047442517628e+01 7.384801517847232390e+03
-5.411517127481810974e+01 -5.303016696340424885e-02 -8.916518342861246893e+00 1.461283549571066764e+01 2.898268103984330679e+01 2.833545068157003755e+01 -4.455204109259764067e+01 -2.297884725578907705e+01 -2.736677742538755354e+01 1.614029889360258352e+01 -4.506672742027550527e+01 -1.050863533250483250e+01 -8.216444157504779966e+00 1.059570023373506956e+04
-5.443988522178413803e+01 2.483769872131563972e+00 -9.662343240253369103e+00 9.007267179667516999e+00 2.748648403354308556e+01 2.533350006668296572e+01 -4.365309595877861426e+01 -5.680079940574339403e+00 -2.090315692997079111e+01 2.207200722455880992e+01 -3.374517902976867845e+01 -1.120253021689064488e+00 -6.487498724918363102e+00 8.585706266599141600e+03
-5.609288900447279502e+01 -2.232759654082874690e+00 -1.354916702867331857e+01 1.043239914243173239e+01 2.532051937079956971e+01 2.362599509662215169e+01 -4.454818584988449715e+01 -1.528786635428778062e+01 -3.289755992683210906e+01 1.020315763488150829e+01 -4.354397975569118273e+01 -1.230227474095575246e+01 -1.808875012615153821e+01 1.042236925002806856e+04
-5.592726271495990886e+01 -1.100617202726083876e+00 -1.398173727019550761e+01 5.003775747033024857e+00 2.834057384060769280e+01 1.988886376255748800e+01 -5.687795643388408706e+01 -6.831043262908499614e+00 -2.853722914926103726e+01 1.448725863984800633e+01 -3.861467560173425539e+01 -3.586534655514286296e+00 -8.727324896666177168e+00 1.043449364229913408e+04
-5.569538873288764336e+01 -2.011061501866050705e+00 -1.397942374318555103e+01 1.023771367886755890e+01 3.005133648312446937e+01 2.482368728179281092e+01 -5.066609339429501802e+01 -9.118856192567889707e+00 -3.396320075377070680e+01 8.802385402204114584e+00 -3.215087665810855810e+01 2.888918334933089582e+00 -9.977973810431325363e-01 9.849761909674443814e+03
-5.860261298315329270e+01 -2.707989117562942027e+00 -1.614522230439100170e+01 8.484042128924187409e+00 2.042473044291272188e+01 1.468011730765712031e+01 -5.380312813526504812e+01 -8.209705288770807741e+00 -3.086171340367766902e+01 5.081735258523622178e+00 -3.984201454756885141e+01 -1.033419978929653027e+01 -6.566219196290840721e+00 1.008466437399407550e+04
-5.970048705184770199e+01 9.598475018170697926e-01 -1.209633008413766042e+01 4.182333972490793528e+00 1.700334968361293164e+01 1.199883919243244712e+01 -4.708930806896253785e+01 -1.086268943414393107e+01 -2.512611789511448279e+01 1.351984292422656075e+01 -2.679959115545779369e+01 -4.600454081053119815e+00 -7.134326893763334176e+00 8.101758416255433985e+03
-5.975717883473277681e+01 4.153008584886400678e-01 -1.183783702578852903e+01 7.684163044427830158e+00 1.952715633670262108e+01 1.992525944709717223e+01 -4.054297462439726729e+01 -1.113923559728160306e+01 -1.990596019749599677e+01 2.255517981208290479e+01 -3.113004627908738442e+01 -4.719992550877262438e+00 -1.389926492189541207e+01 8.405945868077380510e+03
-6.112860689772560363e+01 6.757185303642598839e-01 -1.050633274379551629e+01 7.456028040302642879e+00 1.922088021992856355e+01 1.349740114673043401e+01 -5.120978632445596901e+01 -1.630790083869225882e+01 -2.106906052477915381e+01 1.995479585037521986e+01 -3.904688077259074674e+01 -1.264728361609671126e+01 -1.102703737005571050e+01 9.991457900878202054e+03
-6.202839777296186696e+01 3.515697614637948720e-01 -1.277828434730552587e+01 2.130928741170962759e+00 1.242400955852269817e+01 9.736906613956920253e+00 -4.714596338474440529e+01 -1.563039252399660661e+01 -2.516348844856838696e+01 5.736798540206962116e+00 -4.066707270035460198e+01 -9.156787310605000840e+00 -8.012924163436027314e+00 9.199662055496262838e+03
-6.288712360658921341e+01 2.993781842384397152e+00 -8.631002168326446622e+00 9.703898288468076672e+00 2.070701661925258463e+01 1.169078739721208748e+01 -4.828130407774845878e+01 -2.694174922266583838e+00 -1.610069881984208706e+01 1.617937526205502863e+01 -2.407767882255965119e+01 -2.215118322557050767e+00 -6.025472867086889117e+00 8.178163211144335946e+03
-6.464287430933245560e+01 5.695953847910016909e-01 -1.112653622914356255e+01 1.509657577135475748e+01 1.641143456915770926e+01 6.924642449423819457e+00 -5.698524389612028074e+01 -4.681045553968223416e+00 -1.865971584392307392e+01 2.063499764939169623e+01 -1.640125631796627559e+01 -1.315393643887563613e+01 -7.071315637790273279e+00 9.383266994263196466e+03
-4.777975219669902884e+01 -7.743736536085489064e+00 -1.914607556542505051e+01 3.078154534595614678e+01 -5.163800355939980768e+00 1.099005357105075298e+01 -2.550525725127357290e+01 1.562884114841710570e+01 -1.559965979856579921e+01 6.954646973205956151e+00 1.031614543395246208e+01 -1.038854394347190535e+01 -8.386705603052980962e+00 5.275568886772161022e+03
-4.597498515012902942e+01 -1.471135948018415540e+01 -2.678896026216310844e+01 3.557436005823451097e+01 -1.165163319058143188e+01 1.578374082276260815e+01 -2.612239828185524715e+01 1.660768371019734957e+01 -1.891906724047286659e+01 5.582227921844251206e+00 -6.523830400064396962e+00 -2.981653102254635712e+01 -7.932062640822040045e+00 7.039984600238433814e+03
-4.523489401313766223e+01 -1.901602794079085967e+01 -3.209647507470346994e+01 3.714214147955566858e+01 -1.041753471378298279e+01 1.686576786959370011e+01 -3.584306579516877633e+01 1.539747251958251617e+01 -2.888771117387292620e+01 -2.399011147155824641e+00 -1.836474204328188620e+01 -2.987685117121034040e+01 -1.138149722351661097e+01 8.931997598486252173e+03
-4.408646041401089377e+01 -1.425217146754400765e+01 -2.756917776591975766e+01 3.145309823471867006e+01 -6.409270890658605779e+00 1.342853453139299980e+01 -3.646692676010452772e+01 1.983806568454279784e+01 -2.170614919025521061e+01 5.498593186820333933e+00 -6.625155960960049661e+00 -2.326250157463845625e+01 -2.993090400134219564e+00 6.936273925934132421e+03
-4.653294446858748756e+01 -1.720071875074835788e+01 -2.919858631845013619e+01 4.071332923649330127e+01 -4.730544392136668108e+00 1.886814469584678022e+01 -3.936938732953652220e+01 1.321706949224510197e+01 -2.135468711120411811e+01 1.197769478985172498e+01 -1.064907899962187088e+01 -2.608283176845962714e+01 -1.296725563538190329e+01 8.635691335560937659e+03
-4.477135666018067894e+01 -1.163915662226518855e+01 -2.372988028897030688e+01 3.096647722531328739e+01 -9.882378207006737858e-01 1.629706748126674754e+01 -3.739815465974243835e+01 1.358377786141745647e+00 -3.099437194502153403e+01 9.726383695922553585e+00 -6.738573656491783082e-01 -1.668791758588078267e+01 -8.036974222477759611e+00 6.727799722810364074e+03
-4.382774687263539448e+01 -9.159399264465823975e+00 -1.851330220235356094e+01 3.745355265560308311e+01 1.367823636135381626e+01 3.216681323575716789e+01 -2.168651890020839801e+01 8.830146653802636081e+00 -3.012785680838310043e+01 -2.014565476382016218e+00 -2.036765710554837483e+01 -2.883115424581029984e+01 -1.580097165983365848e+01 7.927845417852136961e+03
-4.066659871267736293e+01 -6.603893371782498356e+00 -1.777404202177816117e+01 2.460025099339112131e+01 1.483539416664394039e+01 2.582769668136491248e+01 -3.203027746700167455e+01 -1.795352041909247465e+00 -3.258994136309497947e+01 8.045620139457055231e+00 -1.713906959682193332e+01 -1.932096672575347895e+01 -2.348217822721408510e+01 6.880089814400798787e+03
-3.996396011202832455e+01 -3.475105538674457151e+00 -1.150971795680294818e+01 2.815507840457594213e+01 2.058288008170782390e+01 2.130987492715868825e+01 -4.000559746538998951e+01 -8.229871897463073793e+00 -3.158269162300475941e+01 9.135340895681824946e+00 -1.222142058397962217e+01 -2.182106324524177055e+01 -2.270346487595869789e+01 7.302210958685652258e+03
-3.698758954736692317e+01 -2.495029951442093719e+00 -1.591200023000189923e+01 5.666289848498713866e+00 1.366513174957419530e+01 2.147453950037560944e+01 -3.079199546963112155e+01 -1.170255695296969378e+01 -3.957139087540237909e+01 6.163949789809731961e+00 -2.335442579224248760e+01 -1.951802736243698178e+01 -2.448429978012702080e+01 6.522346828430057940e+03
-3.584694016634443159e+01 -6.435151476270414284e-01 -9.153177802439122601e+00 1.334689527188172242e+01 2.253024258625866239e+01 2.426120197400404166e+01 -3.073594217714198606e+01 -2.330796931632120206e+01 -3.746566174494255819e+01 1.556861585269523296e+01 -1.668717259199545211e+01 -1.517120073998282948e+01 -3.186800445102054624e+01 7.301769213956024942e+03
-3.456094218221772962e+01 -3.876356733973734592e+00 -1.657642670102407223e+01 8.026128636208397893e+00 2.140982180265769941e+01 3.295100405103810459e+01 -1.662156899954805311e+01 -5.143323154883706394e+00 -3.792278666619036898e+01 -9.975373826260591770e-01 -3.624885354940060722e+01 -2.687671481609486790e+01 -3.609207427239378063e+01 8.173668833381092554e+03
-3.371381574332235687e+01 1.854053290360055728e+00 -7.310656750320577935e+00 6.679270786080519606e+00 1.690037660010879605e+01 2.697176368124136658e+01 -1.818826445821058613e+01 -2.820660570629661734e+01 -3.377618853851529224e+01 1.989055333669980996e+01 -1.937046474072693059e+01 -7.843431825835948779e+00 -2.421220012013029432e+01 5.937071566672460904e+03
-3.585376974966813890e+01 -3.141378660676276802e+00 -1.078398280314892688e+01 7.033924985411490027e+00 1.882126439828272169e+01 3.192856957309607679e+01 -2.008802336960441082e+01 -3.665053414445215907e+01 -4.827136309887720955e+01 1.329178672547655005e+01 -2.730236169368078691e+01 -1.846825363535987918e+01 -3.181061099190766583e+01 9.186801743306732533e+03
-3.235906455041358498e+01 3.716077731455895705e+00 -6.733284100708031517e+00 -7.624247236581572551e+00 1.215927636753577268e+01 2.505999001977075125e+01 -9.246175092136697415e+00 -2.590298667646862185e+01 -4.480800417205453101e+01 1.121688099089633184e+01 -1.619766287511518854e+01 -5.710931781644786653e+00 -2.046747401755868978e+01 5.544164301295019868e+03
-3.464523542344242912e+01 -1.614904362818697203e+00 -9.014851308989392464e+00 -5.724523774644682206e+00 1.840970502225788863e+01 3.361255131740070823e+01 -9.755337929908074912e+00 -3.891700124172459851e+01 -6.601129644674657015e+01 4.669300329118278192e+00 -1.924149348565030238e+01 -1.004158388775540089e+01 -2.883452227055731143e+01 1.007715019631118048e+04
-3.281255434199313470e+01 3.639048262590008687e+00 -4.426469461031143027e+00 -6.447767347967253926e+00 1.120702227010813345e+01 2.987943176871686646e+01 -1.856673157106394134e+00 -3.029195397441594650e+01 -5.356324101565492413e+01 8.862636717069507952e+00 -1.045215249365129218e+01 -1.187004793224697607e+01 -1.685918472992396744e+01 6.572445989253194966e+03
-3.483674163902614396e+01 1.536664063635963640e+00 -6.663987121635472022e+00 -6.243312695515537136e+00 8.881696889553296614e+00 2.283519487730483633e+01 -9.874174230627343007e+00 -3.492866961406140547e+01 -5.725328232082016200e+01 2.215217351754066755e+00 -9.926812456638419491e+00 -1.686192437699623525e+01 -1.965638398466610681e+01 7.269274579727969467e+03
-3.262763964334321543e+01 4.560052905133042067e+00 -5.927003613070545462e+00 -4.825325513761776541e+00 6.078169108125489828e+00 2.637685105932128238e+01 8.556209364585244614e+00 -1.590597972842173746e+01 -3.987724749150843451e+01 -3.703423274268081933e+00 -1.859702057638564554e+01 -1.132434705440558531e+01 -1.412856364736553871e+01 4.480277943372955633e+03
-3.534628962093621851e+01 2.126495437048857351e+00 -9.900245392798295185e+00 -9.702289948951271725e+00 2.460829517727937343e+00 1.645999621400933322e+01 -8.689430304551782669e+00 -2.722774289072047793e+01 -4.847804322425141521e+01 -3.611573995785203994e+00 -1.719628104618214692e+01 -6.061503862437338519e+00 -1.180302121991530839e+01 5.374804163514219908e+03
-3.596825771248459347e+01 2.655342632187829843e-01 -1.154266725186491982e+01 -7.323545248984457245e+00 5.398043145815942800e-01 2.063406990948721997e+01 -4.471057011748808208e+00 -3.054997086706580234e+01 -5.155711610553093038e+01 -8.366776064042783290e+00 -2.399788211367079782e+01 -8.706353319350629505e+00 -1.382889536842047384e+01 6.431077298125139350e+03
-3.623039863985507480e+01 5.131361177560063602e+00 -7.222237049323480207e+00 -7.501038438702889444e+00 7.266805884347070865e+00 1.981678802336529444e+01 -4.889204164398639030e+00 -1.614496115707677504e+01 -3.821416778030938133e+01 -4.292937153604373002e+00 -2.639132907968753727e+01 -4.922063009317269255e+00 -7.108029075810122777e+00 4.427479542990413393e+03
-3.649328466035034779e+01 4.058954355287591298e+00 -8.732372841751214310e+00 -7.983684028180721981e+00 6.017773188034388987e+00 1.954452369344861751e+01 -7.231187014298634530e+00 -1.902966893836670437e+01 -4.167763253327657225e+01 -6.092868213570125313e+00 -2.831081108776461619e+01 -4.041683610310794705e+00 -5.767998198805240229e+00 4.946103978675989310e+03
-3.847939875556855327e+01 8.335678878237191114e+00 -3.568702898771027421e+00 -9.788267163613040722e+00 3.733734177782970232e+00 1.125490521830078627e+01 -1.116727938432539524e+01 -2.615397276035315244e+01 -2.426231016025876031e+01 1.564124172757282549e+00 -3.437691982758152420e+01 -5.837788696248846776e-01 -9.772013638657761625e-01 4.382220083623783466e+03
-4.098224894981838418e+01 7.253418676080055860e+00 -3.258838847497759428e+00 -3.840042356965955861e+00 7.184284966214577572e+00 5.740823867399533320e+00 -2.654005054018066190e+01 -3.058690872559989060e+01 -2.996363522454157291e+01 -1.292158644746087326e+00 -3.379771806454028393e+01 -1.438775565640415621e+01 -1.307770111957712622e+01 5.901835680232564300e+03
-4.040344446329604722e+01 1.108644613967990544e+01 -2.903175316213997825e-01 -5.971910611409820824e+00 1.063153229558325030e+01 5.902779006431110531e+00 -1.934155323418461592e+01 -1.153723995763563082e+01 -1.976370801514095632e+01 -1.909732343213125239e-01 -2.491723427606097019e+01 -7.795140696650378231e+00 -6.092412009257633265e+00 3.555562371251365676e+03
-4.079235989789554395e+01 1.239403771576605351e+01 1.275443620441340187e+00 -1.845936687988084657e+01 1.046067293950205190e+01 1.355258199947039000e+00 -1.847774033212650124e+01 -9.827348640460778384e+00 -2.721539245274787788e+01 -1.170821279414768057e+01 -3.879903103936496223e+01 -9.174456700797598785e+00 9.377555184068514293e+00 5.264503690961443681e+03
-4.082655951580841958e+01 1.303076683808250102e+01 2.463504973703085188e+00 -1.883742925983147742e+01 1.144316876805441652e+01 5.351929899932995838e+00 -1.488246797030350876e+01 -1.326589754698442292e+01 -2.600779899425995012e+01 -8.639663677529393127e+00 -4.244283930021281748e+01 -6.952950653801066139e+00 4.693358794699009628e+00 5.377402744303412874e+03
-4.207141529478546715e+01 1.061936837120881627e+01 -1.259945732885358938e+00 -1.252625583743052573e+01 2.091323113876590867e+01 1.262594731470933596e+01 -2.633473878858846717e+01 -1.172617669358621129e+01 -2.614220242812022121e+01 5.840973749870804532e+00 -3.564040115641999051e+01 -9.991349682679034672e+00 -3.664710109199229127e+00 5.570096072630047274e+03
-4.409363283893796392e+01 8.879478831307944020e+00 -2.075772651258104506e+00 -1.178598178072497937e+01 1.991834902940417251e+01 1.339814237874453084e+01 -2.715755802738165769e+01 -1.932113907695769228e+01 -3.460307683267050294e+01 1.337805216122438967e+00 -3.834369470163102278e+01 -8.540990342099053834e+00 -1.504785932734084009e+00 6.598016489569078658e+03
-4.421384554192412253e+01 8.877050053706078359e+00 -4.286649256962084209e+00 -9.985130225498673795e+00 2.148477744287087887e+01 1.427754886323775274e+01 -2.831753411933679843e+01 -8.275531234934415892e+00 -2.465984002256990237e+01 6.011609275221196924e+00 -3.369055173698962591e+01 1.115257388583909659e+00 7.339708854907089908e-01 5.468638506528501239e+03
-4.305441776354506089e+01 1.234907010057582255e+01 7.497603382104592873e-01 -1.681100558066592754e+01 1.322398825327234917e+01 1.062280223866438966e+01 -1.358475381262809023e+01 -1.655115020961617134e+01 -1.779788710187570544e+01 -3.375709594991698204e+00 -5.363935313576561725e+01 -1.092567510589707602e+01 -3.054520700094657926e+00 6.369599251251310307e+03
-4.332490191156134074e+01 1.209985630529552481e+01 8.718261164352151260e-01 -1.682983676693858399e+01 1.352440200291209749e+01 1.061031364493794094e+01 -1.006324763071026851e+01 -1.220441085228853417e+01 -2.040304427704507617e+01 -1.200394390246070309e+01 -5.219603627985474503e+01 -8.708314810172122833e+00 -1.686361673804336991e+00 6.216645587783428709e+03
-4.384832891358961859e+01 1.565548192729039734e+01 3.149485940675390339e+00 -1.857391857678140212e+01 1.531080638740285949e+01 1.250341471007040184e+01 -1.737109499102086563e+00 -8.538249323540407332e+00 -2.187888565673678087e+01 -6.464735772111077416e+00 -2.968943045563893790e+01 1.954340478068868014e+00 -7.607876621563356423e+00 4.452995158801966681e+03
-4.521760801771674210e+01 1.194510548466447020e+01 -1.807602198684428840e+00 -2.095447962725830138e+01 1.040394699780790333e+01 9.857863673333925547e+00 -6.373340934464423846e+00 -1.367383898790882135e+01 -2.505356674904965431e+01 -1.219002932468442246e+01 -4.141192593300500846e+01 -2.602908366503253745e+00 -1.104383334493496527e+01 5.682655216892478165e+03
-4.618574678827431512e+01 1.229322163858125805e+01 -1.236513602753960273e+00 -2.289109007871359580e+01 1.321291006986490579e+01 1.311611583332118691e+01 -3.836139155991942662e+00 -1.306764064484540633e+01 -2.803044497491161380e+01 -1.265635657865476027e+01 -4.459410113842534429e+01 -8.644615496998934390e+00 -1.580784137028536840e+01 6.601010447802610543e+03
-4.764200643958002956e+01 1.234317810401452853e+01 -1.593917352095025386e+00 -1.715410236583109338e+01 2.248308004961494788e+01 1.458521936696643628e+01 -1.777955237220537654e+01 4.947906888915652779e+00 -2.215378148553807947e+01 -7.826391066084018355e+00 -3.370674096115281770e+01 5.080242871148763939e+00 -4.367266929725402314e+00 5.510799106952266811e+03
-4.932573754882778871e+01 7.667890342524762204e+00 -7.285166773758899872e+00 -2.033826207806180264e+01 2.177812782439050920e+01 1.264134365749819722e+01 -3.176836519041303575e+01 2.202518509199896446e+00 -3.627008508969456813e+01 -1.833648830449654454e+01 -3.759812254475998827e+01 1.175035047343742001e+01 6.443879972618507423e+00 7.851673041971043858e+03
-4.969846028442093910e+01 7.607044793683000350e+00 -6.932096240737775972e+00 -1.675019661581304220e+01 2.207129662855627217e+01 1.517357805389331027e+01 -3.077233883767654987e+01 4.104211892313931465e+00 -3.362098466468950164e+01 -1.303267404187810818e+01 -3.235340591580717273e+01 1.598385202996697707e+01 1.111758303809968673e+01 7.263636383898648091e+03
-5.261672827813929842e+01 7.376735476255227297e+00 -7.865090326779444752e+00 -2.018040778819397829e+01 1.516613924191209861e+01 1.724281228246717390e+01 -7.774276013665381235e+00 8.705333211711332453e+00 -2.181606221295348647e+01 -4.024106264020977264e+00 -2.575210705118427157e+01 1.776222462171941174e+01 2.039955547434920025e+00 5.430556435532601427e+03
-5.465263005236595717e+01 1.150516043888194595e+01 -1.450930135722710679e+00 -2.818548818274809875e+01 1.838540501058390220e+01 1.549442478431584647e+01 -1.931163379445757000e+00 -7.267355171807968972e+00 -3.491150026817307861e+01 -1.761132900320489370e+01 -3.332485890005384022e+01 1.182509764496547078e+01 -4.899469909568955117e+00 7.353805511365122584e+03
-5.500279894945205683e+01 1.361324368521047390e+01 4.673557486161034613e-01 -3.572546985809044173e+01 1.346161475834382237e+01 1.400357967688773719e+01 8.792434848977340067e+00 -1.493249385366870641e+01 -3.345157553208400714e+01 -1.463700217964235151e+01 -3.790561763757321501e+01 1.572158143824513132e+01 -1.183776946608224101e+01 8.322144008539189599e+03
-5.495494277985690701e+01 1.426381658973645550e+01 4.679698164898658530e-01 -3.421811380078180065e+01 9.665566695587498813e+00 1.087361905739514256e+01 6.508954529102562780e+00 -1.348809996097427444e+01 -2.673884115944284190e+01 -4.959836902590952334e+00 -2.644890932989544297e+01 1.789394147974210370e+01 -7.965685339258953945e+00 6.653310306042511002e+03
-5.339158880688842856e+01 1.542631185620527923e+01 1.761375834239705229e+00 -2.913007383320242383e+01 9.905224966328734837e+00 6.559215487328968308e+00 1.510024531536866110e+00 -8.131852193740117585e+00 -2.494847574846333416e+01 -8.399325744485842904e+00 -2.271069321726560020e+01 4.216365298679442652e+00 -1.418613602490836101e+01 5.577615375987010339e+03
-5.496569823862561321e+01 1.523911587624709618e+01 2.981918328241220717e+00 -2.815315008060347068e+01 1.804994637267169821e+01 1.047464213356051133e+01 -2.508252853764088020e+00 -8.132621240060396772e+00 -2.985760545242536779e+01 -1.817604013306706179e+01 -4.138878744325530334e+01 -1.334450552684766222e+01 -1.695452983079074372e+01 7.963308558255578646e+03
-5.550766629792365592e+01 1.439676548051777694e+01 3.126671650368060273e+00 -1.242521099373403892e+01 1.567152107556008289e+01 7.232319633700448946e+00 -8.647669424881776479e+00 -4.838729773859747674e+00 -2.457980427320490335e+01 -1.752664610872794881e+01 -2.970207568675458631e+01 -1.043235009990875284e+01 -7.535292091798299730e+00 5.807806287950039405e+03
-5.845269444729630948e+01 1.424284874401091550e+01 1.563705279558509131e+00 -1.262089496731999638e+01 1.463947463658567294e+01 4.113218797494522683e+00 -1.523923139357791712e+01 7.964691977293440139e+00 -1.299540523155912908e+01 -5.959297738820243495e+00 -1.632256595155907064e+01 2.897438478821356522e+00 -2.570767128259930701e+00 4.794035610024305242e+03
