-8.754621424097608440e+01 4.506153238974507147e+00 -7.911177021344540705e+00 3.310590850144841557e+00 -1.670295551260041256e+00 -9.222565788884498628e-02 -2.505828149530302440e+01 -1.212957609427733452e+01 -2.481814739478973308e+01 -8.368942676356276422e+00 -1.532920705129225425e+01 -8.638957710263932555e+00 -6.159096760480779587e+00 9.569564552781086604e+03
-8.618403729555211612e+01 7.701799636186573039e+00 -3.832149254583538056e+00 4.717214964096431373e+00 2.708457947093587226e+00 5.427366549840380472e+00 -1.476015173109501610e+01 -4.890903668816108940e+00 -1.548570326687263510e+01 -5.962803688895358611e+00 -2.004019681749644732e+01 -9.168440484031830096e+00 -9.635429969499346825e+00 8.656391890656357646e+03
-8.612866669759748106e+01 9.176616672569089417e+00 -1.189742346217750102e+00 5.880707716795708251e+00 1.211666082752743900e+00 3.958785332140003277e+00 -1.129791749124390954e+01 -6.715119005406485542e+00 -1.200302101314821357e+01 -4.940823342423393605e+00 -1.577720176372442218e+01 -6.895788187376004963e+00 -1.381338704877379442e+01 8.383997510380429958e+03
-8.573041595818037308e+01 1.288409395727414264e+01 5.255315595131641260e+00 8.476389735839230610e+00 4.652110365160380678e-02 -1.561101612224476132e-01 -6.840747329356218209e+00 -5.437704508908736578e+00 -7.553445208385293874e+00 -9.622280636695295541e+00 -8.698547483359430288e+00 -5.682654791174721609e-01 -1.011236610386031032e+01 8.019453032727511527e+03
-8.568633350707645491e+01 1.468780944499707353e+01 8.464282664585107696e+00 9.306131524174251268e+00 6.392523291538890540e+00 1.441039910468885354e+00 -8.153216445015347702e+00 -1.219932799498455900e+01 -1.623873694268311141e+01 -1.969112336113685302e+01 -1.396142034229690942e+01 -5.468878749178383458e+00 -4.610909796422295592e+00 8.871894451750049484e+03
-8.460408641654042583e+01 1.614342195069254515e+01 1.079253014356455154e+01 1.195402706800793524e+01 8.781526360629069217e+00 3.533431199256244604e+00 -4.493278253518734999e+00 -1.158595281400016574e+01 -1.034604144985586949e+01 -1.618340163708826651e+01 -1.639933665433877863e+01 -5.686765927121196995e+00 -2.698144782977848433e+00 8.599363770943602503e+03
-8.278921716579598922e+01 1.440615272021728011e+01 9.315926726402707914e+00 1.310961782361458816e+01 4.716154194954263801e+00 3.164438673222591536e+00 -1.379171347512262169e-01 -1.066182191997465623e+01 -1.564019222666694731e+01 -1.886347955957145928e+01 -1.265908483356784231e+01 -2.072190732995806783e+01 -6.062472949623193053e+00 8.693039460134186811e+03
-7.056008114514314400e+01 2.367698077851834171e+00 -6.683673094414462668e+00 2.173000616156079090e+01 -7.998329892146863962e+00 6.731963843600482278e+00 -9.667565097527761608e+00 -5.968619719014427893e+00 -1.368614791578470857e+01 -1.015213404855704660e+01 -1.430692789563914147e+01 -7.871547208704642529e+00 -1.646082666598479705e+01 6.567559280041904458e+03
-4.815248457651969716e+01 -1.112831085322380886e+01 -2.653182498452163429e+01 -7.125942777474175926e+00 -3.139591129872883002e+01 1.063378995093373369e+01 1.515306310927148559e+01 -1.215716197543519783e+01 -1.478447275676901818e+00 1.120180011998839831e+01 -1.331279380797690770e+01 -1.729277321651206512e+00 -1.350387116187658165e+01 5.163652062364404628e+03
-4.529655798706517800e+01 -1.646812221659309472e+01 -3.286649102827801272e+01 -1.354757976281818976e+01 -3.649641947546157894e+01 6.598866184089370535e+00 1.657166040640398208e+01 -1.191979440084377551e+01 -6.074013882825615163e-01 1.189784869485745666e+01 -9.660866974827115428e+00 -9.878456248685949959e+00 -3.174505795458887647e+01 6.719548154500862438e+03
-4.042873507453655435e+01 -1.388350078918156250e+01 -3.054466013777136624e+01 -9.264392854656884779e+00 -2.807993432536488498e+01 1.191202869643884910e+01 1.485800367502244868e+01 6.045130977044714804e-01 1.268425132128907062e+00 1.621523472381912967e+01 -1.774317531312262330e+00 3.624875682004152777e-01 -2.182478957275191433e+01 4.741688079759796892e+03
-3.975702488882466668e+01 -1.457326521143238018e+01 -3.136366940237004641e+01 -9.461598024040871024e+00 -2.642950184060418906e+01 1.268080066853039511e+01 7.350707153899010748e+00 -6.829166713501789054e+00 -8.167733865995167264e+00 1.484059161606702659e+01 -8.806606440679615844e+00 1.804547319454234078e+00 -2.301589359643617527e+01 4.723693471375994704e+03
-4.044460868026372680e+01 -1.448153269112737718e+01 -3.075399894803810241e+01 -8.774208317211602548e+00 -2.544189328720331744e+01 1.126700352452532883e+01 3.426505159868163286e+00 -9.821753309009926269e+00 -7.788357240335586518e+00 1.560888341287713743e+01 -7.616291760099344721e+00 8.246968345550074631e+00 -2.210454047042607684e+01 4.669646267782411996e+03
-3.798219345792776380e+01 -8.022284678296339067e+00 -2.304166951878099212e+01 -5.145684820897387546e+00 -1.617027746517746678e+01 1.082285733609865375e+01 -1.528607379406440536e+00 -1.283589461135982601e+00 -1.108830037813813085e+01 1.192057801918078574e+01 9.312195538437094064e-03 1.324456361423654727e+01 -1.865299352330525906e+01 3.235400339483505832e+03
-3.880426795988351074e+01 -1.044719149888698873e+01 -2.512910868762395822e+01 -6.925413101236698843e+00 -1.957893953113660857e+01 1.009587647952903211e+01 3.504900455270445470e+00 7.430539431068623468e-01 -1.279299030011697980e+01 1.264776695417715402e+01 1.010048221324716167e+01 2.209012050334208510e+01 -1.551226900642517315e+01 3.946696787857649269e+03
-3.808116533441383211e+01 -9.687695183743304739e+00 -2.678217788892530749e+01 -1.924246771893331243e+01 -2.445765426572875256e+01 2.333639538874456854e+00 3.071577923330431670e+00 -1.772796878146646327e+00 -1.061357554671097070e+01 8.104577450065541200e+00 -6.094593931231071515e-01 9.647000178396483605e+00 -1.517910276410195181e+01 3.749957708424758039e+03
-3.645613012545231157e+01 -2.553324970673464644e+00 -1.618433007460107831e+01 -1.155593890514076527e+01 -2.398512850386210005e+01 -7.240403040512410904e+00 -2.825889068207661503e-01 2.537296968599377922e-01 -9.270514251396384964e+00 9.419337840648792648e-01 1.116809771783782956e+01 3.037963231948928033e+00 -8.222927452158403483e+00 2.647297053714139565e+03
-3.090488531657114279e+01 5.397827587714743025e+00 -8.046058704709833975e+00 -2.156315137953153283e+01 -1.996742851137327079e+01 -1.248138008950113154e+01 3.309273715050012665e+00 -8.826289652428275234e-01 -1.388706755614145294e+01 -6.795856657811059520e+00 8.764225512710060784e+00 -4.743252332822413209e+00 -1.782384878073371537e+00 2.421691714306542053e+03
-3.085937204151305124e+01 8.412936147998394176e+00 -4.258096230905286106e+00 -2.267902203465978772e+01 -1.258691672129996952e+01 -1.280726533951089152e+01 9.740556915337114097e-01 2.373170402308014904e+00 -1.348773297532990867e+01 -1.054127116476131754e+01 7.132335397991988124e+00 -2.441227134751144057e+00 5.840407983018289784e+00 2.268562503805056167e+03
-2.154975558662959045e+01 5.481622171765215157e+00 -6.700392135932569992e+00 -2.497876737471416320e+01 -1.450821266255486464e+01 -1.920235578456500747e+01 -5.229322639386297489e+00 1.501215443518320036e+01 5.815483314277398286e+00 -2.417464345118890190e+00 -1.677999221443028599e+00 -1.141575019958760073e+01 2.201352775400424377e+01 2.652597938425759367e+03
-2.176037501427379439e+01 4.770009002813768717e+00 -6.703430239570410620e+00 -2.470926352768596956e+01 -1.704638757113673719e+01 -2.272196092434649017e+01 -7.565022807460451304e+00 1.225512384682709843e+01 6.174271444650184293e+00 -6.589702068748590769e+00 -9.630056300179415274e+00 -1.435907559927752075e+01 2.128237342216128525e+01 2.999441311875377323e+03
-1.964873245878320418e+01 6.473239065799295311e+00 -6.080034619388917427e+00 -2.463585946125713733e+01 -1.381890059722262265e+01 -1.769661065926605303e+01 -3.492855302561214792e+00 1.067064748253671702e+01 2.669157572081680918e+00 -5.622293922068197780e+00 -7.394777061023618536e+00 -1.535055564452302335e+01 1.252908507782874103e+01 2.188097552366412856e+03
-2.449307303863356822e+01 6.493440632343933316e+00 -4.508178532581582409e+00 -2.636943638379569776e+01 -1.140831949867372153e+01 -2.240998875004054369e+01 -4.824015647688068675e+00 1.993781114559335421e+01 1.283471038039006373e+01 -4.116962035980634482e+00 -8.149011919508023283e+00 -1.864173263002573577e+01 9.878787002738310008e+00 3.104081227122859673e+03
-2.227498209501079529e+01 8.403972860179223403e+00 -3.049516936276807755e+00 -2.253132070658902464e+01 -9.024921442444341579e+00 -2.352069688809990922e+01 -1.198612802647868136e+01 2.326665569993794591e+01 8.092190602626679663e+00 -6.487038959902469593e+00 -5.384115400984404998e-01 -6.591449644284803178e+00 1.904460372613232977e+01 2.917437724867842917e+03
-2.589036295302280877e+01 7.659228264982619550e+00 -5.613782383472539550e+00 -3.313143439068000617e+01 -9.680450059016857622e+00 -3.055049291350777096e+01 -2.449341934003151877e+01 1.747871389132759390e+01 5.434945769409567085e+00 -4.552395786675753619e+00 -4.250373316934994428e+00 -6.391181289170519975e+00 1.789799850554504346e+01 4.220172094776025915e+03
-2.731314071237383345e+01 1.045698986992575641e+01 -1.451731506697211405e+00 -3.376794068644863245e+01 -8.910524371784026343e+00 -3.154604846543307772e+01 -1.653769826139027899e+01 1.578767359838894002e+01 5.400542542331600693e+00 -8.470313285299253536e+00 -4.885615879021785624e+00 -1.852609625978889341e+01 4.294714873931183341e+00 4.081476482977711839e+03
-2.795621182286198092e+01 1.037900236334017379e+01 6.435816947975110391e-01 -2.467999667316150436e+01 -1.666298035980163306e+01 -3.255454299172502886e+01 -8.513242989729729260e+00 6.617267136864080079e+00 8.709303353038128748e+00 -7.462240802421433727e+00 2.838093772973930395e+00 -1.721408594718821305e+01 -2.604859041740256731e-01 3.388491004018315834e+03
-3.069804446809524379e+01 7.555260268978169158e+00 -3.532642047719306344e+00 -1.504743882834391222e+01 -1.761731665139110703e+01 -2.553380390679841128e+01 -1.209095039273369565e+01 6.425389909641279651e+00 4.648508248305813773e-01 -1.029641657899627738e+01 -2.731672477150473566e-01 -1.458023857121892775e+01 6.208230556001551825e+00 2.745610956296833592e+03
-2.934068677058752073e+01 5.889095243732798579e+00 -5.029705177810598116e+00 -5.230514480700572122e+00 -1.756850848575962587e+01 -1.712119211934336604e+01 -1.038099965340829733e+01 3.692595992217104328e+00 -1.578699081861554943e+00 -8.121797008083518676e+00 -2.874813049163812195e+00 -1.502930223250089625e+01 6.225227762373277685e+00 2.012755501623980081e+03
-3.163161345817382042e+01 3.779166245709675742e+00 -7.108812652999765724e+00 1.524274064757276337e+00 -1.361541213580175480e+01 -1.125120070667371763e+01 -1.291584895387062026e+01 8.263886633128732839e+00 -1.979783676501876810e+00 -1.021699966903710433e+01 -7.913396909639439869e+00 -1.893365938865541409e+01 -3.569742413993661323e+00 2.156934632734196384e+03
-2.891655910677410901e+01 7.546306627418463142e-01 -1.102406178283871263e+01 3.011920262197882447e+00 -1.428199419202801401e+01 -8.969524661570611457e+00 -1.599394249934315759e+01 9.611296370768432240e+00 6.311442781126408441e-02 -5.784797280085425264e+00 -1.327443522562845324e+01 -1.759174242285084233e+01 -2.916199189326897034e+00 2.127601517970928853e+03
-3.056324977834539780e+01 4.059152565579074445e-01 -9.982009666659884317e+00 6.877369752478066367e+00 -1.110392030593979484e+01 -7.224103758316132051e+00 -1.583485930742468106e+01 1.568466842356549762e+01 1.047210458037924319e+01 4.086038834105727879e+00 -1.217776355343134753e+01 -2.033767706889164728e+01 -4.219848467788570368e+00 2.459538892530454177e+03
-2.835430374078380922e+01 6.004556537811215344e-01 -9.254486457366414953e+00 8.793207044826276686e+00 -1.749836263781460133e+01 -7.338505164788052149e+00 -7.842502349981192999e+00 8.575274748998442220e+00 1.137282594420351423e+01 4.594717236465323817e-01 -8.143329024376644298e+00 -9.256080309826582919e+00 -1.204189596815947505e+00 1.745370817636176525e+03
-2.984628325489383016e+01 1.678744423655579965e+00 -9.483891375156540349e+00 5.079028213936819469e+00 -1.548781191243994293e+01 -6.384438403085019864e+00 -1.177218450030179930e+01 9.043260792830133399e-01 1.268566391145931338e-01 -1.993297452781946255e+00 -6.808875463918991677e+00 -9.401265474307546555e+00 -3.313175695623101102e+00 1.579106073443553441e+03
-3.044282295506347324e+01 4.417412634779985581e+00 -4.914101489099744313e+00 7.089685026730658812e+00 -1.692855685720186898e+01 -6.001304981176251552e+00 -4.636915418701818226e+00 -4.543134540532813848e-01 9.448282235618712832e+00 -1.220584089156690144e+00 -1.281902666729491003e+01 -9.688196829573900715e+00 -2.947971659981402759e+00 1.722629117278058175e+03
-2.986825614047713273e+01 3.432781037303723082e+00 -7.239448921894452660e+00 2.085079679768632399e+00 -1.773891694567336685e+01 -9.942955120775541999e+00 -6.794116935890901487e+00 4.676821984450541869e+00 5.511281050424483574e+00 -2.179917532899872779e+00 -5.623670413645880828e+00 -1.184855468201341111e+01 1.325966088224883377e+00 1.651116470547091239e+03
-3.032945691954083856e+01 4.213590585577145831e+00 -4.342887887310817874e+00 9.914377109310645864e+00 -1.637384966685749532e+01 -7.892217225757776511e+00 -8.400762534910260371e+00 1.053141649636536226e+00 9.102710318952462742e+00 4.432549013919177550e-01 -5.971741297590629216e+00 -1.001688385108076318e+01 1.660209341444848441e+00 1.678669576805254337e+03
-2.766927650013604634e+01 3.581463617104968300e+00 -6.187872120822844657e+00 3.134823016277684449e+00 -1.841986318192946115e+01 -8.460874186165831645e+00 -3.203954904946414661e+00 5.482438403191554954e+00 5.948175762544034129e+00 -2.096730721159915101e-01 9.340554010068990998e-01 -1.486007155295334670e+01 -1.157872784918002163e+00 1.536192443057900164e+03
-2.947898342698461960e+01 4.510972350572818534e+00 -5.125093726195024679e+00 1.509581015893829870e+00 -1.908706481571152125e+01 -7.425746184846441444e+00 5.334475446893932604e-01 4.213927476848702725e+00 1.049170506909320011e+00 -1.861076427578016723e+00 2.828317407725766675e+00 -1.927566290615876454e+01 -2.945524668794800238e+00 1.748195296352949526e+03
-2.797683623842672773e+01 6.977802549597689641e+00 -1.828141941081789179e+00 1.350048380508501733e+00 -1.772884111998294543e+01 -1.114116185144301419e+01 -1.553605583459280792e+00 -3.930720117807091074e-01 -7.107309953819846982e+00 -2.263449483110802962e+00 2.030618456156291174e+01 -2.205533890071256664e+01 -8.108187451363091824e+00 2.297722186254667577e+03
-2.737701255021553237e+01 9.894610986560541832e+00 2.316454902941524896e+00 -8.475519746547087729e-01 -1.667121091313193659e+01 -1.609685333586595135e+01 -4.492544351951831771e+00 -3.096092924362277898e+00 -3.956964936645685160e+00 3.030798310791159356e+00 2.587349188669490019e+01 -2.260256040856745230e+01 -8.558045019130883224e-01 2.626184187884015046e+03
-2.838857883516834590e+01 9.649342265268023411e+00 3.526801270795217658e+00 -3.658632169570749770e+00 -2.138599093894129055e+01 -2.148108709571884489e+01 -4.089685208553271778e+00 -1.174231417390619825e+01 2.852426357968723014e+00 7.937916818153849086e+00 2.523765066140309443e+01 -2.437861906676184276e+01 -1.004538573459089923e+00 3.301662345301307596e+03
-2.698262628751231063e+01 9.133172762072186757e+00 3.145369074333565607e+00 -5.272250258115093402e+00 -2.421673251933524185e+01 -2.577067750899490051e+01 -2.809986776515004170e+00 -7.394629805491288010e+00 5.805092069384618192e+00 5.829045274856561321e+00 2.863540045494425001e+01 -2.576398246887380594e+01 -1.636768495681635571e-01 3.713794069034373024e+03
-2.869832321006555986e+01 8.877729058672860774e+00 3.254571908791216828e+00 -8.436541254703447734e+00 -2.287091248555067224e+01 -2.878492669205726529e+01 -7.584057619366967984e+00 -7.570317500746839734e+00 8.810627966645546039e+00 7.860635757966400128e+00 2.431928482652002543e+01 -3.049030205950193562e+01 -1.683087444622117568e+00 4.113989251770594819e+03
-2.611561436391340152e+01 1.041119346905402132e+01 3.444554337131612964e+00 -1.091087088421168794e+01 -2.023326965324965698e+01 -2.467165657189599060e+01 -3.054767057232516542e-02 3.883989070829112489e-01 9.678001226096336396e+00 5.174368574832215906e+00 2.065105455455078598e+01 -2.761604958271733068e+01 -7.117806305063488770e-01 3.249614625138628071e+03
-2.788325386388019922e+01 1.093523925168652156e+01 2.145696711226144249e+00 -1.457271879577406892e+01 -1.407059343562946019e+01 -2.419930852868662896e+01 -8.399637035141061858e+00 -2.984040509332329005e+00 2.450704483724865046e+00 7.631496456661826855e+00 2.072792406813294619e+01 -2.329927552296459226e+01 -6.149856809510477973e+00 3.051639489468658667e+03
-2.810894484646437519e+01 1.205012332246847961e+01 5.066363611616329976e+00 -1.750498465881359778e+01 -2.300131032958725896e+01 -3.199406744326604013e+01 -1.929154547580627987e+00 -9.854553686150111513e-01 1.756720835422409310e+00 -3.466873596162432403e+00 2.580050364636356974e+01 -3.306111275870829047e+01 -8.057518824798645674e-02 4.598599106849282180e+03
-2.662269849621811701e+01 1.093093992255953140e+01 2.404716372568008076e+00 -1.971370698854132542e+01 -2.476901004552946972e+01 -3.054975061302816997e+01 7.166482296657674667e-01 3.947726237100965818e-01 -1.756083785616826098e+00 -6.558944867214042240e+00 2.695956875986339440e+01 -2.653857709994208847e+01 -1.539461665212941421e-01 4.247368687799787949e+03
-2.888221069301714650e+01 1.039206012774262788e+01 3.500877629300997995e+00 -1.779493209915195706e+01 -3.009759693711263395e+01 -2.831221670470121055e+01 1.337883669939142450e+01 -3.785495398310568582e+00 4.427360241666413287e+00 -6.250017556139956021e+00 2.428771023384515360e+01 -2.723716411908504398e+01 -6.058829506157310085e+00 4.598992594565117543e+03
-2.671313858694175636e+01 7.518984706900337045e+00 8.726722368406059083e-01 -1.169311306772629244e+01 -3.217139460203878087e+01 -2.651373474016796550e+01 1.035537690634586205e+01 3.068625428305147285e-01 5.272228775365666031e+00 -6.923931156503233098e+00 2.208089711360023699e+01 -3.557486344972095083e+01 -1.148456315659570626e+00 4.583115207876554450e+03
-2.861175746500221706e+01 6.620244399943785218e+00 -7.361714791067276026e-03 -4.535561781505429657e+00 -3.025910974764067873e+01 -2.154004872538562410e+01 1.188679136816102755e+01 5.091748553489395590e+00 5.703020889323864751e+00 -1.040479490928268902e+01 1.785431988489267496e+01 -3.012465617084010816e+01 3.005413178725157675e+00 3.805929170900256850e+03
-2.650700440224808219e+01 6.084131811219693375e+00 2.443690330192694327e-01 -7.630825491577383213e-01 -3.051205592059754323e+01 -2.035595452359197566e+01 1.260926490456650129e+01 2.697539554491695579e+00 9.383809644309240028e+00 -3.546517508485136805e+00 2.137659140007117387e+01 -3.410087265695027270e+01 -6.291216317457036133e+00 4.011941924110814853e+03
-2.943701673281167785e+01 3.970615950480548495e+00 -2.506968767351903438e+00 -6.196428326701497014e+00 -3.018110710405505515e+01 -2.039070778786732774e+01 9.798696388060305296e+00 2.482477719243626257e+00 8.430867215513679014e+00 -3.115684094017811212e+00 1.558339458300837954e+01 -4.286905928619579242e+01 -8.287054479393907158e+00 4.585902410347921432e+03
-2.825153354570199582e+01 6.487412850445582357e+00 2.679866488566677418e+00 -3.752209539162125296e+00 -2.977306509362259845e+01 -2.409998643009922858e+01 1.604753904479935755e+01 -4.851394817298989026e-01 2.907086354479215373e+01 7.246790814194850050e+00 1.150671627140282460e+01 -2.495351010002286429e+01 -7.487888027756011589e+00 4.295281791832868294e+03
-3.099716625901606903e+01 5.858540000618140731e+00 -2.603208836232185908e-01 -1.553243872187471020e+01 -2.605166911511344807e+01 -2.904326878802099898e+01 7.596120230344360458e+00 8.069673960702141713e-01 2.133761529892284514e+01 1.797934313775265691e+00 7.147413741534755616e+00 -2.907246799427306172e+01 -1.376573406818353185e+01 4.361340138496065265e+03
-3.140757807252911249e+01 8.038551925054031599e+00 1.188781740593287006e+00 -1.123543406778007281e+01 -2.745943957251920509e+01 -2.830585994147023854e+01 8.368085818567834622e+00 3.249202915487144683e+00 1.409095727649917862e+01 -1.320584865905236782e+01 1.576502876996159763e+00 -2.087079240957942616e+01 -2.717609877078437819e+00 3.632937423010741441e+03
-3.526379970663551688e+01 9.369718036089322410e+00 1.544241648786981669e+00 -5.708667342229711394e+00 -2.845853524661447409e+01 -2.013105736435059612e+01 6.613063295375508410e+00 -1.520346420802117393e+01 -3.644523680436219659e-01 -1.057813627286180136e+01 2.636368235556146189e+00 -1.313173367111701850e+01 -3.351232974245940355e+00 3.158979801648487864e+03
-3.670029034373822441e+01 1.004749916750963656e+01 3.107292010660677395e+00 -7.555121638621408842e+00 -2.995930002422472782e+01 -1.051587333968129911e+01 2.859882872764151074e+01 -1.288362797321881636e+01 1.254641688807793365e+01 -6.958625986111001360e+00 -7.922329099255152052e+00 -3.612508128548140185e+00 -1.295155136117057237e+00 3.789948794339053165e+03
-3.858369165675155443e+01 7.841113034572266827e+00 -7.427558800687701634e-02 -1.272167252740417176e+01 -2.641167501977292531e+01 -5.882142576069104400e+00 3.412979439956188088e+01 -4.519316916987794031e+00 2.032334961049595279e+01 -2.941414134017201754e+00 -1.401280735583302395e+01 -8.496591124117161442e+00 -8.529679683490163811e+00 4.392470776752843449e+03
-3.744315933126052443e+01 1.036740915881337877e+01 6.373400034081370125e-01 -9.063693011596550164e+00 -1.831551350589441185e+01 -3.980249868350764331e+00 1.518988600147701362e+01 -1.257985197212426876e+01 4.397310231774041789e+00 -6.177163081492130559e+00 -1.462718831259351582e+01 6.365430711171604194e+00 -3.199113744412712013e+00 2.654517178868654810e+03
-4.047960735904457863e+01 8.353819776270926312e+00 -3.131044956737198959e+00 -1.126173451654604563e+01 -1.573885528412380275e+01 -6.806023125777056926e+00 4.110582795458384453e+00 -8.085574936555810055e+00 9.850812506747184116e-01 -6.181503707278909410e+00 -1.583552125731807259e+01 5.436599090617030505e+00 -5.918475466545688457e-01 2.541173952890372675e+03
-4.116095690064368284e+01 9.253199602550548519e+00 -1.927372190155835607e+00 -8.049248310733894129e+00 -8.627124143867774819e+00 6.690567161604905611e-01 5.594990550352505920e+00 -4.918315308219258775e+00 3.197952834338332995e+00 1.487014631216631910e+00 -1.148040571146778355e+01 9.483743885414249064e+00 -6.077433458973194647e+00 2.249834316077657149e+03
-4.406599527657296989e+01 1.192758944483843386e+01 3.456815825410355369e+00 -2.179368368489156271e+00 -1.295697277010328108e+01 -8.350175928115545432e+00 5.125200034313938779e+00 -4.402136321288304899e+00 5.917870650444807978e+00 -1.099486626873535577e+01 -1.708168325379009644e+01 1.960550047311908628e-01 2.553711388492877266e+00 2.838285672300748502e+03
-4.454835641253026068e+01 1.365003824869177151e+01 3.233107939421129284e+00 -1.297612246987787543e+01 -7.069808298991770101e+00 -4.860715995176104975e+00 6.485166674354862160e+00 -2.997021155709185702e+00 -2.714585231541428723e+00 -1.229165712068324368e+01 -1.691372243279290899e+01 8.255742042762717503e+00 2.707887645285488087e+00 2.994378362983414718e+03
-4.491581838869506527e+01 1.407056452559079673e+01 4.211425089224954732e+00 -1.318206339942492100e+01 -9.037600488243164421e+00 -6.308662886817948845e+00 5.170224097158009791e+00 -1.304847763565797791e+01 -1.608618541170897753e+00 -2.685540961394593307e+00 -9.092031722772329516e+00 1.167375761042655569e+01 3.303018156407714567e+00 2.965037230574146633e+03
-4.689526479398579539e+01 1.322181812164678760e+01 4.448691706385907274e+00 -1.598532312885154383e+01 -7.789225302512861049e+00 -1.147089257271394835e+01 3.011539645246993135e+00 -7.455002302505924661e+00 1.658407250281612511e+00 -2.806842868450800665e-01 8.368236587256713932e+00 2.541960693739080668e+01 1.035560008818894495e+01 3.732454937460443944e+03
-4.909670753191480230e+01 1.369951773763447278e+01 8.204838542312181460e+00 -4.456986286329115643e+00 -1.500457256320039257e+01 -2.005243097882159375e+01 -3.528673249355007258e+00 -1.445618624705782906e+01 7.911890899562921575e+00 -1.446927392595111383e+00 1.211296321512873675e+01 1.332957467797250395e+01 1.127675345805571183e+01 4.050275844641673302e+03
-5.103320552514473007e+01 1.191178870902215436e+01 3.012746567318849600e+00 -9.369560149251478620e+00 -1.316305711965048886e+01 -1.381092942933210388e+01 1.726955682305746642e-01 -1.420851950003314546e+00 -3.554832225018456526e+00 -7.873991858717707792e+00 7.687474115788218931e+00 6.080398948152943461e+00 7.948746498545022021e+00 3.443088224636598625e+03
-5.179265949641764166e+01 1.405717196293854343e+01 5.810785532195644087e+00 -1.090581349274912171e+01 -1.131872428153043053e+01 -1.061665268306643206e+01 5.970356797681235506e+00 -9.677203174644768424e+00 -7.139976369226411768e-01 -2.450299491159580595e-02 1.113957958561953809e+01 9.688000949681187635e+00 8.864952016970303106e+00 3.699951275907282707e+03
-5.421126359152023610e+01 1.207620439710696125e+01 3.400884908105560989e+00 -1.614651631448322888e+01 -1.652032281073167042e+01 -1.327671851212191179e+01 9.462485282580235690e+00 -1.254497199148434561e+01 9.558106846935231715e+00 9.219965393972174184e+00 1.397559160365407038e+01 1.622416487719816303e+01 1.264941031819478567e+01 4.847992526689286933e+03
-5.609086484156215135e+01 1.265586262940099438e+01 3.308460602556934749e+00 -2.116825090810265664e+01 -1.629744306062412562e+01 -1.827517453107747869e+01 3.837524873431700900e+00 -1.132729771273334052e+01 -3.906019926951384003e-01 2.716528376665416911e+00 1.569684338665114964e+01 2.107987699782785995e+01 1.516578693605172568e+01 5.436304956994701570e+03
-5.888269942391934819e+01 1.461806598887535991e+01 5.898564704641873213e+00 -2.352297022861336373e+01 -1.932513619641737534e+01 -2.260219294723714611e+01 6.886592965300940783e+00 -5.969719255868352725e+00 3.326751412050723999e+00 -8.270936883683880581e+00 5.969845606574676999e+00 1.624602382200563255e+01 1.073548913498072643e+01 5.730664809801926822e+03
-6.183873666195714947e+01 1.369818244189178280e+01 4.380262640362460935e+00 -2.691261018294390794e+01 -1.770004512821358844e+01 -1.762515291521677341e+01 1.536404687315977036e+01 6.063797750944280862e-01 2.317288385121949013e+00 -8.414174703512941278e+00 3.193136724291214978e+00 2.037617042971159620e+01 8.321850121660197885e+00 6.186309881762857913e+03
-6.297803076714829018e+01 1.561199315638017104e+01 8.585789897531846293e+00 -2.285036551110566805e+01 -1.843946033024369413e+01 -2.030859606938469142e+01 1.550024333198919457e+01 -3.283513739870901116e+00 -9.466540972624483130e-01 -1.282260972910846064e+01 1.926573570409694680e+00 1.028582615328798688e+01 1.355355249793477102e+00 6.085975826665177010e+03
-6.327358662088896324e+01 1.433095707476894987e+01 6.334734715701189067e+00 -2.439579151730285389e+01 -1.749380934775531671e+01 -2.254890862335385648e+01 5.534050967923318964e+00 -5.118491218728978609e+00 -2.454438492459376953e+00 -1.306891549702961264e+01 -1.261870094651138308e+00 1.210165520367142555e+01 5.846937345198007563e+00 6.074567792000538248e+03
-6.298302707450453397e+01 1.275740087128976441e+01 1.241628247781359606e+00 -2.566791039892364523e+01 -1.231018062302459271e+01 -1.963154120306366224e+01 -1.012150186141952846e+00 2.519515398689742280e+00 8.974504410581931602e-01 -4.783470443473902378e+00 5.004239720555408333e+00 1.091672928192375736e+01 7.715805816486718705e+00 5.561744663805106029e+03
-6.439252885311722707e+01 1.211428883450425609e+01 1.399698041325956765e+00 -2.198269131732425308e+01 -9.759177149796784079e+00 -1.453634390403022358e+01 5.847103041136417545e+00 1.239768677035013589e+01 5.823672692705947895e+00 -4.296851231422581741e+00 5.954369200003424289e+00 1.007293417679989744e+01 2.828688793353011821e+00 5.470087812118199508e+03
-6.593796872855772051e+01 9.775028022268513084e+00 -1.054390174408583292e+00 -2.778886728076924229e+01 -1.913627129178322406e+01 -2.107514458181857719e+01 5.263907368767686279e+00 -1.944440834444822963e+00 7.900930813661816154e-01 -4.250472409897906090e+00 8.467573710079394189e+00 5.492983924866791767e+00 -9.175712973732432332e+00 6.263305093610715630e+03
-6.765078832490650029e+01 1.035819443867058887e+01 -6.605946222620086017e-01 -2.434243119065818206e+01 -1.993908028718294290e+01 -1.985679813749861111e+01 3.574704105623431882e+00 -1.103822869450450028e+01 -5.109149652557552379e+00 -1.521555267082307816e+00 9.848087446379977905e+00 -5.464485772216344017e+00 -1.458859359888155005e+01 6.571483086567185637e+03
-6.939616109391053556e+01 1.261164470352334455e+01 2.186119642845893996e+00 -1.847006389708268870e+01 -1.119618118783742311e+01 -1.945508995073321401e+01 -5.414276228351238451e+00 -5.503284778957241663e+00 -6.772509014677730477e+00 2.189245597102092988e-01 1.462755006873691599e+01 -1.069453937498225393e+01 -8.965060934174298168e+00 6.338884182098885503e+03
-7.121311896985864109e+01 1.028204975786291087e+01 8.543561719979883562e-02 -1.804753556489044186e+01 -1.608637348688296953e+01 -2.350562632258338880e+01 -4.447550666131450114e+00 3.859703405391145647e+00 -1.133530725741933409e+01 -1.379568516602110329e+01 9.642136013871461131e+00 -2.176837780424949997e+01 -1.218630820065327747e+01 7.382862884450818456e+03
-7.166741146966406006e+01 1.103160935419748334e+01 5.282208124063602489e-02 -1.724213134290287641e+01 -1.164470022680862904e+01 -2.165860110077430534e+01 -7.273740387500915006e+00 8.481513705871211783e+00 -7.987941133932471516e+00 -8.778375923335065778e+00 1.379729567498010745e+01 -2.036596518125371347e+01 -8.632173488173014775e+00 7.105264986353615313e+03
-7.215081128938210497e+01 1.240516946413146648e+01 3.426037913864589779e+00 -1.274703017232606506e+01 -9.538194647798615478e+00 -1.721504807626559241e+01 -4.056402704364974743e-01 6.605831367059209036e+00 1.287427212515020569e+00 -4.348550028217744945e+00 1.043146678611713973e+01 -1.132153854919077851e+01 -1.049166971314597063e+01 6.332624126613588487e+03
-7.420202047871684670e+01 1.066330000661089095e+01 4.036971259714178251e-01 -1.915306121960808383e+01 -1.177687972628786106e+01 -2.042972515104547426e+01 -4.020140249476308547e+00 6.533700845191668272e+00 -1.425998262510160597e+00 -1.259251940115228230e+01 -3.416960064350726967e+00 -1.745441115559289003e+01 -1.680322003661973085e+01 7.360853180183094082e+03
-7.556562092816885468e+01 1.328977389685119981e+01 6.064962336040466973e+00 -1.468784443702599241e+01 -1.425706757429925986e+01 -2.321723729705023942e+01 1.001171831950165014e+00 -1.846827457957916696e+00 8.375202918306163369e+00 -2.176614581143826221e+00 4.066169061152745456e+00 -2.099574820816349785e+01 -1.184290557339327243e+01 7.558506160087675198e+03
-7.724032752984915362e+01 1.298076820346494031e+01 4.181264684466913018e+00 -9.658629655231759870e+00 -1.194268698350241387e+01 -1.992878998251421763e+01 -9.374842741317683803e+00 -9.085804192818869751e+00 -9.311308127638630028e-01 -3.997523212883355992e+00 2.994710076444279334e+00 -8.355862101485115545e+00 -3.214391410914357872e-01 7.051303837507149183e+03
-7.729149068338618633e+01 1.068169576818459454e+01 -6.704573844582196740e-01 -1.974927543992754408e+01 -1.757728952810117207e+01 -2.527635080266650647e+01 -1.502726245774044322e+01 -1.632312060504287388e+01 -5.152939424645797573e+00 -6.806379209311827161e+00 -6.001701751235067661e+00 -6.305915264925136654e+00 2.478561108716759442e-01 8.067400456911183028e+03
-7.673971091319174320e+01 1.021004813529844490e+01 -8.216116623724404322e-01 -1.506245443962844277e+01 -1.703640582793424230e+01 -2.040747838216397980e+01 -8.462319796438842801e+00 -9.512293501150095310e+00 5.470248076187967934e-01 -3.875125267897610915e+00 -3.487026687457334795e+00 -2.731817710054574189e+00 2.735305255224420584e+00 7.131999684818079004e+03
-7.733314561036091561e+01 9.211236665740079488e+00 -1.979531483980961015e+00 -1.551278418554285032e+01 -1.776766002891197971e+01 -1.667388430794661858e+01 -4.262877874394861877e+00 -7.937985509709680976e+00 3.157796289974556636e+00 -3.882935716914471147e+00 -9.188410075187785964e+00 -5.623878160319922159e+00 1.540208315102829850e+00 7.128195205647524745e+03
-7.601444866579042525e+01 8.163719988403929761e+00 -3.024491030111490453e+00 -1.129330583809449529e+01 -1.546401519827162652e+01 -1.821118491712767451e+01 -1.111273934838335897e+01 -3.781468940658851530e+00 -3.959441612846347880e+00 -6.320783300438409746e+00 -3.672179905624147533e+00 -1.347268148088964779e+01 -6.234085116536808302e-01 6.941120707203406710e+03
-7.188896803835886828e+01 -4.622293266269267287e-01 -9.054351023654703567e+00 9.394824825595215145e+00 -2.920819544088159248e+01 -1.399450269129424740e+01 -5.521221146090735665e+00 -1.004316664923896774e+01 1.531794023317670650e+01 2.354193859034578562e+00 -9.395716436902088020e+00 -4.138969370682794136e+00 -4.009128501161226765e+00 6.880460441177592656e+03
-4.989120267012165755e+01 -7.305593413454235296e+00 -2.008171428528057589e+01 2.031134225241968849e+01 -1.796611016432374086e+01 8.109181461847478900e+00 -7.160020538993038031e+00 1.203836071140435138e+01 -9.923639031819817546e+00 -6.515714442319412436e-01 3.194580750444363737e+00 -6.856378106507180270e+00 -3.267784187977083477e+00 4.109854470269396188e+03
-5.025733386348046139e+01 -1.523188591346914755e+01 -2.461542492410427485e+01 3.975974357148701444e+01 -4.362885487009432239e+01 9.695775788905422132e+00 5.211501241785409633e+00 -1.031346837637550351e+01 6.756831484258325915e+00 3.722714810925210394e+00 -5.565634967752566276e+00 2.697591757069328189e+00 -5.055022101126052547e+00 7.198898648774100366e+03
-4.776500198821036491e+01 -2.447190423276030558e+01 -3.732650045864965449e+01 3.606376838057297363e+01 -4.212813529480989416e+01 1.895836796569061278e+01 8.858130123770541431e+00 3.003963933031810640e+00 1.493329899429984176e+00 1.235513204103476204e+00 -1.361366019764110646e+01 8.595510574772722734e+00 -1.176205648881235355e+01 8.197239351879183232e+03
-4.500896388710020801e+01 -2.353040693157601382e+01 -3.760100277432346871e+01 3.420048689206637249e+01 -3.751773427355446699e+01 2.040462123540727291e+01 1.537963084931928348e+00 -1.494596498167087173e+00 -2.054495875140170291e+00 3.299137320442824706e+00 -1.823855175922656358e+01 1.238876477428186540e+01 -4.408060347694360281e+00 7.512186215064855787e+03
-4.141869212859273119e+01 -1.501527150336763405e+01 -2.718972345657535783e+01 3.279834387832913478e+01 -3.054749274695852179e+01 1.680202292447965462e+01 -5.114044299077078470e-01 -5.114412896030457567e+00 4.054470448010127903e+00 9.088585822490504285e+00 -1.780306235007615356e+01 5.122052018845439036e+00 -5.265151542055163780e+00 5.467802289563230261e+03
-4.189658348462777582e+01 -2.135923092365248621e+01 -3.630618066412919376e+01 2.457770234305868939e+01 -3.476096991245400858e+01 1.886051888353151895e+01 1.349980688307724108e+00 -3.486280416028969764e+00 4.331778448978462759e-01 1.030426597711200287e+01 -2.055307184110454344e+01 7.199019393557984259e+00 -6.190975018313450207e+00 6.330711815407439644e+03
-4.133711682505209950e+01 -2.320404829388318291e+01 -3.907384717154737785e+01 1.745055113543995873e+01 -3.744522354737211600e+01 2.515680426911914580e+01 1.462860505816626500e+01 -1.068214272763325745e+01 -2.904724729368073355e+00 9.148249155523874521e+00 -2.340320820491951892e+01 2.891728502865770878e+00 -9.357173529394774647e+00 7.177343011938943164e+03
-3.977926408971838868e+01 -2.526673818223788004e+01 -4.286441243748883778e+01 9.820842815713209717e+00 -3.709910141509030268e+01 2.241373715437105574e+01 9.194321100797122170e+00 -7.170165905011771201e+00 -7.404689655754588706e+00 1.215373596374973886e+01 -1.300335480556065271e+01 9.770833747054853191e+00 -2.344022239035671529e+00 6.641864071097314081e+03
-3.922350342194545192e+01 -2.350731605356395804e+01 -3.990487966985881485e+01 1.032732000921710025e+01 -3.204983119740210640e+01 2.102408396193638396e+01 1.056280875275742837e+01 4.017107482582560785e+00 -5.439312681728830867e+00 8.258279295089936412e+00 -6.643145543258203389e+00 1.053691154451008671e+01 4.625273212461821770e-01 5.640201074760636402e+03
-3.675139797952683551e+01 -1.509317968302746671e+01 -2.990810740089163033e+01 1.632881908093058954e+01 -2.249761578450764432e+01 1.917228961225622541e+01 1.757762994311090177e+00 4.001433754349261740e+00 -8.004445557557206214e+00 7.875278667185718007e+00 -7.487152455689004782e+00 1.217477702504491166e+00 -4.844399308684116612e+00 3.839514226355457595e+03
-3.703248173358460349e+01 -1.951141719807051444e+01 -3.582309466723313562e+01 1.548528238721463168e+01 -2.682916499285138556e+01 2.062887824622436739e+01 1.637328269687599924e+00 6.297123803626254457e+00 -9.763384365291820188e+00 9.603591923274729325e+00 -4.450131255327654856e+00 2.134695718023521316e+00 -3.861088169614306231e+00 4.689698758491812441e+03
-3.601483451397511004e+01 -1.906048616730556589e+01 -3.500170960055663727e+01 2.024788775045470501e+01 -2.532105358608201229e+01 2.233597134944315243e+01 -3.629621905813679827e+00 7.932216103900407989e-01 -1.343618323475850751e+01 9.000143999983141185e+00 -9.506786650552699669e+00 4.275496141188932953e+00 -1.701988431931123813e+00 4.822411034087820553e+03
-3.622542011616019408e+01 -2.216497697921838750e+01 -3.996368655209783327e+01 4.620845328020172893e+00 -2.863903440088873253e+01 1.531559126592389397e+01 -3.976747634757547445e+00 -6.688653348654380881e-01 -9.287499167049739768e+00 8.789170904760304381e+00 -1.383361817401489091e+01 -6.115636672705209165e-01 3.949747830160467377e+00 4.863889927084715055e+03
-3.350219431986811003e+01 -1.405329166420241016e+01 -2.863300358852873018e+01 1.417438176391326543e+01 -1.855378392413571831e+01 2.105683456185152025e+01 1.660922561560754351e+00 2.126934542038801723e+00 -5.276832028388839468e+00 1.013421433039614783e+01 -1.603172727683316623e+01 -4.463083908364694707e+00 -1.664397871248905814e+00 3.545822591781436586e+03
-3.528448013478500656e+01 -1.818034496323156901e+01 -3.401082388404586965e+01 1.281932950159242246e+01 -2.172069362814577076e+01 2.179610000222454147e+01 -3.843102528213789615e+00 -5.902160198996565521e-01 -8.410322490559941855e+00 1.591274235757507682e+01 -1.889966221766898968e+01 -4.944627472629894882e+00 -8.464408472883972578e+00 4.635808807808057281e+03
-3.380778067407068477e+01 -1.545382772275478445e+01 -2.994983250754496495e+01 2.315225773789141783e+01 -2.142206196873633672e+01 1.896695141593723832e+01 -1.222428564061434564e+01 -8.589307318812309688e+00 -1.625672814687157697e+01 1.210342808153122895e+01 -1.042614650362561868e+01 2.147238854179151613e+00 1.406684730760791258e+00 4.382733784539439512e+03
-3.433298108511515068e+01 -2.032840727937800196e+01 -3.531012776122457097e+01 2.068873163820737915e+01 -2.804034825115244445e+01 1.804872446736625946e+01 -6.417603719061496292e+00 -9.255527996564579141e+00 -1.450223771929111471e+01 6.187512330805109428e+00 -1.560664505441016203e+01 -4.187654054736780651e+00 -1.972163854408346198e-02 5.015398905944044600e+03
-3.474723552697521711e+01 -2.110823211867964844e+01 -3.451699896721746086e+01 2.158721075573843962e+01 -3.200300066062758475e+01 1.237890451345985987e+01 -3.229047807350891031e+00 -1.194067418102682243e+00 -2.682667792113543115e+00 6.163239963453465364e+00 -1.392701805511882895e+01 -1.034838377179136337e+01 -3.882026966105986965e+00 4.860943846128735458e+03
-3.592127607228464825e+01 -2.149827931916647827e+01 -3.532831705718877657e+01 2.169988738521081117e+01 -3.541259331349986894e+01 1.284881401801973055e+01 -4.278203491049938356e-01 -3.782462532211612327e+00 -9.328338339918078148e+00 9.046498525914919986e-01 -7.977210290049288055e+00 -8.053157204790768020e+00 -2.608050274547260905e+00 5.128250465637053821e+03
-3.631831740996536695e+01 -1.897309921044570658e+01 -3.256134509259837273e+01 2.812553828256682209e+01 -2.889580095933634141e+01 1.706297999383301445e+01 -1.904326618478736077e-01 6.316751307393077219e+00 -8.081263294828719523e+00 -1.781730222786710005e+00 -1.105506005346157039e+01 -5.284164469986873058e+00 -3.972701086757271405e+00 4.930736461976872306e+03
-3.871855684692480537e+01 -2.203082889942234601e+01 -3.604192281421803301e+01 3.112198222942928894e+01 -2.698634965538006725e+01 2.254609940299156889e+01 -3.126314040394193139e+00 7.946805840423001754e+00 -8.512586505057919695e+00 2.511609945155889534e+00 -1.035664728926988865e+01 9.489414009892580992e+00 -8.389550140586724325e+00 5.908063259305295105e+03
-3.813713455761575233e+01 -1.880956117720012344e+01 -3.305898945860059968e+01 2.771959278987302611e+01 -2.795557711467728623e+01 1.442791560556029040e+01 -1.421989792169956957e+01 -1.397712758906005215e+00 -6.618310528731503162e+00 7.597826548982570039e+00 -9.313010765579379679e+00 1.793548521682170716e+01 -3.933223575600830024e+00 5.388764420502004214e+03
-3.912320959411592725e+01 -1.416389701171859983e+01 -2.751985298487899456e+01 2.715513684284551843e+01 -2.394497371205301306e+01 1.604884485858437060e+01 -1.383759546336251489e+01 -1.733272136819625331e+01 -8.681371006631351861e+00 8.195703258033002925e+00 -2.131500698085482171e+01 1.471762305168013896e+01 -1.159232566206452830e+01 5.496670457956840437e+03
-3.482057027551652340e+01 -8.266812522900787386e+00 -2.090032405380283009e+01 2.260227508140857111e+01 -7.699080584831177632e+00 1.904539309134785796e+01 -2.917844777811583157e+01 -1.534219146909041420e+01 -7.168158880039249503e+00 1.471981851178385625e+01 -3.242924962123886701e+01 1.030238235310146067e+01 -7.903459226646000424e+00 5.225581721323468628e+03
-3.616089501692463415e+01 -1.092993955301930242e+01 -2.187510555025141201e+01 2.933568073384663677e+01 5.973010568276999166e+00 2.348172151982646483e+01 -4.201422886835216985e+01 -1.471649920182071192e+01 -2.200361666843486574e+01 4.062481791171397738e+00 -5.128380069526304652e+01 -1.458521113453723927e+01 -2.010460512814266565e+01 9.082629840697471082e+03
-2.997297205245813956e+01 -6.458452788535139710e+00 -1.996421237402170945e+01 2.016393579645578882e+01 7.280837744409499379e+00 2.367433663148643319e+01 -3.674018188023126186e+01 -8.968983079074853426e-02 -1.136816099241929834e+01 1.496882552754850515e+01 -3.737526850727143568e+01 3.513256931662102733e+00 -1.032750226375137892e+01 5.577790365947435021e+03
-3.178370855153809416e+01 -9.218014373804441774e+00 -1.792301318190950354e+01 3.439628752229716468e+01 1.942498386623419648e+01 2.721086733437817529e+01 -4.857313776279362116e+01 -7.186823808223484100e+00 -2.173044088172840205e+01 6.520818292616156420e+00 -4.277586231490656132e+01 -9.293102969204337427e+00 -1.691073046081118036e+01 8.845118459404477107e+03
-2.962533047426558142e+01 -6.906586688539363195e+00 -1.810950176270599243e+01 2.592455176818907248e+01 1.755519890409816242e+01 2.497256256038761535e+01 -4.703793742133857592e+01 -2.461416035977421757e+00 -2.361330086789363136e+01 5.639348630172999144e+00 -3.994859109309594203e+01 -6.725909836544066600e+00 -9.909270048854695645e+00 7.404549256225712270e+03
-3.305970996063250311e+01 -5.944211500957281125e+00 -1.517549773584162054e+01 2.857131581390142117e+01 1.824306811845983134e+01 2.230318748141962359e+01 -5.208898885993217931e+01 -9.037114760703618410e-01 -1.672918631724954608e+01 5.176947375106938587e+00 -4.967939891417729825e+01 -1.041857488567523760e+01 -2.646734247739080725e+00 8.609476093268136538e+03
-3.106389883267404528e+01 -5.102614892793662982e+00 -1.600174445245681554e+01 2.346356417736442523e+01 1.758717315367481859e+01 2.300291270702325264e+01 -4.727623836616219677e+01 -7.912667209261701196e+00 -2.287900997596993591e+01 8.219157736004094161e+00 -3.949294451264135120e+01 -3.495286852783670462e+00 -6.862865113705163722e+00 7.143705093221353309e+03
-3.388922482737333297e+01 -6.982629283611907489e+00 -1.642150448970296850e+01 3.060360070424057000e+01 1.435048807062534237e+01 1.896422872534176918e+01 -5.072922370639510348e+01 -9.700796226293023850e+00 -2.199972958265070844e+01 6.103879261136845535e+00 -3.720527291517439039e+01 -7.634701561882137000e+00 -9.977125008054526845e+00 7.699930388974573361e+03
-3.140795418546725415e+01 -3.610528293897869112e+00 -1.762369024817386887e+01 1.209118227180669969e+01 7.061005635333368780e+00 1.186139301180817185e+01 -4.439676860786964596e+01 -4.056277271896132852e+00 -1.846382645247253507e+01 7.563098010625729728e+00 -3.940621291101220436e+01 -9.658693178779909516e+00 -1.290975619919249873e+01 5.845278654078860200e+03
-3.462396475809327967e+01 -4.927267682453746467e+00 -1.426987677646161146e+01 2.954528801353680123e+01 1.575416721925702213e+01 1.206326090705651666e+01 -5.982338494506427651e+01 -3.990083623894537634e+00 -1.341793299659427241e+01 1.823600081152564911e+01 -3.135294168178225505e+01 -4.261747961781196636e+00 -6.333991623145357686e+00 7.842006080669641960e+03
-3.521322220097911782e+01 -7.185169597228115101e+00 -1.786386063634308030e+01 2.347168547748878353e+01 9.965337606722505015e+00 8.963519991945146259e+00 -6.248341307193895489e+01 -1.111704316198755293e+01 -1.931947503398119537e+01 9.316724997869281211e+00 -4.518728144184947126e+01 -6.527050321998351556e+00 -5.720262684236105066e+00 8.946311093413332856e+03
-3.490344820825561811e+01 -2.515549189660133411e+00 -1.504332857797215617e+01 1.612673189530337226e+01 7.860653437628843498e+00 1.324081112883077793e+01 -4.563646792224618309e+01 -7.257674001429417210e+00 -1.574382952039617223e+01 7.354676626486660318e+00 -3.815826998955532900e+01 2.116065171056211724e-01 -4.470485112696480634e+00 5.861464908329123318e+03
-3.608293961839759589e+01 -4.226237930895382355e+00 -1.606984978678165987e+01 1.716698994975515546e+01 6.282501251954935029e+00 1.107073644057740758e+01 -5.121085273974893681e+01 -2.170666437026290296e+01 -2.058418212489757337e+01 8.816169574368126760e+00 -4.512896518101192811e+01 -4.931699119943207421e+00 -1.164514149467822257e+01 7.826534853055902204e+03
-3.589109772037987511e+01 -2.740641555424739639e+00 -1.387221822777520686e+01 2.134832584240711384e+01 1.281105131915162509e+01 2.252878579541794579e+01 -3.449593832934137794e+01 -1.317999103058743593e+01 -1.676256801717013900e+01 1.848181894245001189e+01 -2.821176181636141322e+01 5.884949492327562481e+00 -1.650392007277037720e+01 5.704699447678141951e+03
-3.792499476348532994e+01 -4.534226087803833849e+00 -1.385782205813604229e+01 2.120388165761794497e+01 1.358411568678312342e+01 2.085272189527031017e+01 -3.940515337177487254e+01 -2.662538734279019081e+01 -2.092702006772877965e+01 1.782205671269019120e+01 -3.543693234569497008e+01 -2.749785004045779413e-01 -2.772975288093988055e+01 7.761906692883552751e+03
-3.960989170902166023e+01 -1.408140748442710866e+00 -9.567483155955642360e+00 2.329332999141221805e+01 2.053038866667595741e+01 2.568240815750749917e+01 -3.538504190438072783e+01 -1.864480858868095581e+01 -1.242887545757938739e+01 2.080366335851994108e+01 -3.622478542811376911e+01 4.218951367787851403e+00 -1.697716638849761495e+01 7.091383525867101525e+03
-4.176347009099577434e+01 -7.610923002187585107e-01 -1.042046049896520366e+01 2.006511219825979353e+01 1.551120352257504464e+01 2.230448660171985154e+01 -3.383178183656459481e+01 -1.847784769875467958e+01 -1.672662187382836052e+01 1.250790680478522710e+01 -4.144362426982794290e+01 -3.853749621157472216e+00 -1.223170931610120782e+01 6.798336998672586560e+03
-4.283613427280544528e+01 3.716213550948230804e+00 -4.106270418341833484e+00 2.027408520019995208e+01 1.583088234168321584e+01 1.587690614048683990e+01 -3.365110247863153603e+01 -2.064624943049561878e+01 -1.285190377768466696e+01 9.131816997287904414e+00 -3.956647254822568982e+01 -1.254372698025851918e+01 -1.439885020577135322e+01 6.516741164027058403e+03
-4.341681359168538989e+01 4.360675257965977991e+00 -3.654333969637947099e+00 1.756671549819145284e+01 1.541797176701879479e+01 1.461347399832066607e+01 -3.052595440637880131e+01 -2.173993377969395269e+01 -1.643124501037973317e+01 2.134793157289907928e+00 -3.908324391429093225e+01 -1.112080703567095341e+01 -1.496450883869134785e+01 6.231356913378021090e+03
-4.114082284882810825e+01 6.048474767344499625e+00 -2.378401588230912633e+00 1.115102796200269175e+01 1.521757647542036018e+01 1.658658615565370908e+01 -2.644530855157516669e+01 -2.722963255869951027e+01 -1.314171400815297552e+01 1.469708662402590882e+01 -3.494775598942454309e+01 -1.892752236123330212e+00 -1.619035021626166326e+01 5.682414880323237412e+03
-4.103101391780628404e+01 1.760030397295610394e+00 -5.615263612281228944e+00 1.706783333715578621e+01 1.959247670273674302e+01 2.163133445047860448e+01 -2.599522262236846615e+01 -2.264247337452554021e+01 -1.861926307998956176e+01 9.867642089979900888e+00 -3.319322828240623124e+01 -3.675309621090902201e+00 -1.995815876307376158e+01 6.007370627429972956e+03
-3.876399444141013362e+01 6.354027321034145803e-01 -7.558520115123593008e+00 1.488758822263960013e+01 2.023426162595460553e+01 2.470189259404946824e+01 -2.271949448675975702e+01 -2.132077376160204807e+01 -2.703115977998801966e+01 6.544509612572807278e+00 -2.834948840416035054e+01 1.229294728369171308e-01 -2.209694021750645021e+01 5.837679752435372393e+03
-4.000784239068001824e+01 -1.494929161541467266e+00 -8.683216761220792890e+00 1.489074902190523275e+01 2.553997468746579713e+01 3.041360008440679152e+01 -2.463200134797677521e+01 -3.005442528085650267e+01 -2.923903175557204648e+01 1.407962116264310914e+01 -3.401732920910468749e+01 5.522427271130847970e+00 -2.367701446096129914e+01 7.788709885568182472e+03
-3.142311401295981454e+01 -7.373876332292608488e-04 -1.277500864244813883e+01 3.592470035097210967e+00 1.284070289997285741e+01 3.028149279269608485e+01 -1.141759943353037876e+01 -1.640043841486728837e+01 -1.948552964851227287e+01 1.972364804968615815e+01 -3.326700405866782972e+01 5.498260083496987249e+00 -2.642024455958870277e+01 5.248369098971405947e+03
-3.330791726942376840e+01 -6.925069468099305681e+00 -1.762997717261326969e+01 8.898271010039506379e+00 1.643483079749771392e+01 3.268861431962382369e+01 -2.672993112853664499e+01 -3.746225299065007874e+01 -3.420954468094309675e+01 2.218833560689667550e+01 -4.415986649281900611e+01 2.374819519969362247e+00 -3.682644615058525517e+01 9.978463945570732903e+03
-2.805895795530095072e+01 -4.204857553470415787e+00 -1.829381247831091528e+01 -1.262089303255350181e+00 1.036403591225440302e+01 2.426555848089389400e+01 -3.025667262097266175e+01 -2.123240236731968267e+01 -2.719983737509844346e+01 1.860042258070617294e+01 -3.840752954264785757e+01 1.666694849470397477e+00 -2.768093400836246332e+01 6.533711288422562575e+03
-2.969116692072916663e+01 -5.658132708961784552e+00 -1.829057579158101277e+01 3.425064366787748948e+00 1.459511911295149389e+01 2.251314279828526210e+01 -4.237437100078798125e+01 -2.181485355020478423e+01 -2.798645368093009722e+01 2.464173221801360825e+01 -3.537582320483343779e+01 -1.047851463487685209e+00 -2.764284778800306341e+01 7.658320791556569020e+03
-2.626252295211255472e+01 -3.729024643814013107e+00 -1.831787240428961283e+01 -1.561500708727892706e+00 1.572186812099945108e+01 2.326069084131144749e+01 -3.838059189622542533e+01 -8.143473127283053614e+00 -2.266071052529299834e+01 2.555297119392752947e+01 -2.657216803882276324e+01 3.430634331491801969e+00 -1.877316773170521103e+01 5.605974666227555645e+03
-2.748190093969146020e+01 -5.425200916959887820e+00 -1.965964387716287476e+01 -2.300693473265006617e+00 1.162872585304998196e+01 1.972205666207884533e+01 -4.154929220605206552e+01 -1.286003007356062255e+01 -2.251424458289701747e+01 2.837853832514437613e+01 -2.559696039966217640e+01 9.750776318056364467e-01 -1.954825945963168721e+01 5.942915564948809333e+03
-2.542775484003416864e+01 -4.832529308581558602e+00 -1.952350351147614305e+01 1.051470476999762260e+00 8.696525297837355950e+00 2.112223803435739100e+01 -3.352699622941481294e+01 -1.092275976183773345e+01 -1.835908848495080292e+01 2.678514288905929064e+01 -2.062272550695387707e+01 8.022848402437883664e+00 -1.354496701848799134e+01 4.544970529008969606e+03
-2.292421101011737505e+01 -3.806253273644225610e-01 -1.561401098041580759e+01 -2.149439501080775194e+00 3.726660026432317085e+00 1.530570615182134908e+01 -2.345403027466792167e+01 -2.649229822498118558e+00 -9.307922131321738846e+00 2.021495208533805155e+01 -1.860601909010172506e+01 5.446256326769757905e+00 -5.348004779509127005e+00 2.479072857372557337e+03
-2.460089033750371001e+01 -3.186314030620692517e+00 -1.823721381849461665e+01 -7.294342882322990995e+00 3.267847643440020544e+00 1.643705466665124959e+01 -2.535980409474668562e+01 -1.350356140361330937e+01 -2.170980894707357933e+01 1.734829113994987182e+01 -1.759694778278918648e+01 1.451852349654187257e+01 -9.896335677343332193e+00 3.498137802709709831e+03
-2.361620818677319988e+01 -3.121981557506295690e+00 -2.166556510073604258e+01 -2.010026167455655255e+01 -1.806106564889393473e+00 5.532303200688109435e+00 -2.824656082686405867e+01 -7.215502754001537511e+00 -2.961709716213090715e+01 5.528527899562787340e+00 -1.562477374984252343e+01 2.684667155061060129e+00 -1.033270586476353259e+01 3.590532234655413959e+03
-2.464768502796212246e+01 -2.717110985881009189e+00 -1.820697542478315611e+01 -1.487316554837205018e+01 -8.270725947920835708e+00 5.423152397320579965e+00 -1.765909454808334189e+01 -1.576281323923440425e+01 -3.382180451279953104e+01 -2.113360902821846743e+00 -1.198480191740043566e+01 1.709176856049734994e+01 -1.229626318854970002e+01 3.561064340733083554e+03
-2.406751698068101319e+01 -1.052452844865650494e+00 -1.729202742080579114e+01 -2.310095708531637726e+01 -9.579559855310877836e+00 3.254500285235831569e+00 -1.623203137768772208e+01 -1.391015415571764713e+01 -2.025437349267371445e+01 4.210612732944497338e+00 -1.716776021937523211e+01 1.421530361394481190e+01 -1.144469113238499780e+01 3.028109139665560178e+03
-2.616194759772340817e+01 1.080329198644819133e+00 -1.496055480491149403e+01 -2.642924947624095822e+01 -3.502587077688700479e+00 8.450451983251188182e+00 -8.524760759021944523e+00 -1.033574992792283531e+01 -2.356548945432716380e+01 3.600128047270755971e+00 -1.650634898589306587e+01 2.840760470067602483e+01 -1.108497597960124281e+01 3.641737038081806986e+03
-2.874572622755296436e+01 5.441146899852300045e+00 -1.002137063018139784e+01 -3.486985868412531886e+01 -4.388693680872597369e+00 1.637074210728849843e+00 -1.724743592277157012e+00 -1.366192810838842320e+01 -2.088285434669356633e+01 5.156983911693927780e+00 -1.337217388953159336e+01 2.319450005472761234e+01 -1.650111652431999332e+01 3.835596236787875114e+03
-3.118894071571138937e+01 6.554339595265513907e+00 -6.479540992207152073e+00 -2.432637828989766504e+01 -9.885501381903237572e+00 -2.329870094256409008e+00 2.266209739832116377e+00 -1.247811313437843772e+01 -1.560953955523538816e+01 -8.495364937987918974e-02 -7.848694600282375866e+00 2.244527413956004480e+01 -1.451688219099343424e+00 2.724621647941078663e+03
-3.177777430171541084e+01 6.599031522269775962e+00 -5.903664719980668885e+00 -2.464113348665917513e+01 -1.591502021125982935e+01 -7.609902867665462090e+00 1.117157714865129048e+00 -2.206941054531178281e+01 -1.375764335131212768e+01 6.012163095195381946e-01 -9.018448387185905801e+00 1.733712471145323519e+01 -9.863028249822946236e+00 3.163740128855847615e+03
-3.268562052981594945e+01 6.819969766171212200e+00 -5.135819665138116719e+00 -2.160736093331636809e+01 -1.013055875352307389e+01 -3.587539702689769516e+00 -3.689666732415266548e+00 -2.423332435628567438e+01 -1.563643197770701576e+01 2.008862937404400473e+00 -1.142846359821379210e+01 2.487798416651650157e+01 -1.635058650985242945e+00 3.325213607388281162e+03
-3.078021038106356499e+01 6.697438242710722633e+00 -7.354191484750764118e+00 -2.202519215509839867e+01 -4.512486509030009252e+00 -2.776478467020964569e+00 -1.022934332562570781e+01 -1.005283813265661941e+01 -1.246151997396942512e+01 3.840102576618932062e+00 -1.083018906282845251e+01 1.975589553334798509e+01 2.739482022255864013e+00 2.450369671619798737e+03
-3.111971275034011342e+01 6.105378113163795639e+00 -7.923694903727223959e+00 -2.821938920757224523e+01 -8.185744240374482672e+00 -8.639770930588571929e+00 -1.362688418059713236e+01 -1.478855803032972638e+01 -1.815077827904871910e+01 -2.941396458894784516e+00 -1.268415951347381032e+01 2.146088280046440389e+01 1.039690725846378072e+01 3.478532142277083040e+03
-2.956964451236151703e+01 9.534498308566139002e+00 -2.485073974976804045e+00 -2.019811685458099859e+01 -1.711184179287613905e+00 -2.674881905740364552e+00 -4.223335990461846379e+00 -2.161645450481926467e+00 -1.289470490475896192e+01 -1.263276570939393828e+00 -4.300644649703805555e+00 2.370723922286822472e+01 1.494493503563453984e+01 2.383751575631082687e+03
-3.046585067652162948e+01 6.729822949363403417e+00 -5.956584956693347976e+00 -2.779407874829152192e+01 -1.159049501659858805e+01 -1.240459185093300221e+01 -8.032756461180897034e+00 -1.139952820608522721e+01 -1.997231028186670443e+01 -1.091893843434917599e+01 -8.006100201363933522e+00 2.375507665407614155e+01 1.251888997974696416e+01 3.567378493719021662e+03
-2.938440764189883225e+01 9.909637138301395254e+00 -1.687130281162186662e+00 -2.205219712558888645e+01 -4.314077022611924939e+00 -4.296721070769544681e+00 1.641238635111253563e+00 -5.658087251925040917e+00 -1.443506917306696558e+01 -1.342722268559294996e+00 2.261041196821571564e+00 2.398948072237928386e+01 1.227353798648157479e+01 2.463992167904782491e+03
-3.130939905748625307e+01 1.007388710481356320e+01 -4.410479807881924508e+00 -3.514034633565801613e+01 -6.877622982330223955e+00 -1.292808611129469298e+01 -1.109041324943829210e+01 -1.398428322796111978e+01 -1.717420044097659115e+01 -1.084917568899161244e+00 -9.552370857928101699e+00 1.337402312747553879e+01 7.342218290913424816e+00 3.489203155269672607e+03
-3.209850078213689528e+01 7.812630652924945629e+00 -6.328462932721292233e+00 -3.689558598134264855e+01 -1.012449250239812137e+01 -1.626652818234941122e+01 -1.264916519317829291e+01 -9.669853702272495966e+00 -1.779275272245570605e+01 -7.101445970117391759e+00 -1.545013622837476674e+01 1.856518707687640912e+01 8.221518438484606506e+00 4.131276226841341668e+03
-3.070891126340849553e+01 1.147399294892585431e+01 -7.740728913967219738e-01 -3.912252941267450268e+01 -2.131257362458975013e+00 -9.264153577086512215e+00 -4.761312964269007075e+00 -8.401681352350564680e+00 -2.006246064780357230e+01 -5.542916871286200475e+00 -1.747803914429098526e+01 2.723226255040290766e+01 1.367062907041676567e+01 4.456676721608730986e+03
-3.120339110787287495e+01 9.361871108202699077e+00 -4.401716150854592335e+00 -4.065314774110529328e+01 -5.585169742217933830e+00 -1.247932053250829121e+01 -5.997363486680535871e+00 -8.711507231723283340e+00 -2.557783607535819570e+01 -8.213885766932522259e+00 -6.687329326515091488e+00 2.282109914671812589e+01 7.811031573388480531e+00 4.380364834368705488e+03
-2.831409450405972450e+01 9.101545049760494166e+00 -3.707915011968530461e+00 -3.724282854145596389e+01 -8.862680166688251759e+00 -6.139574586765577102e+00 2.238734769134751446e+00 -2.048380878216804035e+01 -2.434793932228117441e+01 -1.788802766855856596e+00 -8.817812950671125805e+00 2.828717488020591730e+01 1.949718556837571004e+00 4.303884267783787436e+03
-2.878391305444503345e+01 5.685740482319936895e+00 -8.665076753120114716e+00 -4.210768034333335663e+01 -8.927703178838719111e+00 -1.321112537614485127e+01 -1.284535402263732706e+01 -1.695351361070847673e+01 -3.347237113746940906e+01 -1.133153496561412510e+01 -1.196140806489425401e+01 2.500018671036601248e+01 2.212355304947827950e+00 5.437426504745816601e+03
-2.427820953963203010e+01 2.474388403460920483e+00 -1.430027290324564504e+01 -3.665812717571090218e+01 -4.597689868597908180e+00 -3.150771351738272053e+00 -1.617839415119803803e+01 -1.315183187001936105e+01 -3.147351578579121067e+01 -2.187751065207762746e+00 -1.573502996343819227e+01 2.609172974652140198e+01 1.165115302158922539e+01 4.669134727136937727e+03
-2.451516700714071817e+01 2.182381761904851114e+00 -1.325921014336289261e+01 -3.277653915259553941e+01 -4.069200087730237558e-02 6.191836268459770531e-01 -1.609661470323635868e+01 -1.164159863754974467e+01 -3.373145181207386401e+01 3.154674567351396092e-02 -1.042232027844532816e+01 2.877698917905545173e+01 9.995370971676406313e+00 4.425336387541939075e+03
-2.327760801685924719e+01 2.846996053254365222e+00 -1.440283514512599616e+01 -3.413558412548281495e+01 2.751446469291997765e+00 4.632478835482470636e+00 -1.759251828638817017e+01 -9.582437190399442528e+00 -3.021089424406775592e+01 9.759216127273379726e+00 -9.989436062255812487e+00 2.374645860475827419e+01 5.972139760473162973e+00 4.060272318191910472e+03
-2.463496326992964569e+01 -3.208175188941272404e-01 -1.773780524315208496e+01 -3.170881664844029757e+01 1.939347833219110750e+00 8.009133063548973253e-01 -2.908154471696303744e+01 -1.614806015035627951e+01 -3.908127852734931906e+01 5.810163660306773892e+00 -1.240997812423272961e+01 1.664439681521803749e+01 -2.110836749881871199e+00 5.034565216429195061e+03
-2.372454542904612396e+01 1.784937147912157407e+00 -1.619122268625742933e+01 -3.068960175113955202e+01 7.154269808390243846e+00 6.995852433793343650e+00 -2.369065700223499249e+01 -1.505678245371004920e+00 -3.392855669215983738e+01 2.619191596654720122e+00 -1.682351281997549819e+01 2.168499352684779424e+01 4.606908030426960288e+00 4.366187481396395924e+03
-2.568819343652429410e+01 1.907855955095195261e-02 -1.755526954425502595e+01 -2.637134949225112379e+01 9.683077939556465452e+00 1.090826080933551978e+01 -2.787995666640939518e+01 -3.806011756634067655e+00 -4.040682838876294625e+01 3.129703377210944493e-01 -1.815234677376394856e+01 2.158482212305636949e+01 3.824566860620347342e+00 5.110898352339688245e+03
-2.888044908288931722e+01 -3.318636078099120201e+00 -2.227018472375822356e+01 -2.580069236245245179e+01 -3.165340069771819920e+00 4.039100234458978811e+00 -1.472964307156236075e+01 9.591514969565853477e+00 -2.688682829329339441e+01 -4.799057286546892342e+00 -1.322725305707575494e+01 1.915348419302063476e+01 2.621812651305359232e+00 3.636646359808148190e+03
-3.457482144408672298e+01 1.830372414847212026e+00 -1.587042280443756681e+01 -2.213943836599783310e+01 4.802940976652202210e+00 8.663226898832109057e+00 -2.243385511752811112e+01 -3.257661685515358840e+00 -2.770637847152217859e+01 -4.849588539059411119e+00 -3.167856646838485091e+01 7.520115867086051509e+00 -8.187333515755391700e-01 4.404719507090974730e+03
-3.466774830440880351e+01 5.373107453263464173e+00 -1.069365010399387117e+01 -2.010538741365248683e+01 1.141560268231490305e+01 1.306508039945744137e+01 -1.973836712348745692e+01 4.119437311718898709e-01 -2.898360671174954106e+01 -1.121521113895637001e+01 -3.645705445871586647e+01 1.704551642566888603e+01 3.809370915771244537e+00 5.040097132296034033e+03
-3.510071798996561654e+01 4.439990235181751288e+00 -1.034383849585395332e+01 -2.071583340491377712e+01 1.093389285477302408e+01 1.790770598805615066e+01 -1.317062404957974309e+01 -1.424131609867362203e+00 -2.853536178979327786e+01 -1.555789740517157149e+01 -5.156559331637686938e+01 1.552992251337451535e+01 4.610836321285052719e+00 6.381407863667274796e+03
-2.957647828483984753e+01 3.650096985823931828e+00 -1.248548885471890024e+01 -2.093404015810525820e+01 1.175470552201582208e+01 1.535293841709899176e+01 -1.614337815992377045e+01 -1.406427672804744233e-01 -3.684674265201173426e+01 -1.076547212884182692e+01 -3.448505574831289522e+01 1.495840335330758819e+01 9.779565860893747395e-03 5.003277834477685246e+03
-3.041312823186741099e+01 5.076875735060477624e-01 -1.545954414196898341e+01 -2.211603212479255021e+01 6.591046414898414696e+00 1.250377386665894797e+01 -1.840741375733721341e+01 -8.687137690687695368e+00 -4.436001082251420513e+01 -1.362077260455577132e+01 -3.642295605903057520e+01 1.573556245178223456e+01 -1.966824323961156695e+00 5.998862051977240299e+03
-2.390536994994883813e+01 -1.823765799636731577e+00 -1.824371700286788212e+01 -1.590780834949267408e+01 1.801377318434076003e+00 1.180334227534229541e+01 -1.975896949492658194e+01 -5.386185519972086944e+00 -3.927905341461971034e+01 -1.128536558085423458e+01 -2.919250599526317913e+01 1.243359722844551563e+01 -2.226038095327440569e+00 4.404631635136620389e+03
-2.449571901928195672e+01 -3.905534092658816903e+00 -2.030018687485084072e+01 -1.731530985894296037e+01 -2.234709198288529652e+00 8.715954835664669886e+00 -2.203240801244657021e+01 -9.074854308172472628e+00 -3.869663274109247197e+01 -7.090616595203169226e+00 -2.609482118118584992e+01 1.433773105668267789e+01 -5.698535544526857066e+00 4.442642527808568957e+03
-2.200799148275038419e+01 -6.297257797526351064e-01 -1.694748252158935387e+01 -1.976127974886690808e+01 7.315358639654050421e-01 1.220762136298367828e+01 -1.055950743348629395e+01 -6.384375391047331760e+00 -3.489703722421099030e+01 -9.842429311239354606e-01 -1.628861068701500869e+01 2.137807455932832923e+01 -1.670479542671698958e+00 3.408201548284218916e+03
-2.393225876699196064e+01 -5.269249852281707724e-01 -1.515027045356936952e+01 -1.881077634436215718e+01 1.421059184732864911e-01 1.209900173875184315e+01 -7.480151452093389608e+00 -1.247418427299788135e+01 -4.175088139642088692e+01 -2.197751786486382031e+00 -1.070368540598719420e+01 1.845762379301204703e+01 -6.749160005044683608e+00 3.763140765734991419e+03
-2.066185586419216946e+01 2.174264788104808055e+00 -1.279649361353577675e+01 -1.860609719931563788e+01 4.546328808104079577e+00 1.789101468079340052e+01 1.285745498513660934e+00 2.172732011565633670e+00 -3.308883833721484535e+01 4.117592064721259937e-01 -9.761348959717912166e+00 1.729580201720536792e+01 -1.252219643379881786e+00 2.779745757851350845e+03
-2.249153493136639170e+01 -3.022853680648675656e+00 -1.931151787960135024e+01 -2.268557034309072407e+01 -2.813179865479237485e+00 7.113372306844201631e+00 -1.562276798646971621e+01 -9.231381088931428280e+00 -4.713845639457653647e+01 -8.366419814846574710e+00 -1.341062725915734788e+01 1.515315349762153474e+01 -3.590059295406535789e+00 4.504762497381143476e+03
-2.090207812403568255e+01 -2.308307684817514360e+00 -1.828455051332375092e+01 -2.082220879011363124e+01 -1.178954465094357573e+01 3.949125612605824731e+00 -6.438491803153674198e+00 -1.396559522229750527e+01 -3.701489510352322299e+01 -5.827477503114856461e+00 -8.068616767212482443e+00 1.732163488218043312e+01 -3.940337190158015979e+00 3.385925125711511100e+03
-2.180095033275257776e+01 -2.515053809693061471e+00 -1.717243467147825342e+01 -1.628331899410381212e+01 -1.130041041933802859e+01 1.831031933036030068e+00 -1.245725233030414003e+01 -2.026701863715772589e+01 -3.990701451889590601e+01 -8.179784770233110791e+00 -9.390583943382514676e+00 1.308954699319652093e+01 -4.848797905123854335e+00 3.681141889840027488e+03
-2.153151299227590698e+01 -7.366143049488574901e-01 -1.524348967330187143e+01 -1.570671988632813765e+01 -1.188491169369241796e+01 2.517196102194386942e+00 -8.807618239496106227e+00 -1.269403668539853314e+01 -2.977403860520505319e+01 -5.225237673309070630e+00 -1.125678651749049486e+01 1.677706624297921678e+01 3.203481894570721078e+00 2.661757762262476263e+03
-2.276246483872869675e+01 -5.685894571864145153e-01 -1.465212449400863903e+01 -1.207854657674709742e+01 -1.230519221745642611e+01 1.207357394887813851e-01 -1.140060280631889178e+01 -1.116011954104302184e+01 -2.984053873442756100e+01 -1.039048741231816742e+01 -1.340202695837511726e+01 1.290497196138626812e+01 4.457398931657047036e+00 2.649424498024447530e+03
-2.093970838577522642e+01 -2.222975397033607248e+00 -1.784606675842105972e+01 -1.686807591920943139e+01 -1.019055070343403102e+01 3.654678148492746637e+00 -1.288408347250219954e+01 -8.605883127015104606e+00 -3.461817612528432875e+01 -9.464174548160240619e+00 -1.481569991701285716e+01 1.388089640975595884e+01 1.820779694133507487e+00 3.107180124173103650e+03
-2.126042258630055670e+01 -1.972712240771611558e+00 -1.680620931804291374e+01 -1.331573903618888721e+01 -8.280699215992285644e+00 4.995940264625111205e+00 -1.266523406253313411e+01 -6.202609404857222231e+00 -3.323322465649901858e+01 -9.132184161981085069e+00 -1.539508924316558058e+01 1.387206795174658858e+01 1.947387260425297528e+00 2.829144023618783194e+03
-2.056278567410701541e+01 -1.032401223578464977e+00 -1.708331311384499429e+01 -1.800395807888548205e+01 -8.241124483578174065e+00 4.351594926694518861e+00 -1.189069940094852385e+01 -9.756172517789833520e+00 -3.176328410562583215e+01 -5.593680535913812868e+00 -1.459119627086775317e+01 1.836241566860294583e+01 5.274423671857149998e+00 2.981396588002452063e+03
-2.178351247142113678e+01 -1.656051558789279454e+00 -1.731633791932391020e+01 -1.544798045539380560e+01 -7.636035324994034923e+00 3.266402892327321172e+00 -1.502872850274843763e+01 -8.997722726341370603e+00 -3.505342302871694216e+01 -9.481732055097751299e+00 -1.579797377191683339e+01 1.658054765145571352e+01 6.826711793397540973e+00 3.281299937878706714e+03
-2.412939764440731594e+01 3.045228480440152818e+00 -1.242704999799843790e+01 -2.375994008636950028e+01 -6.231594157573216108e+00 2.814188663661852274e+00 -6.563632528297044466e+00 -5.316216156005232563e+00 -2.559355991207210579e+01 -1.176184980300615912e+00 -6.451986004977778855e+00 1.910442208403257425e+01 3.439481799676899154e+00 2.503414243208226253e+03
-2.625863940123113238e+01 -2.549696343688140909e-01 -1.599777196940650548e+01 -2.183880089841730410e+01 -1.331727297686341593e+01 4.156051382518128889e-01 -8.590918347737593663e+00 -1.425965444856193542e+01 -3.239565624013987843e+01 -7.839434677158404696e+00 -1.514817045012125618e+01 9.584650460797689675e+00 8.555331417542347272e-02 3.309382386703213797e+03
-2.427262317171186012e+01 4.573996134013716741e+00 -1.003222239209816635e+01 -1.910160319846133348e+01 1.766428727101723384e+00 1.255777598085473556e+01 1.246206367433998485e+00 -1.433547461943656343e+00 -2.435545318672075510e+01 -3.367543439005286743e+00 -1.633237738409610174e+01 2.315257609164863339e+01 -1.034445753302463133e-01 2.647351984035433361e+03
-2.672638343245414561e+01 4.081274281990971559e-02 -1.520461294129935403e+01 -2.346177872729905900e+01 -1.961757716155094977e+00 1.033821356853678530e+01 -4.783606382938316415e+00 -7.044546410040309681e+00 -3.181094260346665692e+01 -5.638907505435466483e+00 -2.339125042188829440e+01 2.307034765885939720e+01 -5.901376712154955406e+00 3.837123361752478559e+03
-2.683454148255368565e+01 1.054072122456503960e-02 -1.702450882731603699e+01 -2.195821366913892092e+01 -8.094053550004123854e-02 1.412343030075368944e+01 -3.355742682160546497e+00 -2.142186295794229700e+00 -2.764075409993314736e+01 1.887677462038253040e+00 -1.701947833390248377e+01 2.380905467821092714e+01 -2.593828940518672521e+00 3.338253871356460877e+03
-2.916019518655857468e+01 9.960078541687988896e-01 -1.516556852437219582e+01 -1.729803014255021765e+01 6.387362689983276942e-01 1.372195072742976407e+01 -2.390588391512999678e-01 5.206370533060691308e+00 -2.482535385815607398e+01 -6.641882273651552815e+00 -2.461351975992133845e+01 6.739601906571624390e+00 -7.038783154439229861e+00 2.957593540933238273e+03
-2.990592552932061210e+01 1.600215836336631670e+00 -1.563812656692654457e+01 -2.259619760652882547e+01 4.232317062018089437e+00 8.771357935397045225e+00 -1.040867158932637260e+01 9.301834625413397006e+00 -2.853700682464813809e+01 -6.244723828588738535e+00 -1.841916417298522290e+01 7.812519274588849427e+00 -6.448900159239942198e+00 3.237024734398345117e+03
-3.510470711053132931e+01 3.490261158245503204e+00 -1.292704126829701217e+01 -2.551847584065474805e+01 2.284632870432925511e+00 1.384866849535796263e+01 9.357259380447464636e-01 -5.152986071946660473e+00 -3.070879254881479525e+01 -5.150128920447513359e+00 -2.516535358968672043e+01 1.479716569363871415e+01 -4.197761534870981137e+00 4.126683507853040282e+03
-3.608742317907270092e+01 1.880049054961817179e+00 -1.522119890391260455e+01 -2.401507204638253157e+01 3.274701429644601980e+00 1.316331416219838957e+01 -8.008889916988559676e+00 -1.027218953577653338e+01 -4.132275603325859237e+01 -1.233667184649642756e+01 -3.198469224836745539e+01 6.725220367697227530e+00 -8.874212755916577322e+00 5.474666400053843972e+03
-3.742188228294254060e+01 8.724313975840667368e+00 -4.543456336052231315e+00 -1.106872048706914846e+01 1.086149076197978580e+01 1.120593440721159695e+01 -1.095607725156618528e+01 -5.200031109042500432e+00 -2.961788181179577251e+01 -7.345715402746118450e+00 -1.923362387182809385e+01 4.904003895179939398e+00 3.984914488761749141e+00 3.351330939159815443e+03
-4.034861820496846008e+01 6.679068646224120442e+00 -6.295720091918479255e+00 -1.033941560886468558e+01 1.024738464259668547e+01 1.134140575239907989e+01 -1.699725455646073868e+01 -2.132548048016650810e+01 -4.019470678858257173e+01 -1.639505773270617794e+01 -3.030237153015944074e+01 2.299599602836210899e+00 1.209813251758300012e+00 5.605877610929079310e+03
-4.107248854021178630e+01 9.006862915552538595e+00 -2.105231337705288031e+00 -4.415420534763679683e+00 1.490091707433761670e+01 1.704656998989432992e+01 -6.517724197243730977e+00 -1.525027076670262893e+01 -4.234543614802174005e+01 -1.196850092180199532e+01 -1.155043434097550126e+01 2.070191340678070535e+00 -1.807499992693462953e+00 4.657021455952341057e+03
-4.092207543728858354e+01 5.855828301571865069e+00 -8.610454177446282387e+00 -2.025356515542763702e+01 1.025866858931377301e+01 1.201961773536688582e+01 -1.231162582483810297e+01 -1.590199647016954820e+01 -4.678051195781382887e+01 -6.181068534531757308e+00 -1.233337601547969520e+01 9.835025383303868551e+00 -2.915589204721041217e+00 5.331377375661374572e+03
-4.045107739299675131e+01 2.653047899681362232e+00 -1.088023260939909420e+01 -1.785042999647932049e+01 2.970499481784092843e+00 4.504000517381260060e+00 -1.703712515255219628e+01 -1.973175234594554794e+01 -4.565841938591096039e+01 -1.055442611523493568e+01 -8.283690878920966227e+00 1.682971192795931259e+01 4.664984714026354951e+00 5.358769202022758691e+03
-4.099915864937332088e+01 3.886929537957823033e+00 -1.046817902963839586e+01 -1.603592105936417411e+01 2.947270997985202978e+00 4.469789689880519390e+00 -1.780170124178954438e+01 -1.209476678939660843e+01 -3.985691888937537186e+01 -1.065950901293460440e+01 -9.993519301027415480e+00 9.014314843173050207e+00 3.564017672395834779e+00 4.450651782439491399e+03
-4.215453047284152888e+01 4.056869853931591940e+00 -1.137330997883637984e+01 -1.674886045810368884e+01 8.097128463991625225e-01 4.710025377266176427e+00 -2.083599513363712319e+01 -1.847352790993565463e+01 -3.172128655182912027e+01 -6.545260579647095511e+00 -2.612012388137253538e+01 8.853390436779614348e+00 -1.815716700544694362e+00 4.814609717013112459e+03
-4.261950200760624341e+01 7.314569173724027706e+00 -6.079538955199292438e+00 -1.565719287436037455e+01 1.458858457139259812e+01 1.349140684857962391e+01 -1.282435487105571070e+01 2.386141210138370550e+00 -3.139835531262238888e+01 -1.044619757247492409e+01 -2.000004202877580539e+01 2.373440769000073303e+01 7.117543217018370783e+00 4.825998933525271241e+03
-4.435931795596801663e+01 5.447412830676767292e+00 -7.816829375767893495e+00 -2.281162379223698977e+01 9.410984741694026212e+00 6.071595168370802043e+00 -1.823660598287344570e+01 -2.505227826883466236e+00 -4.117097395865987863e+01 -2.131247808315041681e+01 -2.442436939160223375e+01 3.113270714395532579e+01 7.361801261036033495e+00 6.812439474376188628e+03
-4.223320092842736528e+01 8.342447308728361932e+00 -6.425490735975341927e+00 -2.147939798082139973e+01 1.751162511213509276e+01 1.147381077144988737e+01 -1.648886302462086917e+01 5.402768091325291344e+00 -3.541933344237034476e+01 -1.166777246342401142e+01 -1.786714062570305828e+01 2.646298515746793711e+01 8.717740803577379793e+00 5.581458409218223096e+03
-4.363816225641299695e+01 5.611179576493942278e+00 -8.901398698680750954e+00 -2.361489109101108497e+01 1.544487470964206466e+01 6.164352547003228544e+00 -2.473405498131965885e+01 4.806407731694831043e+00 -4.426036868849066508e+01 -2.416135915507709697e+01 -3.178821698640028970e+01 2.325536902534630812e+01 1.037567748265007861e+00 7.579221936785905200e+03
-4.339914249832150972e+01 8.038676216523681362e+00 -7.476274242752692700e+00 -2.833724159296326661e+01 1.712515664649637515e+01 6.852946584387224149e+00 -2.048608950736994316e+01 1.421114262610776358e+01 -3.241332148454068118e+01 -1.604231370682724744e+01 -2.934228203965487936e+01 1.771249849471429627e+01 2.666751306695485546e+00 6.258663047133703913e+03
-4.740662151047008877e+01 3.094625003087993154e+00 -1.346018951498168015e+01 -2.664632621811999158e+01 4.692297481202660769e+00 4.819639160063382555e+00 -1.413889111666938980e+01 1.226771512182172330e+01 -1.806267493800104518e+01 -3.850255957798852435e+00 -2.101115317512735459e+01 2.608451781293614502e+01 1.471422283265839859e+01 5.223283200960546310e+03
-4.941104564746330396e+01 1.808756402006894914e+00 -1.498950714306300291e+01 -2.577385248826699993e+01 8.169419542296468606e+00 6.950822457500145823e+00 -2.281602055431496368e+01 1.262907587660823694e+01 -2.493621089946669045e+01 -5.787039518167603092e+00 -2.565201469678676105e+01 2.113876720213568916e+01 1.260985039113116990e+01 6.048003632226658738e+03
-4.986344297475847043e+01 2.801871783449067621e+00 -1.297218049207936907e+01 -1.302841682431882653e+01 8.761856603687062872e+00 1.373837213058622808e+01 -1.516399723310700054e+01 7.573233124704639607e+00 -2.650684319340212980e+01 -9.279938716827087930e+00 -2.753854767623907307e+01 1.029321495923180763e+01 5.569990783194436190e+00 5.069120892749991071e+03
-5.125658988737773569e+01 3.849839709402321120e+00 -1.207188975993446789e+01 -1.352322487018638242e+01 6.015516350576047166e+00 1.184233706074939718e+01 -1.034210504768129724e+01 6.184652486206631217e+00 -2.091752987094814387e+01 -7.864869093142661249e+00 -2.727593640610442804e+01 -3.730078258392574675e+00 -5.851100397016765875e+00 4.583828641407259965e+03
-5.061866651830509056e+01 6.167898840903161428e+00 -8.739508654336090032e+00 -2.116111753840474208e+01 5.995378951394039646e+00 1.441745800280265399e+01 1.266477355239480573e+00 1.518402649380413028e+00 -1.756652065395947204e+01 7.526444357122126227e-01 -2.226686474279588879e+01 9.896904744663521214e+00 -3.487716343963364274e+00 4.287256734554221111e+03
-5.269564175509157877e+01 5.580034001069757110e+00 -8.955480321237038410e+00 -2.192589885436928654e+01 8.629064806326651293e+00 1.853903927358335579e+01 6.046275014298164052e+00 4.686312201056761495e+00 -2.037727741565123907e+01 1.116766971177889145e+00 -2.010769488872045585e+01 1.564120114702941144e+01 4.056117355160895777e+00 4.927488066404563142e+03
