-4.189812733398775180e+01 -3.967001412384080439e+00 -1.813463460764420532e+01 1.823229829140830560e+01 2.547655059394537602e+01 2.405951310839914115e+01 -4.753926643078685288e+01 2.466785857303147722e+01 -2.514982838059493275e+01 1.185606923382985833e+01 -1.149666107916708313e+01 -7.360500445852157236e-01 -1.971505550440816990e+01 7.823350392606085734e+03
-4.287392500170485476e+01 -5.264975261602532264e+00 -2.040649607562288281e+01 1.865920803696499064e+01 2.301649353752902982e+01 2.827823173922771716e+01 -4.445980152033192923e+01 2.486569616201840915e+01 -2.035382725842736917e+01 1.251606452713180495e+01 -1.456473807493655492e+01 1.051383054033531828e+01 -1.185683243736749581e+01 7.589065556701390960e+03
-4.291189305078923155e+01 -6.523903838129945676e+00 -2.047126848893193340e+01 2.039022780177315752e+01 1.330315214550410019e+01 2.292701591107663006e+01 -3.226187719548082811e+01 3.254775233917293065e+01 -1.347665443497936621e+01 1.349101674121825489e+01 7.179421856812592817e-02 5.444899839523110963e+00 -1.519110488805440085e+01 6.145682431811103015e+03
-4.439493160055582877e+01 -6.890415761915998694e+00 -2.054106517655916164e+01 2.425692685870130205e+01 1.137961037788931407e+01 2.426372533039933543e+01 -3.057648201508131081e+01 2.686264017732381504e+01 -1.359977581869431695e+01 1.554641417775048495e+01 2.812425225907896120e+00 6.138538461080173647e+00 -8.532923805375917325e+00 5.948515304245455809e+03
-4.256156128249606496e+01 -6.769777250960846260e+00 -1.984885813570818769e+01 2.168712753094870038e+01 3.324978256166780888e+00 1.868830910882254770e+01 -2.576036512393875455e+01 2.150906895197633872e+01 -1.302159069817539638e+01 1.371908602836699664e+01 7.249194871152779385e+00 6.622848265314159377e+00 -1.363696660636124136e+01 4.848324838329667728e+03
-3.947258469365307576e+01 -1.025684350901611452e+01 -2.467141884414600739e+01 2.299782279084657333e+01 1.831880420806387910e+00 1.753451952246500056e+01 -3.157940247863843553e+01 2.561118830349935394e+01 -1.788648366255923960e+01 1.412512209470431657e+01 1.437694451800272688e+01 3.803714006022042238e+00 -8.859606496373020335e+00 5.583976103238717769e+03
-3.746388751343700108e+01 -1.223122066193080393e+01 -2.758907326552337125e+01 1.819889504286663851e+01 -6.190412045735497415e+00 9.651050030892799114e+00 -3.020639596317869646e+01 3.440850815018040265e+01 -1.481675797485256396e+01 3.273786531331723371e+00 1.142999452074753819e+01 -6.583008890911983713e+00 -5.264542948720302817e+00 5.305288317531300891e+03
-3.704780017571610529e+01 -1.342765145968147245e+01 -2.945716308250390725e+01 1.303127641122437552e+01 -9.839419292103897874e+00 8.456126259447987792e+00 -2.458070016542469105e+01 3.356480762660588368e+01 -1.509014836596944420e+01 2.154095080779677984e-01 9.012567417137114845e+00 -7.445519330474773767e+00 -3.827227527727249612e+00 4.868576097373611447e+03
-3.709839648301304749e+01 -1.047529885941136385e+01 -2.658510098082635764e+01 7.521932311890086709e+00 -7.948395154806644491e+00 8.640841460784354666e+00 -1.794327375142897196e+01 3.241172529788460110e+01 -1.093665721896550025e+01 -5.984663702391505025e-01 -2.863446103576092749e+00 -1.076849975983785157e+01 -8.356604278859768087e+00 4.073653482922454714e+03
-3.535231861783064033e+01 -1.158449429197142244e+01 -2.976148771131651927e+01 1.577745758710301649e+00 -4.377039031229622346e+00 1.310269195761752847e+01 -2.254574399990839595e+01 2.503061321540361561e+01 -2.265044292033737250e+01 -1.835364422434248466e+00 -6.072039053303442735e+00 1.426663354600760547e+00 -1.171927497164983656e+01 4.290561109296911127e+03
-3.344892195045355265e+01 -1.208597820749185558e+01 -2.985864247305162777e+01 3.491993101360461260e+00 -8.856682342792248974e+00 1.031611738225919339e+01 -2.031239138013250667e+01 2.660083227233791803e+01 -1.919813413504319044e+01 4.213782795837979656e+00 4.728593048119051900e+00 -1.642965756718876902e+00 -9.921457898629402195e+00 3.983512991403744309e+03
-3.238795064318169636e+01 -8.797671745024500112e+00 -2.556375333978786912e+01 -6.552689150339074953e-01 -5.162952362483084201e+00 7.395280614559792021e+00 -1.846651225984680877e+01 3.368455525279553342e+01 -1.667521895876026505e+01 -1.775081502691108648e+00 3.895922078346687467e+00 -5.347733434302202049e+00 -1.100539448829780298e+01 3.783429838485715209e+03
-3.299925588761688999e+01 -1.021194088796024957e+01 -2.724324912966741863e+01 2.493564726458699976e+00 -7.552617453250097590e+00 2.322237043925628797e+00 -2.297172481448134818e+01 3.905071773140854674e+01 -1.111844084328736315e+01 -1.497230715374879617e+00 7.056569341262632911e+00 -7.378029407213067437e+00 2.621107148722516378e+00 4.293702743683073095e+03
-3.395084700922265597e+01 -1.128275448074784038e+01 -2.820333795405921862e+01 3.690934070448882220e+00 -9.721122944070037519e+00 8.737128596956864612e+00 -1.517701958741782953e+01 3.266852712436013206e+01 -9.508930954826466220e+00 -2.047789288504001881e+00 -3.450255998764151677e+00 -3.906486367226691847e+00 -3.021045420087595801e+00 3.688328889323497606e+03
-3.601454329029679258e+01 -1.049580511074826994e+01 -2.665236035159393779e+01 4.779678104509875070e+00 -1.384519459234747352e+01 4.565296431972991620e+00 -1.545554786515218026e+01 2.513737810865456623e+01 -8.662081408062210386e+00 -6.336128591480751915e+00 -8.920015154207172614e+00 4.377933324487899291e-01 -5.469286199553503813e+00 3.448545575960173664e+03
-3.546962409840583774e+01 -7.447107212407839683e+00 -2.202376107852979459e+01 8.869207262191251218e+00 -1.339316848197446141e+01 6.128993943668485045e+00 -1.058453677159046613e+01 1.912563324546248467e+01 -6.098591235301869418e+00 6.061745337615216389e-01 -1.458543801782635763e+00 -3.391880592974167441e-01 -6.206293919866056719e+00 2.650347068878085338e+03
-3.640610184474979860e+01 -5.644875997003997448e+00 -1.989068338857844509e+01 5.111535314690242693e+00 -1.404667349218149752e+01 -6.094318480758817991e-01 -1.330797648880597350e+01 1.905619824710447574e+01 -1.141975194485513789e+01 -6.509614807015224436e+00 -1.595550916101162509e+00 -1.085857333994893104e+01 -7.544252824893422193e+00 2.867113296531373635e+03
-3.633796331310171013e+01 -4.179797466302676234e+00 -1.910120565447874696e+01 -3.753653341135469113e+00 -1.203072153022926649e+01 1.489264671355844949e-01 -1.000868414967464126e+01 1.882500702369850387e+01 -2.205055134533209582e+01 -1.145527217997162239e+01 3.028380400255322513e+00 -1.979586124255664270e+00 -7.651347068879573499e+00 3.005262379335333662e+03
-3.764015594868661196e+01 -8.223312177027251479e+00 -2.588999387111982742e+01 -1.201305917633142961e+01 -1.623602986495350464e+01 -1.121773237219601427e+00 -1.404252903175859402e+01 1.434318294476320688e+01 -2.916924056856720782e+01 -1.617491097997819338e+01 -1.623930905692693161e+00 -1.422853125474100811e+00 -1.187579109577711556e+01 4.224964553299929321e+03
-3.912090958125949669e+01 -8.931757546844909967e+00 -2.718999758706992509e+01 -1.112893529050386299e+01 -1.196629296817743082e+01 6.472550650846402576e+00 -1.363484885856813911e+01 1.265954525965782018e+01 -2.964432419860537493e+01 -1.660887790567988276e+01 -8.746092546419054869e+00 -3.473903784422063268e+00 -1.615244098720876664e+01 4.508734572388150809e+03
-4.206370409923514586e+01 -1.178361545182662873e+01 -2.945599168446860006e+01 -3.492682165970620201e+00 -1.105155878351562038e+01 7.279185693154808234e+00 -1.662162872738936059e+01 2.028045698480434211e+01 -2.347123425978352174e+01 -1.718881065095692051e+01 -1.195703595457917778e+01 -9.797532389691475885e+00 -8.883145511185944088e+00 4.814988716648258560e+03
-4.388304033733872700e+01 -1.033680078144284842e+01 -2.790481183336371629e+01 3.309334163394896500e+00 -2.189958416764066218e+00 1.506053909798886359e+01 -2.021074280424414127e+01 2.632206659989746456e+01 -2.334723569939145094e+01 -8.102374143400389528e+00 -6.664878256761323172e+00 -1.780388106251233893e+00 -9.597639981962318600e+00 4.905588925054407810e+03
-4.644301354214394451e+01 -1.125883952967108748e+01 -2.947590856753970456e+01 4.012271961825604194e+00 8.638764914532647277e-01 1.821991789789751337e+01 -1.796144573851865545e+01 3.325391039442924779e+01 -1.966695742787552703e+01 4.595559008187298566e+00 1.707299805728374809e+00 1.802839042758475507e+00 -4.793433728761195667e+00 5.366840752165714548e+03
-4.837411083343891249e+01 -1.200625439075328416e+01 -3.013079842393044316e+01 -1.911312607483781845e+00 2.128133293552832983e-01 2.112430844093910665e+01 -1.082589665691856595e+01 2.358654206095988215e+01 -2.631866611777179443e+01 -7.094478219263438135e-01 -4.605671339361072647e+00 -4.622570164223548161e+00 -6.916468965330498264e+00 5.299122983197709800e+03
-5.136066647878983105e+01 -1.441167699706450378e+01 -3.240033882401664300e+01 1.649999553274352104e+00 -3.333405491705617063e+00 1.862917730805418159e+01 -1.055960934170500742e+01 3.403291190403014355e+01 -1.372903521154080586e+01 9.191638588797706788e+00 6.341585139038700802e+00 2.031261673229826092e-01 4.374978395689173460e+00 5.858391256979120953e+03
-5.207282270665140089e+01 -1.270675691669439544e+01 -2.840596483478675438e+01 9.436343678466171170e+00 -4.248453468922656739e+00 1.719535006648678888e+01 -1.608887461494147786e+01 2.416353472822700255e+01 -1.459719616332680481e+01 8.346377279557158246e+00 -1.987266456958057370e+00 -9.323784349116497339e+00 -7.700854691127712037e+00 5.358367168972743457e+03
-5.175302618898961526e+01 -1.088153036041320121e+01 -2.510491157119843564e+01 1.286858784703873049e+01 -1.195520218627956233e+01 9.165853928555920405e+00 -9.057170823055374242e+00 2.782075982437989836e+01 -1.256955373435936174e+01 -6.993472465595196752e+00 5.232590912787854487e-01 -7.109054423830158953e+00 6.033173957675426635e+00 4.969721300044912823e+03
-4.561365553408725759e+01 -7.188224782866019069e+00 -2.044826819986346678e+01 1.455631916877771737e+01 -1.372237124842341416e+01 6.184229280749407920e+00 -8.322059413252661741e+00 2.540651973204930059e+01 -1.581476351461261665e+01 -4.356018986186386499e+00 1.096302968496933872e+01 -1.755636619773333251e+01 -3.294084752120117088e+00 4.411936983805126147e+03
-4.496647009612267709e+01 -2.079936814428793568e+01 -3.760870208252111269e+01 1.583531425178169094e+01 -1.361883057983068035e+01 2.011891494710334527e+01 -7.212572166337581692e+00 4.309209522425268091e+01 -2.179115081265889131e+01 -2.360235764516231072e+00 1.328798641643588141e+01 -9.859328097632431565e+00 -1.796962139920215362e+00 7.376392924049822795e+03
-4.144892816974189031e+01 -1.946075193524807290e+01 -3.657450296458761585e+01 1.142059351892985752e+01 -1.388114033858980889e+01 1.286204512051933513e+01 -1.435309401940711638e+01 4.271730544685442510e+01 -1.956914171821234305e+01 -3.577373326947350218e+00 1.599870852483921446e+01 -1.555037108681670333e+01 1.283294754799245263e+00 6.848924958424630859e+03
-3.801232047313226303e+01 -1.295987556947391184e+01 -2.980980990479078230e+01 8.362837252798110299e+00 -9.212169979094968042e+00 1.502186651189395583e+01 -1.184561827316733762e+01 3.305524244071010287e+01 -2.376078917142710267e+01 1.754006690005433855e+00 1.856273082325197521e+01 -1.039448766095773458e+01 -6.843499813272354793e+00 5.182050450879687560e+03
-3.927906179396330799e+01 -1.507714761257190617e+01 -3.350869802397847508e+01 2.094917823836895288e+00 -1.338011997620960969e+01 1.130536782769095616e+01 -1.508538172984637526e+01 2.491269880774479262e+01 -2.708947750555729073e+01 2.484658231274301521e+00 1.281306050408439035e+01 -5.387687430145530421e+00 -5.723800756789254152e+00 5.018413764093855207e+03
-4.206134229477736852e+01 -1.902075023746611038e+01 -3.925928921296468133e+01 -2.847780959375377563e+00 -1.780127682769990827e+01 1.213455614026554308e+01 -1.724723293011095748e+01 1.660356483696724794e+01 -3.626206551299144820e+01 -2.001177046450675956e+00 5.674104821584696090e+00 4.493666361503494411e-01 -4.297240056000310560e+00 6.087431192431455202e+03
-3.908312164966019253e+01 -1.407673909921905597e+01 -3.191234604329627800e+01 1.058093559131620154e+01 -2.574460225289112003e+00 2.148736728243228100e+01 -1.953658629966494686e+01 2.685549137759372584e+01 -3.261321581678668480e+01 -3.249130475722405542e+00 3.335849235021802084e+00 -2.324739089989197316e-01 -5.955655359185612951e+00 5.548059888837422477e+03
-3.672385841674020668e+01 -7.775266215322589325e+00 -2.345732184014866561e+01 1.262055097864363873e+01 2.928315409152782323e+00 1.624539520825006989e+01 -2.779416404553894182e+01 1.736614225253897104e+01 -3.425986415660457141e+01 -6.313601749193219703e+00 -7.055718831222680620e+00 -9.300941282196642845e+00 -1.216756139729206510e+01 4.963147231375665797e+03
-3.718165792191733487e+01 3.873782668449545774e-01 -1.133995938214286170e+01 1.479072915471951610e+01 1.700502563172617698e+01 2.032518878395245920e+01 -2.698568434339251709e+01 2.537231594998503148e+00 -3.010443483185979119e+01 -6.930886747508485435e+00 -2.466405670772091341e+01 -8.878140197873978678e+00 -1.625124342425046109e+01 5.072489162089375895e+03
-3.563442213704392003e+01 2.219393066635049649e+00 -9.457501548220754728e+00 5.921029836124247936e+00 2.820083588467726443e+01 2.797839270796885813e+01 -2.268682997307771743e+01 -1.659895851447806603e+00 -3.050975578006198319e+01 5.125219768572377710e+00 -2.391006227597205580e+01 -2.925973910248908627e+00 -2.601608590278427258e+01 5.708967990561522129e+03
-3.563573428163822854e+01 4.410222244768801758e+00 -5.617220687323801087e+00 3.327807991346280581e+00 2.816153360280602769e+01 2.242825199340979125e+01 -2.778061794180965549e+01 -1.541893151725114741e+01 -3.368747481801232624e+01 2.250158094687097154e+00 -2.718500950075054234e+01 -8.393545252239297261e-01 -2.424892405580106214e+01 6.105236483525705808e+03
-3.378267181802122820e+01 6.642430176777520678e+00 -4.822576378977182721e+00 -4.334486096649447617e+00 2.598544379150473560e+01 2.400197511632555702e+01 -1.870690702303998876e+01 -1.273110191707710115e+01 -3.544885928898696648e+01 4.379893863886003658e+00 -2.189728994663189710e+01 3.432467928257592504e+00 -2.095692039636745463e+01 5.197073982122806228e+03
-3.573716906114608349e+01 7.825236388163594903e+00 -2.850236791397687597e+00 -5.923660149686737597e+00 3.149710068963053544e+01 2.831796443206059166e+01 -1.191465571117957900e+01 -9.176131680218409414e+00 -4.487389992861401566e+01 1.397581796969921575e+00 -8.198055932971312743e+00 5.092931360725848400e+00 -2.030815513532199290e+01 5.922915416736407678e+03
-3.812667374318375124e+01 1.033183242919592359e+01 1.038781110983369338e+00 -9.747401581225590306e+00 2.443588028959270275e+01 2.544686821512526009e+01 -1.174863067711186426e+00 -1.758308532326892859e+01 -4.601023155439717982e+01 -3.532202479358740543e+00 -1.197900207438753561e+01 -3.629113515504298171e+00 -2.386579358213272073e+01 6.067342377000858505e+03
-3.836237194193345346e+01 1.117044149595664493e+01 -1.325829124666169312e+00 -1.694178399890193631e+01 2.441736914381678503e+01 2.267817188329388145e+01 -4.955664033608340624e+00 -9.296838924065075060e-01 -4.172766382366184246e+01 -4.415628207089395296e+00 -1.360367701770081084e+01 -6.578493435400534217e+00 -2.112378533556711702e+01 5.456409138014962082e+03
-3.911369563491867751e+01 9.240798928723533479e+00 -4.412172416585574908e+00 -1.218971700648131140e+01 1.794252405340358791e+01 1.810322910479000669e+01 -1.374104849552472984e+01 -5.618011075643585706e+00 -3.481314652358807393e+01 4.146983252927824104e+00 -1.465967087603628549e+01 -6.080731799341071664e+00 -1.150467809182613266e+01 4.266761061202476412e+03
-3.931546046768078639e+01 9.972112333220941593e+00 -2.547734596654234629e+00 -1.114607754471756174e+01 1.959024393341440984e+01 1.792301637115317092e+01 -1.556639157425364139e+01 -1.885525601766246062e+00 -3.818820306727506875e+01 7.724074918178343019e-01 -1.620132113657284378e+01 -1.995502821216653189e+01 -1.048690294374849330e+01 4.956350936740387624e+03
-3.970398973300972045e+01 1.187791165994762821e+01 -1.216120070628033067e+00 -1.098257651408468583e+01 2.907572688855597676e+01 1.528464477335268334e+01 -2.409305418861483261e+01 1.739801201316228330e+01 -3.403346023968920520e+01 -2.083442651122716371e-01 -1.328054359677337715e+01 -2.646796064195765297e+01 -6.994204764050995671e+00 5.885936365396317342e+03
-4.075078384524617547e+01 1.163737105752922218e+01 -3.174191753866706378e-01 -9.056720561596366181e+00 2.548426078545116980e+01 1.255044075805678894e+01 -2.309947001729084803e+01 1.192988625068464081e+01 -2.512078249328667567e+01 -6.040156462699820317e+00 -3.342302628227609063e+01 -1.226971852565068488e+01 -3.530477780426019674e+00 5.308694698524121122e+03
-4.214569210282142109e+01 1.259682055314077509e+01 2.560589394638628224e+00 -9.706876224509136009e+00 3.265907157909932579e+01 1.569184116740301072e+01 -2.315680214594169328e+01 1.791381231665493701e+01 -2.133465383423588690e+01 -2.755366887063169568e+00 -4.446096976312818327e+01 -2.038138454273612155e+01 -2.237376762644150419e-01 7.060698535547559004e+03
-4.176078412151839103e+01 1.196366217560712109e+01 2.361579815729599741e+00 -7.346221457343952821e+00 3.111315863793020497e+01 1.751003591982295049e+01 -1.902790945405648415e+01 2.353679352236568434e+01 -1.694541877746929615e+01 7.093600665978034847e-01 -4.117649794506308325e+01 -2.269100972676781680e+01 1.075901142798757260e+00 6.636502195828290496e+03
-4.154615072382453178e+01 1.143463666206350560e+01 6.577704530255064075e-01 -1.040446770169155855e+01 2.948038627756847418e+01 1.359567764714844351e+01 -2.106780940552982173e+01 2.600329359832841902e+01 -2.337908843535079484e+01 -5.774190681380220624e+00 -3.508913578425102031e+01 -2.738761768240159356e+01 4.537686553677159895e-01 6.700936675041474700e+03
-4.129330225637655616e+01 1.027897585593768781e+01 2.104396277777755564e-01 -5.344604332029339488e+00 2.149059641509816032e+01 1.167697530690089636e+01 -2.447543452652173812e+01 8.363710511802338488e+00 -1.835147865285672708e+01 1.752111045134218878e-02 -4.212203605238654802e+01 -2.137711688689319800e+01 -2.967729104551422026e-01 5.674711469058591319e+03
-4.015137854098974657e+01 1.177337514987959644e+01 -2.021290526455929992e+00 -1.470070411867693316e+01 2.125795951799399219e+01 1.646480314701040371e+01 -1.431923056648029124e+01 3.922780981510350373e-01 -2.541510813804595159e+01 2.950541493845296070e+00 -2.535414582610465928e+01 -4.958905180073565511e+00 -7.912577139895915934e+00 4.283792454726283722e+03
-3.958491358000569704e+01 1.070045171464111533e+01 -3.539312434159852749e+00 -1.975643461743369045e+01 1.969956781304225046e+01 1.411740859309994001e+01 -1.322968402305351709e+01 5.810332885240090839e+00 -3.788097447040720311e+01 -5.161754991094277933e+00 -1.617611096056939957e+01 -2.016049072370179118e+01 -1.647057472802246281e+01 5.281470921641958739e+03
-3.738805775408894760e+01 9.873879911904451134e+00 -3.571530255559971945e+00 -1.360254095591391277e+01 1.866366403738145152e+01 1.447746462740842688e+01 -1.807115689452230001e+01 1.413234566612382448e+00 -3.553808275198801425e+01 7.733058035774638128e-01 -1.348021020419376903e+01 -1.730788854294883095e+01 -1.190808652673874590e+01 4.466273521991994130e+03
-3.604711618399607431e+01 9.927654980752757652e+00 -2.756293707904910573e+00 -1.097239366073764089e+01 2.198506428817335490e+01 1.588258206201844658e+01 -1.811152099101899893e+01 2.079723015506186545e+00 -3.576177728468059769e+01 -1.478813973740554788e+00 -1.283824667547901832e+01 -6.871256181260848805e+00 -7.571618956363668218e+00 4.144351159548378746e+03
-3.398848748273275078e+01 4.341399194199804690e+00 -6.392539159317249364e+00 3.993638982931690257e-02 1.795538535990701945e+01 2.338838923831765371e+01 -1.200481933619395747e+01 1.330045277250235247e-01 -3.602825300849634971e+01 1.777691832057807231e+00 -1.251761288223045199e+01 -1.121292621991041116e+01 -1.674387444230024968e+01 4.092450053346827644e+03
-3.183887311544082266e+01 4.877576815641401886e+00 -7.370588401223088226e+00 -1.337948397358238228e+00 2.126531106758787004e+01 2.086874232363730997e+01 -2.041969384197350834e+01 -4.014237032194856170e+00 -3.706748827836410243e+01 6.559565893392760749e+00 -8.863590856592191258e+00 -8.761986239129871734e+00 -1.663974667130187157e+01 4.263659539659372058e+03
-3.217263743156906486e+01 3.201693867452411801e+00 -7.735954910661610562e+00 2.111940247040710705e+00 2.355732830516450349e+01 1.853569509436274387e+01 -3.149019981691754921e+01 -1.215916201377387296e+01 -4.017879898199739586e+01 1.120310427011383148e+01 -8.558903360552202244e+00 -1.610794302433857794e+01 -2.321778115193262337e+01 5.759263797558469378e+03
-2.984402071492621999e+01 1.864401940583310324e+00 -9.467247112289872035e+00 7.068570051724319292e+00 1.109123558404648868e+01 1.668425561200573881e+01 -2.841712768703488479e+01 -2.323486090359924816e+01 -2.720128274248099487e+01 1.502452630753116125e+01 -2.032721893960406945e+01 -7.774593634982672086e+00 -2.411788272652552578e+01 4.803465393608945305e+03
-3.005262437425327704e+01 7.161685419530617880e-01 -9.337893817374311567e+00 1.524367236266037118e+01 1.439825135047371774e+01 1.833654398107718464e+01 -3.630536197963208167e+01 -1.540033194152238671e+01 -1.712706452022036530e+01 1.998174225691192163e+01 -2.409142946025311005e+01 -4.781245572852371062e+00 -1.406424132903117119e+01 4.815693486236675199e+03
-3.155246137577819354e+01 -4.848752850050976060e-02 -8.678115213979520348e+00 1.532851497417519937e+01 2.807735096097668404e+01 2.183034446873140766e+01 -4.779753801610561936e+01 -1.067300335004122047e+01 -2.714642058275814662e+01 1.299311994285826444e+01 -2.797354436063637806e+01 -8.606306474765604619e+00 -1.226251468164344338e+01 6.881958720268495199e+03
-3.048157613724447046e+01 1.194476385896156678e+00 -9.284507336967260827e+00 1.342741500170302338e+01 1.938915138017995332e+01 2.663856919415519897e+01 -3.222674087806981191e+01 -9.493943796476512986e+00 -2.077713338425192546e+01 8.999816690732433955e+00 -3.327042097405794863e+01 5.080666095791283254e+00 -1.084960737564023781e+01 5.174435196260779776e+03
-3.264179879331452838e+01 2.916216630774058682e+00 -6.492348060040963098e+00 1.731438616189264934e+01 1.194307059808380700e+01 2.027350214374738968e+01 -2.838138712715761613e+01 -1.433673653178694174e+01 -9.019430915137338189e+00 1.345199933187236851e+01 -3.161608901070700739e+01 4.084423546675775896e+00 -1.595948755681376596e+01 4.513898136698808230e+03
-3.383651623371824968e+01 2.166751979981755394e+00 -5.982717296180853239e+00 1.724473629715081557e+01 1.582041156440566354e+01 2.067778084153295381e+01 -3.030629698134318062e+01 -2.612029708554946694e+01 -1.947405190916278883e+01 7.677520404926185371e+00 -3.998259649912907321e+01 -3.271687740670901512e+00 -2.520499416623896494e+01 6.444162792071698277e+03
-3.504522248155531372e+01 2.490151105514857299e+00 -4.506818726976468348e+00 1.836565481579282633e+01 1.596492653818968677e+01 2.536657796806221299e+01 -2.019537039525420852e+01 -2.747375363287776295e+01 -1.504015712043582020e+01 1.479823263905643138e+01 -4.077123682949626016e+01 1.217946758570281673e+00 -3.281735647916194409e+01 6.838929493062842084e+03
-3.621392150159873324e+01 3.946294922791779847e+00 -3.096552745058427814e+00 1.942438580053108055e+01 1.296575314928306177e+01 2.286502088657060128e+01 -2.044223462110499412e+01 -3.152846879365124622e+01 -8.863345979813807674e+00 2.344169223792607326e+01 -3.170676776423561094e+01 1.237611331240669088e+01 -2.256284203123150078e+01 6.112406972658940504e+03
-3.996858759034908815e+01 3.752374445235798106e+00 -4.529443340040701926e+00 1.788895895574014361e+01 1.025421427956054110e+01 2.056815482082075519e+01 -2.263355821084496000e+01 -3.077336026027164806e+01 -8.921111268634501101e+00 1.640173006651247434e+01 -3.780149448977395821e+01 1.159851348834381746e+01 -2.151247911415455860e+01 6.314442813530767125e+03
-4.255440615372098989e+01 1.672851312244064470e+00 -5.287407993130560868e+00 2.285431631114931861e+01 2.354324903414824632e+01 3.395568912906067993e+01 -2.263391050005495941e+01 -2.672825580686253488e+01 -1.224123675390230126e+01 2.183812035152241648e+01 -3.865398276501225183e+01 1.112917564884745047e+01 -2.190176766399418540e+01 8.022347073040533360e+03
-4.077267874592740782e+01 8.694017904793350793e-01 -6.440506516542665594e+00 2.548453667714787230e+01 2.024754134185370802e+01 2.867622793216143506e+01 -2.714646249933586475e+01 -1.813225487334150898e+01 -1.393563745885820460e+01 1.886050336616612455e+01 -2.339139370946233143e+01 1.385725534216403787e+01 -1.745600251406803594e+01 6.245920424927482600e+03
-3.974417074870584088e+01 1.517156927680501033e+00 -6.559880452515354676e+00 2.160198381683985858e+01 2.033534568015282673e+01 2.862405005742350994e+01 -3.098037674107981232e+01 -1.129447815151677936e+01 -1.120236965147637953e+01 8.327256716506363787e+00 -4.385032505982098883e+01 8.413179741505929954e+00 -1.467821291790503579e+01 6.815708941284447974e+03
-4.025649049639744703e+01 1.928859121365247953e+00 -4.669025568103326584e+00 1.596485206762030451e+01 3.218398300914102350e+01 3.078645992185478519e+01 -3.877268142272654927e+01 -1.436300016456547901e+01 -1.932069031567347395e+01 1.241406764941180008e+01 -3.479840513540413838e+01 1.554205864731245867e+01 -1.569790252222078841e+01 7.820520181621114716e+03
-3.960064927658370948e+01 7.800598636126346852e-01 -8.020769818431707776e+00 1.479318345137526158e+01 2.133927190484345360e+01 2.478015741590047227e+01 -3.302336488426500694e+01 -1.468638156506135495e+01 -2.164474388618364031e+01 7.717222618665229739e+00 -3.465463882545809327e+01 1.004977176920628956e+01 -2.440366311200249072e+01 6.653175241228363120e+03
-3.719374990529532710e+01 -8.858904592437857328e-01 -1.009685726026541275e+01 1.376339668681836059e+01 2.589296303757129181e+01 3.282491544302987307e+01 -3.951368858332857315e+01 -9.326147305999398895e+00 -1.875183437170289835e+01 1.347312828097056148e+01 -4.248192615666216909e+01 1.482106381928793937e+01 -1.223739664032719254e+01 7.779055003784358632e+03
-3.489899054519254662e+01 -1.096086147450272330e+00 -1.352580881323616602e+01 8.080617516402856637e+00 2.584398113491635129e+01 2.888489164936795461e+01 -3.744253884107133956e+01 -2.525311272870795154e+00 -2.931873274121128503e+01 -4.748202737973647447e-01 -4.204282190863550994e+01 8.719562753652109421e+00 -1.450626466512761681e+01 7.291828974836181260e+03
-3.247449059317644071e+01 -5.315451107014269178e-02 -1.072117367672094090e+01 1.115508861482228831e+01 2.150221998114446720e+01 2.534170773884570238e+01 -3.820897988451400096e+01 -8.451779095479389881e+00 -2.532577571999491184e+01 5.373676662399287096e+00 -3.491919494621409115e+01 4.055177119446435441e+00 -1.610039338572615719e+01 6.095169881660300234e+03
-3.106130892710438118e+01 -4.547683318804559782e+00 -1.485424401699217789e+01 1.549539588032351212e+01 2.541841542520042552e+01 2.865553336052847300e+01 -4.094752489593648903e+01 -1.899974299903335151e+01 -3.568443868498752636e+01 6.404976127939778330e+00 -3.293826917266414966e+01 3.674135867881472617e+00 -9.563402553935640427e+00 7.455458061011790960e+03
-2.938665005558986465e+01 -1.422015248391902631e+00 -1.163457256087663438e+01 1.331424252052759805e+01 2.659490778084370532e+01 2.349391289471116195e+01 -4.528345280745241297e+01 -1.388544640950125952e+01 -3.299817913482440446e+01 4.892117489751149684e+00 -3.455645831831805026e+01 -2.595583063495466192e+00 -1.460967540265650477e+01 7.208020562621478348e+03
-2.755662905615749025e+01 -4.868752247958757273e+00 -1.688634782135611800e+01 1.158456554662247484e+01 2.119526592957437572e+01 2.701090790839390721e+01 -3.641670147426143700e+01 -1.230089997098397880e+01 -3.258817222453048856e+01 4.092106137737751226e+00 -4.053832240795212272e+01 -8.475267975200328152e+00 -2.523446126285864466e+01 7.289438272968633100e+03
-2.786074370253992782e+01 -2.217238533806773493e+00 -1.364097611661860832e+01 1.263029029096610678e+01 2.453689551828380644e+01 2.870558118814662052e+01 -3.945690275365910082e+01 -1.002417835533588963e+01 -3.045691500922966100e+01 9.897089094206577897e+00 -3.277840878768576971e+01 2.411420380319118095e+00 -1.696192159207809169e+01 6.603660467675557811e+03
-2.769714178162020701e+01 -4.287981190757786720e+00 -1.885780827423806016e+01 3.067912109113698271e+00 1.258107012136124858e+01 2.172810518189859152e+01 -4.190687315322833228e+01 -7.755667579898120501e+00 -2.718636155131910215e+01 1.110640448531946944e+01 -3.640993528585690342e+01 -2.689031419430942371e+00 -2.179347361479100442e+01 6.267597985149673150e+03
-2.993294477630908546e+01 -1.306689565408224007e+00 -1.116374650191218620e+01 1.334123943364142839e+01 1.254946908264128425e+01 1.452850603382223227e+01 -4.698755246694578602e+01 -1.654743910022181552e+01 -2.365311968124139952e+01 1.969027266966379530e+00 -3.686325438042273817e+01 -3.557553390922552961e+00 -1.317793889330977741e+01 6.159081937781145825e+03
-2.908817894478357502e+01 2.127282336345764358e-01 -1.072400729525706176e+01 1.282578882317075042e+01 1.329195406032395610e+01 1.765582090591604469e+01 -4.175121967728787098e+01 -1.510164570612681700e+01 -1.778878994095257937e+01 1.028981138233024417e+01 -3.579992189075157683e+01 -2.284656927139379956e+00 -1.092001350233175216e+01 5.413722726605524258e+03
-3.078179870580540012e+01 1.932535045922134653e+00 -6.350593989035735021e+00 1.560507180039827624e+01 1.203851938209099082e+01 8.517390393641351309e+00 -4.758591614978659123e+01 -2.230764459965933000e+01 -1.411109239855769637e+01 8.225649595669800362e+00 -3.766281612629415321e+01 -4.659090926723785664e+00 -1.025554391224320483e+01 6.026779712321354054e+03
-2.694133896079159385e+01 -3.021575213779346125e+00 -1.370090996820580997e+01 1.536964374920404452e+01 1.700875865605332748e+01 1.737268889202444200e+01 -4.596844394112206800e+01 -9.859078756567660307e+00 -2.271410009435929922e+01 3.782507663101954964e+00 -3.455750301664269131e+01 -2.429113224837089469e+00 -4.970967464074330877e+00 5.715383838013575769e+03
-2.626066126493653385e+01 -1.831771368945708911e+00 -1.245358111357438347e+01 1.593895860065528858e+01 1.696714214790632980e+01 1.149288595667401758e+01 -5.262026209362074525e+01 -8.501205678806922350e+00 -2.431950282922750617e+01 3.289823372692120440e+00 -2.920826116589136134e+01 -3.478276876483091584e+00 -2.522047579081992286e+00 5.837095431360565271e+03
-2.672513383802108322e+01 -6.802676174976411971e+00 -1.861065644104170147e+01 1.429052932425777200e+01 1.686267856937886478e+01 1.220141247054320388e+01 -5.595734181663810602e+01 -1.428658193814160526e+01 -3.534596527028776336e+01 1.022314166561925086e+00 -3.005621204598926255e+01 -5.412154034220190368e+00 -1.586379821112430122e+01 7.514349639475924050e+03
-2.791673687597332432e+01 8.980153235126595024e-02 -1.228559585156967948e+01 8.866746961247706338e+00 1.258268110673477835e+01 1.084832337174756134e+01 -4.208463370800862435e+01 -1.428792078609173188e+01 -2.556194205459511792e+01 6.488105919779046715e+00 -2.758921728800974549e+01 -3.928798940574189658e+00 -1.301500927543602337e+01 4.901677625908025220e+03
-2.999154662044955444e+01 -4.714934533668801109e+00 -1.692819432563834425e+01 1.086485573186523723e+01 1.708795144360095364e+01 1.525023305810356611e+01 -4.916455205221546976e+01 -2.080580913327026948e+01 -3.786482609091141427e+01 2.260673440496210773e+00 -3.470056259949083710e+01 -8.374364929288798720e+00 -1.892276092866089954e+01 7.772120507747487864e+03
-3.061512725877403440e+01 1.414797663251594395e+00 -8.407411443373225879e+00 1.555899192118871888e+01 1.986544343018994496e+01 1.494325677072067826e+01 -4.388629330040854626e+01 -7.670054762671402848e+00 -2.244105767569590171e+01 5.408923659375044046e+00 -3.374312207712379319e+01 -1.330235775831227407e+01 -6.701040468868733946e+00 5.748140189150361039e+03
-3.205940881004011089e+01 -2.920808335590664218e+00 -1.507882564847665208e+01 9.409168623184527291e+00 1.200214396830450880e+01 8.235307349456494563e+00 -5.050304852175054293e+01 -1.715386485914151393e+01 -3.429841969741491425e+01 -1.010950250108747639e+01 -4.321285033141101195e+01 -1.755646840135831610e+01 -1.454729456436528068e+01 8.074712418465859628e+03
-3.461164127329095663e+01 -1.411192300775142350e+00 -7.694540987894463946e+00 2.750558842197553133e+01 2.850245792985892024e+01 1.682274506018538673e+01 -5.707434458609480288e+01 -7.372588730268023305e+00 -2.142459631661517605e+01 4.189283991321774536e+00 -3.365721456819260737e+01 -7.932108728203158599e+00 -7.905208406113385600e+00 8.157733453714924508e+03
-3.552778421568936551e+01 -2.384248226845003593e+00 -1.389296697157556970e+01 1.414884634247898987e+01 1.121829850945261597e+01 9.164658067677320830e+00 -5.384570480612330812e+01 -4.085905407292179881e+00 -2.341821623828785448e+01 3.160469712031474643e+00 -3.028351138020275712e+01 -1.953919495110424176e+00 -4.724896765635753226e+00 6.288643135928346055e+03
-3.891283475925141744e+01 -3.855799033856484481e+00 -1.532271827103368622e+01 1.996232805624358164e+01 9.475985252235117784e+00 1.226489775058704090e+01 -5.077637554159851163e+01 -9.847033213631254611e+00 -2.012366643249680820e+01 7.805017399138689527e+00 -3.368273540780847242e+01 -7.292762642902594017e+00 -6.873565101378265041e+00 6.778619717421878704e+03
-3.921893671757388233e+01 -1.920840838014267415e+00 -1.251504565615520725e+01 2.088870934941535040e+01 1.507835206859573418e+01 1.731786951023237009e+01 -4.384082355181293877e+01 -3.615896176294403741e+00 -1.725303328187169782e+01 5.667673266964032841e+00 -3.553734832900946117e+01 -3.145558730288129823e+00 -8.064291999791421972e+00 6.264757142306321839e+03
-3.964213795949043373e+01 -5.958027879990941855e+00 -1.717226738029345867e+01 2.617905440238090264e+01 1.812863348888046744e+01 2.478887820847566559e+01 -4.120171323562741605e+01 5.537461145429456444e-01 -2.371130038285998509e+01 1.018939454696350388e+00 -3.937582352600723112e+01 -4.192675264114832601e+00 -7.213193900896659017e+00 7.411578671852246771e+03
-3.871173337696297523e+01 -4.466251043693655554e+00 -1.606398340252020063e+01 2.498309978962278421e+01 1.125582942722368962e+01 1.465595573138127961e+01 -4.581554526914565884e+01 5.965000386197012006e+00 -2.101432330490623457e+01 -1.139455504181355328e-01 -2.884474753688988358e+01 -7.897737575740457316e+00 -5.672931090873716720e+00 6.245079323696050778e+03
-3.863183316195771511e+01 -5.016195077644473699e+00 -1.768131358326892411e+01 2.026477011190409527e+01 1.020163850319010201e+01 1.367862731753774952e+01 -4.328297005021214261e+01 1.220938011722255467e+01 -2.670125477851089713e+01 -9.422790239848760407e+00 -3.316296750621671663e+01 -1.441840922855206131e+01 -2.968895947609284658e+00 6.672766501184035405e+03
-3.862543397309350013e+01 -5.526694200427110459e+00 -1.848001760470526378e+01 2.119336666917236300e+01 1.160158802077079443e+01 1.295671871196244140e+01 -4.692474727047601135e+01 1.078296080265763734e+01 -3.212402761549892460e+01 -5.288905277082537104e+00 -1.967110217135450867e+01 -1.676035096036465433e+01 -6.149753304226930339e+00 6.699422654217952186e+03
-3.914209955773285543e+01 -1.181511925779115657e+01 -2.706181190163897199e+01 2.176614406325385431e+01 1.349532625004512099e+01 2.755002721620846273e+01 -4.154258421794244072e+01 1.646937480269496845e+01 -2.967212086798294735e+01 6.490996555409994428e+00 -2.128597354416713472e+01 -2.159973084816707356e+00 -1.170051381376537769e+01 7.333190101793539725e+03
-3.762497601696155414e+01 -9.295057786795526411e+00 -2.343269411240937217e+01 2.396837219844872990e+01 9.394854520865292713e+00 2.462066142137504343e+01 -3.942680359431841453e+01 1.500444434908595603e+01 -1.857566262047432559e+01 1.128461563347159036e+01 -2.292412053250637527e+01 -1.185148101038592916e+00 -9.010830734540032694e+00 6.180170131451586713e+03
-3.796411271328928905e+01 -1.475978238290779565e+01 -3.043608235173499921e+01 2.224565955904506964e+01 9.881177077177808243e+00 2.691503880642238755e+01 -4.584135464030602236e+01 4.389472151288165591e+00 -3.522652164841930045e+01 6.720607411754760285e+00 -3.133803797704529259e+01 -2.867102284888121133e+00 -8.998496280117855406e+00 8.380443970139191151e+03
-3.440547047133381398e+01 -1.162607682021557132e+01 -2.644683767374471017e+01 2.006573733880839328e+01 7.354085555580633482e+00 2.300281819296706587e+01 -3.656102940685131131e+01 1.958424318230698802e+01 -1.874445820083068881e+01 9.773630507282176083e+00 -2.207108197864515731e+01 1.429641989328704454e+00 -3.895048534229299531e+00 5.675661275510004998e+03
-3.508317132621362333e+01 -1.641660885984812879e+01 -3.312902429237298207e+01 1.993748201213377413e+01 5.987810985504132155e+00 1.995926472497308879e+01 -4.853226363435104673e+01 1.260584357470582617e+01 -3.879400171085942617e+01 -7.951986971736660914e-01 -2.293189450567871290e+01 -3.851940542440355664e+00 -9.449158765990413045e+00 8.079486173431400857e+03
-3.144291350903056781e+01 -1.387512648696860040e+01 -3.022235087943949239e+01 2.032559235773024042e+01 4.604244565818227941e-01 1.707724934636340208e+01 -4.025998680560574883e+01 1.721772544266868366e+01 -1.884085633735208987e+01 1.320690795099193870e+01 -1.804091858472671106e+01 -9.524511914542024726e+00 -8.651008105520979541e+00 5.737288482246585772e+03
-2.988143096324036918e+01 -1.427590892816652790e+01 -3.057635868737795448e+01 2.083058612975625579e+01 -9.679754422742531395e-02 1.700816794385097097e+01 -3.908741854311581676e+01 2.327111875258744433e+01 -2.003903617403020831e+01 1.040222221245279499e+01 -1.109528162170414767e+01 -7.427561204060933342e+00 -2.715476156120754769e+00 5.519603872357934961e+03
-3.009434866539645270e+01 -1.791653679513109410e+01 -3.456852678611301855e+01 2.321798840438587064e+01 -1.106991636011589897e+00 2.294173910116248649e+01 -3.570707577488082762e+01 2.863388543720505908e+01 -2.091241800593524758e+01 5.609047580668391042e+00 -1.622949357313744301e+01 -3.984612335334258848e-01 4.195596449927915250e-01 6.315695526034229260e+03
-2.993735750674979812e+01 -2.023482205312648574e+01 -3.747109873474517627e+01 2.343625719024355547e+01 -5.320309683504409470e+00 1.760087433778207711e+01 -4.274791791681405329e+01 2.531020224633112647e+01 -2.300531130293936499e+01 8.274338810880797368e+00 -1.212854039929460725e+01 -1.353445107895512312e+00 -2.557683138876550633e+00 6.818306165859249631e+03
-2.942658337711738170e+01 -1.621832380540289620e+01 -3.259570787155846716e+01 2.208902270554316871e+01 8.400015452715827724e-01 1.899547567933572623e+01 -4.122361142441523185e+01 2.491220867125291960e+01 -1.776990734089710600e+01 1.290797230389155281e+01 -1.209687741472318656e+01 2.433742842102369242e+00 -1.893645678639406249e+00 5.999129707939493528e+03
-2.989149946385246537e+01 -1.579508717249582617e+01 -3.169225037515235854e+01 2.471751042172251189e+01 -8.900745708225649144e-01 1.346106972865586826e+01 -4.329156236266054236e+01 3.315072765324319448e+01 -1.649327661602789874e+01 8.372517617903547205e+00 -7.162449653289638007e+00 -5.293444141079793219e+00 8.386785025533082250e-01 6.335615163330735413e+03
-3.358418423964002386e+01 -2.167548547507723811e+01 -3.752510865785444594e+01 3.052605431299387462e+01 -6.040585681562277820e+00 1.183874751397103076e+01 -5.083234481396194582e+01 2.648681796102704666e+01 -2.869337192094739208e+01 -1.258597919270643128e-01 -1.219190031638867566e+01 -1.686272190873138399e+01 -7.098359218593677689e+00 8.706527256361159743e+03
-3.091487812074164054e+01 -1.512716663123909910e+01 -3.031408720254672318e+01 2.611972134619513142e+01 -1.071279521065089035e+01 1.480451621836796505e+01 -2.547445630067638334e+01 2.541978454229373341e+01 -1.752740675884816213e+01 1.051791729541864173e+00 -2.570007958596425723e+00 -6.444087633367228563e+00 5.397627120056264216e-02 4.771246010617111097e+03
-3.372830955347141213e+01 -1.262102368447077261e+01 -2.674079568031787701e+01 2.341330300359026495e+01 -1.267888878720978774e+01 1.052409875059371913e+01 -2.138275782796878133e+01 2.264754008848960254e+01 -1.183135323919009707e+01 -3.347206884076720179e+00 -9.664695009912374957e+00 -3.479493686527984631e-01 6.594229391433832355e+00 4.089982268173111606e+03
-3.779032098880030333e+01 -1.835037947126907909e+01 -3.550047345536001586e+01 1.054348870600946597e+01 -1.898943098911957961e+01 8.252797060661032802e+00 -2.157890196953282214e+01 1.512167682126701962e+01 -1.452703926190008232e+01 -6.112380155221830869e+00 -2.341162417235898019e+01 -4.917441840962825772e+00 -3.667392940412693703e-01 5.080130764772713519e+03
-3.980605328504739049e+01 -1.623105023463230623e+01 -3.364433011305456489e+01 1.216671354718835829e+01 -1.815178973363712700e+01 9.816306768103757463e+00 -2.089823369869617053e+01 1.282658583697414478e+01 -1.724628532625584398e+01 -4.241691121599342473e-01 -1.250470192442607953e+01 -3.074392973827086983e-01 5.907690884113512286e-01 4.609468936451477930e+03
-4.306544179996065935e+01 -1.631124186508730745e+01 -3.388853884928518312e+01 8.391136853972334109e+00 -2.207022355044773931e+01 6.702719915806805595e+00 -1.847667586587367339e+01 9.399727475129248333e+00 -1.741164962792179338e+01 1.779783556200973615e+00 -6.051934377044529079e+00 -5.889978425096458636e+00 -1.020098356232424308e+01 4.783007774607925967e+03
-4.447675102353751697e+01 -1.678231120870788828e+01 -3.465313974656072560e+01 9.011430626411822686e+00 -1.555397084097606175e+01 1.268856987869666852e+01 -1.758273073408453868e+01 1.838200023258944427e+01 -1.813806826010390694e+01 1.975702108311770955e+00 -9.423198207887907074e+00 -4.953997764603207621e+00 -2.309431669626602623e+00 5.043414646434195674e+03
-4.765888359205268898e+01 -2.080376373298798143e+01 -3.926213482659405685e+01 9.573079616534231562e+00 -1.571527721709263581e+01 1.219127220766794650e+01 -2.509257944357009507e+01 1.869003716582940555e+01 -1.544955729748845563e+01 5.314857549126266179e+00 -1.828012446812696012e+01 -1.675808524839766278e+01 -1.075985132917508125e+01 6.709584247473067080e+03
-4.948137876059649898e+01 -1.804948461264488202e+01 -3.527052125381306524e+01 1.900413071591890457e+01 -5.862764438014752777e+00 2.411579025207847593e+01 -2.593329109882112959e+01 1.015248502113240825e+01 -2.010500116641597756e+01 1.068944732616840376e+01 -2.610182139552207303e+01 -1.069040739411426522e+01 -1.727228984595967631e+01 7.383306521252758102e+03
-4.980076421583234492e+01 -1.236554428388970273e+01 -2.792879031271131396e+01 1.847283178173134033e+01 -7.855106515435242187e+00 1.692636544070942506e+01 -2.631416167559505581e+01 3.945849372043858327e+00 -1.596879535104689829e+01 1.042657074328483624e+01 -2.177509564867865066e+01 -5.279248200405813662e+00 -7.463706338730972334e+00 5.731942988452541613e+03
-5.232679734879076250e+01 -1.522303214449327946e+01 -3.063465725088167346e+01 2.363614784195293339e+01 -8.347462971914163532e+00 1.433877186837087692e+01 -3.834591558815560575e+01 -1.677474538569560525e-01 -2.724974468995124255e+01 7.782571543761351407e+00 -2.151206812874434959e+01 -1.800412242742801538e+01 -2.051200051305584537e+01 8.223478706508685718e+03
-5.257103405847485078e+01 -1.522550132867572614e+01 -2.903022829831179408e+01 3.310833577334675937e+01 -2.534439676712466394e+00 1.722788873032756385e+01 -4.133406925223642503e+01 6.674832402118124897e+00 -3.372567480536392281e+01 -9.917925069032896834e-01 -1.813668246316538557e+01 -1.917516127336542553e+01 -1.537087459816972590e+01 9.062022408539920434e+03
-5.188414243691553196e+01 -1.476311990723285206e+01 -2.813943456366650508e+01 3.419550332212218535e+01 -8.310659769882885684e+00 1.280154052303203649e+01 -3.867301587778347027e+01 7.798965607426572966e+00 -3.286271230275177402e+01 -7.911781395360413249e+00 -1.350293572989617275e+01 -1.537668529572549581e+01 -9.917741733576526997e+00 8.320134167873125989e+03
-5.217807073458644140e+01 -1.445448267275452814e+01 -2.786861532694626575e+01 3.297832234034914478e+01 -4.386040248674035524e+00 1.665426888317635701e+01 -3.607328362058346727e+01 1.176630109925957690e+01 -2.593838309469792947e+01 3.296112477533051921e-01 -1.036209425545874652e+01 -7.081438450018330499e+00 -8.771138257558211748e+00 7.439403248726926904e+03
-5.055231830358678735e+01 -1.392202295954212588e+01 -2.807286864789169556e+01 2.941013985821998133e+01 -1.034775251325985401e+01 1.669213985302010528e+01 -2.675918571255983736e+01 1.039016720916589698e+01 -1.692929043794609356e+01 4.706402090149148343e+00 -7.996557651565544766e+00 6.305286774867423283e+00 -5.812208847014061597e+00 6.058349441973095963e+03
-5.103785622829612834e+01 -1.536050380049759134e+01 -2.912205668460164176e+01 2.817470433676127328e+01 -1.709383129664735534e+01 1.211409404637101517e+01 -2.458057667522639633e+01 1.035893565909395875e+01 -8.626086331392521345e+00 -2.853359508690692881e+00 -3.043572928858424120e+01 1.338274853347490634e+00 1.838528839553106239e-02 6.643854596841274542e+03
-4.878196003023422378e+01 -1.354669012142066897e+01 -2.760521080754870837e+01 2.492158369537647289e+01 -1.900429097825306002e+01 1.299405397353412539e+01 -1.874068761032948416e+01 2.662101323958724119e+00 -1.066193637407988426e+01 -9.202700645397881019e-01 -2.482346433077484704e+01 -1.869855274420822999e-01 -1.819990481738184895e+00 5.568709599631190940e+03
-4.834666760001761077e+01 -1.388551248562767171e+01 -2.830721915957986567e+01 2.826873211023054111e+01 -1.238353417670196421e+01 1.736767918867262495e+01 -2.676015924126467738e+01 5.865948173906759600e+00 -1.566431564464122772e+01 4.296773087988298379e+00 -2.291469291289504184e+01 1.784442671996276264e+00 -2.817564400592194040e+00 6.136170366064599875e+03
-4.905365479740789425e+01 -1.495119464646853835e+01 -2.853266813191217821e+01 3.041097804117258008e+01 -9.041201679621959642e+00 1.452784444465410196e+01 -3.379981148319083673e+01 1.073009494591765112e+01 -6.117327812489953054e+00 1.769815774443387824e+01 -1.522252557033112552e+01 -9.644137412340507254e+00 -1.506673155767870576e+01 6.821491350464649258e+03
-4.684921444158462833e+01 -1.066687821113682055e+01 -2.532896292970756136e+01 2.018360437306106547e+01 1.548420188359020067e+00 2.118479136010369857e+01 -3.472630770119238264e+01 -3.831265171319606644e+00 -1.742406428224418136e+01 2.414093979742446194e+01 -1.992045093848858883e+01 -9.944371302105585730e-01 -1.618536658779698456e+01 6.575515815363955880e+03
-4.305646109452040093e+01 -4.736806291247883216e+00 -1.372342202313708448e+01 2.872719907165850728e+01 1.770226507144011663e+01 2.468505231380794740e+01 -3.732276839324674711e+01 -1.386158382869694528e+01 -2.470928964431106323e+01 1.229533047290385284e+01 -2.782826723734003238e+01 -1.284410277356254859e+01 -2.085431600420094966e+01 7.533745073181567932e+03
-3.577105804564902058e+01 -2.097329268517265977e+00 -1.599635765351806960e+01 1.638185223257666134e+00 1.042115190635162669e+01 1.704705452829912460e+01 -3.656795335962541316e+01 -1.666147646514015079e+01 -2.722389805665594054e+01 9.384825842215510860e+00 -3.476866496778307436e+01 -9.389482239525976937e-01 -1.722112754463847395e+01 5.892081481632782015e+03
-3.640479791640359508e+01 -1.450188728296140539e+00 -1.094401907269528529e+01 1.100650052255369715e+01 2.313713158929563107e+01 2.518006668894421907e+01 -3.976534510885375795e+01 -2.713233489707100787e+01 -2.977482934141267279e+01 1.279748624184026973e+01 -3.971585065847759921e+01 -4.871626355231676087e+00 -2.058090642725734654e+01 8.130107213790816786e+03
-3.513827112018158516e+01 -1.767803221324106833e+00 -1.427412753265083545e+01 3.374746768776526906e+00 1.927156413474502017e+01 2.269357082679549364e+01 -4.127862320426331166e+01 -2.582144785932437259e+01 -3.495960854423515940e+01 1.043082071065191663e+01 -4.203043382169074960e+01 -6.963678764183015346e+00 -2.200622196476248149e+01 8.340326346974765329e+03
-3.609459209949535108e+01 1.768506359559284258e+00 -8.826399672070166957e+00 7.179392633225809561e+00 2.537790357820914622e+01 2.513610016409964132e+01 -3.671845483601330784e+01 -1.856487422471269966e+01 -2.855964184419096696e+01 1.352684215301850479e+01 -3.195387169690056695e+01 -6.511785048273450727e-01 -1.687711878498526374e+01 6.709096894584949041e+03
-3.667145580281802353e+01 -5.365876913904273904e-01 -1.175670737059020965e+01 4.832361613824163626e+00 2.609617271679599781e+01 2.888224881103457520e+01 -3.420628220376109851e+01 -1.700298272746639228e+01 -3.539276004342100634e+01 3.318171933309044253e+00 -3.869093148384221337e+01 -1.722490451730211980e-01 -1.737765749781023317e+01 7.543679732096572479e+03
-3.832439444197750333e+01 1.713341705043748719e+00 -7.270142480579230515e+00 8.817876301734207445e+00 3.284237700927474890e+01 2.883928414435982290e+01 -3.639826825698192181e+01 -1.687823475710560928e+01 -3.353080188636138814e+01 1.357126098832346806e+00 -3.243723629741023018e+01 1.059767188206402189e+01 -1.241816667184307654e+01 7.567191719318915602e+03
-3.834776375692550232e+01 1.576612637009684681e+00 -1.157637302343604802e+01 4.094490338673339308e-02 2.395829373413427987e+01 2.441993444897528320e+01 -2.698512398924631839e+01 -2.208166245650602821e+00 -3.271793923973073248e+01 -8.925293455946611942e+00 -4.054209975440197411e+01 -8.434836471419506765e+00 -1.522513470321009521e+01 6.607194190349569908e+03
-3.808035172524377288e+01 2.378256847162015575e+00 -7.688069730747725927e+00 6.024276528077026960e+00 2.452485162795249707e+01 1.574449933242419419e+01 -4.534839628228018427e+01 -2.136866839702321386e+01 -2.806038851000741019e+01 1.020789697274189756e+01 -2.860714584401334903e+01 1.628927936092848805e-01 -1.741523622405003380e+01 6.926894602140374445e+03
-3.899937554269550333e+01 3.601187817258946211e+00 -9.677041136155507317e+00 -4.270495604455120997e+00 2.247942469505144558e+01 2.030825808918347519e+01 -3.284632493472103221e+01 -1.685970722035272829e+01 -2.775999178709075821e+01 9.396171998131665148e+00 -3.778880088073886157e+01 -2.419512701674614519e+00 -2.052009222651026832e+01 6.640509665724553997e+03
-3.981699187804327522e+01 6.030238904926650712e+00 -5.851100046073272054e+00 -1.249274723044638158e+01 3.547337440714967727e+01 1.971904275650263827e+01 -3.866941246576658386e+01 -1.605471276622956722e+01 -3.778034534336281780e+01 1.524300182768312517e+01 -2.500263053319320505e+01 3.701834653269349573e+00 -3.017989661478947028e+01 8.421703802137359162e+03
-3.978740198622791979e+01 3.929433912673080398e-01 -1.402699421230901500e+01 -1.434266956044073105e+01 3.335871999749385708e+01 2.341363054292234125e+01 -4.329826624056109097e+01 -1.712593686455790021e+01 -4.622482276582420724e+01 1.340620514083287418e+01 -3.345903139373896096e+01 2.492184987082883829e+00 -3.193697377742371302e+01 1.027684900396042940e+04
-4.071028831269955361e+01 4.104186051671068647e+00 -9.827951744687204894e+00 -1.249567051954900165e+01 3.803525952046456382e+01 2.945718825391455198e+01 -3.709775251302107080e+01 -9.712923998267488201e+00 -3.451023644268669699e+01 1.990161223840735616e+01 -3.541626373286926110e+01 5.620963215877428532e+00 -2.391868460197529700e+01 9.156934401985246950e+03
-4.029531139062493139e+01 1.161667292134634044e+00 -1.376651482405344495e+01 -1.207912663542517606e+01 2.827489878303819637e+01 1.918635941548760826e+01 -4.516173826024277105e+01 -1.127235466654467011e+01 -4.207256494633369215e+01 3.578002359033047863e+00 -3.939721466346718870e+01 -1.923597847673381711e-01 -2.531260019832416219e+01 9.270526769237958433e+03
-3.650866275782526316e+01 2.030989139957169343e+00 -1.510660788524024056e+01 -1.669195635883600914e+01 2.841454792635910209e+01 1.639384439389394288e+01 -4.741604348049212803e+01 -1.048267823362885487e+00 -3.951668316396078495e+01 5.600556578138027319e+00 -2.953483078506754467e+01 9.558007334286571233e-01 -1.973341099426022183e+01 8.024924871057686687e+03
-3.614782087714254288e+01 2.339127038093160582e+00 -1.195696236657995470e+01 -1.079006909800894753e+01 4.143687653665289616e+01 2.548339278802038876e+01 -4.544993097937489779e+01 -2.647341331056732638e+00 -4.382913624414581477e+01 8.869728542729989229e+00 -2.888991026761034675e+01 1.399759584424131731e+00 -1.958737529593805249e+01 9.230570478375650055e+03
-3.350864083924481207e+01 -2.601394773872529598e+00 -1.764158733384723732e+01 -6.933822000737063007e+00 2.782350667863610738e+01 2.377856553457999667e+01 -4.513387977683569829e+01 -1.530746954892493328e+01 -4.567516180278973792e+01 8.689966415547436540e+00 -3.211797287487735986e+01 1.702548617277358955e+00 -1.986441171508214865e+01 8.690646815524456542e+03
-3.409355034542100782e+01 -2.514497552999274133e-01 -1.236956055783000608e+01 1.458185626990601724e+00 2.930279119357347994e+01 2.452581616375855944e+01 -4.439736995085397098e+01 -2.039858826117431079e+01 -3.516107225260829239e+01 1.477365652762264503e+01 -3.359959127485435459e+01 5.346675707675212053e+00 -1.894765232768806129e+01 8.136058760526905644e+03
-3.140000077371367482e+01 -8.534733473945173010e-01 -1.835116203609187835e+01 -1.032968568402716159e+01 1.078971401166012534e+01 9.473634395861463275e+00 -4.126896439411027728e+01 -7.805163122690855992e+00 -3.448715897429227084e+01 2.027377925588595531e+00 -3.505276708696921872e+01 -1.020501399582063939e+01 -2.053035589969788788e+01 6.348180390251386598e+03
-3.227236569737718952e+01 2.010190659067048635e+00 -1.058400074359289178e+01 2.467321091593582150e+00 2.829151976253380596e+01 2.307260053314337966e+01 -3.746521105662232998e+01 -7.437230978753843758e+00 -3.504944228850983023e+01 7.344892981879826088e+00 -2.743679346119666462e+01 -3.080190595708431012e+00 -9.200822139477191186e+00 6.084695824516284119e+03
-3.400545293295001414e+01 -3.052862998878862921e+00 -1.513264123161850527e+01 2.954364250594629926e+00 2.684841866158634360e+01 2.021433648702409869e+01 -4.694800709168661257e+01 -2.163626811382647119e+01 -4.880188771117408919e+01 -2.285451874734536926e+00 -3.535944535444838976e+01 -1.037303414808731183e+01 -1.519206021994078526e+01 9.180652793831653980e+03
-3.321076098360365592e+01 7.957337112244406985e-01 -9.695015016968163479e+00 1.119527364823220061e+01 1.787348669149369584e+01 1.728211999352357608e+01 -3.797721219309002549e+01 -2.072160265478747831e+01 -3.157110357260748401e+01 6.210926055219808006e+00 -2.967324271223166932e+01 -1.000446434625610515e+01 -1.154973900877963011e+01 5.961999260351863995e+03
-3.479673150156280315e+01 -2.967712789003203344e+00 -1.384578470957953655e+01 1.147075624442299535e+01 1.833232404655626979e+01 1.951711152534488392e+01 -3.989226072269234891e+01 -2.307406048951481026e+01 -4.065347249456622336e+01 -3.548821784011668257e+00 -3.406614001136777148e+01 -1.216182309344403656e+01 -1.663149195445256368e+01 7.634017648497097071e+03
-3.319719154598494981e+01 -1.165751331471774899e+00 -9.472249656044159138e+00 1.683114670419310599e+01 2.772424092914966209e+01 2.882721325882413055e+01 -3.275338238445387873e+01 -1.976959882141842328e+01 -3.450887699431491029e+01 8.976196151100594989e+00 -2.345674092325323556e+01 -3.048075690004923732e+00 -1.531730929648980144e+01 6.605250483170233565e+03
-3.402140671242306524e+01 -3.055552121185212133e+00 -1.202210543356152250e+01 1.251260941583794306e+01 2.301379734753280459e+01 2.474318444843374110e+01 -4.002088314892792198e+01 -2.639475513233679393e+01 -3.685453001227693193e+01 6.499968851117410296e+00 -3.219815220779694442e+01 -8.268601727585247474e+00 -1.892516907353434519e+01 7.771861940504118138e+03
-3.405108543852377068e+01 -2.769919491757898644e+00 -1.272726079316956316e+01 1.657554760817704320e+01 1.849839755362168958e+01 2.330965888805473440e+01 -3.334854413016338270e+01 -1.875483732279955262e+01 -3.431035439688247379e+01 -1.322946609609280344e+00 -3.477951635274090592e+01 -1.140211356828138989e+01 -1.567325702595819514e+01 6.717505591404051302e+03
-3.560943801458058289e+01 6.197464203578365582e-01 -9.156888488645773094e+00 1.407186941975899863e+01 1.468897507866487473e+01 1.367901612355678331e+01 -4.003425818300426897e+01 -1.103725428791760521e+01 -2.543242728453049395e+01 7.025906333437743179e+00 -2.421290005965579439e+01 -9.174966006834122112e+00 -1.336171163161823472e+01 5.222878144190943203e+03
-3.537993018764156261e+01 -4.211894467407690357e+00 -1.578461154585747472e+01 1.527744789366188805e+01 1.115763217190846568e+01 1.727362516854591590e+01 -4.063009788323555682e+01 -2.197016876970559807e+01 -3.427388622383404737e+01 2.269079329149910618e-01 -3.211666330523736690e+01 -4.813071966540258373e+00 -1.975488022569446400e+01 6.928049723244772395e+03
-3.521146023961874505e+01 4.660441158018460706e-02 -9.243895691763880151e+00 2.026749692244399270e+01 1.220500940043227800e+01 1.924108598379504542e+01 -3.182261467122955878e+01 -2.122576137480001535e+01 -2.301308071452876192e+01 1.037805239011810521e+01 -2.554862167362482595e+01 -8.408168090233749226e+00 -1.263154581365963658e+01 5.238754703076531769e+03
-3.714274604769445887e+01 -6.176903413006407106e+00 -1.478283586797959259e+01 2.158444164491806205e+01 1.690662165355774960e+01 2.249915465628097522e+01 -3.836909053575548967e+01 -2.730412471523597162e+01 -3.995568744844576514e+01 -5.884695198874383415e+00 -3.701875288268512776e+01 -1.821264261568289555e+01 -2.094407424084937475e+01 8.883735487053239922e+03
-3.757093770104640384e+01 6.315787505013431558e-01 -7.273837652876950166e+00 2.378680066861758746e+01 1.197528144486759238e+01 1.620255772379768544e+01 -3.427117989851992519e+01 -9.703135606785693312e+00 -2.477123635364469934e+01 -4.273921749575829487e+00 -2.061273404888930827e+01 -9.319483152393486236e+00 -4.923450550962720662e+00 4.873148200555514450e+03
-4.191160298852364718e+01 -3.990498071768383781e+00 -8.720813649197372897e+00 3.339197137735108356e+01 1.563328229540459091e+01 2.286486344524941217e+01 -2.961993608837778424e+01 -1.688841467528126472e+01 -3.201271185738983860e+01 -9.984221722065790061e+00 -2.302405705107542744e+01 -1.165345462703944790e+01 -1.709279496982423652e+01 6.975915794495556838e+03
-4.070561250381469875e+01 -1.987423556095368582e+00 -8.973752164159408906e+00 2.944080866669325047e+01 1.216151037121862899e+01 1.904801434014607509e+01 -3.337945702359024125e+01 -6.838309963606406860e+00 -2.741793092821878375e+01 -6.417295280453628514e+00 -2.099074068421743178e+01 -9.071555057807605849e+00 -1.590244564342586742e+01 5.848582701896488288e+03
-4.351842246597523456e+01 -4.798033068874984153e+00 -1.250141243729110307e+01 3.496405137600790880e+01 1.517799677873087205e+01 2.212835579066226188e+01 -3.931504801116828673e+01 5.739049461864437873e+00 -2.483885608805124789e+01 5.172745689031878591e+00 -1.183521558575448474e+01 -9.720885611325742914e+00 -1.161912893711819095e+01 6.607587993881448710e+03
-4.541289139807575026e+01 -7.574834072274678753e+00 -1.614924752928492779e+01 3.429324741414266242e+01 1.599281274627085914e+01 2.091142619535776248e+01 -4.100117352111541180e+01 4.979829008908252419e+00 -3.186777109561070986e+01 -9.704402829834915423e+00 -2.278512917904724944e+01 -2.105843535934462807e+01 -9.382657435529909051e+00 8.115870903381412063e+03
-4.717625572984135829e+01 -5.453903732724977083e+00 -1.557563199280338395e+01 3.288844440067119024e+01 1.115552835765066675e+01 1.787489299340726134e+01 -3.508863230368528008e+01 1.081441061496373202e+01 -2.622893261697401357e+01 -9.084542256027052787e-01 -1.015115716711460792e+01 -1.730839309517908120e+01 -7.754036905167741800e+00 6.523249211042063507e+03
-4.866776192356731912e+01 -8.613390613569153587e+00 -2.256901323156934680e+01 2.237710135769949460e+01 1.201915011990531079e+00 1.481058127485531983e+01 -3.473753933539563832e+01 9.605499177136191946e+00 -3.060144498160891757e+01 5.010300980700790774e+00 -4.586802008877822523e+00 -1.757114423512215851e+01 -1.179212599800403538e+01 6.402986391678290602e+03
-4.851949415284313005e+01 -9.552773823513470930e+00 -2.042363959500584514e+01 3.370325207204056284e+01 8.234593794224737806e+00 1.836913938291927550e+01 -3.957538653025217457e+01 1.121694906771050526e+01 -3.827721376933675401e+01 -1.387848557823983864e+00 -5.320086202085128946e+00 -3.392950763813712456e+01 -2.160118928631030855e+01 9.208893439050645611e+03
-4.992102384074803467e+01 -1.013491147435243001e+01 -1.970258317386501190e+01 3.663849086874924410e+01 1.764138429575594813e+01 1.815003534973384092e+01 -4.890748261746656311e+01 1.641646661209509617e+01 -4.207406866466114792e+01 -1.714869935157695702e+00 5.061893841218019219e+00 -3.286377595283006059e+01 -2.201175501924648970e+01 1.099081623489296908e+04
-4.879675918727618722e+01 -6.466055560121621859e+00 -1.653204815984057774e+01 3.638172120078508698e+01 3.761216147837355361e+00 1.245901776750301337e+01 -3.312308871379652686e+01 2.134492704452657819e+01 -3.109181590447153098e+01 -1.267987110435642251e+01 -2.240219260973929372e-01 -2.536007377470999558e+01 -1.005847795886686491e+01 7.613827276690209146e+03
-4.918961493242611027e+01 -1.020509672550294056e+01 -2.069372328968401931e+01 3.741166896421933785e+01 9.325256679333032039e+00 1.614638011469675405e+01 -4.390437915615685682e+01 2.185972603048618268e+01 -4.659859774162354995e+01 -2.026262791099748739e+01 1.799484431776649185e+00 -3.300788062588850380e+01 -1.118549039646043575e+01 1.090461043320238605e+04
-4.719202939438587663e+01 -8.418146975447262648e+00 -1.943827626023945854e+01 3.726900476510302695e+01 -1.249841276812358348e+00 1.193696032240592153e+01 -3.083613231487648321e+01 3.242944454161077772e+01 -2.776886877859500302e+01 -1.368005754576972954e+01 6.987119386430158841e+00 -2.844216179672012146e+01 -8.461551754892475685e+00 8.098995502175526781e+03
-4.178610089122008731e+01 -1.256298093721013664e+01 -2.571443352271758087e+01 3.112223712908514983e+01 -7.625491964604015571e+00 1.606579035786112186e+01 -1.781747060373856684e+01 3.663166746729334733e+01 -2.581519453667339548e+01 -1.554107128609401300e+01 -1.664322784902111829e+00 -2.534251141438415189e+01 -6.790541946794316885e+00 7.108405001445082235e+03
-4.041302371498145618e+01 -1.475640389976970823e+01 -2.903719956759084653e+01 2.928124538110246888e+01 -3.315114704778268084e+00 1.919089718042797443e+01 -2.414063879342637620e+01 3.971091235512306383e+01 -2.646401823279276755e+01 -1.286048988952909689e+01 -8.387942001465013675e+00 -1.451252170493578930e+01 -4.237847639942632583e+00 7.255188424263576962e+03
-3.865125216543809472e+01 -1.806251127754382679e+01 -3.308479978610629502e+01 3.091180392812473343e+01 -5.880558976703834873e+00 2.568943959508405328e+01 -2.073769837712839248e+01 2.997149962876788365e+01 -2.373899729076023135e+01 8.653069649815905984e-02 -6.435946243521804000e+00 -9.655786554599147919e+00 -9.266475160376009157e+00 6.677259071018703253e+03
-3.708010623797281369e+01 -1.619701474060062907e+01 -3.161688799275466266e+01 2.724362730895673224e+01 -1.079696855925181609e+01 1.515500105301429912e+01 -2.804925006268015508e+01 2.837433159105853875e+01 -2.254266080799351712e+01 -1.346709120991415043e+00 -1.254619299159386303e+00 -4.264744637954237305e+00 4.757412671911994906e+00 5.869612383231214153e+03
-3.892957087837229579e+01 -1.806981543030365600e+01 -3.450158365439143893e+01 2.112374379761672216e+01 -1.664051295952067377e+01 7.782831657925989077e+00 -3.394857802155470949e+01 2.285407975044892837e+01 -2.521674805203170067e+01 -7.264529163603356210e+00 -4.442156301436881449e+00 1.472095652819850553e+00 8.493103642900173611e+00 6.273585990239810599e+03
-3.882618059813763978e+01 -1.577777435787808180e+01 -3.097183937044021107e+01 2.590195141524755940e+01 -7.686161658472562053e+00 1.202104332859308400e+01 -3.740243576177572749e+01 2.579344693194232718e+01 -1.357228299545811367e+01 6.878490779013445966e+00 -5.659820860666669340e+00 8.099874333218023414e-01 3.250124650416634342e+00 5.929176517092277209e+03
-4.234167484340277809e+01 -1.765000420968292971e+01 -3.233837536798956336e+01 3.339192957719081534e+01 -5.270900990705227329e+00 2.076735836764115462e+01 -3.027992694270658447e+01 3.398833611884216310e+01 -1.581293170804230996e+01 -1.091549628363258639e+00 -1.594594259837547945e+01 -6.312646066772142461e+00 -6.527041608411474627e-01 7.342066996313217714e+03
-4.159938046990683347e+01 -1.643115084350828425e+01 -3.171289351706149873e+01 2.397372973459517098e+01 -7.166858044392997229e+00 8.710229712378314559e+00 -4.321583659362797647e+01 2.999707020791330336e+01 -2.145768129814875280e+01 -8.525716249858264817e+00 -2.440837516450120859e+01 -1.407265076873935605e+01 2.172628604838487965e-01 7.802578620797102303e+03
-3.775329267535411759e+01 -1.074744099509313422e+01 -2.619530182089422965e+01 2.071118844670882453e+01 2.854141643116728577e+00 1.260550753344200281e+01 -4.619482924446569427e+01 1.207662250603894094e+01 -3.588741683216603917e+01 1.128069196841896549e+00 -9.930506285158289259e+00 -1.876562414794526745e+01 -1.212674805128397004e+01 6.989818614949463154e+03
-3.889784586713238923e+01 -1.278375231831006786e+01 -2.238372035887341127e+01 3.805051445533571552e+01 2.130700471590482081e+01 2.872416549878696657e+01 -4.280457020944558622e+01 8.700453858361983706e+00 -3.762384822117611805e+01 -4.272927337528808600e+00 -2.991724564395306274e+01 -3.863104951551159161e+01 -2.357362934795458997e+01 1.118926202280835969e+04
-3.431150861583107314e+01 -7.460485544766231492e+00 -2.040006094820549265e+01 2.330910179826124207e+01 1.446289581682392011e+01 2.069989772557007868e+01 -4.700447630182667780e+01 3.082437697899534701e+00 -2.663128846925271276e+01 8.870350670088932077e+00 -3.028014406427718441e+01 -1.378113705069302597e+01 -1.791647041209563795e+01 7.264713938751666319e+03
-3.512176279277777269e+01 -6.745710655599655325e+00 -1.652911400684210008e+01 2.912067496997892135e+01 2.011644467336863684e+01 1.996344895512016038e+01 -5.541675479451991038e+01 -2.128911730090182530e+00 -2.363687251272756740e+01 1.123953522738384692e+01 -3.406967754844002627e+01 -1.292587205118071303e+01 -1.546181266914182650e+01 8.530945413934758108e+03
-3.177064096868493692e+01 -3.526647817889393632e+00 -1.741963859851897212e+01 1.217968828181832919e+01 1.255361030053191840e+01 2.212809519085520549e+01 -3.688666698487228501e+01 5.206627653635899078e-01 -2.031326108123579388e+01 1.303213045950821858e+01 -3.157180631500619228e+01 -8.479686774148641248e+00 -1.466195390830997169e+01 5.347864441516487204e+03
-3.510001914336316986e+01 -2.678395127001890863e+00 -1.281876815178383744e+01 2.200609729710140883e+01 1.740378856337112268e+01 1.957617654400428364e+01 -4.494723580097916482e+01 -8.704233387460126536e+00 -2.491798638498183038e+01 1.366651740919044933e+01 -3.005410707401745185e+01 -1.559111241543361537e+01 -1.326571700798667841e+01 6.799901638633267794e+03
-3.517116347115629793e+01 -8.881979412843906019e+00 -2.362633974374005064e+01 1.074410483489959311e+01 5.155740237678674731e+00 8.718308803821001263e+00 -5.337475156711526125e+01 -1.683914452397228700e+01 -4.493248965564659159e+01 -8.341166512455178150e+00 -4.515487008953979853e+01 -3.338917352711104058e+01 -3.413424968718822328e+01 1.163200136431997635e+04
-3.427554916139685304e+01 -3.596785456027596362e-01 -1.097499010955392507e+01 1.983584568699368944e+01 1.825152551830416314e+01 2.027132081427105703e+01 -3.898098102964352307e+01 -6.292965477760342097e+00 -2.342403784294878832e+01 1.087509688663115703e+01 -2.725390291352433536e+01 -1.380500815413747695e+01 -1.053490822714901576e+01 5.703307795504227215e+03
-3.696211991639837890e+01 -6.381613763254118332e+00 -1.434062242054699787e+01 2.764628329395373640e+01 2.305003904681661808e+01 2.068608414415658814e+01 -5.110327334483809381e+01 -1.523355584515542915e+01 -3.052384144961067847e+01 5.633734944453276050e+00 -3.798836453528397072e+01 -2.529447898594224853e+01 -2.074978488716712732e+01 9.656641828204343255e+03
-3.701002800398100590e+01 2.005179763906217438e+00 -8.152319677912210238e+00 1.686878700597831227e+01 2.185551851581291061e+01 1.866841000821382579e+01 -3.860854415834051423e+01 -9.668335765657243286e+00 -2.622581823524465250e+01 6.624183527052982967e+00 -2.786275288615260948e+01 -1.519565806028379384e+01 -1.487510252442820047e+01 6.095231877159104442e+03
-3.959289049419241024e+01 2.422977809809803595e+00 -7.944304725293780400e+00 1.485058948111034027e+01 2.677371111365306078e+01 1.320927384008568772e+01 -4.928981773741752903e+01 -5.159980422806035305e-01 -3.080918255556797547e+01 1.874153261382305313e+00 -2.385448933216244072e+01 -2.478625028408229269e+01 -1.138880182004853836e+01 7.444006544933157784e+03
-3.982224352879055829e+01 1.049023024409543758e+00 -8.333642710293515776e+00 1.547519611066817369e+01 2.409158071610272600e+01 1.565972165622509138e+01 -5.141157344595500689e+01 -1.673632905182258668e+01 -2.294091384405387046e+01 6.595871025419450362e+00 -3.938916771380824855e+01 -8.095577576492026139e+00 -1.497901303621906699e+01 8.055935346136160661e+03
-3.955040835269070953e+01 6.058454752354639483e-01 -8.263798281838665716e+00 1.991303425538992400e+01 1.834573386066177036e+01 1.311789039418782998e+01 -5.352282153457644398e+01 -1.310670030569962741e+01 -1.449370507317293821e+01 1.260140402052915398e+01 -4.413406834775248910e+01 -1.528701200498244184e+01 -1.404013700311828750e+01 8.322041204177030522e+03
-4.035765919900074294e+01 -4.520782046135029653e+00 -1.366591156273676511e+01 2.254640326430726560e+01 2.805111446486836968e+01 3.079188088678097657e+01 -3.832610181521712889e+01 -8.377908424946582500e+00 -2.580960024832383581e+01 1.983162024505536358e+00 -5.072782601070379371e+01 -2.127645024281482122e+01 -2.416771262816781984e+01 9.898506343501323499e+03
-3.970965729952445145e+01 -4.717176818762549573e-01 -8.960020296730260014e+00 2.664832241095388099e+01 1.559553499723062586e+01 1.769948093032294878e+01 -4.390276444390718780e+01 -7.133056139305718801e+00 -1.268975917753592597e+01 1.090978733600296202e+01 -3.761953360813562597e+01 -9.974943370203618542e+00 -6.022995338039157431e+00 6.733378728884558768e+03
-4.338403373708069921e+01 -6.314672246307544867e+00 -1.299006852514049193e+01 3.813805177912129096e+01 2.290123046183621369e+01 2.564486231229130198e+01 -5.050664382669101116e+01 -1.231078608073311642e+01 -1.779310407294527252e+01 1.038535419571636709e+01 -4.445914972879503324e+01 -2.416637307776401045e+01 -1.629231041730956520e+01 1.068042328231374813e+04
-4.307244780721451605e+01 -9.304158472854100193e-02 -9.562119401555380094e+00 1.979072451095672847e+01 2.531487543176264765e+01 2.373301652820438434e+01 -4.169977509708623131e+01 -9.526988696926714795e+00 -2.345760227972829171e+01 1.439541372277400200e+01 -3.504069826186787395e+01 -1.542452359094361114e+01 -9.740724246193709135e+00 7.690220281883493044e+03
-4.553407789227940583e+01 -7.872970550681340773e-01 -1.142798428615790129e+01 1.876398730783687796e+01 2.261692219991929065e+01 2.044722334918203543e+01 -4.950181970438232781e+01 -2.623169938280230262e+00 -1.600581210561042766e+01 2.283290383202348295e+01 -3.658912270670227684e+01 -9.715771839402968624e+00 -6.558746931441241657e+00 8.197288220499909585e+03
-4.877171718325642757e+01 -4.581974376869212939e+00 -1.299434632402439860e+01 2.464699576237557466e+01 3.183867599786706748e+01 2.898407135905333121e+01 -5.761606812102700559e+01 -1.076584946243315422e+01 -2.303210286345279201e+01 1.782404804811766397e+01 -4.503885201123254234e+01 -1.285951894610459512e+01 -1.118783829427222187e+01 1.163250241975951940e+04
-4.707156439922299995e+01 -3.185675931444079123e-01 -8.723346182556916517e+00 2.584476796496148765e+01 1.808296101053205618e+01 1.443523057761110273e+01 -4.914654775289121602e+01 1.587340602032518033e+00 -1.725065449757850544e+01 3.325048297753873339e+00 -3.034327185802663962e+01 -1.549127981447609415e+01 -2.108661336147856780e+00 7.386936003784620880e+03
-4.938074003095299958e+01 -3.373730204779319397e+00 -1.035760091435955665e+01 3.103328176558491691e+01 1.701482741818444211e+01 1.382631367425235780e+01 -4.691731134824630089e+01 9.311720218009263139e-02 -2.612198412915663681e+01 -1.159184683643809066e+01 -3.142019534241579493e+01 -2.370580699304616346e+01 -6.455935702566069523e+00 8.609700126459714738e+03
-4.824905404170976198e+01 1.008145436166126618e+00 -8.644644072155685421e+00 2.239381773703658141e+01 1.030620553386202332e+01 4.588874884919249553e+00 -4.628015499701700719e+01 5.722754151178821580e+00 -2.187350652354033897e+01 -8.150315743567606575e+00 -1.862939520505259949e+01 -1.397881358761354065e+01 9.311247325181023493e-01 6.295285346598567230e+03
-4.980578867280966193e+01 -4.741291492425710463e-01 -8.443257358286524905e+00 2.802885848033858451e+01 1.500041004259702504e+01 7.761325350207986418e+00 -4.747021543429855939e+01 2.617813513401472392e+00 -2.665524606925008300e+01 -1.436676560459384966e+01 -2.483626572964724488e+01 -2.128837690417105932e+01 -5.935657580116657783e+00 7.905444874373039056e+03
-5.238138510537329040e+01 -3.339220247476788916e+00 -6.616865010303834005e+00 4.211120961409103813e+01 2.911260406259727418e+01 1.858100660816756999e+01 -4.790313145853558296e+01 3.164566503898339489e-01 -2.952518684034141216e+01 -1.551973127144044895e+01 -2.533714674937105471e+01 -2.239664320566958011e+01 -1.074191923288167150e+00 1.031703768263280108e+04
-5.207476202342135707e+01 1.734080549575859997e+00 -5.512162322989214935e+00 2.882628024959192814e+01 2.132037798093266190e+01 1.378322424115603795e+01 -4.107671147649585919e+01 4.626030230042037061e+00 -2.111893708696500127e+01 -1.104528704923784209e-02 -1.674566569469907407e+01 -2.444942115590031051e+01 -8.496355425690147456e+00 7.325747606414171969e+03
-5.515377636808113238e+01 -3.485737086847255917e+00 -1.038721112215772990e+01 3.283687728257257987e+01 2.621349207416117366e+01 1.463984571045020822e+01 -5.523324705832271064e+01 1.816880607101258871e+00 -3.147994139859411078e+01 -2.681953023599731978e+00 -1.970539888906809267e+01 -2.176910194633233786e+01 -8.989283987094872641e-01 1.005691315983282948e+04
-5.273405900294960702e+01 3.294764743282840302e-01 -9.944685250417022004e+00 2.159202191242615498e+01 1.899068553767747503e+01 1.182404690307661710e+01 -4.797675622401666118e+01 1.776411725236358041e+00 -2.377289669813869821e+01 1.022300058041164483e+01 -1.686604140514067751e+01 -1.779084853248106413e+01 -7.435095051757579121e+00 7.477399348325390747e+03
-5.686406360918723379e+01 -1.017280207387976754e+00 -8.676641954237878096e+00 1.757389246104385805e+01 3.105033431002085464e+01 1.561330501748002852e+01 -5.545488811014739383e+01 -1.008531572544412391e+01 -3.569452288115672189e+01 8.861158342490783824e+00 -2.907499208788399869e+01 -3.986430745657337837e+01 -2.621181605494328437e+01 1.247773572961321952e+04
-5.610861617607720575e+01 1.978639157129866932e+00 -6.366428063125050052e+00 1.590590548527662840e+01 3.157973718241286321e+01 2.248791484587942691e+01 -4.007436868494280446e+01 -6.389363184785482375e+00 -3.719285126530655106e+01 3.592380781881619356e+00 -2.208958438649258582e+01 -2.719573417156811246e+01 -1.429956454651486375e+01 9.423634786371358132e+03
-5.853843479043112552e+01 4.348103160988713078e+00 -4.622951651321452360e+00 1.735953783471099143e+01 2.670672500556815265e+01 1.438593630123591538e+01 -4.200122523825212539e+01 2.868437847917362227e+00 -2.492012992186462128e+01 1.019803315214045547e+01 -1.216944118162247968e+01 -2.114769025623379761e+01 -7.904620012789580485e+00 7.843730640493320607e+03
-6.052189073589159563e+01 5.272020607001873138e+00 -3.427230415006911723e+00 1.660044427468754336e+01 2.328628824400748343e+01 1.221977809250560121e+01 -3.736727247338866675e+01 -1.329528749921756181e-01 -2.356607808492494982e+01 4.446988276287989983e+00 -1.193732766836162362e+01 -1.764858570272683380e+01 -1.288319797264591315e+01 7.261003943547864765e+03
