-8.625209887856107116e+01 -2.044463346413548877e+00 -1.539892161258146075e+01 -1.319768405670435563e+01 -1.933551707484035020e+01 -1.103605858985036647e+01 -8.860277550541365565e-01 1.024311393272381387e+01 -4.510536055271257894e+00 -1.807806722876264516e+01 -1.548838420231156121e+01 -1.475588810727234090e+01 -3.023236822722825234e+00 9.270200970747046085e+03
-8.687416986545619579e+01 6.362756858898226120e-02 -1.343768455870802114e+01 -1.545143729425139867e+01 -2.294380768630144729e+01 -1.214245041414270432e+01 4.999769022896676796e-01 -1.492767016479956688e+00 -4.903440839790095040e+00 -1.164644034467240452e+01 -1.306287444000132858e+01 -1.290618195039838412e+01 -4.342406087806359949e+00 9.158527479086140374e+03
-8.732050899713144076e+01 2.294162493280822446e+00 -9.215374105112140057e+00 -6.417723930898776352e+00 -2.097749908202970204e+01 -1.240814978798483814e+01 -2.735198979209828796e+00 1.213437411167418656e+00 3.828922062081486555e+00 -2.429545958390688654e+00 -2.609630886598149235e+00 -1.353250762026590870e+01 -9.437360683624426372e+00 8.658782216369496382e+03
-8.723430719949634238e+01 1.762124022294617953e+00 -8.619870968424708124e+00 -1.289612078903940473e+00 -2.071861026918472604e+01 -1.064610128393114508e+01 -5.721889740595386797e+00 -3.928434817494705023e+00 1.351518822995661750e+01 9.376784418259898501e+00 -2.311749326668709692e+00 -2.139468509691199394e+00 -4.094378966631083472e+00 8.576937463318699884e+03
-8.785435042517042348e+01 1.717818534510212825e+00 -9.993853624428728821e+00 -6.659752255901693729e+00 -1.755914834934732127e+01 -8.842822068893111620e+00 -8.649507678541812794e+00 -1.144620062418962902e+01 1.196960493802518677e+01 1.578927937307750540e+01 -1.250531987051107130e+01 -8.666049294001169301e+00 -1.527554319915443948e+01 9.315314325182065659e+03
-8.684937497299756615e+01 -1.627882383553463708e+00 -1.373958013209053597e+01 1.122158264551372131e+00 -1.771211436403972428e+01 -1.114280880519411809e+01 -1.799561702532666274e+01 1.877459530754192807e+00 9.015101105944439697e-01 3.059701511782868977e+00 -7.352529151246317340e+00 -1.601876540831172946e+01 -1.089542819322048572e+01 8.940292884818423772e+03
-8.417197288004668110e+01 -7.990776487322630572e+00 -1.634865995254954285e+01 2.256547801557355371e+01 -2.586986549646142208e+01 1.020549116199580331e+00 1.461453923816985023e+00 1.202702409397578620e+01 1.872455404052860217e+01 6.235160255909933724e+00 -1.241883417671261114e+01 -2.044197045301657312e+01 -1.092204130774924131e+01 9.823208357209612586e+03
-7.770499949414747221e+01 -1.446700570300464150e+01 -2.086730328918139321e+01 4.490945911352297770e+01 -3.804798583424000213e+01 6.134003752609314963e-01 -5.456912725279590148e+00 1.106453493589469517e+01 7.249206598781299249e+00 -3.343397111182636605e-01 5.723260690485742153e+00 -2.432523685868715191e+01 -5.809239653374778101e+00 1.101077528659703057e+04
-7.618845066624849949e+01 -1.596713910881636345e+01 -2.194582569583406340e+01 5.554647809888772514e+01 -3.615490996938083867e+01 4.758921282960549171e+00 -8.387174929634678477e+00 1.321279302338302308e+01 7.121840863285845202e+00 3.477053912805202263e+00 1.031355515258727884e+01 -1.324551190842164949e+01 -6.455029315686281244e+00 1.158769842061880991e+04
-6.955553109009485979e+01 -1.804049610560042183e+01 -2.640187527451874772e+01 5.526403642375368008e+01 -2.982993455669762284e+01 1.287708269916599946e+01 -4.377633788184576602e+00 3.624927510184864587e+01 -6.292474217692140215e+00 -9.547983049080775331e+00 2.961144222521377856e+01 -1.868662892034956613e+01 -8.535528226391324580e+00 1.273306408756293240e+04
-6.527478301707893138e+01 -1.043971069918705652e+01 -1.750838519829854079e+01 5.304348883322853681e+01 -1.709750077534723900e+01 1.797828947391910148e+01 -5.750816099249507651e+00 2.645091159915200052e+01 -1.953729687843368978e+01 -1.612292379730229896e+01 1.945962816545446827e+01 -2.845866973289990298e+01 -1.630114889145821877e+01 1.093416126024205187e+04
-5.702852912787473372e+01 -1.040130652907638975e+01 -1.268473903618819953e+01 7.137661234240927399e+01 -1.735203716997038015e+01 1.382276961612279464e+01 -1.808820669265122660e+01 7.028170638207249077e+00 -3.333838099985844572e+00 -6.027331312958300380e+00 6.922322252272515852e-01 -6.703345892998697764e+00 2.544970146589685012e+00 9.584038367474648112e+03
-5.127801233453717344e+01 -6.363173252039263872e+00 -8.933381577925532113e+00 5.851985452179246749e+01 -1.649213182122519683e+01 7.073167127025412171e+00 -1.835938763541673424e+01 -1.499755556589508654e+00 -1.054257164750747400e+01 -1.856187785140457436e+01 -1.245501534929512921e+01 -1.641777729409125897e+01 -8.056560647519855678e+00 7.780907803187517857e+03
-5.103902259700246447e+01 -7.418641864072015757e+00 -1.027276825382275582e+01 5.787763028396160792e+01 -5.013728810443750739e+00 1.906278343152663268e+01 -1.180317370589470016e+01 5.864592535493327041e+00 -7.058934048585354226e+00 -1.617376317357117088e+01 -2.180908413595251361e+01 -1.906854684434385661e+01 -1.387895912828999911e+01 8.020893774715016662e+03
-5.154554841375382779e+01 -4.382038920395410209e+00 -9.249712328993004107e+00 4.895684246405812701e+01 -2.667454385348394741e+00 2.117043148497219462e+01 -1.182355036417909488e+01 1.754865994065375912e+00 -4.727154306224901958e+00 -1.252971765938067250e+01 -2.984260627490296258e+01 -7.299095872172714827e+00 -1.024237494305584129e+01 6.984757815386295078e+03
-3.511916362930934810e+01 -1.176905778810257530e+01 -2.485494212150092608e+01 3.036847998099150914e+01 2.160224290765634159e+00 1.966467860287316327e+01 -4.642326031172414957e+01 9.460238019547000832e+00 -1.570002181158264598e+01 1.145275385876762542e+01 -2.333273376334696891e+01 1.139894937162000188e+00 6.522697686191444300e-01 6.471657991381984175e+03
-3.598067150041690354e+01 -1.138982244353901052e+01 -1.688645917128680551e+01 4.935511151703946098e+01 1.267949464452662767e+01 1.390468422826283224e+01 -6.552081318506496643e+01 -2.482633382797258648e+00 -1.871381637631941430e+01 -4.650091726619395849e-01 -4.195660629506878081e+01 -3.156384869729253140e+01 -7.482675018582106041e+00 1.196171350870899187e+04
-3.128099296695015141e+01 -7.527487963542906613e+00 -1.978637498177536358e+01 2.309515578084981158e+01 3.376749458159643336e+00 1.723765034053350931e+01 -4.031423512307510038e+01 -1.130033747301699165e+01 -2.560281216462958653e+01 -9.417905855884993738e-01 -3.752027100747434929e+01 -1.250261666488970391e+01 -1.911048953607795653e+01 6.607212588725596106e+03
-3.643335502713532037e+01 -5.282019864584400537e+00 -9.234408225487788613e+00 3.927620438169191175e+01 2.273523000829117890e+01 2.550279205921811965e+01 -4.515783622291021260e+01 -2.602236979254423943e+01 -2.113584017419548289e+01 1.850370383030380950e+01 -2.164705936198322078e+01 -1.322006153268967843e+01 -1.904347876476289869e+01 8.661990691313301795e+03
-3.263594783103873453e+01 -3.549251721710606322e+00 -1.464420344455778711e+01 1.313987879218487187e+01 1.591995672934129402e+01 2.230880056064931338e+01 -3.930440629085842374e+01 -1.695899921619766815e+01 -2.914060120865502057e+01 9.170963342455017653e+00 -3.017398273975668488e+01 -2.183037704098780729e+00 -1.269688574480506915e+01 6.058110003867853266e+03
-3.473216034623214199e+01 -2.598615662486465805e+00 -1.085662836912677243e+01 1.289306795924091453e+01 2.777018655928120339e+01 2.748640198210853214e+01 -4.253191196818305286e+01 -1.895524014664849588e+01 -3.401009196878888474e+01 1.437515567446609488e+01 -2.738567359258352951e+01 4.200204617667572471e+00 -1.230695665946084816e+01 7.474533042328626834e+03
-3.258562701034571774e+01 1.393109261217094552e+00 -9.800091704125614811e+00 3.164095463992870005e+00 2.023365307234912791e+01 2.038108695592850239e+01 -3.194606876805520557e+01 -1.573632925668239047e+01 -3.561954762457244072e+01 2.269464803498955074e+00 -2.454167961645510943e+01 1.336616076262947317e+01 -1.466989818138148038e+01 5.532846777005715012e+03
-3.597769460744227388e+01 3.928429079543521496e+00 -6.449145107881102845e+00 -3.890645905337240862e+00 1.197871881001490912e+01 9.895967566140969396e+00 -2.792919993211390661e+01 -2.733787771357111751e+01 -3.557272030448920219e+01 1.506991755844742320e+00 -1.812765484103169200e+01 1.079072174057555245e+01 -2.123728077392730640e+01 5.299138402014621533e+03
-2.949523379005709600e+01 2.548224541212943173e+00 -9.556538587100691373e+00 -4.654692235909778653e+00 1.089592282039596327e+01 1.384379173932970808e+01 -2.398524497414695489e+01 -8.262090098565700202e+00 -3.798579141025045658e+01 -3.829540036462792951e+00 -1.306115291972168890e+01 1.152533018881727145e+01 -7.036300334746012020e+00 3.753903867225260001e+03
-3.022806972468184483e+01 8.762142111882113005e-01 -1.113199307713355068e+01 -9.283556344158936824e+00 7.884050096799402496e+00 9.925514556304710467e+00 -2.882929361722966277e+01 -6.403418746775991544e+00 -4.377270491693172261e+01 -7.006071156655827359e+00 -9.721139660977959451e+00 1.103975057819009464e+01 -5.406105663414974671e+00 4.368153022517696627e+03
-2.687529489387270587e+01 1.310840829159473531e+00 -1.284664157717414490e+01 -5.117793511708463861e+00 5.455530517066701002e+00 9.811427204104209210e+00 -2.337094310930063656e+01 1.729931366675063975e+00 -3.746419338273424415e+01 -1.293624843677566183e+01 -1.338585431753518940e+01 7.020028146379312162e+00 2.234140661929004068e+00 3.394813935828938611e+03
-2.900921826573278395e+01 2.163105140613518496e-01 -1.285986266610004058e+01 -5.550589329600082777e+00 -4.655181046992404426e+00 -3.799331535736449439e+00 -3.162283520587265429e+01 4.745788886061607648e-01 -3.627553201876764888e+01 -2.394832173446328838e+01 -1.608032909150246681e+01 4.201801691770340241e+00 1.093293382263869695e+01 4.359298706862435210e+03
-2.444502138008389736e+01 -1.423468786561840060e+00 -1.625872852224706122e+01 -7.925059636995830381e+00 -4.688174280297391583e+00 4.046804919085772667e+00 -2.242137647936074885e+01 6.091831907890977504e+00 -3.394290851889664395e+01 -2.021298933021308386e+01 -1.864341087452906365e+01 2.951671875750056628e+00 1.048572717761560114e+01 3.531847891155437537e+03
-2.490593337933021445e+01 -9.538631151287474408e-01 -1.487292905663857745e+01 -6.631723036601820276e+00 -6.113112916011840703e+00 5.684690975744880248e+00 -1.861474041518647127e+01 6.134127961239133953e+00 -2.784984592541422899e+01 -1.635304704061157111e+01 -1.686967671718887374e+01 1.002325355929258421e+01 1.608759849507442752e+01 3.027119584456118901e+03
-2.511910780501299456e+01 -1.860106830989568749e+00 -1.560121950550965586e+01 -2.502687761528953114e+00 -1.063356744780399765e+01 -1.038706074453672468e+00 -1.782181493457472499e+01 1.352202472570031588e+01 -2.682162494739907288e+01 -2.479006061325529586e+01 -1.185382207856090275e+01 -4.254412565126861168e+00 1.481064129619663561e+01 3.210619867431049443e+03
-2.476052266417033465e+01 -1.600847632743391591e+00 -1.539579192895054582e+01 -4.421421604567823849e+00 -1.836472960799525467e+01 -7.011229417347599302e+00 -1.190843579535010122e+01 8.701689669120876047e+00 -2.387051684487702730e+01 -2.087625066872261570e+01 -2.715111842464786651e+00 -3.766390131489710580e+00 7.572226945767059902e+00 2.560692015860925039e+03
-2.754398569505022820e+01 -6.150773908616058439e-01 -1.399379453426664099e+01 -3.423109849141371619e+00 -1.516776404142786916e+01 -3.380333277515833679e+00 -9.556902652179074309e+00 6.702135921062302160e+00 -2.198514543382384545e+01 -2.378898899812662293e+01 -1.514374851976043779e+01 -6.499625246040409365e+00 8.882474444117113066e+00 2.744073385082055665e+03
-2.759456050034205532e+01 9.543199455805864151e-01 -1.183171517469679657e+01 -7.123427251687958872e+00 -1.466188954098907260e+01 -5.448374303183828538e+00 -2.673308708813681100e+00 1.760482000407938230e+01 -1.930194373609124980e+01 -2.339162184629816821e+01 -2.985141240511621774e+00 -1.052263804776578837e+01 6.866080423900923435e+00 2.601348294528236238e+03
-3.243152867194694977e+01 2.909197508088511963e+00 -1.099080927060042434e+01 -1.473746066893951401e+01 -1.164990127414337451e+01 -1.038717415559523438e+01 -7.133308464658855819e+00 1.406366826136208026e+01 -2.658898004463421572e+01 -2.959146035130640939e+01 -7.025562990286048581e+00 -1.484269075568494856e+01 5.443705319327013292e+00 3.772468876125147744e+03
-3.170473454119402845e+01 4.194783382176284547e+00 -9.355579252857884498e+00 -1.673215675014419901e+01 -1.020749614005310413e+01 -9.620565400669445211e+00 -3.867472946982787096e+00 1.710789496780862962e+01 -1.934562143021859981e+01 -2.642180083584107564e+01 -8.038259006606985224e+00 -1.257731937154897039e+01 5.570037514131925604e+00 3.220856522192098510e+03
-3.462285312757821742e+01 7.381450872029537535e+00 -4.547723197967179054e+00 -1.428810313904699392e+01 -7.447847032103720899e+00 -9.510769268926281939e+00 -1.027035914609997214e+01 7.970938336284158154e+00 -1.658800574158805574e+01 -2.960149064577221978e+01 -2.337449685610916461e+01 -1.074644308038230989e+01 8.198494671733282502e+00 3.673479385691796324e+03
-3.357593755297289562e+01 5.602417759888102644e+00 -6.916025200797188077e+00 -1.679601227731130919e+01 -1.114191278378720540e+01 -7.957307438790991228e+00 -1.489718868461346490e+00 1.802539606739592015e+00 -1.625145860903063877e+01 -2.708280226737518959e+01 -2.534610352503567299e+01 -2.315068374685723995e+01 -1.135642734804955589e+00 3.858854365657693052e+03
-3.529504018307682145e+01 5.691479747651326804e+00 -4.143209903951233564e+00 -8.159824536036444087e+00 -1.237128162020015054e+01 -1.486328593598680214e+01 -6.729698742254021759e+00 1.366454042005124592e+01 -1.197360330863669731e+01 -3.246246417523684613e+01 -1.654784931282688731e+01 -2.216709190021800424e+01 1.121237004526181913e+01 4.055963394549700752e+03
-3.217454529436293598e+01 3.495514127600126031e+00 -5.827179281100851149e+00 -4.494157531707725362e+00 -1.443000902538827290e+01 -4.186408605425482321e+00 1.290867050719134212e+01 1.480292427749116868e+01 -5.678098932207289451e+00 -2.559748539778971477e+01 -1.207197471484583673e+01 -2.654458763293958512e+01 1.137427885440086328e+00 3.252198487609151471e+03
-3.293765753946196639e+01 1.625343989210523032e+00 -8.189447864109304476e+00 -5.005067858314105500e+00 -1.832459585807099245e+01 -5.226285004735382600e+00 1.198082870624349106e+01 9.759857221704976382e+00 -6.775648277372531503e+00 -2.628320828336100945e+01 -1.447553393262216126e+01 -2.344839372261004939e+01 -5.035317018171134862e-01 3.277886967869168075e+03
-3.049313930596067479e+01 1.083639714211039218e+00 -7.769082228725744166e+00 -2.207831699923151536e+00 -2.308911078230056901e+01 -1.061252857525756710e+01 9.559918151689405619e+00 6.040334015436602755e+00 -8.726889744310087238e+00 -2.941131053137598883e+01 -1.245365678149459221e+01 -2.354834134619619590e+01 -3.355448501996236566e+00 3.431910222638035975e+03
-2.792578756170244247e+01 -6.796135322741198026e-01 -1.268337574707920723e+01 -5.564421708936685640e+00 -2.420504823949357487e+01 -1.147906333203871654e+01 8.076030519207850755e-01 5.062423721119769127e+00 -1.260121546157130723e+01 -2.353848444610667556e+01 -8.411539092770906834e+00 -1.387404573347638603e+01 -2.201384299309538939e+00 2.697016015555466311e+03
-2.854009519809029527e+01 -4.473300138378137336e-01 -1.265057657008927805e+01 -3.478786563225588768e+00 -1.929687337356941512e+01 -1.131362348975875598e+01 -7.914919672827819497e+00 8.051971485899860781e+00 -1.735178241657538578e+01 -2.572192616553549271e+01 -8.940183218167481627e+00 -1.689179265013390108e+01 3.667360131349114205e+00 2.956134682206126854e+03
-2.663377323603185332e+01 9.575759770949704430e-01 -1.115854090795928144e+01 -3.756834047888620187e+00 -1.855379285538887757e+01 -1.248502751789885679e+01 -7.488501875151874820e+00 1.441638891789786392e+01 -1.128800104338793098e+01 -1.806881191360754357e+01 -2.008864926334268802e-02 -1.290193513369032630e+01 6.345020135310613263e+00 2.273551282797996464e+03
-2.941730714081879583e+01 2.716223028249272087e+00 -9.690872563509408621e+00 -9.022457715140975054e+00 -1.679033872394522220e+01 -1.796806432364352446e+01 -1.390439190086010157e+01 1.220833479949977196e+01 -1.628083951667900919e+01 -2.386020963093951863e+01 -2.066444570144292392e+00 -1.581966384990438534e+01 4.338512375684056011e+00 3.102945930052583208e+03
-2.769760724488828885e+01 3.234403515578675226e+00 -8.851030597884294693e+00 -1.062702855049971085e+01 -1.710834794590124730e+01 -1.668988522434232991e+01 -7.585535592815913830e+00 1.501228015959715023e+01 -1.349850264204910211e+01 -2.117275823002934487e+01 2.818532081985548388e+00 -1.775766859743297488e+01 1.515519385690970555e+00 2.779121016477877674e+03
-3.085244005004223666e+01 5.363962008494951306e+00 -6.404416541974028654e+00 -1.167694982635645573e+01 -1.461321898967730348e+01 -1.669167904072937603e+01 -6.297325653940201384e+00 1.724657646455067095e+01 -1.231944467510714070e+01 -2.022777720034815374e+01 5.586924377330720226e+00 -1.700385100287672913e+01 2.590674305342158146e+00 2.875259836391094723e+03
-2.949087902989405663e+01 4.914103652947531486e+00 -5.327402242826162926e+00 -2.043562722012588040e+00 -1.510787441946505716e+01 -6.991500763529421292e+00 4.749849277717392404e+00 9.044413453557444527e+00 -2.686911249740694174e+00 -1.276854105073466705e+01 -3.970834994433662057e+00 -1.637404836427294441e+01 -1.722267602369995654e-01 1.762070944277898207e+03
-3.116929998023869786e+01 5.045014101998912537e+00 -5.544779508023716552e+00 -3.861079139404834937e+00 -1.445623427227060631e+01 -7.593035598699903410e+00 1.603780949616814833e-01 6.487037665522549013e+00 -6.488788790004959672e+00 -1.001740587976897778e+01 -2.806936021142870441e+00 -2.370652136648945074e+01 7.603760594092235925e-01 2.064283235605626487e+03
-3.340055927363901134e+01 7.293255010979279085e+00 -2.746114610842039117e+00 -7.021138989992489199e-01 -1.104331214513194936e+01 -4.624783337082272183e+00 2.081304715235167802e+00 9.743705831954763141e+00 -6.790221221185822609e-01 -7.428547160732470900e+00 -3.523545317613278716e+00 -1.556383591065919703e+01 6.447070465752357649e+00 1.771295495948326106e+03
-3.389850452794029678e+01 4.775203369461983094e+00 -6.894739217180299917e+00 -3.127365358656277738e+00 -1.170810488973365260e+01 -3.702582973985109938e+00 -3.198102869824646532e+00 6.522253272892176490e+00 -1.154381570238367516e+01 -8.842409415702761066e+00 -3.945221429200108876e+00 -1.741646326267511213e+01 7.423620660191711629e+00 2.018241503577405638e+03
-3.634066987794416548e+01 6.929890142685279031e+00 -2.239387322743310538e+00 5.343289517992618087e+00 -8.154851562073149651e+00 -3.653621545682315563e+00 -3.741066924142188110e+00 8.719116926834153958e+00 -1.395459579751036827e+01 -1.874949215397688107e+01 -9.702186641187452665e+00 -2.560262056500102545e+01 7.507649422673504880e+00 2.924368004308549644e+03
-3.377137423387674886e+01 3.169572188273314328e+00 -6.447256900410028635e+00 3.362644466245610086e-01 -1.628362997523683120e+01 -6.886689769122645188e+00 -1.694313654161271110e+00 4.915250982810332125e+00 -3.589824120597269630e+00 -1.253878246821707521e+01 -1.960018448138756142e+01 -2.754052596653065876e+01 2.411904652062289156e-01 2.844659471008614673e+03
-3.515423902318348581e+01 3.379664646613535606e+00 -4.209647298138811777e+00 3.779895251166351500e+00 -1.417929601886537938e+01 -3.898849503921181014e+00 2.346306664716108159e+00 4.504889259986547323e+00 2.684514943293727196e+00 -1.260835962737769300e+01 -2.642812329187075804e+01 -3.766150285476424386e+01 -7.252177288657904342e+00 3.856909964571592354e+03
-3.272385623076371530e+01 2.625821262557932023e+00 -6.976761663249629208e+00 -2.241503835154809998e+00 -1.311288381618077281e+01 -3.425018354274966814e+00 1.616773594407779235e+00 6.623960522933770356e+00 1.637568189091437754e+00 -9.976199120138799614e+00 -2.327962043911011492e+01 -3.501652338887446092e+01 -9.534678221179737179e+00 3.322828434504780489e+03
-3.492876053032853889e+01 3.743622063232573183e+00 -5.632141834820204807e+00 -1.825444130861654690e+00 -7.917796158993843925e+00 -1.697688239271408550e+00 8.546765287865291938e-02 1.026164585829634746e+01 -1.032341693212962541e+00 -1.302895775077258733e+01 -2.580125966499344159e+01 -3.861096834628388308e+01 -1.208589351368920717e+01 3.913368776479056123e+03
-3.285761403110068102e+01 3.671031784527400532e+00 -5.795846045587849993e+00 -2.447712539215827210e+00 -1.122910063536756908e+01 -7.490726923780435698e+00 -3.734452276418255945e+00 1.053910185130784960e+01 7.336752869748160322e+00 -6.254981480368123847e+00 -2.161797563816575618e+01 -3.050805782726342841e+01 -1.021055215073709377e+01 3.035191469099938786e+03
-3.429258078495278994e+01 3.230776350610518488e+00 -6.956830573206505441e+00 -4.677604292203410452e+00 -9.593292948212580384e+00 -7.136550309208250731e+00 -8.077716889228538477e+00 8.908452640544402001e+00 -9.073180405286968009e-01 -9.793184667424633005e+00 -2.610127411874744396e+01 -3.643671803854339686e+01 -1.053000529774733351e+01 3.760789780326199889e+03
-3.186336025100665736e+01 3.677722606444647102e+00 -5.683235649958708890e+00 -1.007210180711775704e+00 -1.166249277560806519e+01 -1.225975741421535403e+01 -9.714688826880955475e+00 1.357621653966867470e+01 4.953871740932085821e+00 -9.801614328021024392e+00 -1.837095981887217278e+01 -3.221036234892321204e+01 -6.295912091290154500e+00 3.162367839025765534e+03
-3.336232676376227602e+01 2.675584032996081163e+00 -5.964698781767795666e+00 -5.914488447565797724e-01 -1.243601295818990771e+01 -1.069851563681891271e+01 -9.240685176420196711e+00 1.158477889503017622e+01 4.709679665331957032e+00 -8.503410027754512157e+00 -2.214073725032001860e+01 -3.483994287536504686e+01 -3.880943521403958929e+00 3.458425712819725959e+03
-3.022444934627581148e+01 4.641185457218867327e+00 -5.709309420696789594e+00 -8.759353249102037609e+00 -9.898495150599593728e+00 -1.361458124624675037e+01 -6.370958720179100254e+00 1.611132155281663714e+01 4.206594022794842846e-01 -1.580642373147648883e+01 -1.530709586597318683e+01 -3.077429401158173405e+01 -1.026456894081735527e+01 3.164626966901151718e+03
-3.122317044591797952e+01 4.509830383460675662e+00 -6.995193613052699710e+00 -1.530908836342391766e+01 -8.930471738777757906e+00 -2.016714756100648387e+01 -1.714694726012457693e+01 1.734054028882601983e+01 -3.704411743722940908e+00 -1.548937979353180694e+01 -1.076993952887955075e+01 -2.757215327463057264e+01 -2.565017994596802797e+00 3.496143270783409207e+03
-2.831754064643651958e+01 4.950772888275593253e+00 -5.918064621504051992e+00 -1.598351610102794140e+01 -7.340368422872331600e+00 -2.382573498239860044e+01 -1.592610221544806848e+01 3.341903210430815818e+01 -5.758367801912434913e+00 -2.169121708475802990e+01 2.586495986039060391e+00 -3.372059865025063630e+01 5.235675232317648309e+00 4.783757359186244685e+03
-2.605340980449752308e+01 1.475193638447692468e+00 -1.214212366380867358e+01 -1.729458792128134803e+01 -8.692355626691986359e+00 -1.689645799583376728e+01 -1.876853688504141360e+01 1.933315968193532797e+01 -8.743494602993093778e+00 -1.097357005967805144e+01 -4.157441757721207054e+00 -2.893835303171617213e+01 -4.058701645148497406e+00 3.282620271313029207e+03
-2.674269031201432156e+01 2.645639686656549472e+00 -1.117690667611432254e+01 -1.914494692491706473e+01 -5.943275270276477507e+00 -2.156590026547014816e+01 -2.271176398769042493e+01 3.478665580620899078e+01 -1.714850470502389612e+01 -2.593715240118625331e+01 8.729884102196663331e-01 -3.125596613536739454e+01 9.508446145751506151e+00 5.474884515117923002e+03
-2.456545192246799303e+01 -5.360176877133128182e-01 -1.689818796273800672e+01 -2.201574537200950488e+01 -1.040498652438365923e+01 -1.807595702208675803e+01 -1.970105420752596714e+01 3.382404764210896531e+01 -2.036876826973257693e+01 -2.229519151479528105e+01 8.124990035827261536e+00 -2.437329248622879163e+01 2.595691697680317045e+00 4.919964997044696247e+03
-2.537272497566250706e+01 -4.951308849993040773e-01 -1.505518050688079690e+01 -1.515774110277293296e+01 -7.319753299805547009e+00 -7.934875488407159949e+00 -6.024049234015969922e+00 3.710010685086794524e+01 -1.782934054927781986e+01 -2.408053332194864282e+01 1.240559224572263197e+00 -2.415062447204566354e+01 6.442813397402995079e+00 4.153743001168349110e+03
-2.392352576444210399e+01 -2.368518783202953948e+00 -1.934784135115133452e+01 -2.243477352287419535e+01 -1.140439811623252453e+01 -1.261746823631130177e+01 -1.366113571943714788e+01 2.971497856507619062e+01 -2.248967431143020335e+01 -2.362945898100426234e+01 -1.562879144704471646e+00 -1.873169201018939845e+01 -6.617669487202018086e-01 4.232363970205091391e+03
-2.562618322919241365e+01 -5.637897938043188173e-01 -1.682036104900936380e+01 -1.939754906241647703e+01 -8.211811847428839073e+00 -7.089562028872419930e+00 -1.610765001041955813e+01 2.087561427796693536e+01 -2.496515907649176214e+01 -2.150826077051139151e+01 -1.122188610571564737e+01 3.095648346962141861e+00 4.076644998208306170e+00 3.367149235181032509e+03
-2.243743646581648576e+01 1.650795681648763447e+00 -1.423107564825934368e+01 -1.609147640657607781e+01 -2.021587246447060782e+00 -2.065276541862990645e-01 -1.237012613766558289e+01 2.303798879834899793e+01 -2.097362921373398592e+01 -1.197687213898189462e+01 -3.669572437077906368e+00 7.575818635182494099e+00 5.756779953888591095e+00 2.342859119721878869e+03
-2.441653132921714686e+01 1.331168847161289692e+00 -1.481532956315012051e+01 -1.965687094155888914e+01 -9.533764675958329438e-01 -5.929484292300546855e+00 -2.504921419840372465e+01 1.710953655106876425e+01 -3.213342291651343885e+01 -1.014434741193449341e+01 6.012240245606959022e+00 7.982990291891662871e+00 7.975537254275711696e+00 3.459041675550826312e+03
-2.254784576729512935e+01 1.996598173100900375e+00 -1.339348341229851158e+01 -1.413704531006020026e+01 8.035515503182751873e-01 -2.315776331988329551e-01 -2.087042225601573264e+01 9.284656788870659483e+00 -2.500054573111521350e+01 -2.886349823575657503e+00 2.313929247617321661e+00 1.369219866550583831e+01 6.344802025141052404e+00 2.280557288905036330e+03
-2.622093280269612592e+01 2.722645467430346411e+00 -1.031316860608239061e+01 -1.155769325498907918e+01 3.776203974616819892e+00 -1.194351319779384468e+00 -2.612889965335159204e+01 -6.783883628019031775e+00 -2.828020177550350667e+01 -9.309973612440352042e-01 4.053176157607376595e+00 1.645932319052448634e+01 9.269464394257703077e+00 2.853215596726101012e+03
-2.568696530945387835e+01 3.136401969518591404e+00 -1.204798928971054117e+01 -1.523199591630016059e+01 4.809485580078252553e+00 5.933519186687787883e-01 -2.869428834886280555e+01 -4.752292666707553792e+00 -3.003479372800678249e+01 2.495830545041234139e+00 1.376656539313441563e+00 8.217398046389760680e+00 3.678011687221124149e+00 2.907521225369602689e+03
-2.890994189607847176e+01 1.419066086086777645e+00 -1.158081230667047024e+01 -8.942557609069458735e+00 5.488143731373818390e+00 3.653953303317412971e+00 -2.969010325459410282e+01 -1.931543074884872269e+01 -3.519968447991482208e+01 2.777682401806869539e+00 -2.845678424836911358e+00 1.186187126222746713e+01 -1.915816252991902946e+00 3.749147766371575017e+03
-2.910195371222741656e+01 -2.189205803853362942e-01 -1.474976760911015816e+01 -7.803433761277811520e+00 3.359548333812465426e+00 8.374791709991988853e+00 -2.622608316191725208e+01 -2.072339623079517779e+01 -3.707962134995146641e+01 1.575975162121839412e+00 -1.127350860462113680e+01 9.687835598332899423e+00 -1.133265339787377357e+01 4.050868354668392385e+03
-3.333471840237658768e+01 1.213668949937242836e+00 -1.275782503046039373e+01 -2.367407497101570168e+00 4.606536590140884790e+00 1.197754584388091459e+01 -2.878417501983186000e+01 -1.632534763117428156e+01 -2.328069687277063338e+01 3.153585894872418471e+00 -3.665833598291010986e+01 4.897024170648277774e+00 7.187935271342927868e-01 4.461037709477193857e+03
-3.416324153543865094e+01 1.862870711806281276e+00 -1.226005889007455352e+01 -4.604109681213752303e+00 2.540682158409592439e+00 1.113858176001639499e+01 -2.865689015464967326e+01 -1.631693371696227857e+01 -1.629675209470712360e+01 7.728351508149678750e+00 -4.309626799340512804e+01 3.417537496733967117e+00 1.248918825255892484e+00 4.755926199759313931e+03
-3.774750114860323436e+01 4.652611462873206705e+00 -7.465589666228740207e+00 1.769659813323493758e+00 1.217186167605760205e-01 7.053135262951042428e+00 -1.763496022225665882e+01 -5.005101874630554448e+00 -9.346411200920682560e+00 6.374559649384519133e-01 -3.160973855884544292e+01 4.519995953509489794e+00 6.523403222787475642e+00 3.041114237812117153e+03
-4.028303552900544560e+01 4.038549783788607961e+00 -7.612672314490421144e+00 -4.398118586445938227e+00 -1.525530342017900054e+00 -8.142071791446109374e-01 -2.179708381865530598e+01 -2.028272257834764225e-01 -1.378880489399252163e+01 -9.758159436672697140e+00 -3.936817058260292868e+01 1.279834443900988994e+00 6.969758201168096079e+00 4.079894417295080530e+03
-4.120075856448058715e+01 6.377975250808214369e+00 -6.213392269844074889e+00 -9.564942589708154586e+00 5.210480952564910950e+00 -4.407782973484185574e-01 -2.013141589712115120e+01 3.219510322461066831e+00 -2.990154871656900326e+01 -1.748864925794497793e+01 -1.594778726881005682e+01 6.802198694514238753e+00 1.275100082936850399e+01 3.974403311353860317e+03
-4.193928097875447492e+01 6.143365392281928905e+00 -7.011739842311781601e+00 -1.804022976947859647e+01 5.039548835953161721e+00 -5.324137093830306533e+00 -2.277046654393850034e+01 9.289105833311374738e+00 -3.315235206809668256e+01 -2.093876475804837511e+01 -7.032506817496317453e+00 1.642004029950050636e+01 1.623854678050919631e+01 4.950058329542847787e+03
-4.210342325168586086e+01 8.046301142719631372e+00 -5.475047220798964887e+00 -1.714254244432858698e+01 9.461693819351621570e+00 -1.276305479750029725e+00 -2.206318710912526981e+01 1.075224438982612263e+01 -2.843865283087772156e+01 -1.564002040253858539e+01 -4.860778964265279001e+00 1.458494267971335745e+01 1.498455406588452909e+01 4.369083504245530094e+03
-4.261060395483396235e+01 9.335734850081131242e+00 -4.851150329035771591e+00 -1.923531781097321769e+01 9.194568324786557056e+00 -3.061645290077236847e+00 -2.243635003113770310e+01 1.202874634182144220e+01 -2.830407380521939942e+01 -1.289979411527580844e+01 -4.827171410073659297e-02 4.716148209236148858e+00 5.864058771429220052e+00 4.062501776780265573e+03
-4.468465328469367392e+01 8.026789704268894710e+00 -6.329253560355431851e+00 -1.838897326211521133e+01 2.077420310831030736e+00 -8.636779136953236957e+00 -2.496208727480797407e+01 2.795520917465422084e+00 -3.029350584431214699e+01 -1.885247864549421948e+01 -1.465840877477073967e+01 -1.003389264741485931e+01 4.948505051569720870e+00 4.762339846851106813e+03
-4.497222573667541923e+01 5.686581417727428978e+00 -8.010539975243453625e+00 -1.362462538489435104e+01 7.730423134414491360e-01 -2.259614210125605371e+00 -1.582584742223104790e+01 4.470363850020763863e+00 -1.236165401767641470e+01 -5.949787016929888317e-01 -2.555080229556136118e+00 1.152776519724390702e+01 1.709027719591187733e+01 3.165442383648462510e+03
-4.600459729978459933e+01 5.648790061434593390e+00 -8.457531494863912869e+00 -1.180757737940989038e+01 -5.993096730138182116e-01 -2.646886703967431753e+00 -1.795519826650243189e+01 -4.007509816186463958e+00 -2.419952464865427189e+01 -6.792397950095466541e+00 6.112528030904558207e-01 9.206022174504447264e+00 6.256110394947783426e+00 3.461112040128741683e+03
-4.550236375300718095e+01 3.405777770002380134e+00 -9.839127591760124858e+00 -1.828275980488204944e+00 -5.600714629734070416e-01 8.598993110165078946e+00 -9.162261744531177143e+00 -2.267240934949259046e+00 -2.136310198503072755e+01 3.268577509016397098e+00 3.895296531516772909e+00 3.825127156722746946e+00 -5.851822988809922244e+00 2.876673728923282852e+03
-4.333601661487288936e+01 -2.219205589499727793e+00 -1.615263242834348389e+01 4.164431872492349029e+00 -7.593525287690373382e+00 7.747167723192281308e+00 -1.912387350701007449e+01 -1.327729794497020777e+01 -2.178959364452103387e+01 -1.362551957372956535e+00 -1.761038805294865028e+01 3.317866633738164595e+00 -1.131081850669792566e+01 3.746586210032569397e+03
-4.078271006728149217e+01 -5.036594891459733603e+00 -1.797936167926499351e+01 1.720612840298157309e+01 -5.980234133007000352e+00 1.528762505400819727e+01 -1.982320539149532124e+01 -1.131531217641705211e+01 -2.303354462711788031e+01 2.071722660943329242e+00 -1.443815437661344525e+01 1.944702179746500725e+00 -1.498821855764883582e+00 3.847700319466483052e+03
-3.892117634197664700e+01 -5.796747890400323122e+00 -1.704592593653816479e+01 2.598084930870272657e+01 3.920827294543758779e+00 2.093149626176501954e+01 -2.885088005281287593e+01 -6.555827823057988724e+00 -2.484908224687592693e+01 -3.996988321909613173e+00 -2.896747098260090780e+01 -3.529039522486031366e+00 -2.644252677417335384e+00 5.334894327939476170e+03
-3.735433105823079813e+01 -4.841927821018101596e+00 -1.740849351263851119e+01 1.942423129231792700e+01 -1.125287692256925487e+00 1.091320561627032149e+01 -3.288194119120783654e+01 -2.141130903495699123e+00 -2.399952835308535626e+01 -4.352810268234272861e+00 -2.185347674711621124e+01 -9.709872825806526109e+00 -6.845027519985554143e+00 4.518952345151426925e+03
-3.667565052826527250e+01 -1.724323403341760097e-01 -1.051755307553742114e+01 1.806529635324789851e+01 6.956499750981322450e+00 9.033835785970550702e+00 -3.559320695870003703e+01 -6.840535091167197379e+00 -3.042645055544970845e+01 -1.290654604178358156e+01 -2.014487015214573518e+01 -8.185049775213272483e+00 2.783214347009294709e+00 4.798684248845319416e+03
-3.797174769968572150e+01 -1.233199313182198331e-01 -9.366824853630829395e+00 1.788868223670967694e+01 9.731576903820030822e+00 9.403686262841112864e+00 -3.674707746001092090e+01 -1.843807873550039744e+01 -3.638350588625285553e+01 -1.393658922795044930e+01 -2.066110634055029038e+01 -7.324880627106357345e+00 3.378133245011263330e+00 5.732989540373638192e+03
-3.629877028145100581e+01 1.184030767529124839e+00 -9.291771523912045083e+00 1.087427203492027239e+01 1.675681580020988903e+01 1.452634641682115202e+01 -3.879145861847375443e+01 -1.499862502872879766e+01 -3.308085487756481058e+01 6.656747223723691320e-01 -1.877050095977262245e+01 -1.839150802181197086e+00 -8.721210148331811851e+00 5.271690864302729096e+03
-3.699835649190260511e+01 -1.394052501434307478e+00 -1.430048824034065014e+01 5.873810099625411674e+00 1.053982151950648749e+01 1.211368197332003227e+01 -3.977638657967084157e+01 -1.027852817639271166e+01 -3.932184567591620095e+01 -1.530642082861243480e+00 -1.727392819231659260e+01 -1.190715373154767498e+00 -1.874506817553623250e+01 5.755199965644432268e+03
-3.440255798671148568e+01 -1.496798851638800443e+00 -1.495820027286617027e+01 2.402649628496669632e+00 1.758722511886820783e+01 1.636945557239859639e+01 -3.648413385651491581e+01 -9.652748060524046769e-01 -4.008660853624331111e+01 5.012702027011752826e+00 -5.952724368358476070e+00 7.641868007391234840e+00 -1.909303255082125617e+01 5.415030556885960323e+03
-3.627986245499518958e+01 -4.643280308165076420e+00 -1.886576536197812359e+01 -1.571674986248853934e+00 1.787055376028090592e+01 1.381581864719084862e+01 -4.496521310945224315e+01 -7.963698719394334269e+00 -5.274820527587217356e+01 -3.258787056609922406e+00 -9.745675533839056826e+00 5.166792546424541221e+00 -2.212284542257873099e+01 7.695787239917920488e+03
-3.517693001050010793e+01 1.544713060385388692e+00 -1.220831022334234106e+01 -2.722650198348731454e+00 1.377198851256726186e+01 1.819409884632527863e+01 -1.940925623879597595e+01 1.094816295497163061e+01 -3.042914876998463924e+01 5.891776890446168480e+00 -1.558988588302430367e+00 1.143400265223671752e+01 -1.916143975333829630e+01 3.874506371549754931e+03
-4.084529442735657057e+01 9.737723438239104246e-01 -1.302313896891941525e+01 -7.098857546378312122e-01 3.307019903954989903e+00 8.094308428204127992e+00 -2.324538484400978078e+01 -6.307356227953620831e+00 -2.646970337346203195e+01 4.244755903527559049e+00 -3.196830789367403058e-01 1.160508316535659823e+01 -6.545762053031711325e+00 3.392267567292254171e+03
-4.150365313409984935e+01 1.373805626018060000e+00 -1.081628128854613990e+01 -4.022487495851010841e+00 -2.198759793054053890e+00 1.404055654037667633e+00 -2.569674492982033698e+01 -3.142641575180761038e+01 -3.311403468190979993e+01 3.211306539097339208e+00 -4.509461298043796695e+00 5.494000323010613585e+00 -1.137293993607516818e+01 4.799075961982024637e+03
-4.105408341918214887e+01 2.739244349573719095e+00 -9.509802904343528596e+00 -6.288013159492706450e+00 3.987624758534100700e+00 5.942891327601112827e+00 -2.404272885945204408e+01 -2.550176827520821732e+01 -2.661972724139230095e+01 4.974455905891869811e+00 -5.058163786697353004e+00 2.541513251533906725e+01 -6.506686947992770254e-01 4.507821231868825635e+03
-4.037564643651008112e+01 2.955443245453871715e+00 -1.003310198166108691e+01 -1.256194031652650978e+01 4.705986341957410168e+00 4.510054583525390015e+00 -2.521990823527911374e+01 -2.467085828975592321e+01 -2.426412891323476373e+01 8.904878177805208850e+00 -5.561568383616984690e+00 2.814214633481961059e+01 -4.042063050678062375e+00 4.691869393981072790e+03
-4.018372590907100772e+01 3.832470887581608476e+00 -8.787699680215407483e+00 -1.491290642704501934e+01 7.189558461556181612e+00 3.453155141916650184e+00 -2.505119247139497674e+01 -2.234174299149730558e+01 -2.252052349986799484e+01 1.023826861502223906e+01 -6.206322966054972357e-01 3.392681355833498458e+01 2.509922219838439439e+00 4.889077555414944982e+03
-4.110827309406673180e+01 3.929423064318989578e+00 -1.106356182064585347e+01 -2.258790589570186924e+01 3.381699232097558294e+00 -3.990846191016020228e+00 -3.203397441509160615e+01 -1.948733056175168343e+01 -2.283913531044353817e+01 8.422074781546040612e+00 -3.980797098810112900e+00 2.237521727138664573e+01 2.428012789671832206e+00 4.886190472518716888e+03
-3.886518020171478582e+01 2.760316971109397777e+00 -1.037625472297677831e+01 -2.824169768543039183e+01 1.321638066704515957e+01 9.550034656894039742e+00 -2.874428907097474095e+01 -2.730353348735239649e+01 -2.658983805396598399e+01 2.284683190698315869e+01 -6.444036294332670778e+00 4.351657859667898265e+01 -6.952860324482847076e+00 7.473532406236417955e+03
-3.807783795645620017e+01 1.541146331249499957e+00 -1.260233074737802283e+01 -2.555951015190006004e+01 1.503676462338463793e+01 1.062273571950458972e+01 -2.752326133725183510e+01 -1.824583627504413386e+01 -3.320456449098440288e+01 1.778741159419416817e+01 -1.130945770177769483e-01 4.254258260240594325e+01 -9.475655687008426753e+00 7.012398725265574285e+03
-3.931243087516778445e+01 9.747256685635504736e-01 -1.459482077684689472e+01 -2.436081196169167384e+01 8.859226527402304541e+00 6.434961100646541254e+00 -3.334541278178742374e+01 -1.172147604919054587e+01 -2.463467529895870101e+01 1.043538017357929881e+01 -1.239662899566486409e+01 3.896838085387386741e+01 2.588202287313238426e+00 6.116753732136220606e+03
-4.031194922768411715e+01 -2.995097923163324349e+00 -1.946725618872289587e+01 -2.186602297690560448e+01 7.523759799394466263e+00 1.170766645418554042e+01 -3.425247436300161041e+01 -8.366617863452988857e+00 -1.965185096093010486e+01 2.131050489198732123e+01 -9.726171673569215415e+00 4.048356091311474358e+01 3.317970903867211163e+00 6.512888511721779651e+03
-4.346674569471573335e+01 -7.334568322583478128e+00 -2.260293279123442289e+01 -1.739192206356227999e+01 -5.318384254130028577e-01 1.271450021592746715e+01 -2.316246617202563485e+01 -7.012078991713130982e+00 -2.220975452113277271e+01 1.885415321962722146e+01 -7.761441968676886738e+00 3.800688241535469558e+01 -2.597483341611179330e+00 5.864398158001481534e+03
-4.430716712206098862e+01 -6.751992415350520638e+00 -2.335515147349385146e+01 -1.313814170257204594e+01 3.802392832910717058e+00 1.729928838523951029e+01 -2.546053449940690072e+01 -3.287899375725697571e+00 -2.249032638450287180e+01 2.190025146980286763e+01 -5.509539789186992387e+00 3.156462378890218901e+01 2.666196935917050759e+00 5.718785901944464058e+03
-4.476039848676366972e+01 -4.661435700598185683e+00 -2.329296094940922046e+01 -2.249925994298739340e+01 1.073190150757044314e+01 1.351242918552564909e+01 -3.539633642357941312e+01 3.767752054525704608e+00 -2.502177795910015234e+01 1.674728579159314634e+01 -1.464078741710278031e+01 3.082453052307291586e+01 -5.463493875861658466e+00 6.739772080587176788e+03
-4.574435317376147481e+01 -5.720977019175806255e+00 -2.394997725785331610e+01 -2.274101166617940351e+01 1.472392241704028493e+01 2.143724354739238791e+01 -3.303028821373262502e+01 7.004741702558383132e+00 -2.754968337429223624e+01 1.735528441721075410e+01 -1.676633391139406726e+01 3.800926526046671228e+01 -4.362290997036418538e+00 7.837480828085543180e+03
-4.709285725278375878e+01 -4.341234945925850908e-01 -1.673214455004311674e+01 -1.827200386794699938e+01 1.331871478984391466e+01 2.470455454248478944e+01 -1.282805668278806621e+01 -1.387240341324814386e-01 -2.540217194297375514e+01 1.440754514754838489e+01 -2.044613537866425190e+01 3.037296868885858458e+01 -1.428243678893554325e+01 6.181435291569751826e+03
