-6.694419378716692393e+01 -1.914504773696520346e+01 -3.691263659814807596e+01 1.021933977937494653e+01 -1.181344563094268274e+01 1.463270933972154708e+01 -2.812504045298728172e+01 7.060103288240876296e+00 -1.986433518044904645e+01 6.059578280600903533e+00 -2.163743954781777035e+01 -7.261043582258531082e+00 -7.748564954863593535e+00 8.521824324085126136e+03
-6.669119738962864119e+01 -1.605918899081650153e+01 -3.322036827046143515e+01 1.115552864945833988e+01 -1.020115925765545839e+01 2.103823748187033260e+01 -1.863690565156137779e+01 4.140116799489547361e+00 -1.085779033454740983e+01 1.881325706278315835e+01 -1.679250807354945607e+01 3.251940367573174839e+00 -1.225324754725455989e+01 7.759333724969505965e+03
-6.755420538958826171e+01 -1.644557365453635356e+01 -3.519574997453749177e+01 5.371467783031822485e+00 -1.344717245512312687e+01 1.409805581248184403e+01 -2.683859028427550086e+01 -2.060630954667276971e+00 -2.290184586893784058e+01 1.184164091635540395e+01 -1.557495326819708836e+01 6.457309737449786091e+00 -7.905412455745871370e+00 8.217249362411812399e+03
-6.784289427701705222e+01 -1.428958830341460740e+01 -3.125473114029692212e+01 8.225678558430326248e+00 -1.351928468527892946e+01 1.442029793925221526e+01 -2.280662775916512786e+01 -4.525771700624202865e+00 -1.864392600082634388e+01 1.838717801572647303e+01 -7.348174061098882603e+00 7.100493925634891568e+00 -9.268606820786702727e+00 7.658715614976997131e+03
-6.929203632333501162e+01 -1.190908755157533605e+01 -2.898009253288559250e+01 4.609098679557741995e+00 -1.308517137343002545e+01 9.209840643654500170e+00 -2.578515144713885476e+01 -4.939426737626365416e+00 -1.803817597266058570e+01 1.712185993366197678e+01 -3.149688423063070619e+00 6.920810847617851813e+00 -6.147073722195623091e+00 7.463755619505383947e+03
-7.086741213813593276e+01 -1.123464334059636194e+01 -2.821900398416622835e+01 4.675541221065270037e+00 -1.347615427909640573e+01 8.828236913617246273e+00 -2.220086930813808479e+01 -7.905710847296417709e-01 -1.923852805358058404e+01 7.126095240909905648e+00 -8.357850541134833833e+00 3.940311050420926442e+00 -7.989551460815716766e+00 7.289743131987057495e+03
-7.171747084095432001e+01 -1.000965147159467605e+01 -2.619949011415649665e+01 5.415190891962540221e+00 -1.244133441424953013e+01 1.018106153450819917e+01 -1.792129514084021480e+01 1.610102483375018600e+00 -1.935612227305404076e+01 5.413956320071692474e+00 -8.215260393186973431e+00 1.569959703073839030e+00 -7.048887594294242831e+00 7.065144872152015523e+03
-7.125685355963665302e+01 -1.083562019024027556e+01 -2.660206422285446237e+01 1.194471861789452305e+01 -1.353091422703666957e+01 9.651349812943903927e+00 -2.043278834664481991e+01 5.167994843975279196e+00 -2.063484538939122359e+01 -6.369238247637395212e+00 -1.919608286347047610e+01 -4.496936681580616657e-01 -8.520423290286636586e+00 7.673390646102882783e+03
-7.219384920772878900e+01 -1.105464700454053428e+01 -2.667224750580493620e+01 1.682250054909107106e+01 -8.778220074226387837e+00 1.471846726180464948e+01 -2.408422503648728963e+01 8.108636703878699947e+00 -1.892867505785655524e+01 -3.648241501132955200e+00 -2.399151311314547641e+01 1.939852452396066074e+00 -5.893786817596819994e+00 8.253749564113468296e+03
-7.241088831984060903e+01 -1.130331302538851368e+01 -2.697410001223715170e+01 1.232742949736447002e+01 -1.365609719840216840e+01 8.106305465068111005e+00 -2.168280535913899243e+01 1.444034525308649464e+01 -9.356967519315885440e+00 1.814211108047824705e+00 -9.670765286314832565e+00 6.363074514644125657e+00 2.718780695635822031e+00 7.413786410431820514e+03
-7.345132249118873347e+01 -1.031761492152872428e+01 -2.526268355014677880e+01 1.466799809522898812e+01 -1.622218174543446523e+01 2.230164682874920423e+00 -2.561714772551700037e+01 1.375858114086675243e+01 -1.313378399460149559e+01 -5.271974899612790644e+00 -9.397950896638221252e+00 6.412838464784077708e+00 6.936234621102203235e+00 7.846420259654493748e+03
-7.283889578128162157e+01 -8.490945279099605614e+00 -2.320589176873627224e+01 1.755679798327675201e+01 -1.030255963899576876e+01 8.265319811610932987e+00 -2.379376815015904967e+01 1.040977838028294933e+01 -2.267356617570008481e+01 -4.240277471921539920e+00 -1.058465804666146370e+00 4.091986335099189631e+00 -1.682555273566794796e+00 7.626086844427994947e+03
-7.166628125804841432e+01 -6.619457939605365659e+00 -2.031640724252573804e+01 1.595368663404391185e+01 -1.456927210093276059e+01 6.132136637159903536e+00 -2.082401454953652475e+01 -3.309743576454729830e+00 -1.847269027547463338e+01 -7.895791089481903891e-01 -7.483489937876331766e+00 7.905784914543034780e-01 -3.296671995314928605e+00 6.950969790451380504e+03
-7.103678531406228558e+01 -7.259678544771031028e+00 -2.284780825071735322e+01 6.099022947336160350e+00 -1.432048434753965793e+01 4.236797627177709913e+00 -2.257482595511417500e+01 -4.572552772287479250e+00 -2.283033040426072446e+01 -6.242345093659743327e+00 -1.902589057682248352e+01 -5.253125367538509671e+00 -6.625069178766350930e+00 7.405368193571892334e+03
-5.504951021822902391e+01 1.155391268909911417e+01 -7.947796108420764893e-01 -3.486128702880768060e+01 -9.446233643275645520e+00 -3.343724901409379502e+00 2.408415666859447768e+01 4.081121040312554626e+00 -1.273193823195801100e+00 -1.474320148415695808e+00 -5.252673254193283015e+00 1.654480790070362861e+00 -4.063247066997082158e+00 5.127628961410634474e+03
-5.143593144977197795e+01 -1.814141927492511241e+00 -1.078995507721641012e+01 -2.187446051309720474e+01 -2.288128877756091484e+01 -8.790702726819867863e+00 3.391280467742624438e+01 2.589985532646233679e+01 8.925133286032174595e+00 -3.244694810921115646e+01 -1.966965055140201102e+01 4.900308070726956622e+00 7.636528476861068171e+00 7.267259150876013337e+03
-3.492980960483789943e+01 -1.431971765264137808e+01 -2.819351293825165428e+01 -3.085072975289180519e+01 -4.514937577479373942e+01 -5.539016939041709442e+00 3.783696979508458469e+01 -5.597333430246578700e+00 1.132194046823713052e+01 -1.229312099370137190e+01 -2.789140778938611831e+01 4.469423032981258981e-01 -4.787117688235349999e-01 7.761567587660947538e+03
-3.307691170931274627e+01 -1.128250406211056323e+01 -2.373384830633446541e+01 -2.795371246762830353e+01 -3.878438453197428260e+01 1.029210345281850847e+00 4.807220960651394392e+01 2.308578713590086817e+00 1.799906152345647570e+01 -9.478357770545816408e+00 -2.278818294869265060e+01 4.159487399466750723e+00 -5.076690242877336390e-01 7.338303038995747556e+03
-3.070747207572693327e+01 -5.185109504749915388e+00 -1.694951077283013774e+01 -2.349453199182446994e+01 -3.584793649383745873e+01 6.710635277695850553e-02 4.248272316507183177e+01 -7.501015949300474439e+00 4.608759191185366255e+00 -8.190744565308728298e+00 -1.086907540545829143e+01 5.817040987820622178e+00 -7.017922668977748302e+00 5.244794175159267979e+03
-3.501578138814356578e+01 -7.328532274201024599e+00 -1.953196990186912529e+01 -2.556097940801368651e+01 -3.586049774794805245e+01 -1.224727059117534766e+00 4.071786056505077056e+01 -1.176663717941803800e+00 6.545228752945086548e+00 -9.177694223948179797e+00 -1.226374056338611318e+01 6.009392711231704709e+00 -8.168582692120005539e-01 5.575727291153145416e+03
-3.365764762919712894e+01 -7.878274558594904775e+00 -2.053264453084434749e+01 -1.297666372447046612e+01 -3.155409488844012600e+01 6.357447844058605746e+00 3.319007843816307002e+01 3.385011204671764418e+00 5.219575414885779807e+00 -8.450255516599373129e-01 -6.887170715015609623e+00 -6.720307476692875426e+00 -2.514993524633553079e+00 4.060884282868232276e+03
-3.187857470154824213e+01 -7.873789742470766129e+00 -2.038010847941337289e+01 -7.647360415219838892e+00 -3.515094605924309690e+01 6.759000676301457844e+00 3.289818328648384238e+01 -1.714078288195408362e-01 -3.309861221849184520e+00 -1.627199597264451514e+00 2.724035624604332462e+00 -6.368628781810251382e+00 -5.007043199365019959e+00 4.002317220142846963e+03
-3.262972033665129601e+01 -1.130942092446622560e+01 -2.233719724864092626e+01 -6.130955994688330080e+00 -3.815932320743799266e+01 4.881044274966290786e+00 3.670700264649735090e+01 8.400196064773560067e+00 -4.272246910168494338e+00 -1.163130006568199981e+01 6.952719382387191338e-01 3.353749757343555071e+00 5.920567174665842813e-01 4.792687337847883100e+03
-3.549530951508074139e+01 -1.742240068537930497e+01 -3.089494977348852345e+01 -1.582934992399934870e+01 -3.889406498497250197e+01 3.868815246407687258e+00 3.365547940220996281e+01 1.674164069572920965e+01 -1.720150446910666986e+00 -8.608049867328100291e+00 3.312922347303470350e+00 1.027109536949434343e+01 3.764656017433614998e+00 5.916914062756185558e+03
-3.640601841786029524e+01 -1.195708036505772576e+01 -2.477116619998032476e+01 -2.202055631942417602e+00 -2.918386553300247499e+01 4.880737395728006689e+00 1.917938443769317303e+01 1.874508710033044778e+01 -1.008595892843791475e+01 -1.612594467130795906e+01 -1.704272714335267835e+00 4.574073088702140133e+00 2.713091375946159012e+00 4.074536568561551121e+03
-3.993395976840877637e+01 -1.408260652719325634e+01 -2.905082863685158756e+01 -4.929511573042172579e+00 -2.930755826624254823e+01 7.532953606250555545e+00 1.424257964640620067e+01 1.146856235672443702e+01 -2.246832033501926773e+01 -1.499217486453712311e+01 -6.580668814400043587e-01 1.586019223271587997e+01 3.807017707865375744e+00 4.907411896651584357e+03
-4.191862305619601869e+01 -1.309826293919354434e+01 -2.915211806772181546e+01 -1.553475279269927967e+01 -3.396974801244065389e+01 -7.194025129258928564e-01 1.651124019830717771e+01 1.000433895816181362e+01 -6.138418612104608485e+00 -9.512119973822541041e+00 -3.401827615908241675e+00 3.434701097355697730e+00 2.129774959676890234e+00 4.703145307585903538e+03
-4.223553880866980137e+01 -8.191698252935941227e+00 -2.101738509801175425e+01 -1.317419270240083939e+01 -3.119544838675757958e+01 -8.719980322514429005e+00 1.741505326130367948e+01 1.731391946072442778e+01 5.589148773529093006e+00 -9.050312688453432841e+00 4.301937972188844661e+00 1.854175866356766456e-01 6.782155001887956836e+00 4.296169852745367280e+03
-3.391610213288176112e+01 5.701434394428058106e+00 -6.577382202700984948e+00 -2.816849877664472857e+01 -2.663768770730749935e+01 -1.886682985075228558e+01 1.225989704620631571e+01 -3.072706387244281245e+00 1.285579474396553401e+01 5.125108501499628488e+00 3.832490741142705382e+00 2.388236232100541923e+00 1.224478964087704291e+00 3.458234095113217336e+03
-3.272737053314403965e+01 6.798549325197591031e+00 -5.084483358639168671e+00 -2.593173448831501204e+01 -2.540242069788294543e+01 -2.103330874802769301e+01 7.449373240332929136e+00 -5.041035222130228810e+00 1.029286204960692253e+01 9.547612355930407135e-01 4.895531345984559524e-01 -1.440391770482407852e+00 2.820019283629625839e+00 3.101317609197571528e+03
-2.466969173199179721e+01 5.002451214658125700e+00 -6.694721778723266681e+00 -2.903268214343048115e+01 -2.886232092112614822e+01 -2.523668438189213603e+01 3.274999863276479295e-01 -9.738435864227668048e+00 1.823533975701905518e+01 2.130516236482849379e+00 -1.718929161260107463e+01 -2.742928379158271923e+00 1.240420177930031720e+01 3.880128676816216284e+03
-2.427665610012346775e+01 5.414740446271353314e+00 -6.065911724566155350e+00 -2.810998174373733249e+01 -2.529930970727583528e+01 -2.501992423802824916e+01 -1.347526804330529737e+00 -5.260395883323965904e+00 1.649360408978688852e+01 3.294020076426313892e+00 -1.268044504466466371e+01 -3.659451059516827254e+00 1.540808527431915387e+01 3.435664982609624531e+03
-2.148250569846663538e+01 7.695221913642175338e+00 -2.069324711541820960e+00 -2.006552413223202436e+01 -2.065437827826979600e+01 -2.467445509944553095e+01 8.524721419037382120e-01 7.211983553054863272e+00 1.731421854574113084e+01 -4.460994462191156806e+00 -5.427164810956174534e+00 -1.012189952741100907e+00 1.563004073009046024e+01 2.610252801937890126e+03
-2.484605368910721879e+01 6.108805808945850124e+00 -3.311191832636747101e+00 -2.691716384566958098e+01 -2.250758535162115948e+01 -3.674469705357535787e+01 -9.932085463510851753e+00 1.026803469254901024e+01 2.196015741667314458e+01 -3.010124264995260202e+00 -1.291779101701465482e+00 -8.892552654889064101e+00 1.376226913359190718e+01 4.212440210730726903e+03
-2.245646891849235871e+01 6.422344268570550518e+00 -5.473525470488607603e+00 -2.376091028454779419e+01 -2.028604982591809147e+01 -2.726533670730199077e+01 -5.312531676392491242e+00 1.206244054333191151e+01 1.331709589263495452e+01 -2.428748708935555278e+00 3.817311280139576546e+00 -1.798848721503178982e+00 1.291673409713700948e+01 2.836621313967209971e+03
-2.763174883531383585e+01 5.072458489669785742e+00 -3.487944397961885823e+00 -2.340952327226093033e+01 -2.212536105653538243e+01 -3.557101794223972036e+01 -1.044271325069741785e+01 1.875531157217103129e+01 2.735199086894352760e+01 -8.780592174347843226e+00 -1.126592649533542456e+01 -4.499044504633790353e+00 1.204567412818278349e+01 4.682546776202124420e+03
-2.468371088422607329e+01 6.028047048149468345e+00 -2.402428528051043344e+00 -1.621084894785879982e+01 -1.960417203501071626e+01 -3.108743440061708796e+01 -1.189256856826068720e+01 1.680071116139707854e+01 1.904079275371694635e+01 -1.007434128372562476e+01 -6.821195753466190226e+00 -1.056152346475252202e+01 1.471186149180244129e+01 3.527192941092474939e+03
-2.700457841495693856e+01 2.172322606434785808e+00 -7.017217293113942489e+00 -1.502702196506662702e+01 -2.545815946412578867e+01 -3.738478296284291957e+01 -2.047990059558986431e+01 1.387984663731213786e+01 1.384502202324943632e+01 -8.257292487284127347e+00 4.315587110579710561e+00 -1.395806176794130593e+01 1.686619683502586753e+01 4.424623210262956491e+03
-2.649827245190256519e+01 5.551736472353483443e+00 8.873786435421343599e-01 -1.188327738309471693e+00 -2.071543601328797735e+01 -3.718472356889104447e+01 -1.966309999816439458e+01 1.976452889037283356e+01 2.087210001340026366e+01 -9.065243574500406964e+00 1.216801489838772010e+00 -2.155404541539406438e+01 1.701312542621259993e+01 4.597613960813023368e+03
-2.927949696384669309e+01 2.709552367272384910e+00 -5.192409875191433599e+00 -2.965084246388843603e+00 -2.682736978419460172e+01 -3.557829723912649911e+01 -2.239489310847377723e+01 1.595312060196440918e+01 2.790159262648450156e+00 -1.967950268198551456e+01 7.977713708439503115e+00 -1.090340233050274144e+01 1.251075434609442283e+01 4.376054646865583891e+03
-3.042543443569421768e+01 4.145501358697312178e+00 -1.059080189847561471e+00 1.826277758925591188e+00 -2.593535304045484224e+01 -4.111552943719537012e+01 -2.761596674070014856e+01 1.640902985330140496e+01 9.526710164632913092e+00 -2.043310441025426627e+01 5.386597044543372625e+00 -1.925931472259981092e+01 1.652195512504800590e+01 5.523557956260672654e+03
-3.385489870620824604e+01 7.491301953367195843e+00 -6.959181270216862059e-01 -6.190531651759249243e+00 -2.264609898111384112e+01 -3.234040580516472829e+01 -1.685963683872730101e+01 1.030022978632861097e+01 -4.756233316262942878e+00 -2.046829403443397055e+01 1.405642467617111357e+01 -1.074721656987881246e+01 8.918462131537326698e+00 4.024368011732363811e+03
-3.797128622528735775e+01 6.145478038961394773e+00 -1.289239870312182790e+00 4.924709814737942004e+00 -1.827160026028581896e+01 -2.986339243900708240e+01 -2.543582768975387154e+01 5.060406466359123279e+00 -1.034440463468730087e+01 -1.970491026843810189e+01 1.597890642694454399e+01 -1.640574174208080649e+01 1.221492525828360698e+01 4.572731419745768108e+03
-4.053754999815704707e+01 3.687086052766941791e+00 -7.499101617074053650e+00 -8.964405106729119055e+00 -2.238828153977103597e+01 -2.544893472786211674e+01 -1.249561402639484697e+01 1.039100452328023927e+01 -4.613951066688271596e-01 -9.865512275678469223e+00 1.076768351295020132e+01 -9.512665948430676366e+00 7.289257640807053740e+00 3.563589737922426593e+03
-4.213333164581496959e+01 4.060608821198545826e+00 -6.079598845358935577e+00 -9.701067841479787290e+00 -1.970177144175606543e+01 -2.731163289692487695e+01 -1.426614553425255849e+01 1.752051854830247279e+01 9.142785202623295859e+00 -1.189589325538773146e+01 1.308475862887775509e+00 -7.710863577620294507e+00 9.776907644887563364e+00 3.949215233903959415e+03
-4.188005651120117534e+01 3.640560862577949752e+00 -8.299707666815441698e+00 -1.899216411018637984e+01 -2.000203321087816732e+01 -2.800516581745327827e+01 -1.965311473798039898e+01 8.188892153244509586e+00 4.950140590892686099e+00 -9.315956489748927538e+00 -6.718814334687409406e+00 -9.237411950815459960e+00 8.118269433301307458e+00 4.142123261745445234e+03
-4.255485456989735127e+01 2.901268103868003490e+00 -7.114559871331691099e+00 -1.763224142918090465e+01 -2.433926705178630812e+01 -3.271733448573938574e+01 -1.508563288692402615e+01 1.267905569570226199e+01 1.163618186354454487e+01 -3.171863793798922249e+00 8.247529274858541370e+00 -1.347575682492576732e+01 8.655375471715268887e+00 4.701999307447455976e+03
-4.340889186293086510e+01 3.822787160723900790e+00 -6.424434515347970276e+00 -1.706144557187241872e+01 -2.463564049979909498e+01 -3.488759013315682012e+01 -1.434635581625364509e+01 1.498401767368760673e+01 1.050659297870370779e+01 -3.695315845709559177e+00 1.693192853106067730e+01 -1.132150831947950920e+01 1.309002456921215973e+01 5.195968670125466815e+03
-4.389355633925976008e+01 6.946732106143069352e+00 -1.216716210930345765e+00 -1.114880876811404242e+01 -2.269921326691514452e+01 -3.189432605620813277e+01 -7.884712236593740542e+00 1.238588683099147758e+01 1.832723504006930781e+01 -2.782374749189691077e+00 7.612698915687842849e+00 -1.274079172366427315e+01 1.465583954832887770e+01 4.627462652360779430e+03
-4.427728473839952983e+01 8.283498353277957804e+00 1.322399339811890229e-01 -1.110225933074030635e+01 -1.411506463780083465e+01 -2.721940495479306676e+01 -1.482667772090194092e+01 9.603375182337417826e+00 1.644901340226254760e+01 -1.204612166223813619e+00 -2.477470560262207577e+00 -4.811896685501583448e+00 1.581422265971889907e+01 3.955961162174649871e+03
-4.553289690371830289e+01 3.111460047203141066e+00 -7.422698203878785428e+00 -1.997311356537055005e+01 -2.182103334853905707e+01 -3.315858814960677137e+01 -2.332735423220584536e+01 1.178656835406895631e+01 1.985099088758938990e+01 4.212867827524347519e-01 9.122931028796673614e-01 6.364456593795066119e+00 2.200514202498411365e+01 5.715489895456348677e+03
-4.617307764205285281e+01 4.730011641503329756e+00 -4.520703114317608851e+00 -1.030984250710873340e+01 -1.455095368017140345e+01 -3.118233108048965008e+01 -3.346425138457068016e+01 1.443728986268625469e+01 1.268804290862276396e+01 -4.375055007191726908e+00 3.323354695387576552e+00 9.582450823345187274e+00 2.925656042486972197e+01 5.932357119435954701e+03
-4.835799591177813284e+01 2.578306630468865990e+00 -8.458260007277274894e+00 -1.108818224889817472e+01 -1.553157770994735465e+01 -3.041122403774391358e+01 -3.572245078413391894e+01 8.226755582914892173e+00 1.007212909437672543e+01 3.095812850566066921e+00 8.382153599797510513e-01 6.891627227959421509e-01 1.898901185090206667e+01 5.522270795721051400e+03
-5.127171700385589759e+01 -1.392834991506584519e+00 -1.397519898816914008e+01 -1.500292392188086410e+01 -1.690553252629678127e+01 -2.489992477369228752e+01 -2.351014430306941350e+01 1.899322975639627487e+01 1.481698419992962279e+01 3.988669963773943561e+00 -2.958052856690382537e+00 -7.497628399276392130e+00 6.923196154836485761e+00 5.218743474441164835e+03
-5.010089146349666578e+01 6.593031999665046605e+00 -2.306106958080412106e+00 -8.940841965069560970e+00 -1.278895536195286375e+01 -2.964517440027290718e+01 -2.486019968340573527e+01 1.588959328609031374e+01 1.415234287076195585e+01 -1.372535794969707235e+00 2.211380869440838115e+00 -8.163634621877623232e+00 8.482349994269823057e+00 4.897384688555545836e+03
-5.185200163570340237e+01 3.023064021683264713e+00 -4.984278688182272710e+00 -1.639052947263996174e+01 -2.646486411831238073e+01 -4.771172316770939403e+01 -2.943316992431390133e+01 1.478459413557636815e+01 2.399008740821459185e+01 -4.867681302209699190e+00 4.951209797566623827e+00 -2.521129635385900070e+00 1.850218793932096517e+01 8.025374902876815213e+03
-5.173559846481074231e+01 5.690130072242001624e+00 -4.621290577697827473e+00 -2.386874515205609626e+01 -2.877303920639932500e+01 -4.169028917007846502e+01 -1.570271344305464645e+01 4.135216544075992040e+00 1.545599192340515593e+01 -5.427205135100002131e+00 1.506214313348023559e+01 5.392196585513145735e+00 1.731447390691920063e+01 6.953743460465797398e+03
-5.193735161948060863e+01 7.693136685464889268e+00 -1.878417197958308638e+00 -2.138040322167753970e+01 -2.551573181346895680e+01 -4.058696819385782106e+01 -1.496881914012907977e+01 3.824967834863582272e+00 1.159547289775353107e+01 -9.002595051283547534e+00 5.205601651545959996e+00 -1.175422265265907384e+01 1.240470530597518817e+01 6.289011882762532878e+03
-5.125368067744365419e+01 9.555022228209859136e+00 2.758857363782400984e+00 -1.140257867024007687e+01 -2.263732507271805261e+01 -3.539490879726398020e+01 -8.888879441932981962e+00 7.659457990338456312e+00 1.124940341807478639e+01 -1.439657938791763669e+01 9.030174320841769520e-01 -1.331905727531647621e+01 1.373703872100907297e+01 5.459525392048698450e+03
-4.771035316569899010e+01 -1.324747123221293732e+00 -9.445107189690853389e+00 -2.771726694807905567e+00 -4.492570787707960278e+01 -4.027063152225107956e+01 -8.847894709116010503e+00 1.558943863628654780e+00 3.067278465417420996e+00 -2.111494932493323518e+01 1.444779546269534798e+01 -2.004000730208065661e+01 1.795982361930073878e+01 7.483829044057461033e+03
-4.531573116782688260e+01 -3.060652160574656389e+00 -9.169270043023225014e+00 9.777220201158502988e+00 -3.804902958206985630e+01 -3.847579248275443575e+01 -1.752903104354761510e+01 2.659337677492302987e+01 2.599889184952377530e+00 -2.704247266362934710e+01 2.123482798576178965e+01 -1.450342523070732170e+01 2.281393999336067679e+01 8.104940380403937525e+03
-4.615926121726988640e+01 -9.743811218042743860e+00 -2.048621664976458590e+01 1.693740198493847604e+00 -4.433812271319373366e+01 -4.201266565744028014e+01 -3.317623046893783112e+01 1.881553986179901017e+01 -9.521087500912026158e+00 -3.129772479927500584e+01 1.118701283547193448e+01 -1.507133299763082057e+01 1.771351012954825777e+01 9.570054551878485654e+03
-4.565759080928578584e+01 -5.123407331265769749e+00 -1.452220912307278944e+01 1.470261044236299952e+01 -2.957045964080047185e+01 -2.295806050682014288e+01 -2.489455992021605368e+01 1.820343979761852893e+01 -7.961517279248656598e-01 -1.241955466425503474e+01 1.620512591126511381e+01 -1.954481328391737049e+00 1.866546633920361487e+01 5.660220104869386887e+03
-4.681676162917892725e+01 -3.433482544540594095e+00 -1.292488998880822137e+01 2.022678298331998192e+01 -2.438839273130774288e+01 -1.278777214089658898e+01 -2.084971584365067443e+01 6.716503768831269205e+00 1.418288593124563235e+00 -3.176880530932588709e+00 5.940548188461244550e+00 -6.645341872919437343e+00 1.127652850223958581e+01 4.236631281776275500e+03
-4.448504870088869012e+01 5.742110749076182463e-01 -6.809399278057091998e+00 1.333832190324285349e+01 -3.171619422082169848e+01 -1.502291959428083779e+01 3.273109944588656006e+00 8.922135050035706172e+00 8.205954927215471928e-01 -1.815877317256555301e+01 5.137500510108682583e+00 -1.252504106384704485e+01 5.470102375544278139e+00 4.069057862787788054e+03
-4.297438772115197025e+01 4.842166010863666159e+00 1.698410609091588030e+00 2.092182575274856049e+01 -2.614507582302069011e+01 -2.200119949652395590e+01 -4.060753069112063685e+00 6.826860032064094419e+00 -8.209786373366831924e+00 -3.845396018719580411e+01 -8.364789354312891945e+00 -3.745793074244345888e+01 -4.980852495659935819e+00 6.585548279979149811e+03
-3.696819072482732338e+01 1.873784315774579046e+00 3.036775141638696773e+00 3.419864691891665842e+01 -2.291898780441680472e+01 -1.918402869301111480e+01 2.995059997256148687e+00 3.852846992087044242e+01 -9.663134635503214387e-01 -4.229601254581446312e+01 5.817970008580723551e+00 -4.411121323327841282e+01 3.390844495577201023e+00 8.716680158489936730e+03
-3.447952976599642483e+01 2.179809172886007840e+00 -1.978169840627518772e+00 2.255248938214731780e+01 -1.728806884636442476e+01 -1.028883792705376266e+01 -3.953361682855850212e+00 2.214485294228681411e+01 -1.805120200472155645e+01 -3.146667115488152788e+01 4.676717655835092025e+00 -4.460585659317142415e+01 -1.250209978736194927e+01 6.100732481842311245e+03
-3.130245035539645571e+01 1.423295984732296349e+00 -2.469433896146559171e+00 2.814146217830405305e+01 -1.379004143401693483e+01 -7.602818756178585602e+00 -5.990574411346291761e+00 2.986459601859271373e+01 -1.603737800562639393e+01 -3.770827602638627241e+01 1.896614758450591021e-01 -4.526902801434421519e+01 -3.147551334679720370e+00 6.693997862356227415e+03
-3.138245533827144840e+01 1.393697050048448460e+00 -1.961848763576877541e+00 2.681026132147681196e+01 -2.542561505465638660e+01 -2.165038437843312025e+01 -1.002786579510154041e+01 2.842823204557147321e+01 -1.704175844305258281e+01 -4.465906023981981576e+01 6.881942711825560721e+00 -3.892141375543528170e+01 3.460083082923850473e+00 7.592426322992414498e+03
-3.047302153166199545e+01 2.141422816073108581e+00 8.511190391124865418e-01 2.456631713911020398e+01 -2.030450025535326475e+01 -2.123964200128531132e+01 -5.690878690098536197e+00 2.965550668470263318e+01 -6.755830058400224658e+00 -4.603212969406830268e+01 -9.562201705518242889e+00 -4.451749042917499111e+01 4.376795374355764712e-01 7.550681797194380124e+03
-2.626421370788714782e+01 1.377654469200115805e+00 -2.491107484870460631e+00 1.069435412165494803e+01 -2.742531496100345478e+01 -2.759610867330230022e+01 -6.914351477571657689e+00 2.871790706775773927e+01 -8.875468937584553686e+00 -4.127096488677989328e+01 1.195160778896529719e+00 -3.336239299953912507e+01 -1.103245861585541387e+00 6.096262556359390146e+03
-2.575159139772527084e+01 1.803896776377288402e-01 -3.818765705650072562e+00 1.016395990386782522e+01 -2.774435199913873262e+01 -2.547726890576457848e+01 -3.659174747625992374e+00 2.824883400618517015e+01 -2.634172097697049963e+00 -4.022160197509631985e+01 -5.958883928691288467e+00 -3.095996856519179374e+01 4.267483376334179290e+00 5.648248027368624207e+03
-2.056902997004853617e+01 -3.791430227281665788e-01 -6.730052237810554949e+00 -2.193921383305222628e-01 -2.285044203436111943e+01 -2.309338583138963585e+01 2.129718172631347883e+00 3.778162358754536854e+01 1.898196366751283559e+00 -3.112551107575202991e+01 2.464938536671214653e+00 -2.826813164825733793e+01 2.696189887362138826e+00 4.740837648058383820e+03
-1.852584729183456957e+01 -2.050065396677247520e+00 -1.117327990614490929e+01 -5.306420485970268608e+00 -2.731535856740567425e+01 -1.950673621772263289e+01 6.511098577534679688e-01 2.300613328149879777e+01 -5.523903889572130688e-02 -1.937473001302026887e+01 6.340757280607963509e+00 -1.271529505941581562e+01 -1.637457992934408635e+00 2.736706166839776870e+03
-1.797551665294217571e+01 -2.308071997635092298e+00 -1.011385681826894434e+01 -8.069967830688424826e+00 -2.949841516261066232e+01 -2.408383626342850903e+01 3.451718299669697121e+00 3.320533432916749916e+01 4.414905548591108619e+00 -2.071329222079858212e+01 1.293150215806840286e+01 -1.561695247544167131e+01 5.306406769441235127e+00 3.948359900330975961e+03
-1.613115223190782999e+01 -3.150080521310690163e+00 -1.350462875613354896e+01 -1.345694867199142486e+01 -3.109229335067732336e+01 -2.728165633616324826e+01 -1.023932001027377581e+00 3.037920907878887533e+01 2.856543429955917812e+00 -1.611788668189387153e+01 1.695161190045175914e+01 -1.917017274267129068e+01 1.210270985358631091e+00 4.192829340588905325e+03
-1.702004694921715355e+01 -3.566437963102034203e+00 -1.276593408395001639e+01 -1.190707747205615519e+01 -3.688735849102305053e+01 -2.913356040584370277e+01 3.363636358028256890e+00 2.102114304545114365e+01 1.742452781698358155e+00 -1.828480427656963059e+01 1.463956510806958278e+01 -2.281845183121587439e+01 8.025772684752910946e-01 4.342806057639786559e+03
-1.612198130096034276e+01 -1.984745571852243318e+00 -1.039476699257247816e+01 -1.219791700588385730e+01 -3.960690916173015097e+01 -3.314271552957637823e+01 3.448258464146131352e+00 1.631319744781454872e+01 2.131425237342268186e+00 -1.936179783201861326e+01 1.437261757710877319e+01 -2.387033759005561961e+01 2.321732737017919934e+00 4.627033384006231245e+03
-1.715100210442303208e+01 1.854713453307292204e+00 -7.256905413125020132e+00 -1.391086993982697528e+01 -3.270840919135152802e+01 -2.286111744738385099e+01 1.121640620363420382e+01 1.380161384537259472e+01 -2.839444015909959873e-01 -1.035241179029305059e+01 2.096458319095514966e+01 -1.065648725130033014e+01 -4.031071175776568261e+00 3.129111907502075155e+03
-1.896357824607590103e+01 -7.506886683795811477e-01 -1.063702130902335341e+01 -1.972327855194531310e+01 -3.372025621420777952e+01 -2.791728140778618439e+01 4.684030958267375588e+00 1.837360261328739952e+01 5.379890560483212347e+00 -1.949269456225255581e+01 3.364720947518884397e+00 -6.428530971142817130e+00 2.447452621301767217e-01 3.599910093385467007e+03
-1.966882700157618302e+01 1.009829354789018252e+00 -7.237050083409047652e+00 -1.754951135224354175e+01 -3.429788294968219731e+01 -3.295698476535565646e+01 4.797460184817716744e+00 2.480688828669961410e+01 6.320324151631167453e+00 -2.028044426550270884e+01 1.305079082467790386e+01 -1.017357385438671358e+01 2.279812268364774130e+00 4.379412910990712589e+03
-2.083835806801899082e+01 2.946857206591857015e+00 -6.236860327573992890e+00 -1.155570477429113829e+01 -2.823504971985821044e+01 -2.299499688790038121e+01 7.567843176825420848e+00 2.086269164204583149e+01 3.615878088949467273e+00 -1.970171045895898132e+01 8.516078711415635993e+00 -4.824286802683425357e+00 5.483237966318064593e+00 2.960961149132423998e+03
-2.011130847603335781e+01 2.608074098806851815e+00 -6.444248479859149725e+00 -1.126083748905536552e+01 -3.016642440329313501e+01 -2.468742554092177599e+01 4.627352196513450977e+00 1.569420039432494995e+01 -4.193047328120258044e+00 -2.297209929297864761e+01 8.396890409616849738e+00 -1.639033294205560054e+01 -2.547409651159215915e+00 3.257743104289777875e+03
-2.098383517182316282e+01 2.223697759814009522e+00 -7.559804473374607703e+00 -1.082184199960604332e+01 -2.449272538076476735e+01 -1.459511977545882822e+01 1.478715484187664053e+01 2.144238797687150466e+01 4.646013377969006264e+00 -1.582618797847941394e+01 5.322339787755984375e+00 -1.146172952113155219e+01 -3.922742259302076206e+00 2.558016263994460587e+03
-2.315889767635728802e+01 2.021251428366506619e+00 -8.640417182533990825e+00 -1.260026545366085315e+01 -2.540399533018394251e+01 -1.578914588281214648e+01 1.215437697280427010e+01 1.181905062764582581e+01 1.275085533838283158e+00 -1.808042287155170058e+01 -2.420101667770997000e+00 -1.248309214188829230e+01 -1.944391802712513995e+00 2.449915116612639849e+03
-2.325352340833724440e+01 3.344039163325112085e+00 -6.922187248119599623e+00 -1.757156006468446918e+01 -2.695310014918676345e+01 -1.986875349569582383e+01 1.338149758079906171e+01 1.170066442175598453e+01 5.489583405448443365e+00 -1.588802105095934358e+01 2.645206916726272617e-01 -1.190398546892685161e+01 -4.534010365897683137e+00 2.790689176892992236e+03
-2.475620640919730064e+01 7.148763897395842726e+00 -2.900826929416623567e+00 -2.045791151804590768e+01 -2.558003872359370590e+01 -2.101117253681723440e+01 1.361981482521952991e+01 8.316361281243796810e+00 7.252758642135946232e+00 -1.556881745452040278e+01 1.497912378948840439e+00 1.571747176792086975e+00 -5.729438687857616230e+00 2.773915678109950932e+03
-2.758888549516771604e+01 8.996176647611088484e+00 -1.019437551372638140e+00 -1.991500942223369819e+01 -2.655905180461521908e+01 -1.608276636790381886e+01 1.703430998539541363e+01 -8.086226338550872583e+00 6.356583811248799343e+00 -1.337994476727563864e+01 -1.246027358579778443e+01 5.175266266874408494e+00 -5.002335265940781817e+00 2.985812266834563161e+03
-2.845010397231784438e+01 1.225340028582755814e+01 3.448697103616140236e+00 -2.247209487497621794e+01 -2.749031450910663921e+01 -1.804653941463900324e+01 2.200634679877461153e+01 -1.767691673995160073e+01 1.030746376954491339e+01 -1.017535448798889064e+01 -1.568062166759391296e+01 -2.858643066711590741e+00 -6.651900850590384273e+00 3.862673625203549818e+03
-3.079533598163302699e+01 1.458828876356905724e+01 5.152836226251561236e+00 -2.179035094577849918e+01 -1.418525705922689006e+01 -1.310121976748458117e+01 1.571760924839190743e+01 -3.601467254880216462e+00 5.637948192272821402e+00 -1.001893140295609186e+01 -1.164669913527745315e+01 -4.122317281293713442e+00 -6.337933375392505120e+00 2.620393233153213714e+03
-3.446641190887482509e+01 1.194498194143478109e+01 3.594559062207548727e+00 -1.256968303564966760e+01 -1.822931039399308162e+01 -7.284665493789423962e+00 1.833147209782253029e+01 -1.212969679706689874e+01 6.119260385778837019e+00 -9.271108408584563421e+00 -1.811780131950353478e+01 -9.904919400262430784e+00 -1.554743422969045774e+01 3.161564115278739791e+03
-3.458226974044305280e+01 1.202331043960911039e+01 4.992418592449758385e+00 -1.112525241207788618e+01 -2.005379892074973824e+01 -1.051002872790637710e+01 2.269469828193954442e+01 -7.921799309983223125e+00 6.522002348743915157e+00 -1.544072721288489980e+01 -1.524220905417137040e+01 -1.182299860412856418e+01 -1.554618076653493830e+01 3.474353189163676689e+03
-3.588867761555066949e+01 1.137302508705222159e+01 4.007450928673411461e+00 -7.463102702540401090e+00 -1.673260711356206087e+01 -6.679807362792146819e+00 2.327952467514118240e+01 1.568249918132245124e+00 4.939884291416306028e-01 -2.025100906590726169e+01 -1.127193256477481142e+01 -2.313431803855045210e+00 -5.633483884858592639e+00 2.932588053537571795e+03
-3.551750337797546564e+01 1.054507871715557599e+01 2.497885059184364653e+00 -6.023137259330466620e+00 -1.343349863117851051e+01 -5.606851409772360739e+00 1.575874128398265306e+01 8.691583926777171953e+00 -2.453299461675684690e+00 -2.204330702842808520e+01 -1.195169302351841978e+01 -4.160829888287346456e+00 -1.229086635995982668e+01 2.754133500150271175e+03
-3.590885786667675461e+01 1.138091358352343363e+01 5.370802062857287673e+00 -5.065838674231001981e+00 -1.861890001130701577e+01 -1.294633545409671882e+01 1.700631072342772399e+01 8.266820650037693952e+00 -4.343260853999051818e+00 -3.348394412961316391e+01 -1.587231548438417938e+01 -6.868619977098473051e+00 -9.930513285556177294e+00 3.883067333620423142e+03
-3.565422509564579201e+01 1.200066435158609046e+01 5.338386962016014259e+00 -6.762044647398590236e+00 -1.706623263010424196e+01 -1.136349058869144102e+01 2.023368364974771794e+01 9.519578294018566922e+00 -5.371905218285862205e+00 -3.026203487245364698e+01 -9.225804115301592390e+00 -6.112704303708667020e+00 -6.286550306631102814e+00 3.516522325230318529e+03
-3.625121341894693217e+01 1.167577917898723783e+01 3.484849225640177739e+00 -8.369197363564857994e+00 -1.824866783876861476e+01 -1.476982179234418346e+01 1.064870477657631298e+01 -1.044678857014130213e-01 -1.253698567780945794e+01 -3.096340200138298826e+01 -9.414403005593138474e+00 -1.004390317467497518e+01 -3.749291821513307532e+00 3.516705710525072391e+03
-3.842255933138953594e+01 1.248417228298959714e+01 6.174462623354687096e+00 -8.681874872454717007e+00 -1.582986441460384519e+01 -1.187267686433253111e+01 2.164214324952777346e+01 3.105705513111872929e+00 -6.186970968837614215e+00 -3.204168174502599697e+01 -1.067634790187910809e+01 -4.438944310081249789e+00 4.794170093202611227e+00 3.836840074441822708e+03
-3.791758796937249798e+01 1.284722258414145379e+01 6.487820264036374240e+00 -6.138561265044694792e+00 -1.409213297582563129e+01 -1.005496685600159523e+01 2.210491678215061384e+01 6.262786953843453297e+00 -4.726740606306265136e+00 -2.501127195644825463e+01 -1.657506839224444528e+00 -1.048397804621555451e+01 2.924143590942647197e+00 3.279226310358178580e+03
-3.770074607856105331e+01 1.219594327754932017e+01 4.965542476548296058e+00 -6.686777080843212540e-01 -1.304412447006779807e+01 -1.421084890380094912e+01 4.949367831162606812e+00 7.294660283171583437e+00 -5.863660369211478596e+00 -2.549729421889081848e+01 -5.418030907796161699e+00 -1.393131984085398045e+01 1.204653842689436677e-01 2.952942518350299451e+03
-3.723117017692870689e+01 1.267748487219575892e+01 5.639678394995556232e+00 -1.176394668656232989e+00 -1.161889444170672547e+01 -9.587150419496902387e+00 7.814541326806387467e+00 2.175844259006395554e+00 -8.509400051419314437e+00 -2.502502990999877497e+01 -7.390770494618639219e+00 -4.989468698871409202e+00 2.413158860656953397e+00 2.656785681164338257e+03
-3.770163012960547633e+01 1.305052537479606123e+01 6.589441868512399658e+00 1.519199392676738036e-01 -1.068602848211085998e+01 -7.843186777653249564e+00 1.032378401486294806e+01 9.007762451427089090e+00 -1.031281040341261424e+01 -2.432576970084145529e+01 4.270309490868222091e-01 5.108194079928420450e+00 8.028048678644251979e+00 2.787422732842228470e+03
-3.995663411093263306e+01 1.477708634941442334e+01 7.681516219385654765e+00 -7.297579166856774435e+00 -9.438920413797726283e+00 -8.907882405979826501e+00 1.134349642950945380e+01 5.681284139005296829e+00 -2.182544385756978045e+01 -2.382139400627209014e+01 9.985138675597832858e+00 -2.724629251351787573e+00 3.325262569985721339e-01 3.407596716451221710e+03
-4.131717070784635126e+01 1.581224594540883110e+01 9.478868578236482989e+00 -1.641870714633669071e+00 -5.155893354950515040e+00 -4.239997701504149674e+00 1.400915251749906787e+01 9.072081229624117116e-01 -1.354106496922230285e+01 -1.962030321408930078e+01 4.560757840624100723e+00 -3.919515548091068169e+00 4.508686194524440971e+00 2.916128707866507739e+03
-4.303319541506133561e+01 1.609238779409274755e+01 9.371563226014123060e+00 -5.863616635509182551e+00 -8.855494758073271910e+00 -8.900080907338201897e+00 1.050804383087222504e+01 -1.026414384299343840e+00 -1.470192811494075258e+01 -2.084560729068904195e+01 1.561317894439110177e+00 -6.657822243938500861e+00 -5.358632714317346668e+00 3.228298077881822337e+03
-4.426440606263864908e+01 1.828897880857224223e+01 1.217847399430177546e+01 -9.651445453055821133e+00 -4.601694044511319137e-01 -5.787509291457269001e+00 1.649977788169896797e+01 5.013881936257766014e+00 -2.019270893105449716e+01 -3.690227682810436249e+01 -1.158408963632678379e+01 -6.329330271480380077e+00 -7.337457019632509514e-01 4.810692186212811066e+03
-4.370279434832125531e+01 1.665645835847840317e+01 8.805583025264949626e+00 -1.052583489770501579e+01 -3.483697483292350405e+00 -3.689792754148196963e+00 1.729050510838774457e+01 1.838066122466980090e+00 -1.247981028697464190e+01 -2.727231847110087060e+01 -1.633927933206987859e+01 -9.089018036835899039e+00 -4.751211298576856201e+00 3.975475430662455892e+03
-4.574394515460372901e+01 1.701625921738502001e+01 1.100349868126134645e+01 -6.216594137628666417e+00 -4.835867915763505387e+00 -4.377788964992963550e+00 2.001707408037437119e+01 -7.250028248232819328e-01 -9.018604806513364380e+00 -3.135028907373837725e+01 -2.368902853242241946e+01 -1.704629965639715294e+01 -3.294375187935403293e+00 4.912319330844596152e+03
-4.582426481043609812e+01 1.689916436134703304e+01 1.022447878461233195e+01 -8.819636641590179238e+00 -1.694216231395742900e-01 -8.793055811936690835e-01 2.202825492099823990e+01 7.172609243742026131e+00 -8.278559415027459067e+00 -3.196448383403154736e+01 -2.256632515922780868e+01 -1.578286604149412753e+01 1.282467134388177277e+00 4.955508565045599426e+03
-4.624057681492299565e+01 1.762979421442330974e+01 1.067295020262559113e+01 -6.128279622362027723e+00 3.481754599683435814e+00 -4.159852862115763550e+00 9.331973512229170709e+00 8.928079354830966707e+00 -1.656573509175803594e+01 -3.330505362883943832e+01 -1.525661408753676973e+01 -1.515358385994130330e+01 -1.540984589600700727e-01 4.642760886804792790e+03
-4.594354892655081812e+01 1.748000599189211712e+01 1.115856213038519051e+01 3.208494239158202199e-01 1.650925882560988489e+00 -7.096782095204702934e+00 2.974523800532623774e+00 1.162084297627584917e+01 -5.904515293436885415e+00 -2.618153835062475210e+01 -1.506165580039897378e+01 -2.054967493842644899e+01 -1.382066478962154843e+00 4.109347380841789345e+03
-4.685307265338635574e+01 1.741298237151690742e+01 1.081860828316640699e+01 -2.817725305407518643e+00 3.180181652767390954e+00 -7.637501576763652267e+00 -6.703545807747574026e-01 1.545609654349510365e+01 -5.200813806698559638e+00 -2.525792058746495528e+01 -1.460694571525819185e+01 -1.541908466433352842e+01 5.130583852494412511e+00 4.073634456857555506e+03
-4.732623812440343869e+01 1.685371152522987259e+01 1.095665583157701484e+01 -9.726830651491855662e+00 2.837031908454780371e+00 -9.456956475814742191e+00 8.923481326793726964e+00 2.053534525863895510e+01 4.386106912446246398e+00 -2.605545991499835523e+01 -1.993135650441753626e+01 -1.769048746714405951e+01 6.915021127223135444e+00 4.793446409784826756e+03
-4.926279464268700536e+01 1.459834309363841243e+01 1.096844828079780143e+01 -4.172275654467418882e+00 -5.907560039943693386e-01 -1.554040657463230879e+01 9.805734492977542516e+00 2.866102269678447811e+01 1.029144555282548801e+01 -2.794100702857184260e+01 -1.372963924710996864e+01 -2.130004634547729836e+01 1.489705801870141855e+01 5.687840210171317267e+03
-4.814295252629065658e+01 1.447210999253046104e+01 7.604420160495030778e+00 -9.238932218149070508e+00 -2.147687289467435645e-01 -6.004229691811180381e+00 1.496986754416015586e+01 2.072538515945943516e+01 5.545125322552529212e+00 -2.010612822519154363e+01 -1.371593126655007033e+01 -1.857840302316665060e+01 2.886221485614678617e+00 4.336725255104688586e+03
-4.979658712044611235e+01 1.714153146993163190e+01 1.415973433723872965e+01 -5.419548302328448308e+00 5.727074704017143247e-01 -8.814199907328324812e+00 1.866668615355067828e+01 2.115007061171615632e+01 8.192840115257752132e+00 -3.465432873305008599e+01 -2.717505866817686666e+01 -2.464691754369895449e+01 9.360060658356728069e+00 6.578800765615370437e+03
-4.951797143211450702e+01 1.638770397622296215e+01 1.090574121019176701e+01 -8.439687374970549882e+00 2.024177436036238564e+00 -2.662249089469607366e+00 1.881970180990166952e+01 1.357134937340702052e+01 9.900655228946622088e-01 -3.005160025773090737e+01 -2.726802329671246383e+01 -2.275961631197970192e+01 5.362089249967467719e-01 5.626209072210474915e+03
-4.887113660784815039e+01 1.606388234847371876e+01 9.157991772992795987e+00 -5.964624396694678587e+00 8.885754469328333016e-01 4.957952525028327395e-01 1.836386827478408534e+01 6.859271431013060472e+00 -6.692358775362925449e+00 -2.460316406759183749e+01 -1.801757077762339421e+01 -1.645604462267176160e+01 -4.674996982864047190e+00 4.418591715046480203e+03
-5.152179542173418270e+01 1.559827303555614364e+01 9.901238787069690517e+00 -1.016426948167061894e+01 -5.374788461135716844e+00 -1.024450744865446161e+01 1.685650912822424985e+01 4.043191810185842172e+00 -3.593084717432551312e+00 -2.595284983680842572e+01 -1.567574466767762509e+01 -2.706851876333410090e+01 9.004390697188529025e-01 5.199181154540781790e+03
-5.107068999590606495e+01 1.816898323328602771e+01 1.297687814742471701e+01 -9.406846409825570632e+00 -4.892989714827597147e+00 -1.050892855689605554e+01 1.748341491853062024e+01 4.691746509551456334e+00 -4.454909354541214839e+00 -2.783109260737181501e+01 -1.208789443496396743e+01 -2.615022416347704137e+01 2.989577718500853742e-01 5.281733389004833953e+03
-5.082048015626087079e+01 1.534476451814651021e+01 1.102294095288569942e+01 -4.810426586487502654e+00 -1.193059370647337047e+01 -8.269839240852942197e+00 2.651974646310500106e+01 2.334774281734960655e-01 -1.206536171587633710e+01 -4.350310365129110579e+01 -2.273837022415724363e+01 -2.572594801870340930e+01 6.672703849639327611e-02 7.093864519099843164e+03
-5.045855251515165207e+01 1.465161584419153762e+01 1.075512865547199581e+01 -3.917760140876114239e+00 -1.219348557414793888e+01 -1.273295657242338308e+01 1.953043951879617879e+01 8.149349280919958360e+00 -1.886445829096764371e+01 -4.877795892124748178e+01 -1.352506115071038906e+01 -2.225362013557118246e+01 6.144721863639181159e+00 7.101481798894038548e+03
-4.986727790182615649e+01 1.365781659454234465e+01 6.898320812556240966e+00 -4.526326708826944767e+00 -7.828663796754682380e+00 -3.073066469359773123e+00 1.594557622495747218e+01 -2.201652625002628039e+00 -2.146124621559768997e+01 -3.348181226374430963e+01 -1.183347616707369632e+01 -8.317891593604249678e+00 -1.167927354441581217e-01 4.862045173664763752e+03
-5.304451859216914045e+01 1.545257713417854006e+01 1.057559975309305678e+01 -3.450125439249802639e+00 -1.068533071497733644e+01 -9.713055473369362147e+00 1.650205074718747511e+01 -2.309531444101986075e+00 -2.714905745592418285e+01 -4.188903724096238790e+01 -5.700266049519796319e+00 -1.341654975580167175e+01 2.093957922748244993e+00 6.371065383805387683e+03
-5.499332429687056134e+01 1.614424342107231425e+01 1.274583353711082623e+01 -3.649573745451027307e+00 -1.384396544643274929e+01 -1.287623843165495607e+01 1.877660236528573989e+01 -2.746225981249442505e+00 -2.775331739765050187e+01 -4.255762916847456268e+01 2.078886670129441061e+00 -1.285380730977883879e+01 6.834392434418406381e+00 6.975882902001759248e+03
-5.415514220724340078e+01 1.624588218105589021e+01 1.151578978948239751e+01 -5.117045499725628943e+00 -8.342035804350050654e+00 -1.447063507037825048e+01 5.363187986728789269e+00 9.430764523689388668e+00 -2.459100264715021567e+01 -3.972845805558277732e+01 1.212089447230625838e+00 -1.331871613407390420e+01 7.316670429510859996e+00 6.167656447161260076e+03
-5.586661594743880954e+01 1.746574971653187092e+01 1.407442767740402623e+01 -2.170556865875289621e+00 -4.753185364863765194e+00 -1.613686175598863315e+01 2.542392476978279969e+00 1.776356511150737560e+01 -2.389574847388669809e+01 -4.360555784322432515e+01 3.273932184913695753e+00 -1.054472734847370141e+01 9.910666944458929706e+00 6.926513801591128868e+03
-5.320861811664227758e+01 1.249215636599106638e+01 5.005494534158200004e+00 -2.072830523976100014e+00 -1.281710360234882273e+00 -2.548717025405902614e+00 8.789476720151929712e+00 2.318916616843036493e+01 -2.093436976357352819e+01 -3.155664661094248302e+01 3.335391393520919401e+00 -6.360070336145382974e+00 1.154516956320852294e+01 5.258629736389809295e+03
-5.320615476529204813e+01 7.445458363309761296e+00 1.690655021892647047e+00 -1.737748680653346645e+00 -1.442395695578788306e+01 -8.378546601998237975e+00 1.071454431476426628e+01 1.865192708820604395e+01 -2.856844518762764196e+01 -3.855481753906811804e+01 1.036467887125662557e+01 -1.244190682655919922e+00 1.757024292244280517e+01 6.353472292251284671e+03
-4.780115019393788600e+01 6.676089730556642898e+00 -4.103615426335942118e+00 -1.304758399078209230e+01 -1.192492856347160490e+01 -6.913883765534797554e+00 8.077304388201588026e+00 1.912156345107458932e+01 -3.124856928078489560e+01 -2.839338723310354951e+01 1.354172177493810025e+01 -7.902428155167907420e+00 2.341799037128938110e+00 5.171450129250687496e+03
-4.811038442240541713e+01 2.980825201244895695e+00 -3.548493889621759934e+00 -5.257030022983828488e+00 -1.344374891987976817e+01 -8.697982559929461066e-02 1.543909789595280380e+01 2.490578571974709376e+01 -3.773999517400267933e+01 -4.089276812447872089e+01 5.358230779330895865e-01 2.947968155234868881e+00 6.370663900416992043e+00 6.549217140132173881e+03
-4.844674901941179712e+01 3.816879909184701880e+00 -3.470821102532649416e+00 -1.001145083642755296e+01 -9.694545677527077743e+00 3.863752653720466390e-01 1.037152554658437609e+01 2.568872773966439738e+01 -4.031369105300598221e+01 -4.061089439485801478e+01 2.404443926683065558e-02 -7.855998831342078326e+00 4.205942263765756195e+00 6.689390262519177668e+03
-5.005014376358546002e+01 6.994104176060135458e+00 -3.018716797704239951e+00 -2.870861854638389943e+00 -7.123127030144412508e+00 -1.537198563936741591e+00 6.606587336599040183e-02 1.590569167532912687e+01 -2.536623561035142416e+01 -2.597330525196125350e+01 -1.607303694429749408e+00 -2.692502167508650679e+00 -9.643199046275187092e-01 4.206207594075160159e+03
-5.227684003017056114e+01 9.972653878544306849e+00 2.683899038088099154e+00 -7.856454510069280417e+00 -5.412653475368406575e+00 -4.440245657350379460e+00 4.956088650401657247e+00 2.379392225499372060e+01 -3.187981679116205669e+01 -3.212350421684507040e+01 6.016029702838812554e+00 2.153410459189205373e+00 -1.731425658504242293e-01 5.630077180713103189e+03
-5.456852643880845477e+01 9.197764738187082401e+00 1.228687100063035942e+00 -2.781847715903080775e+00 -2.107367179054931761e+00 -3.475490437227214180e+00 -3.507580881847701892e+00 2.067038297747413722e+01 -3.262287692444843401e+01 -2.954353749943663132e+01 6.378637055792697907e+00 5.505591621821287696e+00 4.473766301149650459e+00 5.555745030392514309e+03
-5.755441590026384091e+01 1.269980209419322392e+01 4.683175279857309192e+00 -6.344185410429822980e+00 -3.031827597140027919e+00 5.368780444788563422e+00 1.959566534524535797e+01 3.139549182434377972e+00 -2.450039091519048640e+01 -1.638222500441924012e+01 3.679556202623917027e+00 3.423081980203533270e+00 -2.667332421686174460e+00 4.868856970942701082e+03
-6.151935438080151641e+01 1.370928872965845180e+01 4.000776328243203395e+00 -7.279681494677148201e+00 1.739249280601130820e+00 4.517217472870083128e+00 7.079657988961931991e+00 -7.806924683793601272e-01 -2.060754260489027700e+01 -1.300772126915096116e+01 -3.588261011026943947e+00 9.833180348517803537e+00 -9.219806860453621411e+00 4.904180330746580694e+03
