-7.935553935883260124e+01 -1.608119452880899658e+01 -5.802670413625247825e+00 2.489673607894895557e-01 -4.479077225543441898e+00 2.099650386749193909e-01 3.824867245762026413e-01 6.308998689062701004e+00 1.732994687248006427e+00 9.790098656917627373e-01 3.309166357229938460e-01 1.606738413981695812e+00 5.708648927150881125e-01 6.656674123523093840e+03
-7.997065554495240747e+01 -1.670765297670930494e+01 -6.637088111389466860e+00 -3.426833407392508413e+00 -4.575767573694640156e+00 2.798699990733147125e+00 -7.221533478085429003e-02 2.474016952325252650e+00 1.164363021285534483e+00 3.253397694587348177e+00 -3.887863007922972791e+00 -8.637459769136528465e+00 -6.910333535978114838e+00 6.914556124956288841e+03
-7.982749232911417892e+01 -1.745275320548645936e+01 -6.618246449404453280e+00 -4.317635852628258775e+00 -4.087235596589612108e+00 2.569277273895800739e+00 -2.894539525328420737e+00 -3.349021216293397440e-01 1.401798484171399073e+00 3.125426445033780976e+00 -6.020286979523462811e+00 -8.159490796037861315e+00 -5.689060124712787214e+00 6.918187370376888794e+03
-8.039979745220908569e+01 -1.789180515593492871e+01 -6.126858051803104388e+00 -2.097467299173561894e+00 -3.353033131896037577e+00 2.187739508315219794e+00 -1.687648957259012539e+00 4.235276458201865601e+00 1.069843894781052107e+01 8.013972986929484676e+00 -2.534515566677901788e+00 -2.667622752652199392e+00 -3.959680379714374698e+00 7.070896049745365417e+03
-8.113512868214465357e+01 -1.855166871866481415e+01 -2.657264664239515906e+00 -4.940379806044168931e-01 -1.226114202858687108e+00 4.951032093495823183e+00 -3.907706911367478386e-01 1.831243031206333249e+00 5.771106636843278181e+00 4.101845210458092694e+00 -6.717556300939928171e+00 -6.827711490636999336e+00 -4.885298645903294990e+00 7.129641030798738029e+03
-7.313691329457279267e+01 -2.669488203890477962e+01 -7.901009871909321802e+00 1.423740842891244807e+00 -1.203742255225266078e+01 9.754596294490823993e+00 -4.969699442094943187e+00 2.278532595207214229e+01 3.968777844562090706e+00 -1.664392257370042927e+00 -1.192109164027501222e+01 -1.314585758417024586e+01 -3.043109191640537059e+00 7.252706400406779721e+03
-6.601081053632040607e+01 -3.466137151910735525e+01 4.627021314937509899e+00 1.587394054821768208e+00 -2.210554741482669527e+01 1.511076836871530560e+01 -9.705455656057964120e+00 6.067678115213715806e+00 7.819527385639892358e+00 -9.697364092392875889e+00 -2.628049560888172209e+00 -5.998444050743350076e+00 -1.891043985569320629e-01 6.628877678658554032e+03
-5.463243749172391972e+01 -3.228751591092923690e+01 1.126961183408668177e+01 -2.912359661865177252e+00 -1.749696881678382709e+01 2.527640082290368895e+01 -1.439154502193744278e+01 7.901179063460462837e-01 -1.518087816577203153e+00 1.278186582546599059e-01 -4.159219459423821874e+00 -3.193846912982100328e+00 6.996293602355024843e-01 5.345764284521805166e+03
-5.759454710872329741e+01 -4.748310631354087974e+01 3.250882464023061136e+00 -5.682727269794730418e+00 -2.368923824546510915e+01 1.417543577350497941e+01 -1.117153579882468861e+01 1.523726152840993109e+01 6.053102865963953860e+00 -1.932409061683538809e+01 -1.508314836014774230e+00 8.051466344972426636e-01 3.783451101815457740e+00 7.161037516329507525e+03
-5.569244194757619937e+01 -4.469547547567037782e+01 3.417221767475115413e-01 -7.277810274305791083e+00 -2.286596816523690734e+01 1.212179106726321542e+01 -1.406102460156272471e+01 1.325424148909196376e+01 1.524777235746777215e+01 -9.531197081811779270e+00 -1.465584926278541644e+00 -7.082329873769086515e-01 -3.716763152429550243e-01 6.521720519725549821e+03
-5.565463789993997779e+01 -3.435463236882129934e+01 -2.797116992388674728e+00 -4.174318792539883027e+00 -1.449312850343288339e+01 1.483851279002531953e+01 -8.044031027691021407e+00 -7.853629655365998441e-03 1.906884706816703812e+01 -4.872959610073329451e+00 -1.236059193456367389e+01 -8.946273277676475288e-01 -1.904969414674908101e+00 5.342447181681664915e+03
-5.754814318535252227e+01 -2.703432446303258629e+01 -1.273061773860228207e+01 -4.930094920881053611e+00 -1.331581495173966445e+01 1.930464604281978680e+01 -8.179720248041618902e+00 -1.315820161179661341e+01 2.303570037981704388e+01 7.225561803034033836e+00 -1.307225312346348645e+01 -1.093287698326087298e+00 1.644012750827614111e+00 5.776678419848373778e+03
-5.279532807943475348e+01 -4.357042369562714512e+00 -6.050871428052948531e+00 -9.198311412330189896e+00 -2.407162789430816474e+01 1.920230718381435331e+00 -2.797406395716329186e+01 -2.543989776842801120e+01 -3.350638983422179251e+00 -1.122514109286013723e-01 -2.138475430208894323e+01 -1.212451837031146695e+01 -9.936925308445916372e+00 5.654713200178578518e+03
-5.084925107312075454e+01 3.925686183066209312e-01 -9.865252870265290852e+00 -1.926845278854924359e+01 -3.222974136216824803e+01 -4.147323694875571398e+00 -3.131297820308050461e+01 -2.391724253585852011e+01 -2.909079607623333619e+00 2.777134615499738945e+00 -1.715771366627293659e+01 -1.014765359140181111e+01 -1.070895782853376588e+01 6.191109558718500921e+03
-4.851309750398537091e+01 4.187551618789881580e+00 -8.272606097714131579e+00 -1.725562053183329070e+01 -3.071723499685763414e+01 3.601003672183279020e-02 -2.362406675726854388e+01 -1.178182700693163731e+01 1.798044509870394991e+00 9.439961959543580861e+00 -1.111604000419240634e+01 -6.971129167523129055e+00 -8.151098916344452050e+00 4.708655716572083293e+03
-4.689078734342204058e+01 4.682199820349802089e+00 -1.206485612445908018e+01 -1.393676407481041402e+01 -3.263040708197281958e+01 7.648732057346267155e+00 -2.061366280388969230e+01 -5.159310364641874536e+00 -6.513557259464225702e+00 1.283303558475239647e+01 -1.465289566054451242e+01 -1.715770088088213896e+01 -1.268320503166928859e+01 5.012322196199870632e+03
-4.492426714387342201e+01 3.882848600298696162e+00 -1.087793423152610650e+01 -9.686045636123111535e+00 -3.576428317633340725e+01 1.238849100024123118e+01 -1.631878979448924483e+01 -9.196060280282097210e+00 -6.491930557871743446e+00 2.208439094300905126e+01 -1.222577859345400419e+01 -2.386084795452936547e+01 -2.247018877969185979e+01 5.782428907104949758e+03
-4.577682359831764103e+01 -1.917314264396426493e+00 -1.787553307996937235e+01 -1.850749250737077034e+01 -4.380021141424593623e+01 1.565996005908607769e+00 -2.440257373617371428e+01 -1.366473400075750355e+01 -7.455456190115882009e+00 2.582301672593164099e+01 -8.550575254823321814e+00 -2.172348779434048183e+01 -1.728802297873255611e+01 7.030687075710352474e+03
-4.580386397365050044e+01 -2.326532498604851451e+00 -1.685587096687058661e+01 -2.135668530305080637e+01 -4.423537007886977790e+01 1.794454334292041042e-01 -2.745767922601681121e+01 -1.068239186370860949e+01 -7.735255273575648793e+00 1.944340032975802757e+01 -1.582116726933604944e+01 -2.217930786880724980e+01 -1.648454846384270667e+01 7.120324272546929024e+03
-4.569112163694637019e+01 4.332657963216020924e+00 -6.017010522126565952e+00 -1.072883374113476407e+01 -2.875932604860690134e+01 8.017123253259402560e+00 -1.754977876978224316e+01 6.425343157147601403e+00 1.810253232810583590e+00 1.919424535811728560e+01 -2.018519515710543288e+01 -1.977845041701073470e+01 -1.579054593343138890e+01 4.918082297059077064e+03
-4.634109939817858503e+01 4.861142881407726435e+00 -6.220037463201875561e+00 -9.743608257556420682e+00 -2.462253137136689318e+01 1.166603205047650194e-01 -2.535016163486369223e+01 5.802866984535719475e+00 9.732281013740600173e+00 1.553721315531140945e+01 -2.844400380382090887e+01 -1.345143536945770180e+01 -7.055979194378141806e+00 4.963253187029912624e+03
-4.902135305791085784e+01 1.033854703794616858e+00 -7.010390898316912534e+00 -1.539580325139198358e+01 -2.852783655149660902e+01 -1.139430395298716725e+01 -4.232253659158966030e+01 -9.141365157000223007e+00 1.201829018689726603e+01 9.807217894003775527e+00 -3.030468526778367888e+01 -1.734919770204271572e+01 -3.274449118619676025e+00 6.979478979793067083e+03
-4.761757185563332229e+01 -8.178119464161964558e+00 4.569833199722034500e+00 -1.734295318514341133e+01 -2.565060517156009112e+01 -7.128713987579954114e+00 -3.900513974490102953e+01 -2.031568268982779912e+01 1.344439769667068418e+01 9.328777494734341147e+00 -1.829349342002309342e+01 -2.298158945503335104e+01 2.747356974330552148e+00 6.437007431213912241e+03
-4.538104672346913304e+01 -2.073248724333942761e+01 1.805377649246474192e+01 -9.475830650963699142e+00 -2.040684495306634005e+01 3.903543453692567056e+00 -3.181120144892132018e+01 -1.151383793404778721e+01 -5.368641248529659737e-01 -1.272954838245056131e+01 -8.538657277834932557e+00 -1.238055650128275786e+01 -9.903781809735015429e+00 4.967804981841584777e+03
-4.723092598945104470e+01 -3.534480940737608989e+01 2.502522125187607571e+01 -6.929944393254080515e-01 -6.162275642406456200e+00 1.108316410096864990e+00 -2.332700558378827438e+01 -9.593887325936950816e+00 -5.268332784210451258e+00 -2.040916506537989505e+01 -5.769646615076440277e+00 -1.076174904387156417e+01 -1.378388907867359237e+00 5.377445101268353937e+03
-4.487108868090400904e+01 -3.693331755838490693e+01 1.947682743906582559e+01 -8.628674259316470696e+00 -5.228391544172833250e+00 5.603923535621003538e+00 -7.399702706268539210e+00 2.208863989640793779e+00 -2.947370164494250155e-01 -8.864327451011345005e+00 5.506101405144509187e+00 -4.819203328354143778e+00 3.410366739675110281e+00 4.093495735011202669e+03
-4.685671000683970533e+01 -4.147822186433394620e+01 2.185788270417085144e+01 -9.522045648189930489e+00 -2.369858621595208881e+00 5.975184578997176033e+00 -6.066469837902288553e+00 5.713990398556986428e+00 -2.754995881369749711e+00 -7.301452955946522216e+00 7.975404819817333291e-01 -2.057658744758793290e+00 3.159954666060401873e+00 4.670957915932004653e+03
-4.887428474126009093e+01 -4.682173995622034823e+01 2.251324721771880277e+01 -4.862677703221111258e+00 -3.795662588433679652e+00 5.197097313830905563e+00 -7.364265912168607819e+00 6.330515764918492216e+00 -2.704958516531405621e+00 -1.986131409425255567e+00 1.260367565472665929e-01 6.405339394959733701e-01 5.360415951364833731e+00 5.287609440193844421e+03
-4.758343494260152795e+01 -4.404312797505593835e+01 1.910996051159044740e+01 -8.199523214939929971e+00 -5.655601049663142810e+00 9.155484055758831730e+00 -5.061280751288532720e+00 8.782947791235011792e+00 2.673456932084700366e+00 -3.870069545002733591e+00 -4.249932901247805539e+00 3.121577753307223979e+00 3.564084830000850079e+00 4.917602309007324038e+03
-4.853300705994438857e+01 -4.637824207017469291e+01 1.614962656222992976e+01 -3.998976182985107375e+00 -7.270656341342017548e+00 7.932237303502472692e+00 -6.339514096211649630e+00 4.786473813805928401e+00 5.025310814690512551e+00 -5.735417431893637952e-01 -6.715174239568784564e+00 6.504685824602072231e+00 4.979283444107067247e+00 5.099859428507918892e+03
-4.693681669896611197e+01 -4.240870376641731809e+01 1.473066795524018779e+01 2.581937574064245400e+00 -9.049216327064478094e+00 7.011199094211794325e+00 -9.160551996667647856e+00 7.754807165519040701e+00 4.401280456071793523e+00 -1.008478906147487564e+01 -3.890201470256824834e+00 1.028237436559555817e+01 8.639332981100943387e-01 4.743001383839182381e+03
-4.584288566235210283e+01 -4.116975553453747239e+01 1.088334982731752021e+01 6.229247427568675555e+00 -7.717208925574341905e+00 4.458340041901671214e+00 -5.763663548530141512e+00 7.304288168215953725e+00 -1.767534990264472972e-01 -1.092905518925058672e+01 1.161860263875992505e+00 1.295812987061852439e+01 -1.610364030803149493e+00 4.411106126735290673e+03
-4.447367972493075428e+01 -3.518783342083185062e+01 8.385406066077582210e+00 8.673057026911431322e+00 -1.042353310655320442e+01 -9.503774376672537993e-01 -2.724480776511030822e+00 6.161840462544845742e+00 -1.934217573419429348e+00 -2.998808268834502133e+00 -4.652018873531597043e-01 3.109712747167452829e+00 1.284143410302185651e-01 3.539210360361296807e+03
-5.264431301440800581e+01 -4.562301404398047566e+01 -1.688348963562685601e+00 1.651585073238664947e+01 -9.677624318818836002e+00 -7.881107136539658775e+00 -1.074947500356699237e+01 8.518472490887868176e+00 -4.246280221887211326e+00 -5.459830218572299998e+00 -6.069570645423222999e+00 5.539161291061748926e+00 7.610185272986650595e+00 5.645668356693372516e+03
-5.905469216445809622e+01 -4.163371642917177695e+01 -8.956435907651565387e+00 2.091245631423782925e+01 -9.783836275903825097e+00 -3.010121363237348024e+00 -4.711518919295098584e+00 3.854871422305416129e+00 -7.802712124299558738e+00 1.351759714938101542e+00 -5.206992081598848188e+00 -4.947004285450034899e+00 2.896477388072270287e+00 6.002899080730193418e+03
-6.893210972631210609e+01 -2.665876540306185660e+01 -6.559579945600658490e+00 1.621740159846260099e+01 -9.617083513801555128e+00 1.791699848171498388e+01 2.878187766055746000e+00 1.837800504194271767e+01 4.703703530149139667e+00 7.826392405405088404e+00 4.354904220875907228e+00 1.292592452495093136e+00 -9.678230148827827728e-01 6.632849804240227058e+03
-7.501758094838214674e+01 -1.559082437983540181e+01 -4.905970456902468690e+00 9.870135986377631454e+00 3.681448058550709779e-01 1.229371164803769290e+01 9.261168409495912357e+00 9.473801031580347143e+00 5.253338982943122737e+00 5.175143115981339470e+00 1.552699649254871972e-01 1.038302150150300474e+00 3.844207737450012097e+00 6.389252199668002504e+03
-7.762459747831266554e+01 -1.448884181620111633e+01 -6.162230901068370237e+00 8.861253364245658126e-01 3.095490207556587769e+00 7.433132904416742015e+00 4.685745740352386335e+00 1.104657576069389613e+01 9.118616793495515793e+00 2.443107620960681903e+00 4.679870213357707698e+00 6.809602789754354291e+00 7.653872232717239266e-01 6.641055192258544594e+03
-7.986907895257657231e+01 -1.772377223745626651e+01 -6.594215636164722838e+00 -5.056497286757046655e-02 -1.571875191266701499e+00 7.097674646960273614e-01 -5.781430018943696680e+00 -1.313805860167944761e+00 4.180494164330368356e+00 4.296924324215791735e+00 2.492441556283031101e+00 2.881150230289908798e+00 2.310274303891825642e+00 6.830604441130117266e+03
-7.969492252647864916e+01 -1.880028432447405251e+01 -6.286699733554856451e+00 -3.587552887660721557e-01 1.206299557488042629e+00 3.113966194288211753e+00 -3.533814047163942984e+00 5.814756130132717971e+00 6.774168578188428214e+00 -2.783843659161069795e+00 -3.205572733050607415e+00 -8.612039666795258341e+00 -6.578701959914533326e+00 6.983195229425092293e+03
-7.905979158663437545e+01 -1.724708987169513108e+01 -6.099598112565141506e+00 2.310282536860509328e+00 5.327749508386113719e-01 5.282652387095913227e+00 -2.192022632816034378e+00 3.296206579913363299e-01 -1.385527313860823284e+00 4.070018824784577549e-01 -5.122533422768478673e+00 -8.906722477144818129e+00 -5.348161489773914035e+00 6.759817357434159021e+03
-7.738644767517601508e+01 -1.559739739575578632e+01 -8.561348585611149531e+00 4.722757340422861994e+00 5.262494506416931728e+00 7.041830174832949041e+00 -1.269420811245530745e+00 -3.093316042829770129e+00 -6.109362764583369909e+00 5.986038167080332428e+00 -1.590724682689257152e+00 -7.658270502822870363e+00 -1.004464728646622440e+01 6.651234887329912453e+03
-7.681523630612916520e+01 -1.691844744886008556e+01 -8.978252500504808609e+00 6.174868112015033716e+00 4.855142828075103445e+00 6.011982204289187059e+00 -9.099330143637052171e-02 -2.629157180540498295e+00 -8.751200032430896947e-01 6.261493915943330713e+00 -2.520265141906326001e+00 -4.668407927271416291e+00 -1.079781195814993033e+01 6.556900149300455269e+03
-7.715295903186657256e+01 -1.787880714268542093e+01 -9.080073420242564808e+00 2.003233223244369476e+00 3.206657505709946232e+00 5.108113434523557039e+00 -1.978518154002262941e+00 -5.746723869297380105e+00 -1.056209951657391066e+00 4.125945944000285692e+00 2.702887486526280192e+00 -2.741709214863022659e+00 -6.994669430770329654e+00 6.513893333440711103e+03
-7.799852786019577877e+01 -1.813506438674340160e+01 -4.667118852973334953e+00 4.465742271572838540e+00 2.668365105504195700e+00 3.225094055874273558e+00 -3.649177752934615881e-01 -5.319639327598674861e+00 -3.023180634656755794e-01 2.960430063182946547e+00 5.770607270388891763e+00 4.045666466238396097e+00 5.594312666486542934e-02 6.558854890085952320e+03
-7.892088388328902226e+01 -1.803790091682847319e+01 -6.714362820067126592e+00 -2.684640953530028629e-01 3.302772093352334126e-01 1.824308548788811102e+00 -5.603598418707128381e+00 -1.453371136827679155e+00 3.674319166873073250e+00 6.259433445891017023e+00 1.058149653605967444e+01 1.227116777638669021e+01 6.411906196639566069e+00 6.992319608087564120e+03
-7.480720669425480196e+01 -2.821537866306384146e+01 -5.099220288758064434e+00 6.630328216563456500e+00 -6.714744367243909995e-01 -8.200383716210581042e+00 1.282160015915436446e+01 4.325285333919458020e-01 4.261769612336300916e+00 4.531219768016015337e+00 -8.056096125487280935e-01 1.570664417821005898e+01 -2.424933397847317984e+00 6.986389361882786943e+03
-6.042132080970618091e+01 -2.935796835792815429e+01 -1.631421739661172055e+01 -1.387798552098094262e+01 -1.387317654747622342e+01 -4.820218955697903596e+00 -4.475362266866121708e+00 -2.908846481005241014e+00 3.095634377794191927e+00 3.326381859685165310e+00 7.818539190936600880e-01 1.501564394813522796e+01 4.013589140228160268e+00 5.478405804439022177e+03
-4.499141083984310541e+01 -1.434278852006975846e+01 -2.583438512110734564e+01 -2.386714437055141858e+01 -2.199022695940729477e+01 4.075736346361670259e-01 -1.920473031185704826e+01 1.273375607562413236e+01 1.056188271133675372e+01 1.830648935218627216e+01 -1.773146722919360840e+01 -1.623244800752086547e+00 2.834631197189888496e+01 6.048939250021078806e+03
-4.172933204969373833e+01 -9.561568881123104546e+00 -2.748138695574938595e+01 -2.304294935699032010e+01 -1.894797834314374896e+01 1.807054680887991260e+00 -1.931273931200120941e+01 2.088124204825480135e+01 8.771229856536649772e-01 1.366417107685747290e+01 -2.750004715718006665e+01 -1.347744735102046043e+01 3.045161682623438537e+01 6.342938460013643635e+03
-3.956093780649174363e+01 -2.024632440768946662e+00 -2.407190362036908482e+01 -1.500976373663325703e+01 -1.632941868348038028e+01 1.085152721697012446e+01 -1.739706302278996120e+01 3.303485985690043236e+01 -6.293481313551626544e-01 1.225672509608991945e+01 -2.975659154154060815e+01 -1.904009473972945798e+01 2.766947601519822797e+01 6.316485053027378854e+03
-3.916354681381626790e+01 -5.840754091608395537e-01 -2.847997232182657967e+01 -1.458625316385419879e+01 -2.027793218385973262e+01 1.143952214078660390e+01 -1.337150670382578177e+01 3.394314015933989737e+01 3.287178602203634781e-01 1.013686472746825906e+01 -2.998498188106414375e+01 -1.333314519430132705e+01 2.236917334861319873e+01 6.111099201218422422e+03
-3.871462909490847437e+01 -3.013160468088520894e+00 -3.014594381755690478e+01 -2.212388573145730319e+01 -1.588336322668890688e+01 2.077006010386655888e+00 -6.974364220131373138e+00 3.016410533034455099e+01 4.139620553147243420e+00 5.596194222888022374e+00 -2.685667468997389307e+01 -9.420744045985069093e+00 2.299635135040291445e+01 5.508573495804496815e+03
-3.778577747320202462e+01 2.332697046900223392e-01 -3.134862652750420509e+01 -1.849189784344567755e+01 -1.206260355778522886e+01 5.345290175271639299e+00 -6.970931617122190005e+00 2.443726163890333325e+01 -3.428942895252277356e+00 3.356790940783556554e+00 -2.881265743792324940e+01 -7.851419420735373578e+00 1.970463397610886602e+01 4.875470551178662390e+03
-3.842222264865652193e+01 -2.128958556584347406e+00 -3.437354509590652185e+01 -2.132639472023323890e+01 -1.107673298466511014e+01 3.964125844817445454e+00 -7.285810461914022262e+00 1.680989633615276801e+01 -2.084686894494271581e+00 7.201649795011157096e+00 -2.823416116263686959e+01 -2.095840449864100119e+00 1.821789657684781005e+01 4.780881166920176838e+03
-4.135294689962550763e+01 -8.649114737199337100e+00 -4.267383592729605368e+01 -2.734772474989244984e+01 -1.929326617718776760e+01 1.458706466809767122e+00 -2.026121394093169314e+01 5.079495066691160687e+00 -1.043866041238977971e+01 9.036855684172907743e+00 -3.221862843501770612e+01 7.140777219709718793e+00 1.568390591853819238e+01 6.690149743857600697e+03
-4.269021634701632451e+01 -7.389136179154190742e+00 -3.503719828220485510e+01 -2.721163371164544387e+01 -1.001216538435369330e+01 3.105029251126279810e+00 -1.748233193895603321e+01 4.524819058475777478e-01 -7.194700226020345646e+00 8.725287186917768167e+00 -2.935865954810855527e+01 7.501284342330167831e+00 1.640633848705300224e+01 5.576115957819883079e+03
-4.496006699605004542e+01 -6.619969583327563356e+00 -3.212713141493981084e+01 -2.873701276104319291e+01 -8.154304952282306118e+00 6.337854898405758775e+00 -2.462021915046769394e+01 -3.367977379457334663e+00 -1.074150023500035900e+01 1.990447590297990121e+00 -3.234285427766489107e+01 1.220222128887621338e+01 1.271019576049230793e+01 6.123204865955558489e+03
-4.626017474957491515e+01 -6.590504423898341457e+00 -2.654671822620768395e+01 -2.990129837576455785e+01 -8.865171836049981380e+00 5.644706873767730393e+00 -2.489473188217634103e+01 -1.008736358961710167e+01 -4.782971317595343663e+00 -1.439855907853700767e+00 -3.043124764190290321e+01 1.330806505148343533e+01 7.682634933149677714e+00 5.801349284242542126e+03
-4.745595340509849791e+01 -6.712500473766683129e+00 -2.269755971039952414e+01 -2.834026542821716887e+01 -9.385392222028817955e+00 4.285905094151818417e+00 -2.521660937545694736e+01 -1.593379370464389488e+01 -5.567385377303313732e+00 -1.035743143350284967e+01 -3.336658655711030974e+01 9.647382113426447248e+00 2.599703407441865899e+00 5.963124481161462427e+03
-4.752462033485272741e+01 -2.147728321011128649e+00 -1.564092037860079998e+01 -1.911852120280742895e+01 -4.851022054850958831e+00 8.384909499276879785e+00 -1.810597630466296692e+01 -9.321077319060574240e+00 -3.299287235020858411e+00 -7.498082058065360656e+00 -3.193475556310770358e+01 6.507016255303198271e+00 4.731897180535002967e+00 4.533573755963360782e+03
-4.889436337787280706e+01 -4.729428798482093299e+00 -1.905237170288650006e+01 -2.400277111688477660e+01 -1.072804256892230157e+01 1.215303555969734495e+00 -2.509929465693671702e+01 -1.028739672735779642e+01 -1.043455407702288973e+01 -1.157525842716975717e+01 -2.880809202387682433e+01 6.664174832184379227e+00 9.721637793791058968e+00 5.416219299563256754e+03
-4.787825047132661638e+01 -2.946087222127194760e+00 -1.507804932065115722e+01 -1.877916315971628336e+01 -8.543321566292137348e+00 4.214415580755943580e+00 -2.464320798079772246e+01 -1.085666101383758048e-02 -9.239792594359306221e+00 -8.307470715890969970e+00 -2.618908070005823419e+01 6.646866001336908525e+00 6.262386238297208862e+00 4.502702391768702910e+03
-4.723162412797022824e+01 -4.453975659270255960e+00 -1.525699348607335359e+01 -1.916931298767032388e+01 -1.070519999787144272e+01 3.062789297281292900e+00 -2.862279700508035418e+01 5.097126310516661540e+00 -1.262089993777808949e+01 -8.129302654820515173e+00 -2.473268628506950506e+01 8.695169787111261428e+00 4.707300736861238732e+00 4.754972923508637905e+03
-4.777962257430908721e+01 -7.770425670228444659e+00 -1.997364084342854795e+01 -2.445858309153183896e+01 -1.829271456899462223e+01 1.414705343025932871e+00 -3.798032448596549671e+01 2.087946457072415551e+00 -1.791492262700202787e+01 -1.166064316252927746e+01 -2.646664825742518445e+01 1.144101730279916751e+01 6.727296685951295707e+00 6.457481749106079405e+03
-4.636937175516830933e+01 -4.938969940321402241e+00 -1.667625781426915310e+01 -1.745344732475593474e+01 -1.437133463439040781e+01 8.053897493451369627e+00 -3.617459550980604632e+01 9.645312546986408719e+00 -1.306640515261718427e+01 -6.195128005347915412e+00 -1.875978513680421500e+01 1.073969366428400996e+01 8.595231539606484006e+00 5.180525515898341837e+03
-4.626698482687687175e+01 -5.408724480999344664e+00 -1.892517223114315783e+01 -1.710671990082675009e+01 -1.197597874277553309e+01 8.666654543630759377e+00 -3.643644593513258201e+01 5.906613974408166712e+00 -1.231503078639027038e+01 -5.847217166914071562e+00 -1.438904963946492011e+01 5.134427061772457890e+00 8.497902970561172609e+00 4.893199221621664947e+03
-4.758280799740737166e+01 -2.190824013164360817e+00 -2.296200033512478100e+01 -1.225846809680525951e+01 -1.012007477831143909e+01 1.336658209772327233e+01 -3.727420475139535938e+01 2.328618841950673146e-01 -1.877472394907113440e+01 -7.724049631646987102e+00 -1.868324685701466947e+01 -1.943782487449898788e+00 1.014999126111183791e+01 5.484964349400584069e+03
-4.952600596293744672e+01 1.089488235474369571e+00 -2.460703166042682710e+01 -8.440443907399272305e+00 -1.498211765474761670e+01 1.123409642229563055e+01 -3.573270939018406978e+01 -6.054973600200566075e+00 -1.217583545714475157e+01 -2.308223087110440552e+00 -1.254905497108924450e+01 1.195932583602466792e+00 1.090613447921856505e+01 5.226349016846039376e+03
-5.202005550699380620e+01 3.952444307692917658e+00 -2.159739409038368052e+01 -1.308355531910970093e+00 -1.986857952607351763e+01 9.224811007002932328e+00 -3.097824069964931581e+01 -2.469012767474264081e+01 -4.632509729536318233e+00 -1.050532294389630827e+01 -8.836046094504808934e+00 4.108801275672722575e+00 7.289387547930066269e-01 5.466289875353911157e+03
-5.361975315728530944e+01 2.707451446741638623e+00 -1.435558009851958694e+01 9.123320147631325483e+00 -2.415665029439453448e+01 5.743814910334130275e+00 -3.501160847969190826e+01 -3.337722930635885632e+01 1.527386796089331478e+00 -1.362892325138599325e+01 -2.908268851110529241e+00 7.997556053285941324e+00 -7.391267261622854745e-01 6.389158898410357324e+03
-5.506512548824167652e+01 3.741720451671384673e+00 -1.548022018505016817e+01 1.686897466981374549e+01 -2.719212242937922852e+01 8.632297634296777211e-01 -3.687472327529977179e+01 -3.900008537611478943e+01 9.454420925564139822e+00 -1.682912357340129006e+01 4.738763262531762166e+00 7.479175208287939469e+00 6.767500461213537655e+00 7.688075081009379574e+03
-5.515656655296993449e+01 3.453898881082201111e+00 -1.391480289986637864e+01 1.675876076994304142e+01 -2.595194696889922525e+01 -6.777928587366873536e+00 -3.564921630625665472e+01 -3.873825163542322514e+01 5.426888934164026956e+00 -1.523343724135047594e+01 -1.319481938308756375e+00 5.517809145125732506e+00 7.846563224770910949e+00 7.374881222588701348e+03
-5.549783586704007377e+01 3.288803734006199964e+00 -1.592220329362613285e+01 1.311964337212158682e+01 -2.861741450832216671e+01 -1.368480039285115524e+01 -2.335782987445283965e+01 -3.955693511410474628e+01 -4.057927508151195184e+00 -1.930249969793131015e+01 -1.061521573481070124e+00 1.394787593998736241e+01 1.441590108088136546e+01 7.425578668371676031e+03
-5.443778982779916475e+01 4.484272393560051917e+00 -1.182043890410708897e+01 2.047817961483669080e+01 -1.697750191957921118e+01 -2.076166977436898620e+01 -2.080620567466815984e+01 -3.085603457942080396e+01 -1.947291753031068495e+00 -1.486635901052598463e+01 -1.186905344470488011e+01 1.780929928331404000e+01 1.243602148707181598e+01 6.484436620714881428e+03
-5.148081042059016710e+01 -8.378111845701248228e+00 -1.723562295007089018e+00 9.407671104838112086e+00 -2.510651848767214034e+01 -1.380735551531697247e+01 -3.522946665273504863e+01 -1.952334393148847269e+01 -1.573362208394305517e+00 -1.877028159211511138e+01 -8.090211257200879302e+00 1.463284932523343151e+01 2.602405792957231156e+01 6.566820486431894096e+03
-4.860734687581964408e+01 -2.048496958941027657e+01 1.735151254063113058e+01 7.896120171039027191e-01 -1.693434470293214389e+01 -4.746494748220301929e+00 -4.669921255144988237e+01 -5.807645335264565389e+00 -4.848517180750060440e+00 -2.158327419593897289e+01 -1.994096801596136714e+01 1.691597232167455900e+01 3.569304738362817631e+01 8.054984864549170197e+03
-4.731550526528486955e+01 -2.938691882725979454e+01 2.764327566818760573e+01 -1.059634653638066837e+01 -1.162857467516170296e+01 -2.311572415986534512e+00 -3.926514067976308553e+01 -8.097976941621087832e+00 -1.694326776445269545e+01 -1.290664536638332649e+01 -4.126147201901741113e+00 4.896186851744703361e+00 1.262626933658373929e+01 6.380753136344850645e+03
-5.102099986485322347e+01 -3.777852475385122233e+01 3.891178391174874918e+01 -1.002588705860486584e+01 -5.976065865452075521e+00 3.875845420928535567e+00 -3.217235704049567602e+01 -2.404512363078993520e+00 -2.015554213613453172e+01 -1.395635091562741970e+01 -5.918835713923265018e+00 4.055910537762916768e+00 1.349190328445188314e+01 7.571122566911099057e+03
-5.029923831759101915e+01 -4.223412738889845031e+01 2.945665491820833992e+01 -1.679524520305953672e+01 5.502230915761276986e-01 7.952039780664651225e+00 -1.888786011022973099e+01 6.533856370661809798e+00 -1.289950965228989865e+01 -1.568318774865678389e+00 -4.156501342218852812e+00 -3.391988787183823462e+00 5.258489759459565871e-01 6.124405474307510303e+03
-5.477648436445248592e+01 -5.300561153687771565e+01 2.924563571226608971e+01 -1.400018912701439078e+01 -2.308509871437061989e+00 5.520722249519927516e+00 -9.293398955045477194e+00 1.068191556526489627e+01 -1.020929291414281437e+01 1.991134209431247581e-01 -5.803570973709374137e+00 1.272997126818150360e+00 4.347299796643045333e+00 7.256119055013020443e+03
-5.076082976396031654e+01 -4.566206812212166000e+01 2.995625771122203318e+01 -1.642412180612896933e+01 -1.683161621270718777e+00 7.871007895830258505e+00 -8.976025019535889271e+00 7.857473951795636680e+00 -8.993883227568089112e+00 4.035268674352678886e+00 -9.291761199001227212e+00 -1.054518588032299808e+00 3.264590277242064520e+00 6.231189891168148279e+03
-5.162176999435968128e+01 -4.742456356123629746e+01 2.976681634156114598e+01 -1.501564685767997709e+01 -6.391016232781419504e+00 9.145887441334856760e+00 -9.231122434749989836e+00 9.215057972973777822e+00 -8.295460394204440036e+00 5.358010441396878321e+00 -5.500267275204152817e+00 1.954739152610394659e-01 1.679320034284813579e+00 6.450686837388668209e+03
-4.592271612469518516e+01 -3.548038967771181973e+01 2.356067247668266518e+01 -1.357570790660661508e+01 -1.360843239332712562e+00 8.083627967079573651e+00 -1.203140611577495100e+01 1.115569926628189457e+01 -1.009120379400792800e+01 6.456168098350290485e+00 -4.335250220370427954e+00 6.698995108492445949e-01 -3.509998890443629005e+00 4.618638087910378090e+03
-5.181523471856456808e+01 -4.058397183598919611e+01 2.470709310367887568e+01 -1.034362080125044159e+01 -1.007923118092000436e+01 4.743907327814570252e+00 -1.684881377103470257e+01 7.246292461586624212e-01 -1.214814863886462604e+01 3.055701157936325796e+00 -9.935834914088170322e+00 1.691010851672906545e+00 -1.620902635138132597e+00 5.718933914218588143e+03
-4.986311710027496247e+01 -3.129013784934729614e+01 1.520025461595905369e+01 -3.992240931820308703e+00 -1.447234584259386558e+01 -1.758507148189328007e+01 -3.436713037443901442e+01 -1.346221447670135163e+01 -3.066915242839895939e+01 -4.638116413372809888e+00 4.084145630841433672e+00 1.842870896811893999e+01 1.592808300126059429e+01 7.165513726036875596e+03
-4.927625675893927593e+01 -2.075702615631245962e+01 8.532042590778351254e+00 1.271446902928192024e+01 -5.798460871634075531e+00 -1.163310238536831420e+01 -3.200981027067184925e+01 -1.761254712245585807e+01 -3.540359147812814200e+01 -6.386501751411057803e+00 1.128613526952445412e+01 2.341224556341587260e+01 1.879613224401446914e+01 6.920244450936777866e+03
-4.806765569729618193e+01 -1.747433782049929007e+01 -2.106869958752691563e+00 1.940498797022773303e+01 -1.556831364341708657e+01 -1.568768827442266911e+01 -3.496429047484816977e+01 -1.010980060074103015e+01 -4.529174479753097415e+01 1.512587838570897514e+00 1.359470425138142247e+01 1.459493761973488546e+01 2.617930419208792969e+01 7.946844319900506889e+03
-4.669098649244056531e+01 -1.492542938736626823e+01 -7.893370942864621043e+00 2.806864359001745513e+01 -1.933795826139586893e+01 -1.952092232209040645e+01 -3.156756577278435572e+01 1.918279664432142928e+00 -5.641954337662276942e+01 5.370483845958154312e+00 1.227577303852621959e+01 1.441462822480895190e+00 2.955367155851762462e+01 9.246383656491278089e+03
-4.787631571367853667e+01 -1.431354914467441830e+01 -7.060507007494321030e+00 2.883731025080592403e+01 -3.022737830205994314e+01 -2.514092228240772542e+01 -2.975423760825513497e+01 1.901351061152302346e+00 -6.157307754754751272e+01 5.406873176293563787e+00 1.060808477541978867e+01 -1.621298966060792424e+01 2.431749584215738835e+01 1.060036193746074059e+04
-4.895353615377416645e+01 -1.018916704078665347e+01 -4.967415252726604891e+00 3.457484858986528309e+01 -2.918605602485727246e+01 -1.566283119086717512e+01 -2.467074013991762627e+01 1.058497105928693749e+01 -5.305884689682483213e+01 9.343785921519700111e+00 4.131452722352269902e+00 -1.993474675232059568e+01 2.216725727785233957e+01 9.346598269092624832e+03
-5.313063030087479888e+01 -6.626601781762321508e+00 -2.434211776708667063e+00 2.709787722340867688e+01 -3.517657792289757879e+01 -1.282217491415553567e+01 -2.414505442725316442e+01 1.049852252948367948e+01 -4.920352964494531278e+01 1.106444230816590135e+01 -1.731817886483266955e+00 -3.084015274377781068e+01 2.364301236983200027e+01 9.758513958306330096e+03
-5.821775053654742749e+01 -5.451831118730182446e+00 3.535184315382023934e-01 1.653905574589900596e+01 -3.805227901466723495e+01 -1.802242792073670330e+01 -1.815318525909571434e+01 1.077604389888699776e+00 -5.574913200437749339e+01 5.885120983513922432e+00 -1.066319887794886867e+01 -3.443134448008041204e+01 1.147500148259740449e+01 1.036967481324497567e+04
-5.717498672209286781e+01 -7.514697561655643732e+00 9.629845468173696688e-01 2.339540689089811565e+01 -3.458863410518209491e+01 -7.279643274208715376e+00 -1.318249756640112658e+01 -1.563870326534746891e+00 -3.926530843209971522e+01 4.275097197311334085e+00 -3.915451979613823408e+00 -3.190898548282364544e+01 1.587954887387780190e+01 8.145028030390993081e+03
-5.359476397527051006e+01 -1.471700590619382787e+01 -1.058314199018321133e+00 2.040908335437785226e+01 -4.057156666357952446e+01 -1.571663194640621697e+01 -2.141387438023059886e+01 -3.859540826016540027e+00 -5.487294247429603899e+01 9.227347997558725368e+00 -4.135305135055161507e+00 -3.038730869882346042e+01 1.573583525184866616e+01 1.015744386980012496e+04
-4.775653964543656116e+01 -1.923368248398925928e+01 -4.826784755704259133e+00 2.463379539367395310e+01 -3.890312677424946486e+01 -2.199966135911477139e+01 -2.563292697993135150e+01 -6.732571574606558862e+00 -5.120942311744227027e+01 1.330900000034842989e+01 4.482370334080406415e+00 -2.297719583051006964e+01 1.767843987739195555e+01 9.640661091245627176e+03
-4.226457927488102939e+01 -2.197155747188426034e+01 -1.038156886936120848e+01 2.619793383659471075e+01 -3.275443801593912951e+01 -2.471191525906965936e+01 -2.804593547814214816e+01 -2.400272083601659112e+00 -4.055927540580873369e+01 1.206332568582165088e+01 4.466489941524597995e+00 -8.118054741748244041e+00 2.971470375044118484e+01 8.298415089160460411e+03
-3.992823859397070407e+01 -2.069831551911000034e+01 -1.004499145250784764e+01 3.378488234646043509e+01 -2.649899004531866353e+01 -7.541360719630544551e+00 -1.745737437103787215e+01 -2.965286891247379764e+00 -4.996218149221283511e+01 5.300664358984021440e+00 -6.689915703506420286e+00 -9.946321379127816442e+00 3.661677142045083144e+01 8.346414924656150106e+03
-3.885413721662958864e+01 -2.201819294340186417e+01 -9.225838158638643094e+00 2.745108321731160217e+01 -3.384714180668834160e+01 -1.646901699745775716e+01 -1.059596946355823377e+01 -4.016510148270768243e-01 -3.535652884800816054e+01 1.318605082198208933e+01 -7.407665906453892113e+00 -8.832296670242580916e+00 3.489206706366972099e+01 7.136711671718076104e+03
-3.953793288246357207e+01 -1.955110643176424645e+01 -1.047110372323268557e+01 3.599757085183362904e+01 -3.506409791773956641e+01 -5.486046727450779592e+00 -1.000043496904984686e+01 5.209451562473748076e+00 -3.664224925684332135e+01 1.082642675139369715e+01 -1.860439984396730750e+01 -6.955318627144656318e+00 4.196047163212710984e+01 8.352745053526192351e+03
-3.852726887454515037e+01 -1.983936283422882241e+01 -1.493944046597648523e+01 2.364221076239218178e+01 -3.743606466150925627e+01 -1.491873214090030508e+01 -7.705879870752157856e+00 6.909104796696285078e+00 -3.200153337571015300e+01 2.132628924797305814e+01 -1.177829848130045676e+01 -7.500216111151137177e+00 3.514544879284393630e+01 7.300328474640225977e+03
-3.826265171286870270e+01 -1.925499894595251504e+01 -1.507884380737966623e+01 2.355497834632954834e+01 -3.555513566548854243e+01 -1.004194587572450637e+01 -6.154072559130632669e+00 8.006922633442531634e+00 -3.375963832888123761e+01 1.517333132294182896e+01 -8.686477647260831603e+00 -1.101462760947722330e+01 3.639051008121277420e+01 6.974975107050890074e+03
-3.923707122232921307e+01 -1.965644550784236344e+01 -1.621357106727253594e+01 2.946224150965335298e+01 -3.259352718860804288e+01 -4.526097490827753589e+00 -6.718262071617303377e+00 9.368284804408000710e+00 -3.475658852802135357e+01 3.910423180054550585e+00 -5.412799304172421166e+00 -8.351536167760222895e+00 4.209860754795156623e+01 7.367201713864386875e+03
-4.095793410600909823e+01 -2.997110895065407732e+01 -2.493060525308615283e+01 7.258266632802744311e+00 -4.744591608702626928e+01 -3.114308405815628333e+01 -1.410215337400640934e+01 1.071922221510473250e+01 -2.600366637848944862e+01 1.284735668303370737e+01 3.012541657618921676e+00 5.782010311969794092e-01 3.519529517799102791e+01 8.874180108635704528e+03
-4.012645678621448297e+01 -2.158907595631126242e+01 -1.904804826558705599e+01 2.289216052625070930e+01 -3.275041876833147114e+01 -1.168953484736100989e+01 -7.441949445183729139e+00 1.312661596642479900e+01 -3.969368218189808317e+01 1.383791262995807125e+00 4.153858356204360169e-01 -4.291681618995831116e+00 3.160918977731018487e+01 6.995260942180842903e+03
-4.086491553551739742e+01 -2.146470940575828479e+01 -1.941881615473666400e+01 1.442905222627682704e+01 -3.455996187349366267e+01 -2.232289710280722161e+01 -7.165928724798317440e+00 2.210338331549460023e+01 -2.707557118671808638e+01 1.033599838951707106e+01 6.928287077395085092e+00 -1.254538267631143622e+00 2.458280366032257547e+01 6.442384510527992461e+03
-4.348018148627382828e+01 -1.790285405221773729e+01 -2.094153197820450885e+01 1.300473939927820943e+01 -3.302745543895244396e+01 -2.505693067069199742e+01 -1.176314454313659397e+01 1.959449185573210173e+01 -3.626317960689464570e+01 4.903100731213558272e-01 3.523859262967346417e+00 3.813896161361695736e+00 2.922505974018998032e+01 7.256013745788776760e+03
-4.618606602916305093e+01 -1.261998902956152868e+01 -1.397257385789822948e+01 1.267509793882383029e+01 -2.161870086663564194e+01 -1.994998858985699286e+01 -1.454532471435707919e+01 4.419514062475678351e+00 -4.087524079089892126e+01 -7.481290335281828519e+00 -6.281448508958267674e+00 7.888356013010301204e+00 3.388836757729881555e+01 6.721635821628220583e+03
-5.330335355325223645e+01 -6.912095952297584667e+00 -3.556652016515723158e+00 3.119193819645722954e+00 -7.878159659498465750e+00 -1.891373778656786087e+01 -2.239128371836226705e+01 -9.291859233205599367e+00 -2.507062891444268260e+01 -1.025483287960845047e+01 -3.040038420116575324e+00 1.663697467012574194e+01 2.801320310391841772e+01 5.723375164839337231e+03
-6.504837851211529198e+01 -5.084600446457913092e-01 5.259499013136886170e+00 4.478604153911836860e+00 -1.082099209779374860e+01 -3.417046190530110295e+01 -2.965603269436627087e+01 -1.009335526624084878e+01 -2.630208650708808804e+01 -1.092699442291379874e+01 -5.494960526288873437e-01 9.372620923298441653e+00 2.233843240894098248e+00 7.449677722464400176e+03
-7.180014693546681315e+01 -4.179269875141852886e+00 7.134052791485043343e+00 3.525522918604139910e+00 -4.512492519777421052e+00 -1.556762663168681904e+01 -1.562273858648448233e+01 -8.530995833399165562e+00 -1.735780072617575698e+01 -9.251563476641999628e+00 1.684221683953780913e+00 7.888915711987007917e+00 3.941644943536548595e+00 6.283105687725354983e+03
-7.895134055831788089e+01 -1.861015795918545379e+01 -8.471846971145243765e-01 4.572711583151374826e-01 4.911778927331540423e+00 -5.195277063210792523e-01 7.140068643318271846e+00 7.989185493438656138e+00 -4.686957284932373291e+00 4.221908102133629548e+00 5.691472043537894043e-01 6.483390403491807064e+00 -2.697277672085062861e+00 6.809207783511341404e+03
-6.145551410234275380e+01 -2.672083133962501478e+01 1.033625361582182656e+01 -6.228090786800335898e+00 7.536067845790554998e+00 4.612321731354486865e+00 -1.117033680656511585e+01 2.346962835791570168e+00 -4.756505457485402211e+00 -1.227258849069066571e+00 1.493440525608754577e+01 -1.028675361181858872e+00 -9.644016259044647654e+00 5.185992975383907833e+03
-4.658321950641342823e+01 -3.045884470171496261e+01 2.000151169078408486e+01 -1.493645920698767071e+01 7.593485781756744712e-01 8.852013778388792886e+00 -1.498247234843704057e+01 1.393579163305657076e+01 -1.114281155793587352e+01 2.363407961202431906e+00 -1.134940854140753963e+00 -3.183454716944333462e+00 -1.001241826104679822e+00 4.360684274490397002e+03
-5.346951653257362835e+01 -5.389033516965164949e+01 9.671886587222591203e+00 -2.595612553309679527e+01 -1.200160353506053035e+01 3.582125978819191925e+00 -1.495492553566607441e+01 1.633336047333289187e+01 -7.661080953175521735e+00 -1.334755409739713308e-02 4.083597089769652300e+00 -1.812094864557285190e+00 -3.995179078757489233e+00 7.272335090229972593e+03
-4.452412075148707515e+01 -3.683197841654605753e+01 1.726657649433487407e+01 -8.310014671217862414e+00 -4.354711275846110397e+00 8.968714795207441526e+00 -1.110120435397734440e+01 9.578155498561343961e+00 -1.843561218503882770e+00 -4.314819583729809338e+00 -4.010560332563333219e+00 2.666738240604427101e+00 6.151430516020599981e+00 4.103614697102601895e+03
-5.017313933460197717e+01 -4.526419141248145905e+01 1.285390365571683846e+00 -9.857362401956848430e+00 -9.260474345305135913e+00 1.158014884216331275e+01 -1.058478716899595362e+01 4.881838956080167158e+00 5.156624011738720093e+00 -1.484599737338362679e+01 -1.209606937215234268e+01 8.144422211450358162e+00 2.962873147208951785e+00 5.489156594053009030e+03
-5.030844323557658981e+01 -3.777334874387279484e+01 -6.611980948252755397e+00 1.234541920741420551e+00 -7.903185996982776906e+00 1.133346212256211238e+01 -6.683457048652897470e+00 5.835574093617338143e+00 1.276661362119518550e+01 -3.602801782458055602e+00 -7.329495606585201273e+00 7.514374413333562153e+00 2.167474243028939096e+00 4.563489834938811327e+03
-5.419497590886993521e+01 -3.621744511765515284e+01 -2.742693512539910117e+01 -2.371311532819237566e+00 -2.025092621906971146e+01 3.561875544672248317e-01 -6.367282209647361135e+00 -1.646085337993714592e+00 1.117771118383175555e+01 -4.365507428677173785e+00 -1.007394651448519696e+01 -2.756186258207822704e+00 -2.853223833257807485e+00 5.721358125081605976e+03
-5.527285715575681735e+01 -2.910295891001030100e+01 -2.882398082682155049e+01 5.583630826865583430e+00 -1.728570803893128627e+01 6.493885710864596206e+00 -1.537130656134666040e+00 2.149637465343848142e+00 1.973922995290048110e+00 -5.570511242877861591e+00 -1.784758511611561715e+01 -3.365301511180136096e+00 -4.889889296994849310e+00 5.500719258886901116e+03
-5.147055561162781601e+01 -1.219846730525570244e+01 -1.776457756236904828e+01 8.535567767426767816e+00 -1.089901660213794088e+01 5.298144418432439551e+00 -5.353769761312753062e+00 -2.289122130490801599e+00 -1.216334703108033999e+01 -1.364461345120108149e+01 -2.636865733486790120e+01 -4.411305890005703390e+00 -2.473715141937339546e+00 4.422226123740040748e+03
-5.067564512483153294e+01 -4.141213294574401793e+00 -1.571413677133589104e+01 -4.471134466788501349e+00 -1.275322820744058205e+01 9.917065093039698076e-02 -1.650046455375491661e+01 -1.363596096426175563e+01 -2.783009613885923628e+01 -1.359815466970471043e+01 -3.132320576615627061e+01 -6.149788810707129016e+00 1.381734330828222543e-02 5.451342595018632892e+03
-4.989023677407425339e+01 3.100534337947055352e+00 -1.658414995477400566e+01 -1.038318832207991527e+01 -1.930925122336543254e+01 6.843109442027440759e-01 -2.071096372723120993e+01 -1.067914692649454445e+01 -2.990952246534596171e+01 -2.801612450116814923e+00 -2.878914776741181214e+01 -9.367254531031072418e+00 -9.394790949857691587e+00 5.705048479912133189e+03
-4.869560812353545032e+01 6.798216036400457796e+00 -1.603097070303965666e+01 -1.387099586972275134e+01 -1.844750823197124490e+01 6.416450482120508170e+00 -1.700898188542868539e+01 -1.965456619082416623e+01 -2.452056356119111413e+01 1.227389890685942930e+01 -1.436776394027172898e+01 -9.375948014429972943e+00 -1.779794771914258433e+01 5.286977990144783689e+03
-4.915800325727190057e+01 6.503657751284837474e+00 -2.019900840117272622e+01 -1.250595543049067437e+01 -2.285925985880155409e+01 6.169921504525356148e+00 -1.686488334721033411e+01 -2.865145626635798237e+01 -2.383140988471501132e+01 7.766226967991108232e+00 -9.842955223424429079e+00 -4.927077412724041316e-01 -2.890998979733857510e+01 6.250314056112637445e+03
-5.011622453354949158e+01 4.749390204578596730e+00 -2.128321889567483538e+01 -1.429829162960125366e+01 -2.966359615349656664e+01 6.453529282491997421e+00 -1.065444576895751005e+01 -2.710036061230909610e+01 -2.833086108531745495e+01 -1.980879935317178653e+00 -1.281920797735323347e+01 2.171663311934321161e+00 -3.359667082653297854e+01 7.065479036304546753e+03
-5.133210671256137658e+01 4.583653924522287149e+00 -1.636164918497582121e+01 -1.145291664527341879e+01 -3.876328381894303732e+01 6.476848709922888858e+00 6.573169685051990507e-01 -2.037655496598123861e+01 -3.053372183143152085e+01 -6.605668641435459953e+00 -3.653010720385630794e+00 5.587744891519180968e+00 -3.012454983380259677e+01 6.943044636168167926e+03
-5.178833749228471817e+01 4.107403239516728810e+00 -1.377021705065216928e+01 -1.775601808232728063e+00 -4.434554586940887333e+01 1.008667127285328213e+01 -1.061818071476132719e+00 -1.354781694489988553e+01 -2.099072579309873987e+01 -4.141241396565676247e+00 -1.847568692512927546e+00 8.410457735404299751e-01 -2.137337247519622352e+01 6.063315847058035615e+03
-5.333433522133282167e+01 2.351474080959872204e+00 -6.932401115567040861e+00 5.980846529647271481e+00 -5.466764286414921514e+01 4.977112360502198740e+00 -1.652936124337651913e+00 -5.676858830474284190e+00 -1.235588746988447006e+01 -1.068412038946746634e+01 -4.799798338415643961e-01 -8.049395638155264265e+00 -1.960926384856275462e+01 6.698555965204820495e+03
-5.346618775512951061e+01 1.666316650764583684e+00 -6.846362877961125193e+00 6.010730834096627895e+00 -5.836313880125364051e+01 3.840007458247027827e+00 -5.830357928243957488e+00 -5.431836759766264677e+00 -7.164615391826941959e+00 -1.366789593599079389e+01 -4.283263514246080206e+00 -1.507708709316245077e+01 -1.595736503031141140e+01 7.167356459521795841e+03
-5.348748945593795412e+01 1.319629667006780416e+00 -6.447727453830917277e+00 5.363606496920459321e+00 -6.007494899770267693e+01 4.229740123751565051e+00 -4.918531446878391833e+00 -7.302484399443986085e+00 -1.069575442472669025e+01 -8.933896126749854005e+00 -5.448135817810835668e+00 -1.719157138135920349e+01 -1.797123738689749928e+01 7.479814189702436124e+03
-5.367585315536485524e+01 6.771760282808279852e-02 -6.043920232640203949e+00 5.456870292650846110e+00 -5.801355315643402832e+01 2.178434707712861851e+00 -6.536230012676616852e+00 -1.077781107320419807e+01 -1.654022261677962646e+01 -3.135836330012403028e+00 -7.633044180798504108e+00 -1.880783529380170904e+01 -2.329312381165216550e+01 7.714589727228823904e+03
-5.458086849420805464e+01 -5.033362271168532409e+00 -1.009074890395358537e+01 4.162616961312523678e+00 -5.703498913373865520e+01 -6.042611760153056011e+00 -1.979957046456419789e+01 -2.506396516897784110e+01 -2.317985591439165916e+01 -8.228603315540699015e+00 -1.069989443771814308e+01 -2.411233505452922898e+01 -2.996284399240555629e+01 9.631965113296617346e+03
-5.410437745025001277e+01 -3.143084088264518794e+00 -5.279471975702910491e+00 1.456593099202471464e+01 -4.612588553651947620e+01 8.657069582838651911e+00 -1.404797710577591729e+01 -1.768776091898462255e+01 -1.207700337453536399e+01 2.640924002648962876e+00 -5.252909195959984068e+00 -1.899907395416823874e+01 -2.341819744593277974e+01 6.979744852103407538e+03
-5.410693245861460099e+01 -5.653537178242153516e+00 -5.899591030974301376e+00 7.685393359859565621e+00 -4.849729050510250516e+01 4.278991192422830103e+00 -1.560273537341556782e+01 -2.189441165093835906e+01 -1.671226406827110367e+01 -1.255762380514825916e+00 -6.229609473248847173e+00 -1.678391517628394780e+01 -1.656505085521158804e+01 7.022286094883666010e+03
-5.332130138999467306e+01 -2.237879518852209149e+00 -8.841880809222768534e+00 9.955649977359724900e+00 -4.659165212738497530e+01 4.733892077919205299e+00 -1.462682040668066641e+01 -1.803809698627795299e+01 -2.702455981345624636e+01 -5.494907276872988078e+00 -4.583698017673580871e+00 -1.978198792907125636e+01 -8.583297579329364879e+00 7.004502880011025809e+03
-5.304182327913756723e+01 -9.625756970664385292e-01 -9.118743700237727623e+00 1.127989233441765649e+01 -5.036042896665706792e+01 7.727851746129101862e+00 -6.940684576283124407e+00 -1.710351145261638806e+01 -4.000118268786913234e+01 -1.321915389444371236e+01 4.023043076632853321e+00 -1.444624847742617568e+01 3.415749592342596674e+00 7.972731693266457114e+03
-5.225229000407254176e+01 2.260001599325901278e+00 -1.070653794693243555e+01 1.486888094680674577e+01 -3.964199846273691463e+01 1.444227032995544313e+01 -4.147845226522588469e+00 -1.926837988231208243e+01 -4.168659137718277208e+01 -1.202095508014961389e+01 1.029488599776809821e+01 -1.294677968036988247e+01 1.014238967165213445e+01 7.498412402771394227e+03
-5.231583593051138337e+01 3.160534032361130397e+00 -1.501077679225730321e+01 8.213042827372698085e+00 -3.799379161707980757e+01 6.456809823413019345e+00 -9.526335932365260106e+00 -2.378084329308346057e+01 -3.928765257182519122e+01 -8.721224478537799030e+00 1.262924835829545245e+01 -1.223888417823820696e+01 8.585171710284681623e+00 7.183784109761799300e+03
-5.121440214655748946e+01 7.041068225127144586e+00 -1.947108176308737271e+01 7.159152030805486788e+00 -2.223758674111065048e+01 1.005422416600905677e+01 -1.090583858654763461e+01 -1.988655622420425217e+01 -3.435146436134382242e+01 -5.787441499694630842e+00 1.025587972747953458e+01 -1.313407816364022196e+01 5.374557157885319292e+00 5.732968758905852155e+03
-4.514211312893453965e+01 5.571130904801425032e+00 -3.007022447891592520e+01 -4.684341236189167645e+00 -1.191701322165931742e+01 1.879009499834230468e+01 -2.197475614315960257e+01 -1.457625045040283673e+01 -2.711529037178723911e+01 -3.061484296600571309e+00 -4.720880303742218231e+00 -9.986941121261907028e+00 -4.119808127310945700e+00 5.069059370101886998e+03
-4.298914463744693393e+01 -6.048312853745386741e-01 -3.883842022039409869e+01 -9.414780290964959164e+00 -1.106873725535874975e+01 1.645065507873141897e+01 -3.276955134082855636e+01 -5.712672165983570416e+00 -3.190893308533483719e+01 -2.495162528652917988e+00 -2.072950255877411152e+01 -5.660652704683443837e+00 2.307094011292128766e+00 6.436596260831893233e+03
-4.107548940914762170e+01 -7.875075639262610672e+00 -3.956205249819078063e+01 -1.089945877274626262e+01 -5.756520687032325334e+00 8.035270430355719640e+00 -3.267973888641918734e+01 1.799242012776237187e+00 -3.056333320491120276e+01 -7.148130617762952888e+00 -2.690593455590862959e+01 -3.647506157752967493e+00 1.159350067336204582e+01 6.458928534031720119e+03
-3.967504317984053586e+01 -9.531235215021839124e+00 -3.627637954018763367e+01 -8.576571517114343735e+00 -3.377152843311662878e+00 3.628111231901231193e+00 -2.672438405939709583e+01 7.509624235190544894e+00 -2.518170055770280769e+01 -2.390251783007506070e+00 -2.777585760625174061e+01 -1.733444961727281575e+00 1.788944965526702546e+01 5.584009152254683613e+03
-3.936965419177785463e+01 -1.093758643364565231e+01 -3.734974315355661645e+01 -2.444489174969200374e+00 -7.429493422406272529e+00 2.365793828919663166e+00 -2.892347720159513003e+01 1.188577831892262893e+01 -3.098172696479021937e+01 2.326357126480037563e-01 -2.396719832172453835e+01 3.837393702213601987e+00 1.558976979673703234e+01 5.901327554998656524e+03
-3.964430052702868323e+01 -1.084498730192299121e+01 -3.649141507941053675e+01 2.310304194229850783e+00 -9.259693064536897111e+00 5.605510267320195084e+00 -2.517791569032856458e+01 1.837739478185999431e+01 -3.567481653739793757e+01 -1.781536426300783127e+00 -2.534627272045116086e+01 6.155226596611541368e+00 1.458941924134973789e+01 6.284102848398261813e+03
-3.931853209968036111e+01 -9.804310039716709113e+00 -3.321198751761428269e+01 5.649777779513138753e+00 -9.750660745140597996e+00 2.803273205999377904e+00 -2.482715898826104350e+01 1.813353736185694842e+01 -3.206730921750028074e+01 4.386374774133895982e-01 -1.774353657102005855e+01 5.455908976191671478e+00 1.178628388483644684e+01 5.337195535878026021e+03
-4.071354323980323642e+01 -1.109495744027720932e+01 -3.758080666483554921e+01 4.913518557212842808e+00 -1.446926583541796774e+01 2.261100741773258704e+00 -2.853108544739252395e+01 1.945274307482274168e+01 -3.736173894123302119e+01 -1.104525737805996277e+00 -2.330958029437100620e+01 5.591717399356362250e+00 1.694535141807932277e+01 6.882922943729152394e+03
-4.007362783866193467e+01 -7.250872608965639010e+00 -3.299609172828078840e+01 8.739776819717754108e+00 -9.871517264947399894e+00 3.822618202922462238e+00 -2.714497579206820532e+01 2.023997656626766428e+01 -3.314981874940178130e+01 6.472377046274600865e+00 -2.031683454445089509e+01 2.931467566430119742e+00 1.336626655348929127e+01 5.822988692461010942e+03
-4.193813199322163143e+01 -8.727254345654776202e+00 -3.958340598934699273e+01 4.228093656002172906e+00 -1.362859084214618832e+01 4.338537906106950892e+00 -3.202788486636733012e+01 1.494967717669434037e+01 -3.632049352876438064e+01 5.745645505908956174e+00 -3.055999911583008455e+01 4.774163836511567283e+00 1.833298344133007518e+01 7.518529505992101804e+03
-4.324072719710675727e+01 -7.509158339115710845e+00 -3.155323724043510225e+01 4.693027116432919033e-01 -1.409796859008843883e-01 2.067635984896553314e+00 -2.419053624834616656e+01 4.324558785812221973e-01 -2.826556926752249410e+01 1.934249276166348119e+00 -2.349836089895675428e+01 -2.398954407268093725e+00 1.640679732894045273e+01 5.141433700848361696e+03
-4.637858867762879811e+01 -6.077031102578624999e-01 -3.260789026691746528e+01 4.195891644679777599e+00 -6.458674668743981329e+00 6.342700497045473895e+00 -2.947474726451146765e+01 -1.189496779753442546e+01 -2.939159138434385810e+01 3.271901417108427079e-01 -1.833056774024025870e+01 -2.314839276606732277e+00 1.012274132973275798e+01 5.632228902513028515e+03
-5.205989360749028094e+01 1.966180844202890965e+00 -2.323163476172819486e+01 2.322525089574284163e+00 -2.577469798034951509e+01 2.406656796393309872e+00 -3.324430022413095287e+01 -2.952511357484631560e+01 -2.856981871508529025e+01 -3.929797156668699998e+00 1.477154907528180416e+01 -2.552422886146419856e+01 -8.044723407976428931e+00 7.672324590815048396e+03
-5.217564665237930654e+01 5.444605172858523190e+00 -1.575935016377411202e+01 4.132479260866155357e+00 -2.515777144008021438e+01 1.579268208871255297e+01 -2.840625591319746590e+01 -3.450617202867218936e+01 -2.228067968046044811e+01 -9.170020504554148744e+00 2.253607252641771908e+01 -2.685022007765874719e+01 -9.466205816504281501e+00 7.796225784745350211e+03
-5.270268659915538478e+01 5.195188962910985531e+00 -1.501863636754297104e+01 1.295594905004397335e+00 -3.290909316148074737e+01 2.061672698783818092e+01 -2.492820703591991105e+01 -4.257460296914757691e+01 -2.305328394750720022e+01 -1.009055174139976963e+01 2.026270050979452364e+01 -2.329871672750438094e+01 -8.666136338612407286e+00 8.635653623383610466e+03
-4.951463875089725519e+01 -2.447806541582709272e+00 -2.512021824030217942e+01 -1.305789621091390273e+01 -2.757578517581200828e+01 6.659221914185108560e+00 -3.697968719317939446e+01 -4.684695821611540367e+01 -2.709712477079620285e+01 -1.665231506758438940e+01 -1.573243994016011449e+00 -9.311431765700415752e+00 -1.095318857637958487e+01 8.846833115100966097e+03
-4.512012865054001054e+01 -1.253465090952976757e+00 -2.992915198986896641e+01 -1.613037625283056187e+01 -2.273124276897117824e+01 1.734448586233286349e+01 -2.671163609696749219e+01 -3.024179905505318544e+01 -2.151284267251617877e+01 3.566910578345800609e+00 -8.685631798229266565e+00 -1.197527271314091646e+00 -4.857720267810070602e+00 6.214955830206271457e+03
-4.184838423699738996e+01 -4.107601421567668609e+00 -2.991759217847237551e+01 -1.565947204300089446e+01 -1.251195419228120898e+01 1.766059239529398184e+01 -1.821556176774081948e+01 -1.931949718750752254e+01 -2.450375332736473766e+01 8.414562904548761324e+00 -1.348182209990269698e+01 5.181465537553808787e-01 4.763666395903793038e+00 4.957895539182708490e+03
-4.125004057007680558e+01 -9.146253367036038640e+00 -3.586694955254779416e+01 -2.087494248816863873e+01 -1.587138240729787775e+01 1.491066908087066345e+01 -2.086976365718192739e+01 -1.394932421581941107e+01 -2.311674221097845461e+01 7.523110640433012364e+00 -1.972015194761829093e+01 1.177225330325962993e+00 1.605629246800464216e+01 5.850836349209598666e+03
-4.143117104578817589e+01 -1.246782873061580510e+01 -3.953885275001561439e+01 -2.170278197081733751e+01 -1.957136430289852669e+01 9.765029688875831226e+00 -3.139958187919806321e+01 -1.514710347836894222e+01 -3.043744820012283370e+01 -3.067258744448587038e+00 -2.899841326521340434e+01 -3.537122469106139810e-01 1.715661243913627843e+01 7.671311664796856348e+03
-4.069865116174862152e+01 -8.603160866813782448e+00 -3.465921063594677776e+01 -1.215469942735248310e+01 -9.934793669862141741e+00 2.175860412436464131e+01 -2.603675706085209285e+01 -1.501715622842989539e+00 -2.121886467924397124e+01 2.093354108919513124e+00 -3.345248880530959923e+01 5.364898457336284565e+00 2.830238541327862478e+01 6.735195542633517107e+03
-4.079868117322572374e+01 -5.994955226178992014e+00 -2.871551638453462019e+01 -8.666755427903057196e+00 -4.254183572583747797e+00 2.021322796753741002e+01 -2.911432328488221799e+01 -1.373332297003402591e-01 -1.347696344245956368e+01 3.564164837105496808e+00 -2.993622380950328221e+01 5.286240271040385075e+00 2.590847540364968182e+01 5.664203492538281353e+03
-4.290822928209157539e+01 -1.087343585305525195e+01 -3.093580810328109010e+01 -2.531333917368192132e+01 -1.476351182427479181e+01 5.782825809520453220e-01 -3.474116872794765243e+01 -1.341983974372574906e+01 -1.176676584028002637e+01 -9.627046818081867130e+00 -3.365649877166005410e+01 5.708658261363788178e+00 2.791416361240324306e+01 7.338159733629212496e+03
-4.401968024144131419e+01 -8.003865633685736114e-01 -1.965420475967328073e+01 -9.073674649772156542e+00 -1.154176862716098917e+01 7.072506465202669013e+00 -2.730480937710827760e+01 -3.052354878463736654e+00 -3.814200395356040829e+00 -5.050597861325358373e+00 -2.753334403124578955e+01 1.207723254029807158e+01 2.158315273449953864e+01 4.754928184511059953e+03
-4.577851062777306623e+01 -1.429161447257603612e+01 3.804348728289108639e-01 -2.405796028224706617e+01 -1.713500186365078193e+01 -1.076700271202930992e+01 -3.567780089617662043e+01 -3.936158145419294679e-02 -1.185358966989297436e+01 -1.251185061371808693e+01 -1.269948349009392174e+01 2.473549079194317990e+00 1.925013751324872047e+01 5.396313239637523111e+03
-4.675834119208604278e+01 -2.468173446519669412e+01 2.191909891162480761e+01 -9.098446153867548958e+00 -2.192450646762727384e+00 2.086864931734704887e-01 -3.175190650723201458e+01 -2.006677136920954396e+00 -5.838241350617487946e+00 -1.371431766744112934e+01 -2.091344375218818286e+01 4.242864786202090066e+00 1.165387265510451620e+01 5.189174166808067639e+03
-5.107346253905888034e+01 -3.798991165441243112e+01 3.211830885131855950e+01 -2.046264998396353452e+00 1.534979486119407710e-01 4.610002503509432970e+00 -2.848704170287447113e+01 -1.345007936408097216e+01 -1.482211491247696244e+01 -1.164107251290126399e+01 -1.500204437759786202e+01 1.044329907878648545e+00 1.028252841533316086e+01 6.788288802540377219e+03
-5.117835857180999426e+01 -4.243023520935651760e+01 2.687782896810443134e+01 -1.170967378632272826e+01 -4.873739599897964681e+00 8.495531917811083744e+00 -1.069100380923058680e+01 6.849131148106357259e+00 -4.232582031866576777e+00 -5.494106277017357876e+00 -6.997515317079703312e-01 -4.967480925534594860e+00 2.450354080955435609e+00 5.615488664947320103e+03
-5.265689308607903740e+01 -4.546114056527665781e+01 2.761982365508780290e+01 -1.155314023925765987e+01 -5.147471505283435889e+00 9.509159295179330229e+00 -1.151360089162779232e+01 4.918210095258186421e+00 -2.960164839323249364e+00 -4.660080136978297816e+00 3.671262812771210804e+00 4.760113151863490932e-01 3.839494090072099741e+00 6.068391163571642210e+03
-4.895283798157325350e+01 -3.893331626840446802e+01 2.317478100006922048e+01 -1.249612216957368283e+01 -4.851032231674778927e+00 8.342783173751870507e+00 -1.276000033561477309e+01 3.937891778133251197e+00 -5.377539864660196400e+00 -2.319632910054004071e+00 -2.188166007241900690e+00 -3.988779306717400885e+00 1.117271289149116109e+00 4.933111508601929927e+03
-5.289970338927239624e+01 -4.592921477243258721e+01 2.437551535180843487e+01 -9.060803438090376360e+00 -6.581012261337827240e+00 1.051877460024366151e+01 -1.289363119868184882e+01 9.533185760684961707e+00 -9.710464080836235468e+00 -5.505510521392247725e+00 -3.424998016543127743e+00 -5.990507221488449829e+00 8.065583662877717774e-01 6.168088076953784366e+03
-5.162712592291011759e+01 -4.054822094495259677e+01 2.659388167858908503e+01 -9.900796242891379606e+00 -7.172132877614857627e+00 1.623000028726897170e+01 -1.439578048156814738e+01 1.225054161421314447e+01 -3.756122382063153076e+00 -2.761781807335936367e+00 5.145279821376662177e+00 -2.319452268349574187e+00 -3.472208066522389780e-01 5.840655546347097697e+03
-5.555117394479362503e+01 -4.224173511521622260e+01 2.844098783255867602e+01 -1.106894790269727302e+01 -8.772846712971572813e+00 1.170566608454115354e+01 -2.707520754830508025e+01 2.254805250856973586e+00 -8.827889872192569598e+00 -1.953922486242240630e+00 -9.965803171410683170e-01 -7.303765174533520366e+00 8.556472636856947700e-01 6.890664720159246826e+03
-5.190331202401888078e+01 -2.826710738869503459e+01 2.585699176275733535e+01 -1.463149062786533072e+01 -1.912689238238950651e+01 -6.173772829618410007e+00 -4.765963143503226718e+01 -2.350412225087810558e+00 -1.622029584138672931e+01 -1.464480472611277406e+01 -7.559456047458376737e+00 2.644836638033053244e+00 1.455100523525141476e+01 7.810006682089227070e+03
-5.347433119621444320e+01 -1.977041554975951598e+01 1.716462220372570613e+01 -1.508821051225927512e+01 -1.128722275042922263e+01 -2.035604216599011451e+01 -5.420050822140616020e+01 -7.187550829474043113e+00 -2.385463787477215547e+01 -1.176634330620099611e+01 -1.622681591743636531e+01 -8.937121798123035532e-01 2.632513670398669348e+01 8.968389289916049165e+03
-5.579994634108807361e+01 -5.005099306353413269e+00 4.237281956101237590e+00 4.581186257580205812e+00 -1.179368209244187682e+01 -1.515146094771848873e+01 -3.846642290117693364e+01 -1.388347044548453368e+01 -2.012560724916053090e+01 -1.495690024161180354e+01 -1.801350819414709292e+01 6.765701900514876854e+00 3.134110073917103634e+01 7.199975732402657741e+03
-5.798539521302034672e+01 4.279686492512136731e+00 -3.254115682445647639e+00 1.652431248291662769e+01 -2.215735804809375153e+01 -1.957040957074247700e+01 -2.541046697541692367e+01 -1.932096060777972824e+01 -4.271633564214033285e+00 -2.226672226448328828e+01 -2.217009343912694774e+01 9.788831691412847036e+00 2.940415573775082336e+01 7.523197160889218139e+03
-5.811545619052618150e+01 6.219519334673097255e+00 -6.673805075804037479e+00 1.847014601342522866e+01 -2.528724255606888605e+01 -1.031921536716165555e+01 -2.499255900005510966e+01 -2.436364313354800970e+01 -8.171315837709746788e+00 -2.198003763498996577e+01 -2.062816503084282260e+01 5.184051921224693160e+00 2.413494205326903597e+01 7.350704062659335250e+03
-5.751660982670610167e+01 5.544683186760693161e+00 -7.827854228738456044e+00 1.467696390173307286e+01 -2.717570563608260414e+01 -9.663866782713206760e+00 -2.607936797159252862e+01 -1.958898723274086251e+01 -1.222053562041539365e+01 -2.128516151589443695e+01 -2.158233500714070274e+01 6.113808360579625401e+00 2.172707251540893836e+01 7.089004750141234581e+03
-5.735998280253620862e+01 4.780896135369376410e+00 -3.804998110775349218e+00 1.598562836768810946e+01 -2.598457496102840025e+01 -6.089995339113102979e+00 -2.475431081801947286e+01 -2.018503444170512751e+01 -7.886777957073344503e+00 -2.401781479353777371e+01 -2.118213379868395663e+01 3.198133368352205519e+00 2.099205052508662916e+01 6.854174347076706908e+03
-5.698835284493527098e+01 5.503837495073147679e+00 -5.915296565871635437e+00 1.257338718328276528e+01 -2.520935809406169170e+01 -2.076036818532826178e+00 -2.487454705219843376e+01 -2.799848229490845952e+01 -8.982562420139069914e+00 -1.533886732793189545e+01 -1.538566417134129338e+01 -1.470837312709178057e+00 1.163182501621212417e+01 6.203673808267963977e+03
-5.705470505889019961e+01 5.613459191703742412e+00 -9.354395092070486584e+00 9.423504708570852983e+00 -2.714808162221998700e+01 -2.271630285039394792e+00 -2.868508267919839838e+01 -3.491766494415742272e+01 -8.838728328446018523e+00 -1.125152746275960602e+01 -9.868348519281413544e+00 -5.433035544149365847e+00 3.911128810344615125e+00 6.594232470370807278e+03
-5.681755248594575392e+01 5.093905912177963735e+00 -9.333756725448541403e+00 1.136091833806613849e+01 -2.027980692811534524e+01 -1.282906054250154249e+00 -3.388017256687160739e+01 -3.608241000059386039e+01 -7.710118048063845819e+00 -4.425053414209924263e+00 -5.989113984812038716e+00 -9.882249458063846248e+00 -2.258438349036695048e+00 6.550750352111573193e+03
-5.589044643587710226e+01 5.599200107618020006e+00 -1.127956601113373480e+01 8.529617115163679486e+00 -2.127764464909121500e+01 2.892687790278829496e+00 -3.266954734417718953e+01 -3.581304371595592073e+01 -1.105702583652980131e+01 -1.919906456128339101e-01 6.815504873197623104e-01 -9.133151788553202977e+00 -3.664322053855436856e+00 6.385656160048628408e+03
-5.130161777743301599e+01 -1.462480580973003264e+00 -1.274528902989347579e+01 -1.076015034696061612e+01 -1.891374894427592324e+01 1.193423515913637800e+01 -4.165247227950382580e+01 -1.720078652877844405e+01 -3.221064578435067460e+01 9.370925826511879997e-01 4.607844851397435271e+00 -7.922857059695524562e+00 8.393875709897670845e+00 6.636034328089875089e+03
-4.638777094023688363e+01 2.252873471981813314e+00 -1.562537549487056765e+01 -1.644734492769730494e+01 -1.038371263124353838e+01 2.991301921715902523e+01 -3.836975117132404023e+01 2.464531743401976005e+00 -2.718567681081227505e+01 2.728326281178409474e+00 -2.104006685171217139e+00 -5.015702251038812065e+00 7.332696160466795732e+00 5.982347508711477531e+03
-4.573977749577628060e+01 -1.810124382527580122e+00 -2.147709981478499586e+01 -2.629920710045596621e+01 -1.159665257948587858e+01 2.967472471854205907e+01 -3.780332161134982982e+01 2.954443707124626783e+00 -2.458467562763983594e+01 -2.053982115403352182e+00 -9.485994928639017942e+00 -4.371780692145456726e+00 1.495930364341063346e+01 6.642711856799323868e+03
-4.449505084086654705e+01 -1.572097691233856676e+00 -2.135612796874101704e+01 -2.419474424906543675e+01 -7.727885089010722020e+00 3.338285690250931737e+01 -3.250959226873537489e+01 -2.356114191558580651e-01 -1.873479692295218868e+01 -5.315766405652514237e+00 -1.011748841997725279e+01 -4.934902457318217639e-01 7.950678898449940135e+00 5.799885724440619015e+03
-4.416354905260784847e+01 -1.702243194575102869e+00 -2.448283796672258461e+01 -2.513932109293434891e+01 -1.332228221718604644e+01 3.368730899227112019e+01 -2.983174823857839897e+01 1.561625619496675776e+00 -1.947057052622609064e+01 -9.383238705159863358e+00 -1.814764382293065381e+01 1.662037184272028956e+00 8.660108841693512360e+00 6.263646499185108951e+03
-4.333053597812963176e+01 -1.334464537429451703e+00 -2.363965794071231130e+01 -2.396050121369398056e+01 -1.315438819043015073e+01 3.561143982387395823e+01 -2.886786834833485926e+01 1.465436193773151041e+00 -2.162741961490648279e+01 -8.233026776212176046e+00 -1.363848967843554583e+01 4.795759257095204120e+00 2.509345568715031227e+00 6.039801622768799461e+03
-4.332940314847384400e+01 -8.255460233252992497e-01 -2.566047175226192678e+01 -2.570947495442558406e+01 -1.765917484457006381e+01 3.464071062888089614e+01 -2.714183186016050087e+01 4.589647719967100414e+00 -2.085243427119619852e+01 -6.580244702122738376e-01 -1.393430784118425336e+01 9.559490376454585103e+00 9.295696570796724956e+00 6.274340585648746128e+03
-4.224629619785515189e+01 1.154424498935008980e+00 -2.156981889796442076e+01 -2.339477779863392470e+01 -1.218154590850234698e+01 3.957931180531366522e+01 -2.179053904511467010e+01 2.061195039663490824e+00 -2.196357163761064868e+01 -3.432666524592663526e-01 -1.250281717692619310e+01 5.961579401748145379e+00 -2.876603659356774312e+00 5.675295080481640980e+03
-4.408425573092378613e+01 -4.945762717301307454e+00 -3.311006220134864009e+01 -3.698811222881413130e+01 -2.653812663455532928e+01 2.598615721541602852e+01 -2.687497765690061158e+01 -8.425213818713718439e+00 -2.467724213067962324e+01 7.086710475313300783e+00 -9.626176411678907030e+00 1.115715808699090594e+01 4.235733407394770111e+00 7.499354652402319516e+03
-4.371791011607234623e+01 1.514452958307367147e+00 -2.460563389642547349e+01 -2.909852449251345163e+01 -2.062882439994912787e+01 3.499414810760386985e+01 -1.821770075430092461e+01 -5.700029921249157638e+00 -2.135414133956147253e+01 1.210510258519227023e+01 -5.593598666601001135e+00 7.087593732489702703e+00 -3.722097453031863346e+00 6.078133540901168999e+03
-4.614372882639391804e+01 5.026524609988581638e+00 -2.253287474299506599e+01 -2.625673677143027618e+01 -2.092791297394562733e+01 3.823984602067353933e+01 -1.387206481025415528e+01 -6.846988514059005659e+00 -1.997411680211643059e+01 7.364257293061823084e+00 -1.139024898395315510e+01 -3.673953929230744819e+00 -1.858556973662676137e+00 6.091122699585602277e+03
-5.239435137926731301e+01 8.825006303537884733e+00 -1.557968342183391108e+01 -2.341917515214937140e+01 -2.383812754820961288e+01 3.149696041025928395e+01 -1.121092545263909557e+01 -1.250699187359208864e+01 -2.281235999206890952e+01 5.847669040905667082e+00 -7.326002003294053821e+00 -1.021946097882694282e+01 1.154785025946140742e+00 6.170697846490008487e+03
-5.876195515108625500e+01 8.585823632299010910e+00 -1.066267573957442849e+01 -1.500750150306188146e+01 -1.863624590660588254e+01 2.182901191916367267e+01 2.824940259681859800e+00 -2.563139410284170694e+01 -3.153141471948231711e+01 -5.555195128805129556e+00 -1.570122272773387984e+01 -3.345636246935758784e+00 -5.665884377405460803e+00 6.669279799851295138e+03
-5.759309758327722051e+01 2.883517445221050135e+00 -8.983643676758630292e+00 -1.310788485510609647e+01 -2.925019717568930844e+01 1.429117165063534323e+01 -9.142436193893371810e-02 -3.796162587534070809e+01 -3.186234576640376304e+01 -3.278472174891426061e+00 -9.064533483946194181e+00 6.743342053480283482e+00 1.417722618731344753e+00 7.234312904952275858e+03
-5.350164134437309116e+01 7.484553186303198657e+00 -1.201893679413432103e+01 -1.469290121103434466e+01 -3.093206607204642822e+01 2.678853329820875473e+01 2.745858156281314688e+00 -2.096507555113289101e+01 -2.586207451106078636e+01 4.666427330053190659e+00 -1.135917039415147300e+01 -6.310962376108082417e-01 1.723725108961198238e+00 6.223295413031041790e+03
-5.205706623781485831e+01 6.676752950124680730e+00 -1.425398227686728880e+01 -2.142062231279124163e+01 -3.263756564886463707e+01 3.120869438860724543e+01 7.782054967427740610e-01 -2.209971266787045607e+01 -3.199105163294443699e+01 -6.422099576755964101e+00 -2.263019492826445500e+01 -6.889584462106544294e+00 3.248267708862218939e+00 7.579546534200437236e+03
-4.851268635781738681e+01 7.692386771736440920e+00 -1.810362247883260878e+01 -2.644498900634896543e+01 -3.205217648129497121e+01 2.138212399950202069e+01 -8.421063105192697407e+00 -1.189369585165414200e+01 -1.753199434679396518e+01 1.126022252139804714e+01 -6.521240820308155328e+00 -1.148490500852215046e+00 1.394131358342732696e+01 5.809012964757281225e+03
-4.668707866554473185e+01 7.436697061149172505e+00 -2.054856185139186664e+01 -2.797603758587238687e+01 -3.374357487283560175e+01 3.371923815674243485e+01 -5.931855672694616999e+00 -1.461259257271151668e+01 -2.338076590991455816e+01 5.439354809182230355e+00 -1.263458725875828215e+01 -1.669495437516861358e+01 2.094487190835620183e+00 6.983208459811317880e+03
-4.352550937930580233e+01 9.166554551689466424e-01 -2.608617546521527331e+01 -2.918789628716817930e+01 -2.511611123866343576e+01 3.044288513929584994e+01 -3.828975873342217451e+00 -1.273137272460841984e+01 -2.417331638697232776e+01 -2.587413253558716875e+00 -1.201739322667304322e+01 -1.794605833128340322e+01 -1.937748727544352789e+00 6.223346823287597545e+03
-4.263081859469650681e+01 1.399918977950046051e+00 -3.025875415840234695e+01 -3.128465079423996187e+01 -2.456507765971081625e+01 3.534173473663921072e+01 -1.047470567948450970e+01 -1.236285225597569415e+01 -1.747182254967210113e+01 7.766742199116023926e+00 -1.212785980302146172e+01 -1.020034454238588495e+01 2.146415038368665762e+00 6.450034852629238230e+03
-4.083174691876234874e+01 5.598890428611478676e+00 -2.529301167091826130e+01 -2.627959242593215095e+01 -1.572011795619531505e+01 3.456289107092198520e+01 -1.069557293653253893e+01 -8.518041626539128330e+00 -1.312479854210441488e+01 1.198985148048818949e+01 -9.770425693608041584e+00 -6.883472539296457526e+00 3.630778949882707440e+00 5.129643252768494676e+03
-4.116910416896051572e+01 2.679540297742709409e+00 -2.919013353184106663e+01 -2.849836932289916192e+01 -1.495205449111038831e+01 2.965102946284594765e+01 -1.332843006973596722e+01 -3.556208512345528039e+00 -1.380832673061158999e+01 1.081865806936295016e+01 -8.923000780045509117e+00 -5.578022639523481097e-01 7.567219558515782651e+00 5.104244320426096237e+03
-4.129779899664431042e+01 2.033192164814968006e+00 -3.027301708760214538e+01 -2.804488060234098867e+01 -1.044157557440395045e+01 2.628096519390372876e+01 -1.206945989409088327e+01 -2.358290406009208695e+00 -1.718117183382522128e+01 2.945961634265628071e+00 -2.030798915419483563e+01 -1.215834037374799870e+01 9.427239393634238240e+00 5.316545853955116399e+03
-4.256441731622920344e+01 -7.671779308094538452e-01 -3.331054274755216227e+01 -3.253666973266469142e+01 -1.130552624334031009e+01 2.472625079975543727e+01 -1.670050934474266313e+01 -4.053171071886209731e+00 -1.633504399999569756e+01 2.763087572115614954e+00 -2.854745053265079235e+01 -5.977619033526914372e+00 1.717170091806834265e+01 6.435107418296399374e+03
-4.161741214859584659e+01 2.062381215187136352e+00 -3.377994892854274411e+01 -2.506397732717867655e+01 -8.511237663144379795e+00 2.610563849261017211e+01 -2.111078826510160411e+01 3.018814789536091947e+00 -1.492088221911781254e+01 8.215122375829500001e+00 -3.304524689546408922e+01 -2.996240650236674519e+00 1.822192074781212057e+01 6.437399628870481138e+03
-4.217537295944370612e+01 -3.492012595901625716e+00 -4.000260662708209480e+01 -3.140590135766778346e+01 -1.704742041126616670e+01 9.919696604996124378e+00 -2.823063178531204898e+01 -5.973677351256228008e+00 -1.245126687540340882e+01 1.409052788064734107e+00 -3.270099942045980868e+01 -2.551090305624122756e+00 2.713472481506058287e+01 7.568339920990648352e+03
-4.054852624828071583e+01 9.805744818487891479e-01 -3.216341632444223109e+01 -1.781878720535965499e+01 -8.546483979656301244e+00 2.159501158258753151e+01 -2.124717330488044453e+01 4.277349635561159324e+00 -8.576599215666989906e+00 4.530659164484981183e+00 -3.412681742848683086e+01 -5.172636755300192846e+00 2.319948949814350669e+01 5.829961119715257155e+03
-4.085127194020308394e+01 -3.497564703386564222e+00 -3.345474170027841154e+01 -2.142149603838965177e+01 -8.805618494008824015e+00 1.318011259670634239e+01 -1.904721435091492765e+01 5.686643964475605273e+00 -9.255813071558780081e+00 -2.159168233773784085e+00 -3.080244531188922608e+01 -5.051213662080279221e+00 2.400774262364023315e+01 5.546557377586424991e+03
-4.144810300975824902e+01 1.170285772231314469e+00 -3.026718193480911268e+01 -1.641438467007409230e+01 -1.337861310406735704e+01 1.466597184125953568e+01 -2.219124193300023862e+01 1.420254233496103247e+01 -1.263956493588597141e+01 2.599081023457661566e+00 -2.745174289741374452e+01 1.149955374409326492e+00 1.960537807562364421e+01 5.298895843102423896e+03
-4.233600853925121044e+01 -2.558283288781691311e+00 -3.457000934144429749e+01 -1.917570718154361131e+01 -2.235580717274779161e+01 6.919593886320496878e+00 -2.337572342971024852e+01 1.237812954747541738e+01 -1.253198073639019405e+01 1.822672090679661183e+00 -1.629977753193881540e+01 3.968730994977478055e+00 2.117567074820532724e+01 5.499196434719123317e+03
-4.229655805428586746e+01 -1.947772801867873049e+00 -3.247775236570033996e+01 -1.568047252365707855e+01 -2.232796666105735284e+01 5.108821657367014879e+00 -2.121318431298471197e+01 1.238396451163032808e+01 -1.027367597048004200e+01 -6.084988685847715573e+00 -1.901831528572733632e+01 4.986081882798072407e-01 2.010015294667429586e+01 5.130010759252003481e+03
-4.340567179194749059e+01 -4.247966554231847880e+00 -3.695126471513417243e+01 -1.716544837901598086e+01 -2.935772753430375914e+01 1.043872614725048109e+00 -2.691854882840535979e+01 6.143894342638568595e+00 -1.594473906707072786e+01 -1.606011019389818983e+01 -2.666396539728977189e+01 -7.774468275375248538e+00 1.320990682088672941e+01 6.645540579637976407e+03
-4.299908522588681592e+01 -4.025332684516222059e+00 -3.394922559227529746e+01 -1.608914454023088325e+01 -2.892831164062212679e+01 2.747585197385291611e-01 -2.269686156427102475e+01 8.449782237624184233e+00 -3.610672041099421747e+00 -5.937401633213475804e+00 -1.223848467478757307e+01 4.973957120885059702e-01 2.206329390791793088e+01 5.385110713626874713e+03
-4.283414452578752929e+01 7.935294409059002740e-01 -3.007871060749009473e+01 -8.050678152348845984e+00 -2.759489690853098409e+01 7.301170629894965458e+00 -2.184838124166344642e+01 6.996946873488847807e+00 -1.000438783462798575e+00 -3.768901643642917243e+00 -1.475058190371445122e+01 -7.988888906763479625e+00 1.303153478024847090e+01 4.612458741692806143e+03
-4.338390728994317413e+01 1.954859495208157161e-01 -2.967722919602728382e+01 -4.833502493905802666e+00 -2.587320872360102086e+01 1.120098573934219210e+01 -1.765888375683545775e+01 3.861399613159702149e+00 2.648230764509193480e-01 -1.221725587403959201e+00 -1.910546389660615318e+01 -1.633853831189959038e+01 7.515978505697829881e+00 4.597953161753661334e+03
-4.477586374707881589e+01 -2.970089053156013126e+00 -3.186446829266293079e+01 -9.021825403543308752e+00 -3.124096517222068670e+01 4.830822410380287479e+00 -1.925429451692047067e+01 -5.422656214363487770e+00 -2.256552489807493789e+00 3.408506782328980744e+00 -2.059994266667866114e+01 -2.311063918506101800e+01 6.872336628054890539e+00 5.532303124049081816e+03
-4.484832097536456530e+01 1.153137725353810428e+00 -2.855110414612299508e+01 -4.807644428913401491e+00 -3.161582795009640634e+01 7.897761964316333483e+00 -1.584984126426088480e+01 -2.460107536107757564e+00 -7.508700422945155495e+00 2.074102629301870593e+01 -1.737650308054978154e+01 -1.703558856760904305e+01 9.432570010386401194e+00 5.337883699930441253e+03
-4.560238314263412462e+01 2.135579621873640033e+00 -2.687658422880409859e+01 -9.008118660445623149e+00 -3.360293968921339314e+01 2.064505795132462129e+00 -9.428921143100046365e+00 -1.259180155020474956e+01 -1.601967263793994434e+01 2.622162796923264949e+01 -1.504086241445815908e+01 -1.908383890326563659e+01 6.867552360476220308e+00 5.850300200019161821e+03
-4.590028551968537585e+01 6.471736050560020992e+00 -2.578995019651355136e+01 -6.806003945891575313e+00 -3.389732257489271916e+01 8.493313538914378569e+00 -6.170136962894013699e+00 -2.686946820616369358e+00 -1.598359261564577949e+01 2.827811100719054593e+01 -1.705276990539906734e+01 -2.555889644611990974e+01 6.857068726099813993e+00 6.172818260663566434e+03
-4.667210049291308138e+01 6.048443095067624675e+00 -2.676337043461613519e+01 -1.246528456686159103e+01 -3.706712671128325809e+01 4.145793404207907429e+00 -9.385839304144246498e+00 3.348463700365954754e+00 -1.514707318464787633e+01 2.048509123278411792e+01 -2.368869580495863403e+01 -3.402481005421147842e+01 6.428609319255878418e+00 6.986237433645987039e+03
-4.672048324496861227e+01 8.924959200077163146e+00 -2.052496922488025533e+01 -1.199750507640080599e+01 -3.298663917633155052e+01 7.628511353263473183e+00 -8.243031720785696237e+00 9.048199910209620001e+00 -8.770972998238734775e+00 1.249890889830469298e+01 -2.272570888067930639e+01 -2.940380796209950631e+01 2.784226683840222538e+00 5.745749360300710578e+03
-4.798372498305738532e+01 6.997062391628856126e+00 -1.929842739282833364e+01 -1.788866599133047686e+01 -3.521034802231419292e+01 2.654080763215084016e+00 -8.947126787222618560e+00 4.379284722768669091e+00 -2.722573386519970828e+00 8.924646523534395470e+00 -2.392167841705513354e+01 -2.370952217155410935e+01 3.180436740504512194e+00 5.621437420295337688e+03
-4.947911978978989822e+01 7.318247266623967739e+00 -1.953323006427674713e+01 -1.654144060063148913e+01 -3.946981438058386260e+01 8.021698525107593625e+00 -5.029781219189904284e+00 1.060605796782455990e+01 -5.088667417445356556e+00 8.653545509585036655e+00 -2.926048421206890282e+01 -2.789794638921535608e+01 -1.981029596950929283e+00 6.656081644607334056e+03
-5.090911190676526843e+01 8.245458989345225476e+00 -1.761250556737564210e+01 -2.419030606694818886e+01 -4.662333649286178883e+01 1.780312214060219889e+00 -4.734943037134481614e+00 1.288292836645033024e+00 -1.870242099315061068e+01 3.363477521111075230e+00 -2.579288091905524283e+01 -2.585754435257486605e+01 1.933867283732555009e+00 7.454799611119092333e+03
-5.047580575362350430e+01 1.065805578193031877e+01 -1.529499752147710545e+01 -2.069763667319971390e+01 -3.533081683133612927e+01 5.543208765018707851e+00 4.009610522497313312e-01 7.600417974287761780e+00 -1.423779471395288354e+01 7.240557334286799041e+00 -2.014906888334292034e+01 -2.160115233815560032e+01 6.238788205376009088e+00 5.827308843398546742e+03
-5.069030999576619223e+01 8.373635234507956326e+00 -1.365924203759579392e+01 -2.247813728255984600e+01 -3.921942948746711721e+01 1.209446282627827784e+01 3.053608721681882354e+00 1.922689905195340776e+00 -1.749493094704037688e+01 8.275961760390577737e+00 -2.311844684331228805e+01 -1.800699345469878310e+01 -4.367735137955374825e+00 6.281283446179111706e+03
-5.068602928621380244e+01 1.120833479045770886e+01 -1.366084361924409762e+01 -1.668441359934182699e+01 -3.670247637901678672e+01 2.333111929963634879e+01 2.993076354583096510e+00 1.967844244748721660e+00 -2.283360205887076688e+01 2.001464776062284656e+01 -1.002942323957859649e+01 -1.280753825392467249e+01 -3.792382398991046788e+00 6.264896495152548596e+03
-5.244273489683858003e+01 7.316433643618595717e+00 -1.502927048760244411e+01 -2.552820636598124437e+01 -3.830597675352133535e+01 1.482765831300968173e+01 -6.459443480712041552e-01 -3.405550129338472232e+00 -3.265254844558267422e+01 1.865175114091588426e+01 -7.436751132417174226e+00 -1.924434132654202401e+01 -5.322164576438617623e+00 7.248613375138573247e+03
-5.293320488064937024e+01 7.432877156039808142e+00 -1.555713814362860958e+01 -2.590786037564258493e+01 -3.905081662972858680e+01 1.584840084264100035e+01 -5.169144708625536211e+00 -4.268374618538516962e+00 -3.229461719118090457e+01 9.326174301438417302e+00 -9.543577655618799227e+00 -1.684138422191641737e+01 -5.440592988723279788e+00 7.125722761511635326e+03
-5.447330946520578721e+01 7.480320995421750219e+00 -1.402104632391696271e+01 -2.562640611901983689e+01 -4.298728795654768220e+01 1.150183194811729059e+01 -9.282470392083180144e+00 -3.177292761012989075e+00 -3.425268672966395656e+01 6.237313719440695792e+00 -1.062399417969029258e+01 -1.710614025016577244e+01 -2.260131353659488251e+00 7.575805697731406326e+03
-5.442505870560828640e+01 8.718144550870324139e+00 -1.042653936810264348e+01 -2.531051428960081040e+01 -3.742383262550671930e+01 1.135611833351204147e+01 -5.051421606961821631e+00 -5.308500323019416101e+00 -2.821836009319127925e+01 3.319559111836827281e+00 -5.067728966338137297e+00 -9.574195768094325487e+00 -2.216017712639855475e+00 6.300182779265686804e+03
-5.571023784013243585e+01 8.895108040346029199e+00 -1.112493126806655575e+01 -2.543627252866708943e+01 -4.007101304529659558e+01 1.153199537683096310e+01 -8.459039266774858845e+00 -3.296498645016648243e+00 -3.155492663893089755e+01 5.881867601863360662e+00 -6.780688904164053454e+00 -7.119528740310495429e+00 -5.872387215105415947e+00 6.936076980383852060e+03
-5.585971123705311214e+01 9.538877820918791883e+00 -9.758113761962846411e+00 -2.641941728075141071e+01 -3.638254973658465730e+01 9.186627963358738214e+00 -5.088642098457365925e+00 -6.478909782647521709e+00 -3.235040311295084337e+01 5.687801665815271690e+00 -5.678264214959908962e+00 -5.991203435860421145e+00 -5.693286760881562714e+00 6.659908918871807145e+03
-5.678685208311554078e+01 1.034092006518547180e+01 -1.117297138837996329e+01 -2.406784671727258740e+01 -3.892506214755935190e+01 1.082494478749634759e+01 -5.813518443077698272e+00 -4.218642246504304971e+00 -3.341497737412763769e+01 1.007651171234253162e+01 -5.814469913938746792e+00 -8.390103792931407511e+00 -5.281584519296282920e+00 7.069905402764753489e+03
-5.703694860077750661e+01 1.122844787095545982e+01 -1.009913886666265093e+01 -2.464297575957496278e+01 -3.855675788778111013e+01 1.059020015071256715e+01 -1.936771537272303556e+00 -6.557029775987324172e+00 -3.355946441541072289e+01 8.740776731131578714e+00 -6.462699873336100076e+00 -7.883450660382008479e+00 -3.136639354562492432e+00 7.050474669054326114e+03
-5.724723320562166862e+01 1.078096806628334114e+01 -9.601687096929820697e+00 -2.427781287055957193e+01 -3.809980428652806950e+01 1.190221336341492275e+01 -1.919174932826033464e+00 -8.758068370122693125e+00 -2.810696740237930058e+01 9.084682296916673394e+00 -8.843141168496481797e+00 -1.324211286291765077e+01 -1.297017769778285645e+00 6.876494361538489102e+03
-5.774984850185381191e+01 1.103262716738942650e+01 -9.114628709421848995e+00 -2.580336404359367819e+01 -4.070693745420265941e+01 1.108223763802623907e+01 3.795835884703659069e+00 -1.093445069033309025e+01 -2.792659943177765314e+01 9.046236949443555275e+00 -7.296432309343244604e+00 -1.540211662657883807e+01 1.226480959130671344e-01 7.271702768954945896e+03
-5.772289132637917675e+01 1.087656420961424786e+01 -1.127281064523045195e+01 -2.311892848337258854e+01 -3.803967926992973503e+01 3.057000228992792223e+00 2.922283125799619352e+00 -5.886816855034151530e+00 -2.497521439307972102e+01 8.261046927619135616e+00 -1.343940435144198808e+01 -9.525028455735419897e+00 2.609529649513533833e+00 6.581509378573030517e+03
-5.741113017587793621e+01 1.156476703915084947e+01 -9.633329329271237640e+00 -2.163462498300062009e+01 -3.498757153774538153e+01 3.593232323743252188e+00 8.235994968460067511e+00 -4.849491865131382973e+00 -1.919542072349037198e+01 4.738411656304131192e+00 -2.002005694801200875e+01 -1.013634460031080131e+01 -2.586916809064226275e+00 6.220187424385739178e+03
-5.819468731863694444e+01 1.450113516462059771e+01 -6.683257288127458118e+00 -2.064206436072327122e+01 -3.366851428956574921e+01 2.082973918372458044e+00 1.331119307963206211e+01 -2.160272845838394698e-02 -1.263650863667205648e+01 1.645541567706800157e+00 -1.946491580179581860e+01 -7.598215460572975033e+00 1.396720362879068089e+00 5.983717075624613244e+03
-5.937572248440471157e+01 1.195815432698122294e+01 -8.524377098997099722e+00 -2.839228703443254531e+01 -3.677625127682697581e+01 -3.133783302765234868e+00 6.542229276310919772e+00 -2.751856663315495943e+00 -1.619780848434951892e+01 -5.981076255744252279e+00 -2.482061713986638551e+01 -8.378079277648458500e+00 -5.678972332097329545e-01 6.944667605915289641e+03
-6.041487152719582809e+01 1.235185603201517246e+01 -9.577368406423442337e+00 -3.160260007983639952e+01 -4.448856661018098180e+01 -6.234240154814759904e+00 3.343335363053143716e+00 -3.537485361595257061e+00 -2.278525600601793855e+01 -1.233272067038822151e+01 -2.793213811251515111e+01 -5.029783014080392078e+00 -7.146169205210788355e+00 8.462600051259849351e+03
-5.973708786278605487e+01 1.631777095413198353e+01 -3.288093861172966648e+00 -2.609351636786990625e+01 -3.379017995536456453e+01 7.408279329500580879e+00 1.126931391449305764e+01 6.657408375592957839e+00 -1.474118405051789260e+01 -2.496691758649882686e+00 -2.387244830496558379e+01 4.652653850641019773e+00 -9.431064796437681252e+00 6.798471795411240237e+03
-5.996059615556530531e+01 1.757330514535012966e+01 -3.350439797355350358e+00 -2.575685618598494031e+01 -2.974212124084574072e+01 8.056596607464237891e+00 1.175099937733388167e+01 4.951531869016317700e+00 -1.586498774043281479e+01 -3.324584010986608718e+00 -1.945595823332989482e+01 5.824418648231554307e+00 -8.893447864734405073e+00 6.445143684640037463e+03
-6.090245941108827310e+01 1.432288120788251717e+01 -8.665994854493712651e+00 -3.284998605857391141e+01 -3.670015358873459377e+01 2.974790274051185568e-01 5.378346410928326549e+00 1.309836047765493561e-01 -2.461062418761831694e+01 -4.273395454439525842e+00 -2.847595228619898933e+01 4.951830257877561370e-01 -9.567509696714470380e+00 7.971016111555944008e+03
-6.139015123854949252e+01 1.162718166189472946e+01 -8.870261712251803488e+00 -3.234807019236324521e+01 -3.795613130329921603e+01 4.513766084012296176e+00 4.606249731450852813e+00 1.717090958325869332e+00 -1.904135750258140902e+01 -1.000490829418975558e+01 -2.947300351779402305e+01 -3.266683866817402748e+00 -1.202331497376911074e+01 8.000789884547050860e+03
-6.032700323969395129e+01 1.268531233470719677e+01 -7.445997226671096314e+00 -2.289482626401446197e+01 -2.608551898256759571e+01 9.397413160237103824e+00 8.751897342487968245e+00 1.055299522352146191e+01 -1.113723408399978609e+01 -6.896437297469958594e+00 -1.896409444308544323e+01 -7.971669305422106611e+00 -9.254141292473615721e+00 6.017029854307405913e+03
-6.118253205795484462e+01 1.115408211533418914e+01 -2.400443061844812931e+00 -2.564403048648913952e+01 -3.346189476370857818e+01 1.014052690993150652e+00 -9.593595459034973683e-01 -5.249964372471390694e-01 -2.325681359753625799e+01 -1.849185409908317812e+00 -1.625334071542555137e+01 -2.890592277294471657e+00 -7.018815085431261203e+00 6.519106138097995427e+03
-6.301902462248239090e+01 6.584659206505885543e+00 -5.322986258431801510e+00 -2.677926195576682389e+01 -3.433215260963588378e+01 -9.243386781868515811e+00 -1.091358294905726112e+01 -2.985423119039161577e+00 -2.854673124514772198e+01 -1.196781488938943028e+01 -1.778364165575932176e+01 -8.234004414197578114e+00 -1.054555965969441367e+01 7.605784226613137434e+03
-6.320178890677422601e+01 7.893302004647959613e+00 -5.456200635856466308e-01 -1.810170679093528179e+01 -2.385513479607882203e+01 7.097724626317246654e-01 -3.763382520404924936e+00 -3.749646328602929568e+00 -2.057119617056773464e+01 -1.059252609807812640e+01 -9.110901550227600509e+00 -3.400268816120681770e+00 -1.487985613296859988e+01 5.833890150868215642e+03
-6.554552348780747195e+01 7.208730595136986885e+00 -1.788762709549114094e+00 -1.812624615836778830e+01 -2.330687162867382156e+01 -3.117688226921470296e+00 -1.055994370423780104e+01 -1.563055292015977393e+01 -2.705411551435159367e+01 -1.506766176089159082e+01 -4.323549870613786261e+00 -2.916492266949072931e+00 -2.275698814320094954e+01 7.092737875712316054e+03
-6.626182890650828483e+01 6.130396439755750215e+00 -2.129995535257414030e+00 -1.322793607803485649e+01 -1.388453867751069026e+01 -1.369695768303306860e+00 -9.442663265380438986e+00 -1.687281857947139230e+01 -1.961588338436276402e+01 -1.335883373534874963e+01 -8.607577785080382071e+00 -5.793705574725478868e+00 -2.677117755236666241e+01 6.563833968423625265e+03
-6.733133744655609121e+01 5.303827123413913824e+00 1.266130507939512428e+00 -9.303467219577687075e+00 -1.258344685024888321e+01 9.204496109906298296e-01 -1.769216837672641596e+00 -1.284839003013999736e+01 -2.093618751969817637e+01 -1.132384636861116434e+01 -5.258310037382683433e+00 -7.031342092483127360e+00 -1.881268273824002080e+01 5.974758862290987963e+03
-6.858683872697558570e+01 1.525126880990964162e+00 -8.727037688930132653e-01 -1.129915362593618866e+01 -1.320337511050274770e+01 -4.373930785673413868e-01 -3.674179750487665430e+00 -1.483445982950728137e+01 -2.302132619228783739e+01 -1.263522422771193554e+01 -6.384677132528294052e+00 -6.203759638727230907e+00 -1.447906987183049665e+01 6.221518716411364039e+03
-7.057658120833745841e+01 -2.962121492505600528e+00 -5.606556466095036662e+00 -1.333303256207569021e+01 -1.267065574720692567e+01 -4.301988569626239212e+00 -9.917652547596510715e+00 -1.809756290372979493e+01 -2.967668219847427480e+01 -1.592789604033511353e+01 -8.091590523188211037e+00 -9.637577575215953374e+00 -1.168548220269649285e+01 7.233276020932779829e+03
-7.151627099784812458e+01 -4.224250830347690666e+00 -7.513053120808265817e+00 -9.401263873500846913e+00 -6.115869251454175703e+00 1.905612321367183393e+00 -4.053693189504062211e+00 -1.374556611127814421e+01 -2.186715264893056698e+01 -1.392489493867285155e+01 -7.202765892351028931e+00 -5.305806984431673534e+00 -6.007637314532521700e+00 6.311857467728735173e+03
-7.348450215016332265e+01 -9.300050443502094311e+00 -9.520984480019389906e+00 -6.332529041466703035e+00 2.121772988247916825e+00 1.577320925504536220e+01 6.035544503558594620e+00 -6.081716563337562498e+00 -1.923302254020638813e+01 -1.140541853398872973e+01 -7.778320418676096359e+00 -2.903315067357886026e+00 -6.445412613922756329e+00 6.554391767314345998e+03
-7.466082261175024826e+01 -1.180289477278045496e+01 -9.762802738927160107e+00 -7.275597107275235231e+00 3.308885568990673320e+00 1.573374313662121438e+01 8.398309890647146503e+00 -3.902363148037219176e+00 -1.364722548653655210e+01 -5.730520585962937119e+00 -9.694691307694727200e+00 -2.435640700060951236e+00 -9.810737411993226686e+00 6.621308416028399733e+03
-7.585087136514823669e+01 -1.341991253814784635e+01 -8.723063885338074641e+00 -4.728113073581681647e+00 4.305279985471213600e+00 1.272082379348037051e+01 2.485299187934421727e+00 -8.591391247067504011e+00 -1.281239377247798039e+01 -3.792352551093475022e+00 -8.866663204109393348e+00 -3.427719140837128808e+00 -8.645744740977708176e+00 6.635894394582406676e+03
-7.611343717081558680e+01 -1.408510933670115683e+01 -8.581944162969062262e+00 -4.723107352114095825e+00 3.720293028461175489e+00 1.470666469156481782e+01 1.000283896414590856e+01 4.040632937935083824e+00 -6.785733755555845015e+00 -2.425377589701818160e+00 -1.027783576567842516e+01 -1.155401045669757742e+01 -1.029632090048063553e+01 6.831185128907255603e+03
-7.635199747143762750e+01 -1.381500554766254574e+01 -8.437449366938214013e+00 -4.226383443797311124e+00 -2.783094599261939917e-01 9.782886912684405800e+00 4.352122006111129870e+00 5.404357628970440253e+00 -6.084512992145499233e+00 9.664032001458313648e-01 -6.761874540561757518e-01 -3.652653292537375140e+00 -7.148989187482735375e+00 6.356327530281851068e+03
-7.705097917661656481e+01 -1.491679738419506940e+01 -9.501433919467356048e+00 -9.073280263810465485e+00 -6.394896069390965998e+00 5.051841433213766219e-01 1.177869633426575247e+00 7.418425365745243694e-01 -9.001084841952382121e+00 3.135564983634504088e+00 7.670042653026576396e+00 8.847128041635800244e+00 5.272249100206403138e-01 6.603284002616293037e+03
-7.734914733382473173e+01 -1.431236779361546674e+01 -8.613502486491052323e+00 -7.398855818089399072e+00 -6.165901530418026466e-01 7.208817294713902868e+00 5.110697199345751507e+00 3.726540557194582548e-02 -8.781999628934739732e+00 3.276989310460511895e+00 6.759856537804315835e+00 8.667741037708843521e+00 -1.484202349128555198e+00 6.606028230555475602e+03
-7.723850192026954176e+01 -1.321530032877505789e+01 -6.837889393289930062e+00 -1.758088440805256170e+00 1.760293018922222341e+00 5.670511464215291397e+00 -1.365557198098522607e-01 -4.056859197936089956e+00 -9.679964591099604831e+00 1.305877384646552786e+00 4.170904312382046064e-01 -3.727450988778691077e+00 -9.490696719626956934e+00 6.441556243536707370e+03
-7.666833120291855153e+01 -1.313201228412474997e+01 -6.372526960578587918e+00 -3.118842924670233607e+00 -1.138093949305042152e+00 5.012735373469934252e-01 -9.315484220949727501e+00 -8.277954727949127900e+00 -1.373712525299356102e+01 -5.531717514810255309e+00 5.644721516322735333e+00 2.715789890707346110e+00 1.474342453694685418e+00 6.518388941146476100e+03
-7.641753396109145058e+01 -1.306490726305646710e+01 -6.969561177812937380e+00 -5.405885332660087528e+00 -2.001836322005461355e+00 4.798968384325029923e+00 -7.450463447962863306e+00 -1.134313505309938819e+01 -1.167897291091459699e+01 -3.411920349886273129e+00 4.543157306085110037e+00 5.258423118344352609e+00 4.461517587544181929e+00 6.515579282275295554e+03
-7.748209544406236660e+01 -1.476846260028089119e+01 -8.164340930379202277e+00 -8.395444046387579462e+00 -2.704749444818293824e+00 7.268487410226154743e+00 -5.809635047712463418e+00 -8.364293359015221085e+00 -8.282465322088910398e+00 -6.934971521827665297e-01 6.440253826411291627e+00 7.640094644983000727e+00 -1.455616984308809370e+00 6.693629293566911656e+03
-7.892256837239357026e+01 -1.577983793977843874e+01 -8.877606661278685252e+00 -9.129467284809610561e+00 -2.799459773539936247e+00 2.355893407261220762e+00 -7.462341368942657205e+00 -1.210628855614321608e+01 -1.393919413431095045e+01 -1.160188381549699166e+00 5.974087492762209628e+00 3.571114458827223004e+00 -1.585008829990829593e+00 7.102172129953944022e+03
-7.924699649268295332e+01 -1.626261193028808449e+01 -6.370258134780291570e+00 -6.491037056533309979e+00 -3.003375928451175181e-01 1.171802531755125365e+01 2.478497161519019887e-01 -1.155329528092126878e+01 -1.855336932961780150e+01 -5.496208392703015200e+00 -1.962750661879418379e+00 -3.865583940470874058e+00 -8.571250293321604374e+00 7.364912413151399960e+03
-7.889441890922411460e+01 -1.648813931028448110e+01 -7.717446032945089129e+00 -8.524581429468812033e+00 -1.268405854879136374e+00 7.517629261176403510e+00 -3.725424258268649202e-01 -1.031266122912650118e+01 -2.027786461866606516e+01 -8.212768636517846943e+00 -2.153127771702914917e+00 2.110496984769250517e+00 -6.531141907397811863e+00 7.323416240873996685e+03
-7.985396915682191832e+01 -1.565461308436035992e+01 -8.963455150986883169e+00 -8.969341368145972382e+00 -3.639490023964430776e+00 -3.068305901319205997e+00 -3.819844203960880868e+00 -4.517205160986508261e+00 -8.567049267919236044e+00 -4.301043508838536117e-02 -3.700578251481289715e+00 2.715324436918706397e+00 -3.078016932823480989e+00 6.944110292177660085e+03
