-7.910456534557607711e+01 -1.947867765999833622e+01 -2.321839369095022931e+01 1.482079554980590963e+01 -3.093333139160312228e+01 5.622523165834467207e+00 -3.631983254117153592e+01 -5.282891833425643391e+00 -2.585669218682534520e+01 -1.403629498997067770e+01 -1.822925967135003944e+01 -8.944617184989034797e+00 -3.146750810755134076e+00 1.101902410119344859e+04
-7.798540798121193518e+01 -2.014297436625327009e+01 -2.049154983542702269e+01 9.989919189765839036e+00 -3.171884782544455561e+01 2.965053299895459293e+00 -3.280653418466804538e+01 -3.970920495244511628e+00 -1.696360213704456754e+01 4.492266289079668518e+00 -5.186600830208988100e+00 -9.289148356734358458e+00 -1.213637509676882864e+01 9.682504077356488779e+03
-7.917114750373016818e+01 -1.959601366462965188e+01 -2.546089639025610651e+01 1.115568390963099255e+01 -3.735245981959424455e+01 1.184461194379482762e+01 -4.104645180361347201e+01 2.934687947671794195e+00 -3.308722819036679397e+01 -5.592778741901755168e+00 -7.341550475382523366e+00 -2.963167441440301086e+00 -6.042619168620023906e+00 1.187894137724161737e+04
-7.619115439879132623e+01 -1.690462608003268841e+01 -2.957515423335044602e+01 2.488300990928072665e+00 -3.147729904944328894e+01 9.797048645306739800e+00 -3.764251308410409536e+01 1.151422472925848872e+01 -4.793277094760866497e+00 1.724995815296567869e+01 -1.157464934518033495e+01 -1.145710140112598374e+01 -5.002220673128641160e+00 1.021887491451197093e+04
-6.907313853508337331e+01 -9.251902294525697457e+00 -4.227833026264676164e+01 -4.850029487652541604e+00 -1.517318948393215017e+01 9.440887778121798135e+00 -6.120114679088335663e+01 -4.227010958481896452e+00 1.999945179226393321e+01 3.234528256219251574e+01 -2.545116612542910417e+01 -6.728810201117328305e+00 1.945483940460817252e+01 1.326820508644468828e+04
-6.635082668671553563e+01 -1.825728717299366011e+01 -3.265645645613948034e+01 9.512799435001770831e+00 -2.063058943587416039e+01 2.058279411182187957e+01 -8.945406323698742668e+00 -1.232358183770030102e+01 1.975254293057369992e+01 1.855761039585344463e+01 -1.935791431110673955e+01 5.875386844794756591e-01 5.660845970007670758e+00 8.115528916924352416e+03
-5.191485793932068304e+01 1.184902850296119681e+01 -3.862129291920755492e+01 9.982413215779558868e+00 -5.109550923953103307e+01 5.013304972032098306e+01 -1.836718965521507485e+01 -3.245385472535159721e+01 -6.415777811423104104e+00 2.964696369709595913e+01 -1.887577574216415144e+01 1.302188897992291317e+01 8.209504280519205111e+00 1.245484999714592777e+04
-5.203436588198710666e+01 1.118166470388351996e+01 -3.954277347080239480e+01 2.208903030315371829e+00 -6.136393625781880701e+01 3.617632143782580556e+01 -3.232353284516298686e+01 -4.317212849782996642e+01 -9.909483563094148906e+00 2.459202588300394865e+01 -2.654507728535838851e+01 1.063240949692215764e+01 4.472764088004735683e+00 1.392467788500352799e+04
-5.374513727223872195e+01 2.103599124730752123e+01 -2.356922194042629926e+01 -9.598271464817191401e+00 -3.432953495098497854e+01 7.556492294507128449e+00 -2.263127582157604678e+01 -1.790933461815382799e+01 1.557752814557724008e+01 2.937210657240435197e+01 -1.034992593773036518e+01 1.309370083839911558e+01 1.499487161831671322e+01 7.656016374721806642e+03
-4.956515088882893849e+01 2.685161728720022367e+01 -2.741415629488436068e+01 -3.176933956003465553e+01 -3.318637063560067446e+01 2.254224095264827921e-01 -2.157665662388865968e+01 -2.468239880287898558e+01 1.552281705484498531e+01 1.409325523745527775e+01 -1.592283701756977088e+01 1.190573003452743883e+01 -8.879225938043713295e-01 7.950348613349488915e+03
-4.520677798370638101e+01 2.433527476357744135e+01 -1.847755765729658961e+01 -3.549517002317259085e+01 -2.012699665997911325e+01 -1.603791152281625942e+00 -1.483307675169660556e+01 -2.253932150705661996e+01 1.145191274348393851e+00 7.845631427303340288e+00 1.211577623951250571e+00 -1.936117811818269585e+00 -1.599373134819458864e+00 5.443534788463128280e+03
-4.266802071499972016e+01 2.405800342743422249e+01 -2.069523145622165927e+01 -3.848245811773305292e+01 -1.751359498201678377e+01 -1.745990836039818417e+00 -1.637227240595939293e+01 -2.123997592535220136e+01 -1.151242609196896582e+00 3.834925617422054511e+00 -6.027614414248042563e-01 -3.813197149249590634e+00 -6.611665513250392756e+00 5.412152011447694349e+03
-3.275310077975819212e+01 1.375319686929654495e+01 -1.989379110613350221e+01 -2.451180622380030627e+01 -6.922251389912578823e+00 -2.060867844780440272e+00 -1.034767159807936387e+01 -8.963283102188146501e+00 5.297872600391086984e+00 7.956056006301338357e+00 1.487619237098037672e+00 -1.149581507478526499e+00 -4.662784038028330080e+00 2.614729480680293818e+03
-3.707074406758400897e+01 2.307626237010979153e+01 -2.782739864940800345e+01 -3.758565721694762374e+01 -1.039552220755610001e+01 -4.731566802808068850e+00 -2.427374461551299234e+01 -1.985817782755980687e+01 6.603500702425533220e+00 9.017972396964946569e+00 8.095897623082852768e-01 -2.283343627248878960e+00 -8.747892720013016543e+00 5.415140973812328411e+03
-4.413514960766628548e+01 3.995039023414737045e+01 -3.364151196955266698e+01 -3.199757969742508479e+01 -4.527567626764974484e+00 -7.134357959643924385e-01 -4.265199992184630418e+01 -1.239190213258446072e+01 9.158570203245057328e+00 4.550823858314243964e+00 7.529259278931240473e+00 -2.035273017759886116e+00 -1.174420839235447467e+01 7.996649658155403813e+03
-4.438211002973441310e+01 3.719021708476377341e+01 -3.166589338010230037e+01 -3.062828692932345831e+01 -5.483937279442585577e+00 -3.482737720788490865e+00 -5.081983414754663642e+01 -1.974689826712725349e+01 2.686147361445024195e+00 -1.085245691595583217e+01 8.649772266967785228e+00 4.751634281096528412e+00 -1.185417355622359992e+01 8.671412493434207136e+03
-4.728874704811674690e+01 3.701796724478499101e+01 -2.230725773547839452e+01 -1.646613981212808753e+01 -1.253775262462584639e+00 -3.602575541023774086e+00 -5.345588146585753009e+01 -1.938177924634824834e+01 -1.201713360341427173e+00 -1.533995825025070481e+01 7.384799950728417883e+00 1.129784079034120126e+01 -3.931083477395753256e+00 8.057426465552175614e+03
-5.120819768548728490e+01 3.196949321174148295e+01 -1.309314641828693659e+01 -1.236437022883380443e+01 -6.704479131019896343e+00 1.021552666650391394e+01 -3.388534216032527269e+01 -2.392170732229842045e+01 -6.902270741608138138e+00 -7.897848168171471173e+00 -2.427228820418499744e+00 -1.037678501492801786e+01 -4.365460088189597521e+00 6.081051356578490413e+03
-5.476380200389272801e+01 2.653385938848328962e+01 -1.145775976828171494e+01 -1.697028475327780228e+01 -6.586058717817217634e+00 1.411444686847792163e+01 -2.706175342097791869e+01 -1.710405062717649827e+01 6.782361380926542616e+00 7.152046940060733604e+00 -4.626385022588511475e+00 -1.487781396933846345e+01 -1.280699899915081375e+01 5.893795564978846414e+03
-5.790017617410652662e+01 2.502646768762436835e+01 -2.063398783920406743e+01 -1.442743757766796264e+01 -1.693073940786397102e+01 1.057262093813297810e+01 -3.650945132945829386e+01 -2.839026938967044700e+01 -3.737347413212100289e+00 2.573104104789489810e+00 1.238509992173465919e-02 -2.348605395526081452e+01 -1.975192577254028947e+01 8.112366663837986380e+03
-5.887833553670333231e+01 1.810268745435086402e+01 -1.730334510798086001e+01 -9.199804781553941879e+00 -1.355525914491877648e+00 1.008835286226754491e+01 -1.834187992412837076e+01 -2.434332121406876226e+01 3.069020097410868897e-01 4.085241286472264477e+00 -1.034735077075405352e+00 -1.005827097825080330e+01 -1.210361141526527895e+01 5.476562295703749442e+03
-6.143844368490487540e+01 1.708677181102265763e+01 -3.035685616730005876e+01 -1.063753623630945278e+01 -3.012509727860432918e+01 -1.341150674228853035e+01 -2.087738087677579735e+00 -4.166166156985086388e+01 -7.780736856475483521e+00 8.164227346035612953e+00 2.694850885737383739e-01 -2.994059175799958172e+00 -1.673991506523924500e+01 8.345234964253530052e+03
-3.915364290387410051e+01 1.781701861213871516e-02 -4.701897606337157498e+01 5.894522237792996222e+00 -2.019835591599914082e+01 -3.001936151451771551e+01 -1.175547119628980042e+01 -1.055077754374908672e+01 7.535879098997791736e+00 -2.466624275504743125e+01 -1.650409136344305949e+01 1.521837831479264214e+00 -1.233396488874577024e+01 6.429223947263804803e+03
-3.674339241455288629e+01 1.337351049216398469e+00 -5.856994237122024316e+01 2.309808842348998326e+01 -4.948142223081987368e+01 -2.628611490238495207e+01 -2.600342658826280839e+01 -1.706765286320386465e+01 2.589624620804713473e+01 -3.016963696661285610e+01 1.849397441339039938e+00 1.287646927296504629e+01 -3.928996196755131898e+00 1.118816248869491756e+04
-3.921139796078218609e+01 -2.123594363880790592e+00 -5.011021296995370733e+01 3.164659940376000691e+01 -4.569352767768822332e+01 -4.606755698024275425e+00 -2.884449584948069756e+01 -9.066686214847448966e+00 1.977574683870727057e+01 -1.918646197013399401e+01 1.385520150516997617e+01 1.651456343996346732e+01 -1.187187555384009580e-01 9.301826484663870360e+03
-3.930749938992889980e+01 -8.614087924009762531e+00 -3.309751940962404859e+01 2.005572441835884590e+01 -2.562931174090126873e+01 -6.400465887339784388e+00 -1.668031951436368132e+01 -1.523237967206780219e+01 7.870450069236942348e+00 -2.005535989689137111e+01 1.459459548473984514e+00 1.822874204037613310e+01 7.719612088346559098e+00 5.183216839758959395e+03
-4.096375555880588593e+01 8.189016042232669434e+00 -2.791732114392367237e+01 2.638509258187892925e+01 -2.368760131579805162e+01 -9.211547598389291380e+00 -2.632752701372040605e+01 -2.524854694762392526e+01 7.512143269340776364e+00 -2.947811858315561651e+01 -1.045919394539334135e+01 -2.185545164687712649e+00 -8.391326933685453682e+00 6.307199535570893204e+03
-4.055688184096573679e+01 1.580308586731387521e+01 -1.669084443326455869e+01 1.507386761115168738e+01 -1.091148226195842597e+01 -1.249198996683686502e+01 -3.131907587723200237e+01 -3.739624802095330836e+01 1.412229174844166435e+00 -1.933962942448873790e+01 -1.175870807007530239e+01 -4.928384073950387023e-02 -1.408740339919977735e+01 5.767618335003604443e+03
-4.311217163730448476e+01 3.299693209838925156e+01 -2.997754815517684435e+01 3.093527936884140317e+01 -1.224024222128948658e+01 2.645005440786245998e+00 -4.139939976104445662e+01 -2.798059497744907986e+01 1.159081899459148168e+01 -1.924114547709573131e+01 -5.540303168701042225e+00 4.397043110412348632e+00 -2.749863721554643536e+00 8.018904815537976901e+03
-4.227055093402469055e+01 2.724518127773337284e+01 -2.450327186968338111e+01 1.578870710152466117e+01 -6.484251430487274703e+00 -1.219554043725563730e+01 -3.719559927060955573e+01 -3.326576098855139207e+01 1.248764570414447661e+00 -2.855965673836732677e+01 -1.077167268163959868e+01 2.996081324356167919e+00 -1.442039997796501538e+01 7.209859942950315599e+03
-4.034619039773835425e+01 1.873251884135327927e+01 -1.346224287983673840e+01 1.320598934432583427e+01 -2.141149774626745828e+00 -7.701219586327343158e+00 -2.749752875066587521e+01 -3.291414828426648853e+01 -1.128551890969469795e+01 -2.416258996995805930e+01 -6.240813989769969261e+00 5.693021623708034440e+00 -1.040122823628312432e+01 5.128438524220530780e+03
-3.934987497270352463e+01 1.471827711891072710e+01 -1.111387230077857247e+01 3.424290312641155509e+01 -1.860313334674848917e+01 3.076725259572214544e+00 -1.750399689927522218e+01 -2.523723369565161079e+01 -1.835250847171013833e+00 -2.150367674562546938e+01 -1.854615884148054006e+00 -1.840948558452748518e+00 5.037412879949183520e-01 4.832844300668065443e+03
-3.785867728382507380e+01 2.158800932393010186e+00 -5.671993448761678991e+00 3.512409317032275169e+01 -1.900271094292157770e+01 9.013303940952383186e+00 -2.745066705487238323e+01 -3.156213675255276030e+01 -7.351648012657329367e+00 -1.161534758051640637e+01 6.816630748994265687e+00 -1.208769421319055404e+01 -6.667163435916253711e+00 5.321856469482508146e+03
-3.900036193921982886e+01 -1.657913042664147962e+00 -1.510224603431429102e+01 3.586609709704504922e+01 -4.084107786809142482e+01 2.703479857586325252e+01 -3.021349782373019011e+01 -1.168622249391191481e+01 -1.600149301309248173e+01 -2.223920427874084993e+01 4.089552859427683984e+00 -3.123026052050080636e+01 -5.952172392192460748e+00 8.264640842243970837e+03
-4.047427139884785419e+01 -3.866281554307237744e+00 -1.909278043121313218e+01 3.479151655672687582e+01 -3.658543214989897763e+01 3.858580429946965751e+01 -1.947256562584644968e+01 -3.590290524474631706e+00 -3.225073270871554598e+00 -1.290102298852831098e+01 8.564206586550751510e+00 -2.742680815290283647e+01 -3.028273380597369391e-01 7.450032440434108139e+03
-4.121941450989812950e+01 -1.010935867070497274e+01 -1.529637704239689100e+01 2.414528973215114149e+01 -3.384512448960609987e+01 2.631117842990294875e+01 -1.768282122150083779e+01 -8.665642195655225422e+00 4.090724495818890638e+00 -5.588605884233824206e+00 6.548915536098507850e+00 -1.646219060513805843e+01 3.085988532498349923e-01 5.205713305347314417e+03
-4.514875376021981168e+01 -8.080402224352782881e+00 -2.535342212236890447e+01 3.149264803285294789e+01 -3.762878888852593917e+01 4.327027667089082996e+01 -2.128656468714549987e+01 1.249214028420162492e+01 -1.419384905085134108e+01 7.017723500565558048e+00 -1.400880093149625161e+01 -1.314704368424548520e+01 -1.181203082659602366e+01 8.395028888528311654e+03
-4.598571193954003178e+01 -1.041809092180908713e+01 -2.832555812090277314e+01 3.963302636652862532e+01 -3.773170042689507397e+01 4.544495593376328912e+01 -3.887602268434966390e+01 1.864755974957668272e+01 -3.025609709950951753e+01 1.179767673990279953e+01 -2.202001241715856494e+01 -4.515439366980869451e+00 -1.440578315308203905e+01 1.171175152010328384e+04
-4.360062676090285549e+01 -1.939650747049635271e+01 -1.457588046312079477e+01 1.987265194507099864e+01 -2.679723396007880609e+01 1.710572221162567175e+01 -2.845407766427943486e+01 -2.716866265410010417e+00 -2.252144031882652442e+01 1.362203108279462116e+00 -2.419339592417962947e+01 -7.949986383257382272e+00 -1.207392189109154046e+01 6.015704271936114310e+03
-4.608500227496796953e+01 -1.548885076919490977e+01 -1.485607788852473732e+01 3.314811424914922355e+01 -2.848968041506226001e+01 2.923967475562639962e+01 -2.452929419599883687e+01 9.582686520881336989e+00 -3.798270707477777108e+01 6.562304684026802448e+00 -3.500084751653680826e+01 1.403770769956722120e+00 -1.171791265817441335e-01 8.756160595709823610e+03
-5.144118833013745018e+01 -1.248243055531412082e+01 -1.290788714502122048e+01 3.435014833687003488e+01 -2.311533889989907564e+01 2.597455021768199401e+01 -1.909530765161611399e+01 5.738653893184661570e+00 -2.933425364108478917e+01 9.094442519319990481e+00 -3.389613610158065882e+01 -2.868656941644719183e+00 -1.444673528516235983e+01 8.064204962064182837e+03
-4.777341999590921517e+01 1.822617655264068937e+00 -4.647250456887173442e+01 7.815516286037678562e+00 -3.618850149569674812e+01 1.298998768948343319e+01 5.903328832841864049e+00 -6.157158321285756131e+00 -4.013592115477729294e+01 -1.852334581794910306e+01 -1.561907555873113296e+01 -1.497349497909049276e+01 1.109837556019982863e+01 8.602846400030233781e+03
-4.352961277990924316e+01 6.433074450802265254e+00 -2.916775346979548900e+01 6.470143398372248278e+00 -1.544426427896771870e+01 3.544423211235508742e+00 2.110101369369761670e+01 -8.026993723757456678e+00 -2.362936041263242259e+01 -8.260502040294097625e+00 -6.572554450532140713e+00 -1.366567682769584025e+01 1.007764284419464040e+01 4.547696523817633533e+03
-4.376056073898056553e+01 1.657196324921306640e+01 -1.171483882710059099e+01 2.233800659361012819e+01 9.504291125921842109e+00 -4.238360695019264490e+00 -1.784020189894021513e+01 -2.422861847963184800e+01 -9.908013920833250054e+00 1.692525201790513911e+00 -6.703403298383075359e+00 -5.699176743809146295e+00 3.212469327191153745e+00 4.028204209788470507e+03
-4.445872200608367564e+01 2.552302735593335825e+01 -1.332320104357252788e+01 2.004453255502674480e+01 3.902580857899546896e+00 -5.671916429310607910e+00 -1.881318073722243867e+01 -1.895602252179561376e+01 -1.128454255219720359e+01 -1.405934436721076608e+01 -1.210283577884575656e+01 1.909874088803896086e+00 7.912024403665127714e+00 4.505693639591835563e+03
-4.280716433725934422e+01 2.226371804668505661e+01 -7.275758140685204545e+00 3.932861425406205758e+00 6.211366386467481071e+00 -1.021645248987561594e+01 -2.575282480134740126e+01 -2.490536348368467756e+01 -1.096944478010462376e+01 -1.694785234250700157e+01 -2.129918561303514224e+01 -4.324921867305282497e-01 3.947464965506661816e+00 4.699955859471978329e+03
-4.429974675879572743e+01 2.797371974453256627e+01 -7.542770476795386259e+00 1.391639709516022272e+01 1.264248918545103528e+01 -7.145437079092143762e+00 -1.089405387239459877e+01 -1.024179810650131373e+01 -4.515019808221296671e+00 -2.323678383693726346e+01 -2.477963172609859299e+01 1.287549448660708329e+01 1.619362024820999935e+01 5.032396066351501759e+03
-4.465321386982274987e+01 3.547171365626951456e+01 -1.880604886778817431e+01 6.069846891297181912e+00 2.107873323005999922e+01 -8.661516948948978722e+00 -3.411620739467864372e+00 -1.057772987384934460e+01 -1.105502217212340987e+01 -9.200196401244456368e+00 -2.636436820400692937e+01 -2.314341739155542310e+00 1.564301362743642621e+01 5.437521982590815242e+03
-4.113599249636147448e+01 3.614887324144576297e+01 -1.927987543069475862e+01 -7.659407151917294598e-01 8.594652722426562974e+00 -1.926277690015363220e+01 -1.439677560546712343e+01 -9.179438415557006792e+00 -1.607846866344600301e+01 -1.261958970097039767e+01 -1.122005632997739077e+01 2.284579803606485437e-01 1.948391708597475613e+01 5.030999124764549379e+03
-3.898953743106662273e+01 2.440139512353074736e+01 -1.206518147200391589e+01 -9.577472163121424131e+00 -5.567026698292808717e+00 -1.905691652095003619e+01 -1.842031419608210641e+01 -6.101561003774991221e+00 -1.604845925113318472e+01 -2.637520096689131321e+01 -1.118837841203377614e+01 1.043657167784067319e+01 2.221666052932193836e+01 4.804489680693990522e+03
-4.408272913587692443e+01 2.564025078628355914e+01 -2.505019075225751379e+01 -1.992261848623729037e+01 -2.266516746993116982e+01 -2.373443092066668925e+01 -2.865534670058939781e+01 -9.763556262996106128e+00 -1.887456045653460279e+01 -2.758218240511493846e+01 -1.778108401800917449e+01 -1.578084278508725902e+00 2.289855762855724208e+01 7.578648264493200259e+03
-4.309829033348987792e+01 2.186229195905033151e+01 -1.255914955441443936e+01 -1.221353723002243541e+01 -2.302627830247628893e+01 -3.033421809312773831e+01 -2.049962510918255987e+01 -4.078499986606614947e+00 -7.029969160827310048e+00 -2.398658641147343573e+01 -2.500722122100411582e+01 -8.447010796503436891e-01 2.267726853046409374e+01 6.294678175304386059e+03
-4.912531101399931543e+01 3.513918164826602464e+01 -2.428198280911510665e+01 6.834407620035799269e+00 -3.487836531932662609e+01 -2.706076811188538400e+01 -3.722535608710976618e+01 7.666240863536039285e+00 -1.553602502226895998e+00 -1.434528580014580257e+01 -2.052410982397811878e+01 -2.269793032730695614e+01 1.797159463047006867e+01 9.145280252929200287e+03
-4.901056590502864907e+01 2.696180258430003107e+01 -4.798005835043512413e+00 -1.075189706440484727e+01 -3.099402381176768273e+01 -3.733501148459967567e+01 -3.076572957398179753e+01 -6.264527639334953157e+00 -1.427776202233675962e+00 -2.381459859075268781e+01 -3.276215477787580710e+01 -2.331176319905604188e+01 7.184050530488111264e+00 8.845486858850879798e+03
-5.319169152165291337e+01 3.272822548588186464e+01 2.588098038275172375e+00 3.882711370948257468e+00 -2.134615026301313279e+01 -6.678549068608486294e+00 -1.825066882663057655e+01 8.882321833267560862e+00 1.104386004813879829e+01 -7.696202647979287548e+00 -2.171320823010750800e+01 -1.628206931537636493e+01 1.621409999371320154e+01 6.015174803319756393e+03
-5.904448841249410407e+01 2.919410119965877470e+01 -1.152664283991195937e+01 -2.268827325402322792e+00 -3.569846134491997702e+01 6.677728240030384121e+00 -3.240257850255060390e+01 9.487222098936483050e+00 1.418073271678467684e+01 -1.567886610815609494e+01 -3.493278104671730944e+01 -2.942993158753132477e+01 2.057787253453490806e+01 9.892253828726008578e+03
-5.719116985867952252e+01 2.272905053417664334e+01 -5.331776257002655228e+00 -6.257127134950580150e+00 -2.673848285111215262e+01 -5.082833627956559575e+00 -2.679093879758045560e+01 -3.551693954956549604e+00 -5.744994246756070927e-02 -1.927449891005430160e+01 -2.957497740691178478e+01 -1.582142209394093690e+01 1.098709179428517047e+01 6.943392201020849825e+03
-5.845442247547128289e+01 2.368971626365553362e+01 -2.335355673412277344e+00 -5.404489631735248656e-01 -2.400485232939932700e+01 2.545645742933114519e+00 -2.675803402803821385e+01 -5.998993464264320785e+00 -4.448166516949246585e+00 -1.183272080506076840e+01 -1.711428867404072562e+01 -8.923138623879152576e+00 1.314194075491368885e+01 6.023593043569290785e+03
-6.163222231186905020e+01 2.195540278822641866e+01 -9.803808302592223356e+00 -3.857461139953906937e+00 -4.534478020948139232e+01 -5.712141475558263792e+00 -3.223723444301497665e+01 -1.010088655524203105e+01 -2.001002055183352724e+00 -1.176035688897462883e+01 -2.487389461799514478e+01 -1.464942485374412406e+01 6.428743048687125317e+00 8.638565071171455202e+03
-4.446678668732164397e+01 1.711781966871309990e+01 -5.932548218649201566e+00 -1.356895129839708147e+01 -2.601352705562537793e+01 -1.491109588583262280e+01 3.008336163283749976e+00 -5.141447353410280030e+00 -6.789593525052066703e+00 1.099171721408995239e+01 3.174409099479938767e+00 -1.276810174147215449e+01 3.019219642830411221e+00 3.773288783973723184e+03
-5.144026025102169086e+01 2.741526429988605429e+01 -2.428017567729342829e+01 -6.377791652257595700e+00 -6.455896443375873162e+01 -1.702441053226809231e+01 -1.553424956598700923e+01 1.025015489640437849e+01 -1.261598240678030436e+01 9.040853424763598767e+00 1.392196033412320233e+01 -3.373419174705422563e+01 2.055338523338064860e+01 1.082712763597438425e+04
-5.687199631038310343e+01 1.533699834483314284e+01 -2.387015545734439215e+01 -1.127025157558489887e+01 -5.082351307924136563e+01 -1.850878229419954479e+01 -1.321482445633927405e+01 -5.181717881002042780e+00 -7.716546665161512664e+00 -7.263353456650809115e+00 -3.594615523850588357e-01 -2.068346420734014757e+01 3.639176471959194714e+01 9.158133503534416377e+03
-5.848240710299847933e+01 1.089297616548620340e+01 -2.795567764029945224e+01 -2.257880527813961891e+01 -5.123216055092777310e+01 -1.330622650092860404e+01 -6.134562188234374602e+00 1.768886060258395343e+00 -9.710609927257699781e+00 -8.475462870582129327e+00 -1.175384924843399936e+01 -1.779156888346505383e+01 2.280167068387427065e+01 8.813461477460545211e+03
-5.618070220740880671e+01 2.368952837282106216e+01 -1.114059796925073087e+01 -7.575044052818956430e+00 -3.432819286628261324e+01 9.923100597458279992e+00 -1.253979981068596850e+01 -8.437426866885168408e+00 -1.973365958195517411e+00 -1.982194240322534640e+01 -3.244795771698710496e+01 -1.645237467004115928e+01 1.452965766319927887e+01 7.335753890855262398e+03
-5.623396775261117853e+01 3.112533352279977095e+01 -1.534616206795462467e+01 -4.004375472816967374e+00 -3.227451411866757525e+01 7.097638317122238583e+00 -1.280751789578828692e+01 -7.207194473051929506e+00 6.266999254078085002e+00 -2.834446995167087024e+01 -3.094103947532901699e+01 -2.458768773171839683e+01 5.569408560174638367e+00 8.126187007358846131e+03
-5.510869720895945534e+01 2.869939940504250941e+01 -1.085904698053717965e+01 -8.540521258408686478e+00 -2.351550911567901281e+01 1.526510428155629739e+01 -1.177852042417261025e+01 -7.593785819062638609e+00 7.797172579676228565e+00 -2.052321163454287500e+01 -2.889447143945548291e+01 -9.152067387476343185e+00 1.372979681095454119e+01 6.623041396848598197e+03
-4.618689085941130656e+01 2.559731397871276926e+01 -5.982292037277524344e+00 -1.510067463625717110e+01 -1.564318890088089020e+01 -2.063103721457776629e+01 -2.844566963255429926e+01 -1.298671546274260535e+01 -7.908655794856249699e+00 -1.851568899620871278e+01 -1.586233254123680148e+01 2.057668469300366176e+00 8.066516502834113922e+00 5.426723374720612810e+03
-3.838609861748764018e+01 2.524722337682476692e+01 -6.193559273238203211e+00 -1.463431516307819891e+01 -7.550199929104605800e+00 -1.283938143609964833e+01 -1.814767218378668190e+01 -6.742745895578154958e+00 -7.714089574067924282e+00 -2.559787949614991476e+01 -1.654984848210760973e+01 1.267349231100843454e+01 1.914196656600960367e+01 4.475784463416115614e+03
-3.979746925446062988e+01 2.887792498037667244e+01 -1.670520909274415899e+01 -2.136791874092015675e+01 -4.274269584542861544e+00 -1.561980437243027353e+01 -3.149128206620109438e+01 -1.923018465915863473e+01 -1.571962608097507719e+01 -3.304094536898603707e+01 -2.006212065148747925e+01 1.123170665960949854e+01 1.716111318511295636e+01 6.939128029972195691e+03
-3.673332497390172335e+01 2.461344864021243239e+01 -1.576806132422114537e+01 -1.769535006731498683e+01 -3.034942749255929328e+00 -1.600307885917376893e+01 -2.814143922383287233e+01 -1.804467474000047034e+01 -1.673730091699439626e+01 -2.513183883624615689e+01 -1.286317943384558404e+01 8.907416567480913372e+00 1.182284084709965200e+01 5.196106074084017564e+03
-4.023435011596873068e+01 4.158656648381921173e+01 -2.846042140195441306e+01 -1.664688829710653795e-01 6.300663422250438295e+00 5.568468339411235313e+00 -4.162105496252888059e+01 4.301890024861203976e+00 -1.535995070115936123e+01 -1.870416022910762521e+01 5.717212803134441579e+00 6.706146808510004220e+00 1.162912748392528961e+01 6.778462641329828330e+03
-3.608606313531214482e+01 2.906580983003165741e+01 -1.763141285538411296e+01 -5.118862375903557194e+00 1.187455889760732930e+01 -6.659552800722341459e+00 -3.089313876813298165e+01 -1.387600951441772246e+01 -4.892886655719587807e+00 -9.164706235793305567e+00 4.546092206236360234e+00 4.730340784691665412e+00 -1.564812972800088575e+00 3.969803078632301094e+03
-4.092951799330729301e+01 3.220763919558158506e+01 -2.645244782945104234e+01 -1.222461802782568263e+01 5.123200054937277592e+00 -3.412982261927653305e+00 -6.019745425091658575e+01 -1.785151442141298261e+01 -1.152285782838303341e+01 -1.461749015730271317e+01 1.513291279964128933e+00 3.460715174421053586e+00 4.536480096634625259e-01 7.902956107530676491e+03
-4.256262406158087686e+01 2.673125726739369767e+01 -2.816404203536750828e+01 -1.407670687943777921e+01 -7.920048678704036949e-01 -1.496108590482783995e+01 -6.541564279878070920e+01 -2.360212108766085848e+01 -7.998992083065298964e+00 -1.903452165510828209e+01 -1.791532676616443276e-01 -3.872973371013226807e+00 -7.792352898169953024e-01 9.020167943465770804e+03
-4.426762532341772527e+01 3.289290132002927436e+01 -3.035792202293934494e+01 -1.001578315309189904e+01 -1.575371412153282469e+00 -5.206202820021031741e+00 -7.052395781602005798e+01 -2.245236953835262383e+01 -1.341951494852921201e+00 -2.372453643285259162e+01 -1.080989423006698313e+00 -9.262290497126972610e-01 2.037278409340192109e+00 1.014164022202688102e+04
-4.474925834924701462e+01 3.209577291155119383e+01 -2.226362471792101871e+01 -1.456698748789072617e+01 3.845829155920900799e+00 -2.416381143136076659e+00 -6.576813635998968266e+01 -2.465082897992271782e+01 6.822592792610956636e+00 -2.317320221416415293e+01 -5.535823592989638442e+00 -3.083178610839443778e-01 1.001482924852361567e+00 9.309529745116600679e+03
-4.117684553955161419e+01 2.061648130728950434e+01 -9.927287568136316409e+00 -5.279265670176394032e+00 7.128026490923146774e+00 -8.231345475701301595e+00 -3.629025297804007266e+01 -2.159965234223912844e+01 -4.791745055124446706e-01 -6.685191974256163405e+00 -6.213325868949523212e+00 -4.040663510522889412e-01 2.227629014710585054e+00 4.237737266006462050e+03
-4.522062080763937075e+01 2.378777588159604406e+01 -6.148409281820982564e+00 7.923625392731719508e+00 3.572014597346332976e-01 5.393985521676044392e+00 -3.815389521064376055e+01 -1.796052692489527303e+01 -4.447452565626413445e+00 -1.176300496248495620e+01 -1.163812908334942797e+01 5.334405919450836642e+00 1.218075862613665450e+01 4.989293459391356919e+03
-4.363631378270688543e+01 1.470272765492657463e+01 -1.630550110680689357e+01 2.935149864910335538e+01 -1.746723721841870614e+01 3.592347533300324613e+01 -5.305398840749104750e+01 -2.383514135574410986e+01 -1.683362561593913398e+01 1.520977066151296908e+00 -1.621911792766412930e+01 5.609071570034090293e+00 -2.566549130228089837e+00 8.812910993046571093e+03
-4.244486286379947870e+01 -4.621484638014941915e+00 -1.762471840237733289e+01 3.494849549963377200e+01 -3.068670420475347882e+01 3.306962698011440693e+01 -5.785712793377682317e+01 -1.234470897420408697e+01 -2.209303099645482504e+01 7.238746992607442143e-01 -3.651854912972260081e+01 7.959690304706903419e+00 -9.418482234658863916e+00 1.086436059727626889e+04
-4.105695371658205062e+01 -1.167757655160815666e+01 -1.299658733108684672e+01 2.758826156616841629e+01 -4.227689254824811371e+01 2.773938571455985169e+01 -4.980471083018562695e+01 -2.961245765389298956e+00 -1.842388464327280317e+01 1.306917062227191373e+01 -2.247012529612964471e+01 -1.929184689687304388e+00 -2.561746324692283139e+00 8.823583636546254638e+03
-3.967843397534984717e+01 -1.764655197293469513e+01 -5.287233582631067463e+00 1.681347151734780709e+01 -3.104633826727931378e+01 2.622499049693187700e+01 -4.293651811248197703e+01 -3.641818725774840004e+00 -1.233659864344157420e+01 1.225037940204695452e+01 -1.761666154281312657e+01 4.043907657659065791e+00 7.490678217317717769e-01 6.334383777559765804e+03
-4.323772612874851973e+01 -2.163978406845364688e+01 -8.798339928264965693e+00 8.372285838319781348e+00 -3.605968949516246624e+01 2.594716619841810967e+01 -5.416380227014873583e+01 -6.601732074289557772e+00 -2.577809461470015862e+01 1.249649253573898378e+01 -2.948913540330355687e+01 2.109488773685199270e+00 2.913457633256940849e+00 9.139363926683799946e+03
-4.978405387861668174e+01 -1.891075276453710430e+01 -4.723150089342206925e+00 1.080335250235938638e+01 -3.004336536292629489e+01 2.428425105793603578e+01 -6.120286945473269213e+01 -1.663518497506133897e+01 -2.455747929460763501e+01 8.263497497542413583e+00 -3.242363036245144059e+01 -4.811554395646873594e+00 1.294184459479112981e+01 1.040322780648569824e+04
-5.466768373394324954e+01 -7.369168557816325738e+00 1.441737983991755012e+00 2.070410805850426073e+01 -2.509199647133385724e+01 3.686678971462674070e+01 -5.070236598809668749e+01 2.253546471665269016e-02 -1.959441030906592474e+01 7.854721979863847459e+00 -3.444509009426172952e+01 7.367577884099604901e+00 6.329652281596215069e+00 9.759545390625653454e+03
-5.888799477397724758e+01 -5.958743235617379064e+00 6.807324657706290694e+00 1.653745424506508144e+01 -1.785743352187342481e+01 3.616620835994652339e+01 -4.401620945384852490e+01 -6.742151753471985920e+00 -1.014175987748841301e+01 9.019239990780105742e+00 -2.605140987224179838e+01 -5.874312777957986231e-01 3.488516134343159436e+00 8.308288235507292484e+03
-5.894230260600775040e+01 -4.311832985209235858e+00 -4.329728527294150808e+00 1.175325859186257915e+01 -1.364156147805346109e+01 2.629786655640620907e+01 -4.221253992254944620e+01 -4.342499670464450290e+00 -1.245170445109141433e+01 4.141376030502842198e+00 -1.941720177401386849e+01 1.298928026639211808e+01 9.246953304344167179e+00 7.131549603064384428e+03
-5.127232516221064174e+01 -4.159886819591124940e+00 -3.400092848079679264e+00 4.133682505180158451e+00 -3.955912343420612842e+01 1.650055406780605338e+01 -5.158474583587997131e+01 -1.661380156037319722e+01 -2.513127459692002574e+00 1.783381307639258839e+00 -2.480430018313751006e+01 1.984271682353868016e+01 1.264221515533186491e+01 8.627309466052740390e+03
-4.736334750029907781e+01 2.381121847626357646e-01 -1.456937904199624079e+01 -1.401890506220628163e+00 -5.601008834463608821e+01 2.036730859546642236e+01 -5.705651915847450795e+01 -8.626650804180892251e+00 6.428178933966340658e+00 6.045854767317487166e+00 -3.615711386808839478e+01 2.388353261941345451e+01 2.723578522129345370e+00 1.130244996277623795e+04
-4.633353101370406790e+01 9.975103587258203675e+00 -1.917527184734284162e+01 1.136181591225962428e+01 -5.058560609355772186e+01 2.198988812339601040e+01 -6.430820119494205755e+01 -4.444998531994633240e+00 -7.025934953998017818e+00 1.130005982267953968e+01 -4.626152246298565274e+01 2.545842500454076784e+01 -3.868672591434014763e+00 1.292112378132743288e+04
-4.471779152948392522e+01 1.631265784321925949e+01 -5.241306903640433390e+00 9.703145239143363909e+00 -1.119442698770560973e+01 8.813419654460119546e-01 -5.509926368417584541e+01 -1.543659834781398921e+01 1.170597331206349878e+01 -1.103566441067163417e+01 -1.861513609511397149e+01 4.062698870075496238e-01 -1.949217733670898234e+00 6.397018894109257417e+03
-4.496260880491676204e+01 2.853177330149016200e+01 -1.780643015789073758e+01 9.404272199818860756e+00 -1.390012972847609518e+01 2.426582894951457448e+01 -8.329405690358957770e+01 -1.386427161802176045e+01 2.380471559212267962e+01 -1.073468557823004943e+01 -3.396794709740024842e+01 9.075102581908620181e+00 -1.140140675398357040e+01 1.320143852461903407e+04
-4.354782134303621177e+01 2.533645816323241462e+01 -1.755241748977945804e+01 4.165579846710545375e+00 -2.599131990252502078e+00 1.074816029481365831e+01 -7.949117753753478155e+01 -2.422619008185645839e+01 3.079769276047364812e+01 -2.252567137921461082e+01 -2.557100670713609247e+01 1.584260319344051648e+00 -5.259318345562035368e+00 1.203177274487765317e+04
-4.386503999357518779e+01 2.432053291716839283e+01 -1.782404045596297237e+01 5.164864959370170538e+00 6.314979873641817676e+00 -4.858019231334615107e+00 -7.765601223388333096e+01 -2.457561405104006624e+01 2.727734611630627271e+01 -3.021303009147672824e+01 -1.647667794320731005e+01 -8.138905221505494225e+00 -5.252960880085592699e+00 1.158009575766237140e+04
-4.473389696588773745e+01 2.468695388021847847e+01 -2.155778612101394032e+01 5.785796753902853418e+00 6.362488942714134232e+00 -1.876177139408842365e+01 -6.681936639748209927e+01 -2.107977444776635068e+01 4.739570275771271213e+00 -2.352860404727102406e+01 -1.589927900517409221e+01 -1.029523485165554852e+01 -4.831594078845655282e+00 9.368632733765489320e+03
-4.881740017876715143e+01 3.366613772447256281e+01 -3.129308126632109932e+01 1.090910013075515828e+01 4.385726378825258731e-01 -1.413839166308386730e+01 -8.109091714628164027e+01 1.586276371517267858e+00 -4.392520962795094519e+00 -2.365974337912226133e+01 -7.504918010630320602e+00 -1.801270184157671395e+01 -2.841236333551567239e-01 1.235309201682324419e+04
-4.870955845526816574e+01 3.214119208674805606e+01 -2.665871607765857121e+01 6.988737365780738564e+00 5.856254310820397713e+00 -1.962115531773881472e+01 -7.806262995358964929e+01 -3.498742446465070155e-01 7.811421888850569317e+00 -1.948760821864070536e+01 -1.196698811884888158e+01 -1.735022582719525985e+01 -1.311775542470857425e-01 1.156343049880639228e+04
-5.081413723179181829e+01 3.789241946111233972e+01 -2.934369564864621083e+01 8.659152050718860849e+00 -6.822379478749847515e+00 -1.586527924491204944e+00 -8.504942950138249103e+01 -6.940224580395108589e+00 2.817036309154219431e+00 -2.992547352394546056e+00 -2.147001817015725322e+01 -1.718637488330649532e+01 -5.693716001943581739e-01 1.305812787122926966e+04
-4.917194867017126825e+01 2.738029841681274235e+01 -8.177360003678590061e+00 -5.154016093840823487e+00 -5.900421307510074875e+00 -1.848644555406355749e+01 -5.037741159062296248e+01 -2.382422582881579132e+01 2.190481081316917766e+00 -1.215723547493626455e+01 -1.601758732473872016e+01 -1.309727260712227093e+01 -3.825069528431061627e+00 7.338364743792823901e+03
-5.303163862184030819e+01 3.123900744302380161e+01 1.219993006634369159e+00 -5.531155983816967492e+00 -1.477833952406971818e+01 -1.074767800923512162e+01 -4.647308750670219979e+01 -1.737549255598670328e+01 1.418536714713028113e+00 -1.140495526433532447e+01 -2.152979333056789812e+01 -1.461781083889505162e+01 -2.715065249808575221e+00 7.432549080925819908e+03
-5.416901635734969034e+01 3.109743783848083964e+01 7.877260320288995921e+00 3.558840034537477770e+00 -1.322623439549852797e+01 -8.647511451640911062e+00 -4.787555263053177157e+01 -1.950309512967182357e+01 9.739169527562488327e+00 -4.766939197836715714e+00 -2.800563696949831538e+01 -2.979526544457362291e+01 -1.896014897014282941e+00 8.691445085564908368e+03
-5.288334619617466359e+01 2.793833015668574404e+01 1.094525768262430887e+01 8.619876660069133223e+00 -7.216285470603303942e+00 -1.002072459023804463e+01 -3.219090760771987192e+01 -1.547844786780704318e+01 4.369006875879594354e+00 -1.084916058166252917e+01 -2.340088893117095026e+01 -1.981997212117170548e+01 -1.823904087935248830e+00 6.280178144717301620e+03
-5.346001041301595080e+01 2.883272982945044660e+01 1.284440117915767132e+01 1.404042846829103475e+01 -3.571992664993515199e+00 -6.651019479736866913e+00 -3.443959031487837308e+01 -1.671130196255626998e+01 4.178014188547002128e+00 -7.959818709706900641e+00 -1.664117290080139711e+01 -1.762289458533107833e+01 4.379248767746429571e+00 6.261246867362175180e+03
-5.403861846582216089e+01 2.765169905027362063e+01 8.641175303075524283e+00 1.420086831176798192e+01 -5.798835173802230791e+00 -1.088544666608197709e+00 -3.547107806555543164e+01 -2.348934700688685240e+01 -6.617291844533496281e+00 -1.366045586592772976e+00 -1.679331942877526984e+01 -2.314659364814590603e+01 9.977486802460511228e+00 6.768866788037978949e+03
-5.683307454608007703e+01 2.025620223734713932e+01 4.266595975349567915e+00 1.069621947338178991e+01 -9.367009998589853836e+00 7.866956191998490944e-01 -3.614840691416468843e+01 -1.736240321950506171e+01 -3.645190437680852824e+00 1.149840443865734585e+00 -1.621092480628632160e+01 -3.450727534255247519e+01 -1.594938418765629695e+00 6.940144687554647135e+03
-6.035324857383238140e+01 1.897084659372798754e+01 1.297962638704742711e+00 1.267005573627539228e+01 -1.279731720556827490e+01 8.347352495679722040e+00 -3.053074790734601152e+01 -3.498973949336274814e+00 9.801479901826990471e+00 4.600448640285174307e+00 -6.885273504529827449e+00 -2.694552893977696684e+01 -2.909208735921420708e+00 6.241606813599990346e+03
-6.364465003907351814e+01 1.987870652014122896e+01 3.099176496144291804e+00 2.647150408912583330e+01 -1.841882596500635927e+01 3.673342565934440085e+00 -3.897647068830744388e+01 5.223345295535473554e+00 9.231360714028630454e+00 6.502261960415347097e+00 -1.068557607257324626e+01 -2.327747474016480567e+01 -1.495078007599554670e+00 7.841100129898628438e+03
-6.440651560813672916e+01 1.519497513718586390e+01 4.040390386435359638e+00 1.945422275823778335e+01 -1.605981710514479488e+01 9.131578042903510939e-01 -4.548803892814785144e+01 -1.989358624056003944e+00 1.307490158795866186e+01 1.021238924840973361e+01 -1.156368436582216752e+01 -1.907600375290416395e+01 1.268409738203522608e+01 8.039493863078796494e+03
-6.201538554979207163e+01 6.539806918586666740e+00 -7.116358802404934458e+00 1.488800872288983790e+01 -2.815530721587724372e+01 5.429590694168059173e+00 -3.949116825521512908e+01 -1.930273246473555204e+01 -5.997180127372496727e+00 1.408898406427416994e+01 8.780333697215899846e+00 -7.147918958294407155e+00 5.416419745074154690e+00 7.307312365619817683e+03
-4.599108513925718000e+01 1.643743663333473659e+00 -3.724821111208000701e+01 1.942376409204651466e+01 -2.887868129222771429e+01 1.063123313800319458e+01 -3.947602403089241818e+01 -8.090619018053452294e+00 -2.854593753391506894e+00 -3.356960739076737088e+00 -2.690591111283278281e+01 -1.761345419450248073e+01 6.382842675872132610e+00 7.547729981665265768e+03
-4.816634587085263774e+01 8.912271623969747480e+00 -2.885344718615025528e+01 8.585478739648660707e+00 -1.971699328663254391e+01 4.209207119089851901e+00 -2.420021432393430416e+01 -3.245229404760485714e+00 -7.416811434735017805e-01 -1.184433822145989446e+01 -1.459567712063832978e+01 -1.760455577170223407e+01 2.347692084838667981e+00 4.977620727290359355e+03
-5.470344224518722598e+01 3.340440985061881918e+01 -5.271345260500734931e+00 1.432480117629126148e+01 -4.708462190769420630e+01 -3.964467543902995494e+00 -4.647602534852246947e+01 2.164129548180219853e+00 1.109150477218960695e+01 -1.273537483224544609e+01 -1.253147904425822468e+01 -1.183195239432657431e+01 -2.484044253773846300e+00 9.327106003113616680e+03
-4.755609396449607118e+01 2.650619055325230278e+01 6.781830449116248438e+00 -3.813402444157970361e+00 -3.124425387049847558e+01 -2.119578626554313061e+01 -2.962151788420738541e+01 -5.260838463450417279e+00 1.768829994398446814e+01 -7.250945292792697394e+00 -8.394986457135782842e+00 -1.978367754897518438e+01 -1.395368766912331893e+01 6.377298228780850877e+03
-4.125081931695910242e+01 2.484526201934487943e+01 4.453523791259733855e+00 -8.636219003944734851e+00 -2.294017410405730217e+01 -1.376929863864545922e+01 -1.524684890927347958e+01 4.922455250661294635e+00 2.124046451817111603e+01 2.607567743857218678e-01 -2.033901059497182917e+00 -1.372029670426012338e+01 -1.444859183274735237e+01 4.238247860420524376e+03
-4.869354183449004836e+01 4.431537946395840777e+01 -4.725212938906269144e+00 4.678205553428075092e+00 -5.089583000249108835e+01 1.381592941443548561e+01 -3.542372569583471886e+01 3.428942513760611543e+00 4.310969033377248394e+01 -9.617379502130887658e+00 6.300666352647075197e-01 -2.565326363670613574e+01 -5.841213206194496160e-02 1.103642024442170259e+04
-4.440057710967107596e+01 2.960330852167744098e+01 5.391139416529521000e+00 -9.639284161907905712e+00 -3.107530694625951284e+01 -1.911909143036882952e+01 -2.036515125515937186e+01 4.741697654561613184e+00 2.556169857052950078e+01 -4.791855479127993256e+00 -1.082911985943471755e+01 -7.550124535680565074e+00 -1.072460596259327836e+01 5.703838450914415262e+03
-4.578480181164171370e+01 3.071363403287692861e+01 -9.226923134753863831e-01 -1.112921960039809477e+01 -2.885942825700871239e+01 -1.661149991494385958e+01 -2.793312192656310344e+01 1.937366931558028860e+00 2.603543547763175070e+01 -1.301766373224683981e+01 -1.750109325484647727e+01 -1.316976109826305308e+00 -5.914163554004762346e+00 6.247410993681371110e+03
-4.865418582020620164e+01 3.357051429864641534e+01 -4.393469258090151319e-01 -8.831772317481366485e+00 -2.872629204268546133e+01 -1.465579055853870649e+01 -3.651982277129205556e+01 2.295172259406943471e+00 2.447200474180588259e+01 -2.205325636833093483e+01 -2.209945725728409371e+01 3.676747867118987934e+00 2.471985332748193542e+00 7.544600108416675539e+03
-5.139465262830555758e+01 3.587918393635645486e+01 -1.493488600110967512e+00 -6.919263610837051992e+00 -3.108381913194007495e+01 -1.749352331309938435e+01 -4.540805634075175590e+01 1.807108183647944699e+01 1.578068652721628062e+01 -2.907253143403193008e+01 -2.526179855969807164e+01 -1.885750173726152612e+00 -4.833074725537823468e+00 9.398830907700892567e+03
-4.861057345009288611e+01 3.035644671189250587e+01 -1.098346164550117798e+01 -1.157074388923516217e+01 -8.706708883069232741e+00 1.326364054664636694e+00 -2.444321270892720932e+01 2.007798538401968358e+01 1.967702463416433645e+01 -1.737492228103372582e+01 -1.736449411168090862e+01 7.687812589432756916e+00 3.436948779147090516e+00 5.678696375582900146e+03
-4.921511191813546304e+01 2.215649263505652655e+01 -2.226583343988168551e+01 -6.501315406776300598e+00 -2.174051318787175191e+01 8.209800745908122366e+00 -2.735862682020924908e+01 2.191211609069049615e+01 1.470320737899297114e+01 -1.137285083161637544e+01 -1.405581712796168858e+01 6.833422440038004808e+00 7.482482025902944756e+00 5.865533120726311608e+03
-5.403785194986889451e+01 1.713046874749582216e+01 -1.788068153503003188e+01 5.696072216646564712e+00 -3.237828851186650780e+01 1.604340205864138724e-01 -2.962895818648686586e+01 9.675347768450416552e+00 5.348160542332029088e+00 -1.033768280547906393e+01 -1.977157203158663279e+01 -1.903413883408339302e+01 -4.597158148154725232e+00 6.495391109176752252e+03
-5.925990545980035762e+01 1.474330680367790336e+01 -6.540680810931174705e+00 5.677202023937842235e+00 -2.440544951556060127e+01 -8.050071188974153857e-01 -2.407604063488010127e+01 1.833048104235184184e+01 1.902695173322652522e+01 -3.369620743059064338e+00 -1.440695580658711705e+01 -1.608742175182513634e+01 1.451869512927186801e+00 6.157901564844612949e+03
-6.435881141885171530e+01 1.243495972473765221e+01 -1.053011052989312901e+01 7.756315141436044058e+00 -4.755854194080505692e+01 -4.574241547929862151e+00 -4.307765234947022037e+01 1.726891304669736371e+01 4.871595331732676115e+00 3.597191462492528302e+00 -1.383796785628062409e+01 -2.411788767874939676e+00 -8.284988918803150026e-01 9.139031287338673792e+03
-6.445466978501994504e+01 1.116613209181268296e+01 -4.442389406890338677e+00 2.244578978134445180e+00 -4.824052435646472503e+01 -8.382585570136225073e+00 -2.842901503558960741e+01 5.347707978473792423e+00 -2.917867631722787625e+00 2.043019326965444193e+00 -1.126886857445571488e+00 -2.085097670612312371e+01 -4.817211596599274337e+00 8.010009239605234143e+03
-6.642903249985361924e+01 7.478203899446032921e+00 2.811896168225189729e+00 7.316522056991096257e+00 -4.948649062061661397e+01 -1.333704725290632354e+01 -3.228637547904732230e+01 9.791901205272642628e+00 -1.279431373370370162e+00 5.332242470958392211e+00 -3.267906539306385749e+00 -2.144999050536551621e+01 -1.118296016620429079e+01 8.921168759975174908e+03
-6.709848894868912339e+01 8.040436432664783695e+00 3.788850584608549621e+00 9.395062448600510763e+00 -4.366445457181833234e+01 -5.686713900590754101e+00 -2.599902786633728269e+01 1.872862717792176213e+01 6.178914552124241233e+00 4.626527793219392670e+00 -2.350843300480913278e+00 -2.120244820420521137e+01 -8.053279518333734899e+00 8.214621987936121513e+03
-4.982213033764521271e+01 2.022857457966112271e+00 -4.218964082554786899e+01 2.813057531193373428e+00 1.265045352594586614e+00 -5.071352466147454940e+00 5.313469309676239760e+00 -8.125824863122150798e-01 -7.799255389314982523e+00 -6.735495845003040216e+00 1.357157441438866918e+01 -2.016967154968596354e+00 -3.468221580092846201e-01 4.624999274425658768e+03
-4.380430251239649664e+01 7.874928890853148289e+00 -6.219610048335906072e+01 7.949618123742349773e+00 -4.087386581116640372e+01 -1.403173842992406861e+01 -2.892665146257686715e+01 -1.100277504221963198e+01 -1.485363384422035438e+01 -1.370465145840332433e+01 6.185025590905551124e-02 -7.640125878228649192e+00 7.267283144095709524e+00 9.257394243625383751e+03
-4.344671153520262408e+01 1.781051975919853447e+01 -4.075393949095561652e+01 2.825667494218963682e+01 -2.844519836133007118e+01 -1.710113415536651749e+00 -1.343821657430318695e+01 8.586923755400540870e+00 -6.552749505053564683e+00 1.358588367147821385e+00 6.697977748988162894e+00 6.644998926759191349e+00 1.226314050407029344e+00 5.865836393365427284e+03
-4.286581012066066876e+01 2.770205685239879045e+01 -2.330493725292086893e+01 -3.347351181901027317e+00 -3.584980998983400724e+01 -1.082333537751595465e+01 -1.663608976223550684e+01 -2.093625156460333425e+00 -1.665901023350390586e+00 -2.797962023342456561e+01 -4.154640586101440825e+00 3.084599184320486742e+00 -4.956139361396019183e+00 5.679676187849365306e+03
-4.406529358230007176e+01 3.741849843698808797e+01 -3.294517796542121602e+01 -6.798206260752127861e+00 -3.719519330047427275e+01 -7.402077818457143188e+00 -2.224427444419616151e+01 -4.677153358622958557e+00 1.185729055789476405e+00 -3.817243019948730876e+01 2.015367749539396680e+00 2.664867892286625128e+00 -1.088259210820081613e+01 8.016585572860290995e+03
-4.417778773312493712e+01 3.524879477084741097e+01 -2.373467748949026301e+01 -1.510657167428121461e+01 -2.455745001646065973e+01 -1.235966369346169325e+00 -1.994817540134660661e+01 6.643386070648366726e+00 -2.579659374009408701e+00 -3.406145787059920593e+01 5.534312319293749560e+00 8.263963124062073007e+00 -5.909846587570630305e+00 6.333043670382851815e+03
-4.605628117889576600e+01 3.515304856307552939e+01 -2.312852676152623843e+01 -1.657622079282645089e+01 -2.544148415438527522e+01 7.594698813866168408e+00 -2.997767782474456055e+01 1.322868368641589498e+01 -1.223948620624037709e+01 -3.132105557902801252e+01 -6.045485953551678060e-01 9.386675458188323162e+00 -7.665061954764870400e+00 7.223267386238421750e+03
-4.655937847412844377e+01 3.156053249408999406e+01 -1.774308713103666335e+01 -2.207512764668056704e+01 -2.069456761758960894e+01 1.127060950972237130e+01 -2.038162194596915100e+01 2.148471257043602201e+00 -1.238029048463277171e+01 -3.256694855134941236e+01 -3.918910692787716865e+00 1.225720686080304667e+01 -1.251211238174033902e+01 6.477317213984822956e+03
-4.806802820912557195e+01 3.362472856392178500e+01 -1.498743379405668641e+01 -1.160562132888204800e+01 -2.681349379231621199e+01 1.970076976086787468e+01 -2.301050296061345080e+01 1.039270257804982833e+01 -1.387188187379180349e+01 -3.769840692193904630e+01 -5.477865172282968764e+00 1.718659698560079363e+01 -1.339085533068843148e+01 7.663346737419989040e+03
-4.987620478916896616e+01 3.068538825638158585e+01 -7.228155745768531482e+00 -4.264558410432113256e+00 -1.421181750960711376e+01 1.265712201392035219e+01 -2.136588078601024776e+01 3.023902201807302959e+00 -6.171426053903857678e+00 -3.453977017570093011e+01 -7.601291837820462582e+00 3.503603842293063764e+00 -2.573488306179931406e+00 5.635244834305350196e+03
-5.155005237123528161e+01 3.218038246790239043e+01 -2.710430957309081790e-01 1.478950041397241177e+00 -1.142959952237747601e+01 1.586540199153519914e+01 -1.683190719826227522e+01 -7.246535399870378535e-01 -7.372724844111668396e+00 -2.627339782980704541e+01 3.220293407226393345e+00 -2.397803836396562360e+00 1.172468081845834176e+00 5.123573560540844483e+03
-4.836084498585992009e+01 2.771765286559184815e+01 5.218141327535138707e+00 -3.879370987270326143e+00 -3.887504506502419854e+00 3.046169082021287000e+00 -1.215450598045364750e+01 -1.015866335535981868e+01 -1.057955025339362187e+01 -5.637788268453930662e+00 -2.171497914458362377e-01 -9.511911714845785681e+00 -5.031158660239640312e+00 3.684188136547029444e+03
-4.818241707391315742e+01 2.868363181024292885e+01 5.996752583139338455e+00 -7.868778320488370781e+00 -1.316575723731721226e+01 -8.388907764787319365e+00 -1.747477142022478702e+01 -1.418476750931218788e+01 -1.271006948582722984e+01 -5.066643761971385551e+00 -4.955942887577336364e+00 -8.187159265855260770e+00 -9.679849479253007871e+00 4.364968143346580291e+03
-4.712364506698934008e+01 2.530981407465328559e+01 8.015675976032920147e+00 -1.752105113173562767e+00 -1.157330486435842332e+01 -1.346416535317763596e+01 -2.412098885087194944e+01 -1.699612940520248827e+01 -6.163583331709818758e+00 -9.985761646165280947e-01 -2.034433053137135960e+00 -1.027790059379751852e+01 -1.520336646398662417e+01 4.494364622762260296e+03
-4.870546824956217336e+01 2.858697400677730727e+01 1.158317648840894343e+01 1.711741683983687645e+00 -1.242039998135437706e+01 -5.375764059606643386e+00 -1.721090450181639753e+01 -1.305070573882334983e+01 -9.344280036329420946e-01 -8.956764196012315660e-01 -3.179766523794863353e+00 -1.031311333880521630e+01 -6.760745763365699545e+00 4.140093383505332895e+03
-5.504574811262805412e+01 3.742895459743713360e+01 6.394164097529229096e+00 1.661659102844577518e+01 -3.057006655065281464e+01 1.986937720053128942e+01 -2.883137557232362269e+01 -1.898034478499283750e+00 -9.163943505513746146e+00 -1.409446549857878150e-01 -2.003244967824703515e+00 -1.193439198693112857e+01 -5.166414123574080364e+00 7.169261594334070651e+03
-5.498979041268107437e+01 2.814089135155761312e+01 4.223927674593147330e+00 1.386498240714547237e+01 -2.452090645302660477e+01 1.372768491852127326e+01 -1.651977588370687045e+01 -9.326130465548825299e+00 -3.465396188086167673e+00 -6.346654302705834638e+00 3.433317323752654304e-01 -1.175855810867961893e+01 9.510037987041856933e-02 5.366149610184386802e+03
-4.981873782819808127e+01 2.451121349458144749e+01 -3.802367867538287527e+01 3.438827853242951704e+01 -2.845422970095487258e+01 7.225437226314600281e+00 -3.930540388748762837e+01 -9.241112414411432496e+00 -1.589714918849391090e+00 -1.494534357301164462e+01 -1.771632124709384026e+00 -8.679008937276311286e+00 1.443781313902936958e+01 8.716027943399563810e+03
-4.626296846485497838e+01 1.383626574851489721e+01 -2.828240289294318544e+01 2.113734164199838972e+01 -1.050662329528349126e+01 -1.129572905715393993e+01 -2.824748447961151854e+01 -1.944968162117342914e+01 6.166811848555483477e-01 -1.795238033701204472e+01 -6.898798459905513880e+00 -8.565569387784830013e+00 2.960913611017804481e+00 5.444976812713295658e+03
-4.766834102677105278e+01 2.336299661163222652e+01 -1.270130568605020116e+01 2.128612150251797530e+01 1.341055886145395837e+00 2.189837494485650238e-01 -3.291357052696183416e+01 -8.953086622889477653e+00 1.135366807047082816e+01 -2.795546723244076048e+01 -7.946980473559738023e+00 1.928082576710363760e+00 6.688901720615935353e+00 5.619857085488984922e+03
-4.625376525450180765e+01 2.704380055773866687e+01 -1.106532766105269516e+01 1.216710719248654371e+01 9.602345793236310101e+00 -2.082649820019964182e-01 -4.771428035900044051e+01 -1.085517107239843781e+01 7.886657096231045827e+00 -2.372219093924627487e+01 -8.530311579840098801e+00 4.222753221765181308e+00 2.073777851917282700e+00 6.347833748840937915e+03
-4.745816900202795097e+01 2.555993515944276240e+01 -1.310100115758276473e+01 1.365541492349658981e+01 1.353186155257046153e+01 -1.295954191176982029e+01 -5.300639853983623340e+01 -1.218259703812729633e+01 6.764215249188422874e+00 -2.442375258137428062e+01 -1.387073935276014858e+01 -1.313197103391127829e+00 6.392148316993440993e+00 7.450105393866542727e+03
-5.087520796413632240e+01 2.747157556156996705e+01 -2.078118858698577398e+01 1.409352782687916772e+01 1.550561759488433111e+00 -6.604625418722205765e+00 -6.200194532627177324e+01 -6.180672971561331330e+00 4.101919123937390665e+00 -2.979755965770495152e+01 -1.927577265224832814e+01 -1.658290967965139373e+01 2.209684414161039889e+00 9.458078148287691874e+03
-5.095150820721284646e+01 2.420418231507966311e+01 -1.224161087460990771e+01 1.040081518790810122e+01 1.202866507950509201e+00 -1.379803813313924898e+01 -6.007682480374725742e+01 -1.040071242326419920e+01 6.731216594598929404e-02 -2.487295512586005231e+01 -1.807641545430929142e+01 -7.421360509058516186e+00 2.085640880886636683e+00 8.354016778067742052e+03
-5.015078854566014144e+01 2.684265306991776256e+01 -5.516999123784912307e+00 6.930981395442985971e+00 1.589601078015510538e+00 -1.018948424514413631e+01 -5.281497323991084869e+01 -7.688300337160878684e+00 3.213484750634845621e+00 -2.131772334057048468e+01 -1.898049354557970858e+01 -8.148960778128330418e+00 6.232407855936171970e+00 7.199268596543126478e+03
-5.270770273117131666e+01 3.279230077482916528e+01 -1.051964983584145230e+01 1.126758087522134844e+01 -3.868985348662136392e+00 5.400227506242816222e-01 -6.038685902835513986e+01 -9.113532776069515506e+00 3.059686030056574246e+00 -1.909382722933444754e+01 -1.670375429879660700e+01 -1.178011329099643589e+01 1.046810248537336818e+01 8.737251787256795069e+03
-5.533522316427043819e+01 3.325167898912925324e+01 -2.538308655329866159e+00 6.416426546052661273e+00 -1.487482945849686544e+01 1.727847440520859035e+00 -4.816829086794460579e+01 -1.839914847312547508e+01 -4.721363873058381344e+00 -1.416883911200809010e+01 -1.330531150068253154e+01 -2.213039804805408295e+01 1.885508874955529768e+00 7.991621790775273439e+03
-5.527290488690549353e+01 2.777899248055550885e+01 1.004722211921958142e+01 4.738863200824751765e+00 -2.488427271823498899e+01 -1.556208794512238747e+01 -3.190159155564444404e+01 -1.296449666521881383e+01 -1.344432381465671256e+01 -1.783565160519191650e+01 -1.525689611494181186e+01 -2.226319678483212527e+01 -7.199590322009867371e+00 7.276482484075773755e+03
-5.543766550368371071e+01 3.021659963702445850e+01 1.215261371585619443e+01 2.334298343459230374e+00 -2.494815190186279352e+01 -1.100777972092878443e+01 -2.952935013031602196e+01 -1.653707856099700635e+01 -1.040014048276015401e+01 -1.203263112168843385e+01 -1.187218762120095050e+01 -2.020256022717352451e+01 -8.511925540724368133e+00 6.903043891988112591e+03
-5.579852292380321188e+01 3.015004095274130336e+01 8.551245847687418689e+00 -1.893061962243965946e-01 -2.931691236116434141e+01 -1.615132308767805469e+01 -3.631165346084925005e+01 -2.060983879486951054e+01 -9.780337600256999053e+00 -1.824334804642863617e+01 -1.877266756582733720e+01 -2.598025456493899554e+01 -1.622118562506729944e+01 8.678296281796880066e+03
-5.678986965010525267e+01 3.449602310919610915e+01 1.343521282624826796e+01 7.584855150752596309e+00 -3.131303292793939264e+01 -1.041014921475766286e+01 -3.720738765548090043e+01 -6.715314409124102824e+00 -8.524443012441256684e+00 -8.894632974175200602e+00 -1.626577454168897319e+01 -2.070460396051809937e+01 -2.429424321475639470e+00 8.022401031703358967e+03
-5.602936168148193730e+01 3.298448668802027584e+01 1.795748829104331179e+01 3.223886896336895624e+00 -2.486989746115111544e+01 -1.021952521195363239e+01 -3.760142475969811926e+01 -6.229433142069107809e+00 -1.223045964144702680e+01 -1.116692928175047328e+01 -9.124225550102789128e+00 -1.408759565651298651e+01 -1.066073474050471120e-01 7.291761702488262017e+03
-5.339800743078681933e+01 2.999832448537507190e+01 1.448588945238006431e+01 2.774889754245783546e+00 -1.893509530116343242e+01 -1.461034947398989381e+01 -2.587886036974637349e+01 -1.139402556397838850e+01 -1.013646933083286505e+01 -1.055011372415610005e+01 -5.821247497756507627e+00 -1.284861787904144315e+01 -4.586226690880145007e+00 5.774387343468135441e+03
-5.235203770944218604e+01 2.737663403485842295e+01 1.439896811698045376e+01 2.440082843217334041e+00 -1.329516892369174919e+01 -1.412923778400438124e+01 -2.243461458800341290e+01 -1.042653958439723816e+01 -3.636876035200218293e+00 -9.645472345152102278e+00 -1.216144509937990925e+01 -1.340288978079520632e+01 -6.989525551590919150e+00 5.174575439882927640e+03
-5.740727102141416793e+01 3.311420270717452752e+01 1.194459441247290776e+01 1.112917872721883938e+01 -2.485738895566755602e+01 -4.298899868484243214e+00 -2.645835846303419103e+01 -9.294701415897890229e+00 -1.077571446854112480e+01 -1.481111570150749301e+01 -7.982081018262585204e+00 -1.627266948095079613e+01 2.187925643574366308e-02 6.745482713371713544e+03
-6.033259556026351333e+01 3.188588187486509185e+01 1.317327784118247713e+01 1.561741077297477176e+01 -3.332145435645387721e+01 -1.695859574165786920e+00 -3.705872893775460142e+01 -1.252534561380168121e+01 -2.019064216575603865e+01 -2.377721002344694856e+00 -1.533519065556291316e+01 -2.171923328643326556e+01 -9.483650868458303407e+00 8.927747640679057440e+03
-6.056827918001678768e+01 2.609679773447688333e+01 2.115923085714178598e+01 1.611591701247020936e+01 -1.926019463423267197e+01 -1.136357292046107936e+01 -3.968572297507663649e+01 -1.283347592050481367e+01 -1.665899833568933630e+01 -1.020075025510832489e+01 -1.751367914062692321e+01 -2.380880233418914571e+01 -8.798512767708297488e+00 8.629315109433604448e+03
-6.227541613001503862e+01 2.581957329915070432e+01 1.470804304890434011e+01 2.086389762389281444e+01 -2.213967805033984249e+01 -3.030206260471091984e+00 -3.041848236189082044e+01 -1.970010557999587775e+01 -1.985530689904969037e+01 -9.270622384736990185e+00 -1.373227840041207060e+01 -1.910462604591392477e+01 -1.072840142363138760e+01 8.158070752105851170e+03
-4.402294131584543635e+01 1.316796438866972352e+01 -2.661023494223795183e+01 1.315169831319235927e+00 2.160809828974914382e+01 -3.881071844165963736e+00 -2.839523681090564722e+01 -2.709231119389480114e+01 -1.046237289491884326e+01 -5.476377807405025777e+00 -1.532160980679689288e+01 -1.588031384388061085e+01 -1.378708530150678513e+01 5.659976129783922261e+03
-4.412359268984646832e+01 2.368610616768765809e+01 -3.596229131448168204e+01 1.480423397936575114e+01 1.128590082196388167e+01 -8.116535812796614735e+00 -2.785315150165593323e+01 -2.557873783448670935e+01 -4.316717752932079044e+00 -1.999266353846152366e+00 3.397666847039747307e+00 -1.658594875242831534e+01 -7.820729124623749584e+00 6.014127144467600374e+03
-3.988489880459529502e+01 2.868644298730394837e+01 -2.134937625451171783e+01 9.163862418243565955e+00 -1.497408704103664689e+01 -1.970716654053789085e+01 -1.996803999329952717e+01 -1.995031502102350629e+01 -1.066018843165869612e+01 -1.080849118036942436e+01 -1.710384722010144909e+00 4.490542540565086505e+00 1.825991691732654942e+01 4.949800844203147790e+03
-3.774159439181924114e+01 2.913605879685716360e+01 -3.325736090975264858e+01 8.238843472378597710e+00 -3.977367758524690800e+01 -1.686106747267574946e+01 -4.019449588036264487e+01 -1.590553750652095744e+01 -1.004839122985593391e+01 -3.563270216837881321e+01 -1.591264440113890899e+01 4.338058007458548415e-01 1.119305510931493863e+01 8.931437665434203154e+03
-3.688871131160578187e+01 2.902777823670230006e+01 -1.831055739699879581e+01 4.314402181276066450e+00 -3.082433684856584577e+01 -8.620157239874645327e+00 -3.060185130082534144e+01 -2.138245670544819621e+00 1.849990765949863203e+01 -3.266083233622239135e+01 -1.254275249546332027e+01 3.639593149919084336e+00 1.471345760119552182e+01 6.318801425886567813e+03
-3.666741669700852668e+01 2.376049511100869083e+01 -1.256389775060221403e+01 -4.114527296653357702e+00 -2.965686014245814661e+01 -2.407443319485875577e+01 -2.880275820646324192e+01 5.526689024985623755e-01 1.534428374820471674e+01 -3.505872958261412009e+01 -2.001566793015080137e+01 2.367806355267142226e+00 2.689511641368871331e+00 6.250881953281086680e+03
-3.789664363744881825e+01 2.407639997217026817e+01 -8.133043504137107860e+00 -2.582402042088518090e+00 -2.678919251875127117e+01 -3.461829722178874391e+01 -2.180647683359074662e+01 5.570528241551135906e+00 1.251999047166151868e+01 -2.491874476526304250e+01 -1.720671054704850178e+01 2.078602250710228638e+00 -3.399484851917021544e+00 5.600926361189354793e+03
-4.448779317857842130e+01 4.085291008216065478e+01 -1.812846267550466450e+01 2.441246408631096898e+01 -4.949708995112530374e+01 -1.912797703446469200e+01 -3.452146752398567742e+01 2.264385345041573316e+01 1.025972554922147895e+00 -5.803698244257140537e+00 -8.583302255899639022e+00 -4.526061326462375689e+00 -9.612345008493537790e+00 9.314341822281146960e+03
-4.441283223017742188e+01 3.662133359028941726e+01 -2.782468281323232873e+00 7.976491441852179953e+00 -3.092453272889207838e+01 -3.841919261290109944e+01 -2.626847863347768097e+01 1.672311898716136724e+01 8.699973229558128907e+00 -1.243941484667477049e+01 3.450657786020357443e-01 -1.224062485582400051e+01 -1.297718766098350685e+01 7.335832992763063885e+03
-4.264852133589214844e+01 3.443610259272853824e+01 3.687452694712626489e+00 -4.168623054444163145e+00 -1.511071444916650108e+01 -3.051201733497761026e+01 -2.475633809119434758e+01 1.249014192013390101e+01 1.581021347912228947e+01 -6.196570977011161219e+00 -3.178325335954924391e+00 -5.144936293827494289e+00 -1.446759987566126959e+01 5.498156983045097149e+03
-4.503767174299053266e+01 3.748836118386390837e+01 4.338625793060131741e+00 -1.812452242712450978e+00 -1.936675192007416157e+01 -3.370443404932478160e+01 -2.479134297440363000e+01 1.373317717498375501e+01 1.590305905982732071e+01 -8.667766655436624390e+00 -5.035668860302902061e+00 -2.555643490537835016e-01 -1.243738919802989074e+01 6.278297943822366506e+03
-4.615396584781342426e+01 3.315579421359817047e+01 4.957307224457593087e+00 -4.800810442180050153e+00 -2.754157199114137455e+01 -3.435301822054588428e+01 -2.732949590009778262e+01 -1.124311024685680227e+00 1.343178661155004505e+01 -6.451406753339140820e+00 -5.096669084677214911e+00 -3.106155026626002957e+00 -1.556199476284085037e+01 6.463784855755143326e+03
-4.806404560319650443e+01 3.235311307131626535e+01 -7.098218353429636140e-02 -7.020916876981534216e+00 -3.274865699389145135e+01 -3.395962724999299809e+01 -2.928071062873505426e+01 5.890971335801166830e+00 1.010231977416749594e+01 -1.678288546131145154e+01 -4.190266463372665839e+00 1.960731908677652013e-01 -1.114767998125298121e+01 7.049558749402070134e+03
-4.832470133522836875e+01 2.975941685966356332e+01 -1.384694122331423527e+00 -6.539691388842615360e+00 -3.012981330205586872e+01 -2.978928495695666356e+01 -2.397851134135555995e+01 1.178400775610140805e+01 2.154579550867713422e+01 -4.016308206013410320e+00 4.563930292373406417e+00 4.544522702040510787e+00 -7.898880363764780199e+00 6.358850078058352665e+03
-5.030646656324358190e+01 3.052939088846534688e+01 -1.113002754856490917e+00 -1.206231779374931179e+01 -3.764721738542610296e+01 -4.216912971780882913e+01 -4.242566024183567208e+01 -3.673706032410046340e+00 1.114194990566926435e+01 -1.280766348671489041e+01 -6.223096096443868852e+00 -1.280442833390644175e+01 -2.248947561721816868e+01 9.615139927990878277e+03
-4.544831502339143015e+01 2.884943879403566669e+01 6.652279973609330099e+00 -8.921014283701449443e+00 -2.757349113522651507e+01 -2.964150847247561416e+01 -2.537533977327614920e+01 -1.561234929017336404e+00 1.202505055131508804e+01 1.522036495272649059e+00 4.327695261274498328e+00 -7.115213922650784006e+00 -1.552925103679683261e+01 5.764369831972601787e+03
-4.656536882964140744e+01 3.235541449935317360e+01 9.975020432344820165e+00 -6.338838958639614773e+00 -2.950644497747292760e+01 -2.523112755176952859e+01 -2.229606931208219933e+01 2.891095340208370779e+00 1.641831203470784573e+01 2.497306336443530395e+00 4.341856093593623456e+00 -8.491339693351246609e+00 -1.251346911691679509e+01 5.890940547884868465e+03
-4.997411751427110005e+01 3.519691400859228025e+01 1.220872758110189338e+01 -3.709876341594280369e+00 -3.945016230089586884e+01 -2.258342191554352496e+01 -2.934312928769407947e+01 3.882700402269140483e+00 1.983770459252932383e+01 1.328101060399670130e-01 2.518389688744376631e+00 -1.040351446938249680e+01 -7.989653823428575663e+00 7.413434368650461693e+03
-4.920007865449521489e+01 2.856763256306340537e+01 1.006986666648296769e+01 -9.634754766815577298e+00 -3.553576615669160788e+01 -2.983855637527414473e+01 -3.077020328655961379e+01 -7.687853764176034055e+00 4.683317199946146481e+00 3.407312823667811297e-01 3.227492291538888836e+00 -1.030563897577304289e+01 -1.212759707658696229e+01 6.875777782508229393e+03
-5.231269839345954864e+01 3.011126982619570214e+01 9.074171371681726939e+00 -3.637723748042796412e+00 -3.906225141029865711e+01 -2.891455322595295385e+01 -3.735798584640054543e+01 -1.503859876005959961e+01 5.579406764738879865e+00 -4.677212968598031040e+00 -2.349179464933156769e+00 -1.698131617825672990e+01 -4.934777015949253887e+00 8.093811905066091640e+03
-5.703029507520096786e+01 3.746362430582074410e+01 3.016394753937889028e+00 5.727210725449609185e+00 -5.201296654083765958e+01 -1.775034923506995810e+01 -5.182891443007267185e+01 2.625961085312917387e+00 -2.061380820250827028e+00 -1.330748213580904249e+01 -1.995637256551692928e+01 -2.036249510191925083e+01 6.370118557079583965e+00 1.144623770632571177e+04
-5.728368974787608892e+01 3.993019344324855524e+01 5.229178859607285235e-01 8.419750878395470650e+00 -3.854732489564491260e+01 -9.028200189337463044e-01 -3.763238273575410631e+01 8.816175658662873005e+00 -8.909750986970587761e+00 -7.266327048109686437e+00 -2.221743111836393325e+01 -2.674707008571558475e+01 1.338322126062511108e+00 9.270633912930001316e+03
-5.816646122779744132e+01 3.533850428627978602e+01 3.356921461893510372e+00 9.222959738202073154e+00 -3.221335717308384261e+01 -4.837969474074443887e+00 -3.659073454564807548e+01 4.662304476989765689e+00 -9.635917131784065504e+00 -2.388928854094123011e+01 -3.736999774826119136e+01 -3.761478991245468251e+01 6.457736535304155367e+00 1.066684479059459227e+04
-5.898662970060500754e+01 3.395264000899990009e+01 1.542314946945142040e+00 8.832599564038693174e+00 -4.029763811392683692e+01 -9.845750444657680234e+00 -5.181329104688749965e+01 4.297236147175786947e-01 -1.681378655272549949e+01 -2.598076550927492434e+01 -4.111324233795910033e+01 -4.273226808053979653e+01 1.015999975265908573e+00 1.359331930983042366e+04
-5.830341994545837991e+01 3.073956533572430772e+01 4.584944508779625671e+00 -1.420142610609527623e+00 -3.959669208113434991e+01 -2.531389283514306854e+01 -5.042018071903299159e+01 -3.772813707780265702e+00 -1.315682103734391717e+01 -3.485460834354581294e+01 -4.319402539132803298e+01 -4.574602442138524339e+01 -1.145212273422078475e+01 1.460988747437862185e+04
-5.737567428091062283e+01 3.265740293534219063e+01 7.376781724419424258e+00 3.509389030852696045e+00 -3.021779297048384194e+01 -1.289963740752762256e+01 -3.690977976762234647e+01 -4.115769028113412276e+00 -1.190503272475135432e+01 -2.284720805796743903e+01 -3.345175628797225187e+01 -3.432829915499613094e+01 1.063182809759558034e-01 9.845181885513036832e+03
-5.482837287072423749e+01 2.590774461547097829e+01 6.101509829902688864e+00 -2.408391708812283927e+00 -3.171825081221323828e+01 -2.723059680247168757e+01 -3.190098646457540710e+01 -2.011709888615179409e+01 -1.556026076065608343e+01 -2.783656841844126717e+01 -3.169025665665272129e+01 -3.610045968152612517e+01 -1.733856170092683158e+01 1.051545145164562746e+04
-5.431624801057940743e+01 3.736844063717992270e+01 -3.948187465692639009e+00 -3.398144239083306317e+00 -3.458779999553939177e+01 -2.123623574136097503e+01 -5.130800941642354474e+01 -3.692598521501628284e+01 -3.743720653171902946e+00 -2.246603066953211680e+01 -2.390807119640404110e+01 -2.068112594476779975e+01 2.719086162396818107e+00 1.154256080011213453e+04
-4.991164297527220839e+01 2.454791640825168031e+01 3.817531328110132627e+00 -9.609896754307062139e+00 -3.611022483702699759e+01 -4.502786311711098932e+01 -4.758313379127454823e+01 -3.130055920776175427e+01 -1.354185911717399016e+01 -2.410214029411311643e+01 -2.410761823647577273e+01 -1.737450495321008859e+01 -1.164375011972323648e+01 1.155895509969978957e+04
-5.048973287640009744e+01 3.018401720170645675e+01 1.203725874104560489e+01 -6.797334393788906581e+00 -3.278497035794178061e+01 -2.529938433546526610e+01 -3.195732249039802397e+01 -1.130012154887289988e+01 6.239605444398774736e+00 -2.881970549831118333e+00 -2.206791717436957789e+00 -1.598990220120007777e+01 -8.029824100833620193e+00 6.887527117652604829e+03
-5.494640637712002729e+01 3.681552765325063348e+01 2.984802833017452084e+00 -4.715646686774775276e+00 -6.681241485435212724e+01 -2.334178536916536473e+01 -3.688072230091167825e+01 -5.610234548680831601e+00 2.781125481725613691e-01 -2.789833394625485496e+01 -2.226014246428855259e+01 -3.729510640101118213e+01 -7.968821568497877372e+00 1.353437255854169780e+04
-4.553555205507782944e+01 2.496279725331488208e+01 1.610671100413259893e+00 -1.699898699075528441e+01 -3.126599881720249741e+01 -2.161904905712287217e+01 -1.138085288767946501e+01 -3.078585077502983047e+00 -9.683487816178369956e-01 -1.453635765758240339e+01 -1.879538487045305928e+01 -1.525076909720688434e+01 -5.631611912154573574e+00 5.401945927004313489e+03
-4.950904399116112131e+01 3.606801185462506254e+01 6.956722342476889809e-01 -1.226842538078459199e+01 -3.505379739756505586e+01 -2.930510285379627766e-01 -6.751944285123236966e+00 -4.125463298861348882e+00 8.611028984782958418e+00 -1.279133849192401229e+01 -1.497312386663505279e+01 -3.426590797931639010e-02 1.481144213949751709e+01 5.875850518521488084e+03
-5.311685213051219989e+01 4.227969405899617072e+01 -2.296173953664502321e+01 -3.662743119513680146e+00 -5.105984251967029763e+01 6.000199594581195228e+00 -3.587531995112004779e+01 -1.889943738419443520e+01 -1.388083934203723224e+01 -3.573617945465260703e+01 -2.812641699158504949e+01 -1.368828790590627875e+01 1.575556165028815236e+01 1.213342141237806754e+04
-5.279036832576016280e+01 3.338959553855635676e+01 -1.398468741877455912e+01 -1.262664089862451178e+01 -3.515490164487242453e+01 -1.288070984020735832e+00 -2.116604404802144046e+01 -3.848251949125317850e+01 -2.094892190571684054e+01 -3.342440069017654736e+01 -2.458796065691430854e+01 -1.075482533672170149e+01 -1.926317721459274379e+00 9.703116252102108774e+03
-5.947387145012972098e+01 3.239245981845430578e+01 -1.184042924781431338e+01 1.184358942369698298e+01 -3.696422222137854874e+01 1.267046980279082291e+01 -1.347109793203396499e+01 -3.311802838376840441e+01 -1.200682484158025076e+01 -3.924167446392725367e+01 -1.649582428385247823e+01 -3.149290904878335340e+01 -6.815280237752761927e+00 1.066648446793077346e+04
-5.976938742827409357e+01 2.361619359513326799e+01 -8.888635845420614245e+00 3.755424700285848871e+01 -5.239662566820226175e+01 1.491646098718327274e+01 4.298454983413931174e+00 2.137506481899103861e+00 1.715324381330105297e+01 5.258609942580966035e+00 -1.512344931469742981e+01 -2.345024683647584851e+01 8.496576218832686322e+00 9.783097782773676954e+03
-6.043807689867195165e+01 1.786233908574152096e+01 -1.416611470818461616e+00 1.293216324982350862e+01 -5.126691689625510406e+01 -3.975367748307984783e+00 2.737245501861577335e+00 -7.904995709646868818e+00 -1.155790750273575185e+01 -1.048421657725245204e+01 -2.850052687214963143e+01 -1.201665100478799175e+01 2.659652849215999870e-01 8.055408412066256460e+03
-6.212541815669317913e+01 2.096243553880066557e+01 3.707024454766095545e+00 3.382726694873327222e+00 -4.329183628190416044e+01 -1.520645216084088314e-01 -9.634713718380295333e+00 1.516934681674649621e+00 -1.558636399849899767e+01 -1.282403213318231572e+01 -8.903341509812518595e+00 -9.242007087149044509e+00 9.159483436639535014e+00 6.949482031316271787e+03
-6.473522942894321375e+01 1.871428500342747014e+01 3.377451820499351776e+00 -2.531151168361008619e+00 -5.685317141164482990e+01 -7.018758833476048231e+00 -2.562975719092328930e+01 3.761961741605164722e+00 -1.784283531006762757e+01 -4.846886051487674152e+00 -1.225428591822807611e+01 -5.194287596281521147e+00 5.002706575377596998e+00 9.055305480755861936e+03
-6.338960665641440784e+01 1.603449877451744499e+01 6.271155413048836724e-01 1.395483971783987032e-01 -4.436180412761964220e+01 1.124262581964308971e+01 -2.211585494627417248e+01 7.198773309697941158e-01 9.878704387475135462e+00 1.250318019324643615e+01 -9.550527070144264385e+00 -2.489411907277441660e+00 -2.419026128182972357e+00 7.216935436506716542e+03
-5.331209617176851623e+01 5.249792576358956353e+00 -2.495872862600136344e+01 1.083913171517853158e+01 -5.353554184042575059e+01 1.629112187380532362e+01 -3.233362859066384232e+01 -1.472342291388315871e+01 4.376655554197294862e+01 -1.174175123233288076e+01 -1.649272925889916763e+01 -1.799589524993261591e+01 3.798340910265742387e+00 1.066753230741835250e+04
-5.067468410449355076e+01 8.167711306759399825e-01 -2.632986060503236558e+01 3.398978460161499271e+01 -3.948402857525429965e+01 1.035846768762180403e+01 -3.530155118250332436e+01 -2.544096133408892868e+01 3.268051298125354975e+01 -4.400940325254230068e+00 -2.137541210144237258e+00 -1.146588295296203341e+01 9.334825563307203922e+00 9.287444862853042650e+03
-5.004530736887706865e+01 -3.006793990978899322e-01 -3.696752163099130684e+01 3.617087724035218343e+01 -4.683943078261865622e+01 1.133476274070875256e+01 -3.016120034957974738e+01 -1.756739778483194314e+01 2.700803112156370389e+01 -1.151915678112225949e+00 -1.141313557306856241e+00 -1.903600761606847769e+00 9.083554265968352581e+00 9.538471712898062833e+03
-4.966672167461698706e+01 -5.039606673346765042e+00 -3.160403408000274439e+01 3.534526945732727654e+01 -3.640253473464711220e+01 7.642071119635578391e+00 -2.402656551158545639e+01 -2.996262522064227340e+01 1.803845291411690255e+01 -1.513071375086660808e+01 -1.714877859659360793e+00 -1.230125628903126689e+01 6.462182690889341607e+00 8.349210266604779463e+03
-5.062779153872923388e+01 -8.940507562156913224e+00 -3.536068568355998565e+01 3.108160149536598027e+01 -1.618368944719178515e+01 4.368664601601387254e+00 -2.128732154671652310e+01 -2.319237112562791836e+01 2.313402263720912444e+01 -1.803865877182425237e+01 -8.734821153501856728e+00 -1.142864416206285405e+01 -9.036867864824024155e-01 7.199887038112859045e+03
-5.301815315090555458e+01 -1.699314210487888888e+00 -3.174868745485272115e+01 2.925608172227406811e+01 -1.254356999365840331e+01 8.603050494874702192e-01 -1.500713359371505895e+01 -1.571836794661079217e+01 1.185356984220630849e+01 -1.978688403223390324e+01 -1.790572388202764031e+01 -1.095153506759721651e+01 5.668954136639449359e+00 6.312788134522460496e+03
-5.366867089491086062e+01 2.054328065458597408e+01 -2.048764272563132494e+01 3.827073668234904602e+01 -2.833876778995497148e+01 -6.009401852916315789e+00 -5.245294868387221499e+01 -1.626347335702620001e+01 -7.460940655837342561e+00 -2.142357999498528187e+01 -3.549861329148161104e+01 -7.493291233527621387e+00 -1.633676156694544135e+00 1.087536174027763445e+04
-4.839560126480811419e+01 1.794478944325565095e+01 -6.237517971362983360e+00 1.862427072465733957e+01 -2.859251650849859328e+00 -2.074912188039533589e+01 -4.452061645798590916e+01 -2.079999790233817336e+01 9.960711702067182927e+00 -3.175797140475641811e+01 -3.085934837622233218e+01 -1.931016795540736686e+00 -1.635116560701610933e+00 7.969832701354049277e+03
-4.855796426119707121e+01 2.061725975646988473e+01 -1.465735962545051452e+00 1.646600005029665326e+01 1.066257419077981972e+01 -1.103567971347465893e+01 -4.155333824057262859e+01 -1.275321767526906491e+01 1.671167943790482724e+01 -2.472224644100669622e+01 -2.127581284355061797e+01 4.181019561961578646e+00 2.139991205354117909e+00 6.546216425561672622e+03
-5.228410055897773390e+01 2.829659476377444705e+01 -6.266503809531756453e+00 2.059421649214989003e+01 1.451990162818412067e+01 -5.017131680577933572e+00 -5.777880642458157467e+01 -1.560114492546032849e+01 9.246189898537343410e+00 -1.597403736588767131e+01 -2.252383442565257710e+01 3.850535090867093668e+00 1.293430743450147702e+01 8.845608561770868619e+03
-5.485050696321332708e+01 2.534825339686731027e+01 -1.420836676889629757e+01 1.950991137939083586e+01 9.312454132382265826e+00 -2.189366548783744815e+00 -6.245239144639686657e+01 -3.314040677274978464e+01 -2.762242139335638336e-01 -2.188448293808933798e+01 -3.581451530858775811e+01 -4.958116009812910896e+00 1.350254370812510629e+01 1.129231727998397582e+04
-5.710801352812223541e+01 1.601896875040434054e+01 -1.246625321421333332e+01 2.040109541274914662e+01 8.810177044315679495e+00 -8.394015384769116794e-01 -5.712389569165379299e+01 -2.710834225677368181e+01 -9.815762976086186420e-01 -1.134934565767212611e+01 -2.120933931223995828e+01 -5.056881118652530205e+00 1.490942852296170074e+01 8.993340544068476447e+03
-6.058402642250810288e+01 1.523708394194524018e+01 -1.157304002550110056e+01 1.853936358569069043e+01 -1.812558359032152566e+01 -1.737030437944836025e+00 -6.317554120777897708e+01 -6.694197323681608580e+00 -1.862648695273401600e+01 -7.341178102443565834e+00 -3.259330423366090201e+01 -6.777762922772763154e+00 9.059571853098410399e-01 1.025767280380664670e+04
-6.020733848424361412e+01 8.309187888161806868e+00 -1.722532481838019436e+01 2.120664203411075377e+01 -8.965710500976880937e+00 1.739111482264849684e+01 -5.260065786367934493e+01 -5.933098038333688429e+00 -2.584962702731091255e+01 4.887779236485552126e+00 -1.930625733050205639e+01 -9.206513456727307698e+00 -1.064560289361993739e+01 8.888179318189693731e+03
-6.120084324385425134e+01 7.379862962591584363e+00 -2.128727103990440028e+01 2.546931229007674702e+01 -6.220633655192902900e+00 3.463639412916595006e+01 -5.315143863410913383e+01 -9.397228048435740888e+00 -3.262176437705638676e+01 1.157148075169872037e+01 -2.256823697701370079e+01 -6.738950121968718676e+00 -1.451689216750808775e+01 1.101715637823328325e+04
-6.258006554739432659e+01 6.321143858281054406e+00 -1.632661887035516912e+01 1.614198221045652204e+01 -7.288978461926158836e+00 3.201192775427548298e+01 -5.101763331278706204e+01 -8.665729963867384811e+00 -2.908072392533943429e+01 1.018188466724830654e+01 -2.252872165159172013e+01 8.421736664427147412e-01 -6.479261406454813077e+00 9.738722710733309214e+03
-6.406212930438718445e+01 3.577963048618805764e-01 -1.420763090708650012e+01 1.598761215706577410e+01 -9.732763123861627008e+00 1.694719868845857036e+01 -6.002551204962040288e+01 -1.659082251103951577e+01 -1.913685491380683956e+01 6.062319800633432010e+00 -3.446261556585036345e+01 -5.953175184500206774e-01 4.276917807713790154e+00 1.043108589538633532e+04
-6.317800250377587901e+01 5.258249195831406375e+00 -1.497544456063322293e+01 1.806351962814573753e+01 -7.168656475084447699e+00 2.472788407687598777e+01 -4.139769516845898778e+01 -5.636373329672040633e+00 -1.732183211475094353e+01 2.322244878758861653e+00 -3.126231585683614966e+01 1.058344191768260112e+00 -1.974885681393846459e-01 8.261989798250779131e+03
-5.950477141271039017e+01 1.782531461117049076e+01 -7.915107223140466886e+00 8.728817969123069176e+00 -2.436914356172531770e-01 5.901073629397776132e-01 -3.607344608929058438e+01 -2.000950578592235374e+01 -2.876248614597186837e+00 5.046033773704524883e+00 -1.643471659608698943e+01 5.851322498374559977e+00 -1.107560820626931886e+01 6.160224538778223177e+03
-5.240369035429466749e+01 2.916867956198326794e+01 -1.904498478111337434e+01 -1.530095208094516579e+01 1.779762824065399096e+00 -1.893596131553485773e-01 -4.253411160584067119e+01 -4.327074695985078279e+01 7.162939786616532523e+00 -2.373409718469618124e+00 -1.471880039116049588e+01 4.249245910638894230e+00 7.629386099353113515e+00 8.228348303464570563e+03
-4.707753332896061238e+01 2.775911303013068476e+01 -2.317210392590250834e+01 -8.420660672450814843e+00 3.161077667426294813e+00 -9.584810847595305106e+00 -4.545500674655013995e+01 -3.755208425705908581e+01 6.202383010034571598e+00 -3.355158182772409736e-01 6.257092897049360225e+00 1.172005501626014556e+01 5.686453218745237237e+00 7.420322885637148829e+03
-4.977943744649995494e+01 3.983652175438623999e+01 -2.477430694247265563e+01 2.743975497601045976e+00 -9.010905075819032106e+00 1.641452331506177131e+01 -6.467898226034429854e+01 -1.834579585184580353e+01 2.402926136632296661e+01 1.775990108239868581e+00 1.211993988483038009e+01 3.435789780174493657e+00 4.978257781848363983e+00 1.032084868905025178e+04
-5.057493026583611595e+01 2.519514599358138796e+01 -1.761088026203198353e+01 -1.229169068856745461e+01 -4.508807074025535933e+00 -5.023656307484766437e+00 -6.538658612511892443e+01 -3.662201425188749226e+01 1.648003158640939603e+01 1.003233838339440354e+01 3.615996178308019005e+00 -1.365219022118433490e+00 1.286703088118816840e+00 9.704825864213516979e+03
-5.159478115738188109e+01 2.090957683308350212e+01 -2.668366105963504609e+01 -1.286497397096644768e+01 -1.847670061676396802e+00 3.782089345301122962e-03 -5.660315003868419836e+01 -2.597994327616369503e+01 1.204764838859142539e+00 -8.869978520086181817e+00 2.753011464768845284e-01 -2.967819045457609217e+00 2.787405576906861526e+00 7.955826462453118438e+03
-5.427458031449052811e+01 2.755496373220126216e+01 -1.673598979050353464e+01 -9.887612701589933550e+00 -9.320595977247867481e+00 2.482591484254882630e+00 -5.494820114111934117e+01 -2.550714381598625380e+01 2.074205826111224837e+01 2.692862619277723191e+00 1.922321197320412844e+00 -1.999720784779802418e+00 1.072234556611326362e+01 8.405967684380164428e+03
-5.800150791681330986e+01 1.932677994854047299e+01 -2.521996599068118172e+01 -4.589383096126295136e+00 -1.024624676069584162e+01 9.509415062555769182e+00 -6.066531071546359044e+01 -2.274233326648750264e+01 2.200007550741945295e+01 5.139107888643288380e-01 4.907578850294869732e-01 -7.086143604505764415e+00 4.779303737395292018e+00 9.345280105029090919e+03
-5.710217175803077794e+01 1.616325562825823425e+01 -1.955978317547331002e+01 -2.929287456447453586e+00 -5.262485645843121951e+00 -3.493517232303184006e+00 -5.710383382930067597e+01 -2.149430456037518766e+01 1.391198865446913580e+01 -4.363918664131722025e+00 1.351818690484741348e+00 -1.069345600738055069e+01 -3.444079259403096227e+00 8.016452390753765940e+03
-5.792346945676396075e+01 1.887782091533590290e+01 -2.268686127101338457e+01 -5.236284422335495847e+00 -7.536611177849174281e-02 9.857720152304002781e+00 -6.286080203367443175e+01 -4.051368365930614601e+01 1.644487942165602945e+01 9.324094454851812319e-01 -1.692260046145113250e+01 -2.210769026297807471e+01 -9.126952183471066959e+00 1.107336118578493188e+04
-6.259935438135457275e+01 2.184478572394482754e+01 -3.287513873778370765e+01 1.086487748956596278e+01 2.778711084086328054e+00 3.277442142481005760e+01 -6.493713355915947716e+01 -3.555876928544335414e+01 1.069522938108389987e+01 1.100117886224237473e+01 -7.019291277851158029e+00 -2.799665094655684783e+01 1.103714341629193019e+00 1.322755043266228859e+04
-6.531677925788943639e+01 1.610661317239065937e+01 -2.352681461851458877e+01 1.023004565448297143e+01 -1.152072906212402437e+01 2.095734420818930843e+01 -5.953176260359355609e+01 -1.590407380433711815e+01 -1.166593265105046351e+00 1.551384848070261135e+01 -6.722731930176606419e+00 -1.229143246946080659e+01 -4.047254787757090355e+00 1.000747241994520118e+04
-6.820027462626882198e+01 9.845705005801242748e+00 -1.607958324369477054e+01 1.649368813515850718e+01 -1.054988452383300945e+01 1.821948913511347712e+01 -6.041527383639436266e+01 -2.110897488731281157e+01 -8.551446482918032999e+00 1.272133090296066094e+01 -1.500844831661293988e+01 -1.384891897881135669e+01 -4.243854356044700182e+00 1.048766996752325031e+04
-7.047827686003823544e+01 5.944983290549626709e+00 -1.255864577531945869e+01 1.520348364845637867e+01 -2.427417478666218287e+01 2.982474094141382426e-01 -5.694294539897694563e+01 -2.153123980626822132e+01 -5.612049931821576187e+00 5.413089441975005300e+00 -1.042277914394975014e+01 -1.313952313999665655e+01 1.921461899904643778e+00 1.003258371664741935e+04
