-6.908585854485053801e+01 -1.217476370908621597e+01 -5.638923297094674325e+01 -6.272927141951656793e+00 -1.290644760250936862e+01 3.902208017836676390e+01 -1.959693640903362422e+01 -4.078211171267774660e+00 -1.747527068371462633e+01 2.945202390824543492e+00 -2.515279638156093345e+00 1.930950588608476437e+01 1.224900455233000329e+01 1.107342785070936770e+04
-6.780159178896072092e+01 -1.155015234957554604e+01 -5.036786100822784107e+01 -1.225561363509718582e+01 -5.556318880850494857e+00 3.328262129076259157e+01 -9.203606064875346604e+00 -4.270257070071427741e+00 -1.578766696912083844e+01 -1.919594016437748296e+00 -1.087492081916797559e+01 1.518924679812222323e+01 5.676332190704698633e+00 9.293263513836616767e+03
-7.488792256940536163e+01 -9.654282886522734586e+00 -2.662602876177976796e+01 9.191860392648495193e+00 -1.936940021867220452e+01 3.206971242651860621e+01 -1.567768635282814316e+01 1.033630081719020311e+01 -1.398416761533783337e+01 1.110723918961069323e+01 -3.114571979691424186e+00 9.592503738789247336e+00 5.387904464846331454e-01 8.672045601876799992e+03
-7.778727337869236180e+01 -1.437689542649362018e+01 -2.977696322302737642e+01 2.455853502240870512e+00 -2.724055677401749520e+01 2.159014114436907406e+01 -1.735695397312033350e+01 4.353076388542515218e+00 -2.833636573139422055e+01 -2.856606915140144753e+00 -1.150012349800770117e+01 6.804044619167248342e+00 -9.512446525859221680e+00 9.758793358754837755e+03
-7.833183403123176447e+01 -1.507472749096138642e+01 -2.097935773747349941e+01 5.400002497811617452e+00 -2.348328016252759909e+01 1.950723381504071696e+01 -8.919410142672614228e+00 -1.502198071292919712e+00 -3.360369452774540378e+01 -1.570027868459544784e+01 -1.019577065794788417e+01 1.722031713861081670e+01 1.453468582916937812e+00 9.624538873594805409e+03
-7.974441630792360058e+01 -1.527066505892481629e+01 -2.101155276620313828e+01 6.086420936230930501e+00 -3.744606989857594215e+01 1.377043120272453613e+01 -2.324283267523703955e+01 4.171488860672265098e+00 -2.302193705736929985e+01 1.666106239231055719e+00 -1.129955007305512638e+01 -2.455899155199140704e+00 -1.562606816499680917e+01 1.013102930422000463e+04
-7.805612968356386716e+01 -1.393217578250370359e+01 -2.876996122022006830e+01 -8.780158886976124677e+00 -5.217164523605077875e+01 1.275048403391296992e+00 -3.468117471517990680e+01 2.805423576418478060e+00 -2.294663753259916916e+01 3.141554709508741716e+00 -1.265672581309367573e+01 -1.398424646783524294e-01 -6.278142703561977456e+00 1.186187223811509648e+04
-6.359645705284928852e+01 1.958647366222417574e+01 -4.558746966768946862e+00 -1.174537773543527841e+01 -4.261238222938602149e+01 2.026041752373259897e+00 -2.366451349852512109e+01 -5.326823823446996009e+00 -1.864208523552220953e+01 -7.596927419089142930e+00 -6.723488582547052061e+00 1.045999029779762957e+01 2.936926003793483009e+00 7.563662466105366548e+03
-5.922292800553719871e+01 2.955812435257949033e+01 -1.957719668446693362e+01 -2.469009417692469199e+01 -5.697035180050635716e+01 5.453705110039567927e+00 -4.131432760259637149e+01 -6.261940320279010486e+00 -2.340670609172008909e+01 -1.007286705963197804e+01 -3.051271728231173697e+01 -1.161304801377921159e+01 -5.706057184040854935e+00 1.214313917238278736e+04
-5.222467243652884861e+01 3.460886082618878135e+01 -1.619066978643200017e+01 -3.795364096762027373e+01 -3.685856210466027960e+01 4.202098025927795355e+00 -2.492539818497484916e+01 -5.642560291994568544e+00 8.189453315584747983e+00 -9.802790766290514490e-01 -1.566513460398503277e+01 -1.362867919136129302e+01 6.435198343475039273e+00 8.197708708250589552e+03
-4.423079803798660237e+01 2.378294290588966575e+01 -1.270285559931487995e+01 -3.563319011034339212e+01 -2.853163653775062869e+01 -7.769100662113372913e+00 -7.545774064455293306e+00 -5.040403111156728677e+00 7.367702369338767987e+00 2.390110639830990813e+00 -9.232939489539528921e+00 -1.447633726415081945e+01 -4.756849494954543012e+00 5.287271020928391408e+03
-4.867588773500528276e+01 4.564516955640100804e+01 -2.188242768127568638e+01 -3.372563307463386906e+01 -3.730852977558733130e+01 8.588239666906915204e+00 -2.160593894892716804e+01 -5.824375194602438910e+00 1.864133876188865457e+01 -7.127407853370844926e+00 -8.922835974236850376e+00 -1.216449864892694777e+01 1.086748511539078343e+01 8.779500432478826042e+03
-3.912161991941855632e+01 2.786378511452981144e+01 -1.270286198473067074e+01 -3.250057835068101753e+01 -2.370865225641220420e+01 -1.207243501963929511e+01 -1.551246356623095402e+01 -6.048230946824340037e+00 7.753561190203331677e+00 -2.796240244138857634e+00 -1.204180747685754937e+01 -6.062219099372937237e+00 4.345298413411718741e+00 4.778177381011942998e+03
-3.659034871028759994e+01 2.487803548795423225e+01 -1.036949623057131298e+01 -2.671163277049705442e+01 -2.312387590479390909e+01 -1.936217269602817836e+01 -1.921989459025351366e+01 -7.058315538009915180e+00 6.035261115555857536e+00 -1.244667036330953325e+00 -8.916136495607096535e+00 -8.973094498444307288e-01 7.361540183279520200e+00 4.280108081379162286e+03
-4.065417067771333137e+01 2.678299848900944724e+01 -6.272222284654165314e+00 -2.172376050760536614e+01 -2.149561803632777668e+01 -2.178728516955426642e+01 -2.362000900960619632e+01 -1.028915586110599811e+01 3.058431888798656573e+00 8.697143945617545890e-01 -4.750710566515264688e+00 -6.068252446012075696e-01 1.888247552782161165e+00 4.518485463637425710e+03
-5.427356722233499653e+01 4.200764346879287814e+01 -9.761828353911296219e+00 -6.589673019638427220e+00 -3.210444286833171645e+01 2.835966092174005126e+01 -3.201582039140312475e+01 5.332230175934972394e+00 -4.605852078190470600e+00 8.117027224476800029e+00 -1.160793241987455460e+01 -1.462277000927204895e+01 1.013559921274310938e+01 8.275790219160158813e+03
-5.497047056719669200e+01 3.761778653019761265e+01 -1.603686793473310246e+01 -4.899388081228382319e+00 -3.640838988715689339e+01 2.184336453219154350e+01 -4.045316089005181936e+01 6.133236160013216809e-01 -1.738168017394215425e+01 -1.142880642434572991e+01 -2.795392235280459303e+01 -1.626191506463658953e+01 1.955215860708711562e+00 9.640008402145333093e+03
-5.230419646751754925e+01 2.679534753720401596e+01 -1.295221791319551308e+01 -1.486545582293521051e+01 -2.165761321078021950e+01 8.575019995211217605e+00 -2.639481597169228166e+01 -9.107214608444719417e+00 -2.969047979155430728e+00 -1.075242464870185088e+01 -1.677341284252961628e+01 -2.132086140806342200e+01 -7.692428055863601344e+00 6.084202030147527694e+03
-5.326178793031584036e+01 2.488842427003100610e+01 -1.949338712838121879e+01 -1.093902116803621105e+01 -2.373304749854716178e+01 9.047852633411302747e+00 -3.772343340332221118e+01 -1.055098188095304579e+01 -1.971818897163500894e+00 -1.629149190689204829e+01 -2.386130668560195645e+01 -2.675969727701377110e+01 -2.134332838912173713e+01 8.145689669405199311e+03
-4.842467561231499928e+01 2.573840096316512316e+01 -3.064817323843602281e+00 -3.135763385828685301e+00 -3.629250913852074767e+00 5.557930067188198819e+00 -2.323020219640736173e+01 -8.753913683902297294e+00 4.310584501130733770e+00 -8.820242855661646342e-01 -2.916411895586560110e+00 -5.900497361651301453e+00 -1.642796243491421393e+00 3.752355169776581533e+03
-4.743847861581595282e+01 3.919985436977890458e+01 -2.073645414883238658e+01 -1.134946683031982495e+01 -1.729512841369196963e+01 5.414204025925728914e+00 -5.642968582907266750e+01 -1.312277995077387693e+01 -1.132270186287774827e+01 -9.963469153597690919e+00 -1.548581172635060810e+01 -6.929917097538607962e+00 -2.348525358851878964e-01 8.546164199045637361e+03
-4.045693920763388007e+01 3.079544483659352849e+01 -1.522231460333549435e+01 -2.333234040041857682e+01 -4.606826655144477201e+00 -5.441089443729500985e-01 -4.002381772744265476e+01 -3.012809808911045195e+01 -9.661091594290647677e+00 -1.293387783646777933e+01 -1.022161977648575792e+01 -7.749506073238972448e+00 -4.694294270015012316e+00 6.339562150107947673e+03
-3.907295468817851969e+01 3.584532556428318628e+01 -1.458327853355509696e+01 -1.997367514833595692e+01 1.564211304795736446e+00 9.520552856610249748e+00 -3.528310430891026783e+01 -2.238294184168870871e+01 -8.916568160227483775e-01 -3.406106773265825893e+00 1.963021478857126079e+00 1.778804460870093251e+00 4.796429528825909117e+00 5.304604033545734637e+03
-4.360905841135978989e+01 4.672972378864490395e+01 -3.003610613913352978e+01 -1.670785453864974457e+01 -9.712722998129574847e+00 3.100464891002429013e+01 -7.452602610473661571e+01 -8.639485212434833139e-01 -4.841542551472938882e+00 -1.080358266240519427e+01 -1.242496624066122557e+01 -1.965545311791683791e-01 -2.502684390716495066e+00 1.217807713380389760e+04
-4.153800362012394487e+01 3.629605746948764988e+01 -1.852015421107401139e+01 -3.032013550703007354e+01 6.682441882889475160e+00 9.228768051898985192e+00 -4.959316514328902770e+01 -1.416430152912716345e+01 3.114241827647350913e+00 -1.769791700255387568e+01 -1.668100326547245515e+01 -1.174869351519682414e+00 -3.284044368120320634e+00 7.708386821489906652e+03
-4.343792381460655605e+01 4.381129607021686923e+01 -2.171647168814405404e+01 -1.865021769424474485e+01 4.318989122286131632e+00 2.469649739096637830e+01 -4.689299237765680317e+01 1.718072133357401166e+00 -4.318390944917975816e+00 -2.870943661796663271e+00 -5.286748295927470309e+00 4.078464028692014409e+00 -1.205815095161659078e+00 7.529122191991185900e+03
-4.254864661678908533e+01 3.320999515665423729e+01 -9.962457015437548691e+00 -2.231008436535613271e+01 3.302219282911539544e+00 9.780493029312909314e+00 -2.699465602133524911e+01 -1.957110713157383586e+01 -1.040560798248660568e+01 -1.076413923664430072e+01 -7.171090361466499807e+00 1.765285306047658542e+00 5.505139442422314344e-01 5.007571111331692009e+03
-4.559725736084464387e+01 3.323247176873716313e+01 -1.349764804750535063e-01 -8.730786023739458557e+00 9.483009703999842888e-01 9.813614616241824962e+00 -1.871133389282715953e+01 -1.781286925958373146e+01 -9.618340629294436894e+00 -1.023032121364087743e+01 -2.353256004545692726e+00 -1.109701843686884626e+00 -4.680321849382032440e+00 4.250217149022104422e+03
-5.151750349986759403e+01 4.745072177369399213e+01 -4.965984910191449941e+00 4.576922713979201807e-01 -6.686207978229379734e+00 3.002694648419394596e+01 -4.389235628941985823e+01 -1.020294063589828504e+01 -7.845249705971412801e+00 1.750312125882203862e+00 -9.808764733464361285e+00 -1.057674798393846594e+01 6.011003862655471153e+00 8.216279649032872840e+03
-4.458133402249856658e+01 2.575896250635473450e+01 5.362143313059149818e+00 -4.176102095731555330e+00 -4.698865884002168869e+00 -4.295888706491286513e+00 -1.644039033493441693e+01 -2.142448654630400995e+01 -1.311859967152150652e+01 -5.929656133574690458e+00 -7.995623590966721927e+00 -1.717149593822151132e+01 -1.517064521951014022e+01 4.263238185710412836e+03
-4.995061201514280214e+01 4.217176615345312030e+01 4.455027682223906993e+00 -4.968151555657454033e+00 -8.439349903959579846e-01 1.690342038180727258e+01 -2.923560586256827420e+01 -2.048252207353871412e+01 -1.203777228738788452e+01 -5.490196121723479372e+00 -2.170148992103421826e+00 -2.893614851107495500e+00 -6.877540776837747227e-01 6.067349284558614272e+03
-4.613236800731041853e+01 3.099731731345132246e+01 7.317740367362966403e+00 -3.340411998795119186e-01 2.265619825347879868e+00 1.792504867473172225e-01 -2.282267388461960422e+01 -2.852078746623684680e+01 -2.121549098773909847e+01 -9.201716516723529082e+00 -3.825651399960472432e-01 -8.825995665784640565e-01 -5.257222667339620514e+00 5.045497264028251266e+03
-4.449204061729187032e+01 2.807912235520075939e+01 9.440803518207001588e+00 -3.435095951270733750e+00 -5.948906391849220654e+00 -5.553978525086562534e+00 -1.491138292375808660e+01 -2.153233853038060985e+01 -2.151829654834130068e+01 -1.132113297714711031e+01 -7.555740715750579817e+00 -5.501325329581844947e+00 -4.786610723460444916e+00 4.322605132386977857e+03
-4.865421885907274202e+01 3.390602320948693205e+01 1.384752643082187795e+01 2.457531838997982998e+00 -3.523670253805466501e+00 1.606259593247053985e+01 -3.822211027836698349e+01 -9.632558547419865391e+00 -1.354217509001772335e+01 -1.317385827997646253e+00 1.836729962718014253e+00 -1.659058018336381579e+01 4.855317863344103202e+00 6.026105063028490804e+03
-4.736177232116013869e+01 2.226003106269184784e+01 1.804999708039341755e+01 3.389170440328031830e+00 -7.451922732205322752e+00 3.804828903770173465e+00 -3.641865082551007760e+01 -1.074998260254806759e+01 -1.972217155750999140e+01 -9.981748352696161675e+00 -5.251956218508362362e+00 -1.308257103872710303e+01 -6.892357186744855646e+00 5.322664108303008106e+03
-4.622276092669639525e+01 1.174085834700360564e+01 1.631111298117066966e+01 1.586723593643744046e+01 -2.893300151116607211e+01 3.272236136571937948e+01 -6.291221793774457893e+01 1.094157796794227622e+01 -3.228835104486561391e+01 1.947830149013639600e-01 -1.933331028312937505e+01 -1.380724625113198911e+01 -1.628137884798069379e+01 1.064982555578071151e+04
-4.188479899595002109e+01 -3.416637041233474559e-01 -4.761180104193138973e+00 2.938465162363874228e+01 -1.750922560114960902e+01 2.021222179686956366e+01 -5.934680742864227909e+01 2.147139070638152347e+01 -1.689188312249260804e+01 1.778074052982177244e+00 -2.151769220664439075e+01 -1.573587851854139785e+01 -9.258830840979335619e+00 8.423602931955158056e+03
-3.911460850227899044e+01 -3.035379680403749170e+00 -2.471797320232051121e+01 2.685584533884075498e+01 -3.955664809238035673e+01 2.455552896335463586e+01 -3.526749942143414529e+01 1.891700260504801889e+01 -1.949135240613870579e+01 -5.428246701755354842e+00 -1.831780576931592819e+01 -7.695603651492862518e+00 -1.236076362166700804e+01 7.597664152109338829e+03
-4.203598117727550232e+01 2.758781742850351382e+00 -3.810809541874151307e+01 3.032272956252212381e+01 -6.253930716347327490e+01 2.841795938815868894e+01 -4.636592124556937478e+01 1.258991820280601104e+01 -3.344238025655747037e+01 -5.520269785877870206e+00 -2.266901579590643223e+01 -9.211576535091817064e+00 -2.410273829682676094e+01 1.350192509293997864e+04
-4.405217087152858113e+01 9.131674403130183748e+00 -1.803501165496390612e+01 2.424158687761298892e-01 -2.023083305217887329e+01 2.034362179489381361e+00 -4.855076396762746782e+01 -1.756737904588220189e+01 -7.207002139840756882e+00 -2.232207951405665725e+01 -1.102761150329914841e+01 -9.777361985071872041e+00 -1.435245914906422726e+01 6.401930590747615497e+03
-3.992646925848689676e+01 2.222877779042826774e+01 -2.135147349479403189e+01 4.897281364773455437e+00 -8.365866014820328544e+00 -9.454338789714079594e-01 -5.382227499391623127e+01 -1.615376233094701419e+01 -3.197872930557134730e+00 -7.801209560478782556e+00 9.545756724107866020e+00 1.447948515177620088e+01 -7.132762148661843382e-02 6.168640488245121560e+03
-3.918609848835780696e+01 2.798238598949044942e+01 -2.705506940449604514e+01 6.069749043414438106e+00 -1.212503319528721590e+01 -1.460207916152836516e+00 -5.396148780982759519e+01 -2.445803981179798114e+01 7.016820286044569421e+00 -1.106413567161815159e+01 7.634077861246183261e+00 7.279087506096743709e+00 -5.938450934974629725e+00 7.064749713873820838e+03
-3.440192814384196396e+01 1.459000001307808247e+01 -1.885158140599456900e+01 -1.982743198694430387e+00 -5.321730253312165537e+00 -1.567105398925958148e+01 -3.885351804254944597e+01 -2.914649699768638769e+01 -7.928346047569982069e+00 -2.073188589994998221e+00 4.291404587250995384e+00 -7.142256942507898998e+00 -4.963063443720692192e+00 4.549907818327038513e+03
-3.753765620573878437e+01 2.374602855472371843e+01 -1.503331664868342088e+01 4.536517861900417614e+00 -5.925793226075226627e+00 5.471711353856075988e+00 -4.722205214378026028e+01 -1.537583645819456635e+01 -1.287507807368547974e+00 -4.521310443547281288e+00 9.342892350071666741e+00 -8.164594433508206572e-01 -1.043983707452754039e+01 4.969969681381390728e+03
-3.995068217135707300e+01 2.246735797715725624e+01 -1.085803144390673758e+01 1.500625464026084543e+00 -1.138218827744393202e+01 5.030412810475191954e+00 -5.649058963072874207e+01 -2.090807780268558247e+01 -7.884636520508875313e-02 -1.507880456489343857e+01 2.907719318202123038e+00 -6.823556209597666289e+00 -1.439119398984075993e+01 6.493680380595967108e+03
-4.143284643987304605e+01 2.178376589408196651e+01 -7.974891548436477962e+00 1.131726874469127431e+01 -1.125794972711586439e+01 1.040716776054314074e+01 -3.573566942133815871e+01 -1.541277773020833131e+01 1.831120401015410337e+01 -1.362984814570073766e+01 6.272048115269124757e+00 -1.240113653670568006e+01 -6.030760794594076657e+00 4.883104850393710876e+03
-4.306939727564424203e+01 1.395342061533356137e+01 -6.055865844534298326e+00 9.629330347716905436e+00 -7.987395684765688841e+00 1.939502718196863640e+01 -4.186148621017564153e+01 -2.472183687862878898e+01 6.885202627802727626e+00 -1.852009552823124494e+01 4.891413689644572571e+00 -1.194149977913165550e+01 -1.685652139300948349e+01 5.823654870152659896e+03
-4.117386869965009311e+01 1.833352450401841027e+00 -1.049006661913869287e+01 1.136220579915314843e+01 -1.320733119658726018e+01 2.110998590369655403e+01 -4.723451192898460249e+01 -2.500543843579819381e+01 -4.320169583278460901e-01 -1.805091866376231735e+01 -9.080731541105555138e+00 -1.845087156962959085e+01 -2.606321987533122453e+01 6.842434114454694281e+03
-3.933948097176572389e+01 -2.487291826352414414e+00 -1.830151988276661257e+01 1.779963869615353289e+01 -2.932234525659711011e+01 4.479420729241950028e+01 -4.121915828072094712e+01 1.171949914352620858e+01 -1.193586959263975844e+00 5.891527702043205750e+00 -1.964370418069804103e+01 -1.412655725965483988e+01 -1.503422072537689225e+01 7.755838034601535583e+03
-3.961262374412160625e+01 -1.076541769273032045e+01 -1.822704719115903416e+01 6.807490495574737288e+00 -4.204132607879444095e+01 3.203345451927902587e+01 -5.165501506699104795e+01 3.601737594554580424e-01 -8.650875723748697510e+00 7.833864013661739456e+00 -2.064134414290845143e+01 -1.119790485919601863e+01 -7.056053218678287386e+00 8.263060092217385318e+03
-3.927156828311953518e+01 -1.453126650833366362e+01 -1.926624540831882015e+01 9.399911487496897422e+00 -4.268599014938884295e+01 2.976904242925029465e+01 -5.209702539677578415e+01 6.076799546023330389e-01 -2.104799847179174677e+01 3.456908184779993398e+00 -2.180493703562727603e+01 -4.448522191366210521e+00 -3.082145888762422903e+00 8.595432008126945220e+03
-3.921110893164703981e+01 -1.700089785728675196e+01 -1.666495031109500502e+01 1.100900535626607279e+01 -2.899102651836029665e+01 3.312462861572067396e+01 -4.466585224965866274e+01 -3.324823168084348746e-01 -2.466735629937102203e+01 -2.454974187533522478e+00 -1.725294180526501364e+01 -2.284668039151805274e+00 7.789571883643664485e+00 7.136396404782978607e+03
-4.198875275230584947e+01 -2.105186852016481325e+01 -8.244372264591602217e+00 1.021465410730516865e+01 -1.894451440707710432e+01 2.329735321659406111e+01 -4.389310275535874695e+01 4.661345511083228033e-01 -2.058625485205646299e+01 -6.325620161095523386e+00 -1.466872547386473613e+01 -1.019381479084504782e+01 -3.627884226544220159e+00 6.003082672619694677e+03
-4.509132809444368917e+01 -2.230676983284615389e+01 -3.288643900074460280e+00 1.042623236328606318e+01 -2.415277806461855548e+01 2.062872023092104712e+01 -4.815250111092957042e+01 1.145341534491781665e+01 -1.619203614498313470e+01 1.576264935971342984e+00 -1.920027860498809247e+01 -1.129462885228762836e+01 -6.126824071337602540e+00 6.907510180886702983e+03
-4.811659962020026882e+01 -2.253867762280475873e+01 -6.087197920621042257e+00 3.990373422073116849e+00 -2.538706555468777282e+01 1.837163358128113089e+01 -4.695677867376884507e+01 5.998252608858545276e-01 -1.463403756498229669e+01 4.892268997819942733e+00 -3.004067823798742509e+01 -1.635754595489061813e+01 -2.268141568482294801e+01 7.986042705784282589e+03
-4.999286178630181610e+01 -1.495197103138379369e+01 -2.401595769700822114e+00 1.523441711295502543e+01 -2.091456747711580988e+01 2.906409876817016169e+01 -4.940187006549098925e+01 4.526380497758752064e+00 -1.664637541732194848e+01 1.986660780851818586e+01 -2.602014536056176297e+01 -2.504843008969523055e+00 -1.089015352179546881e+01 8.177578217823602245e+03
-5.063541200289215283e+01 -1.456583794004533772e+01 -7.056714302012282225e+00 1.334668590719953940e+01 -2.914293254166249270e+01 1.891393103307331813e+01 -5.505636799428517492e+01 -3.176645994703339415e+00 -2.452186872096681824e+01 1.648015437406916561e+01 -3.650260979154946739e+01 -6.161585455579334791e+00 -1.734448681067344822e+01 9.796536279201156503e+03
-5.017638130143124897e+01 -1.709554760305865884e+01 -1.384427446864632394e+01 1.954573060896263570e+01 -1.562482665616069077e+01 3.054467554801293971e+01 -2.578935317119958981e+01 5.943042469479745016e+00 -9.004955101338333989e+00 1.279592891805901544e+01 -3.344103476785087281e+01 -5.255305051617698453e+00 -1.335544349644558615e+01 6.830263333877825062e+03
-4.815992145914702149e+01 -1.557464588573646758e+01 -2.313270439417711799e+01 1.261642342847688525e+01 -2.937029024205329364e+01 9.172715041589892593e+00 -3.422965563003340606e+01 1.786947869881982398e-01 -1.924690118671921724e+01 7.179958990153558318e+00 -2.189308293371374603e+01 7.256127268033778499e+00 -6.101788809366160748e+00 6.365882994984632205e+03
-4.791546075755746159e+01 -1.063699331916464530e+01 -3.196999526808630776e+01 -2.427667183437798748e+00 -4.311715567859256737e+01 5.853137362389628784e+00 -3.883387506687686397e+01 -9.688759405119148127e+00 -3.518382637564840820e+01 1.225690146729539087e+01 -1.227236955715692446e+01 8.492067037603076685e+00 -5.566189369567345224e+00 8.574143407418279821e+03
-4.912518336984905432e+01 -1.662190879088574214e+00 -2.660291848758229349e+01 -4.240785063702220414e-01 -3.225776564778234246e+01 1.914030265375845730e+01 -3.513483228554863302e+01 -7.493817234692556895e+00 -1.808236778679575352e+01 6.921986945269968494e+00 -5.513512955017953132e+00 1.198225670673578946e+01 -1.279976142913297026e-02 6.370329393794252610e+03
-4.883292225192721503e+01 1.973937470593470067e+01 -1.146367784342700347e+01 7.433702233235846890e+00 -2.889364211874714528e+01 2.394110374038171685e+01 -4.843738931763396494e+01 3.150323756496541616e+00 -3.507195736687841503e+01 3.439191067412878056e+00 -1.175751332121826387e+01 7.433374482071878120e+00 -1.301905707832197479e+01 8.329957526547361340e+03
-4.544956936567717776e+01 2.535670308165386544e+01 3.295653979426613756e+00 -1.037735301364399021e+01 -2.290255346243513301e+01 -1.204754531377466797e+00 -3.006083221704618680e+01 5.502702200511652819e+00 -9.016312637724320567e+00 -1.865135916768998925e+01 -1.234846952418383559e+01 7.446463549350836875e-01 3.817766624163279054e+00 4.883869923251595537e+03
-4.573242300965823404e+01 2.853789504472598537e+01 -5.830260545771102976e+00 -1.758610486059128064e+01 -1.948306898465813219e+01 -1.416065715492516652e+01 -3.829719882403682618e+01 -5.356709089232971621e+00 -8.488637586949939973e+00 -3.525426483819423851e+01 -2.393046690363633289e+01 4.942743953287778602e+00 1.165457411452588588e+01 7.372460167441051453e+03
-4.249643663726233456e+01 2.834936120109583513e+01 -1.181449379743979655e+01 -1.834641878497259526e+01 -1.139195178747505288e+01 -2.296626599782252853e+01 -3.228872779078491106e+01 -1.351398381452276354e+01 -1.426591718319247626e+01 -3.136798692373279707e+01 -1.887450440126275808e+01 9.851583178274482933e+00 7.455569404349069451e+00 6.664575512975865422e+03
-3.881951426132970795e+01 2.216738176366068558e+01 -1.144833979462270435e+01 -1.671615097981579368e+01 -5.237469506391033036e+00 -1.667221811319519631e+01 -2.812548341874876456e+01 -1.364372756136284970e+01 -1.079322543786289046e+01 -2.193313380318654993e+01 -7.900772803009473044e+00 9.477655507051675698e+00 -2.185113842141838680e-01 4.441281738127097924e+03
-4.554914649844855745e+01 3.508475284662976179e+01 -3.046608256801301096e+01 -2.287812353640288876e+01 5.490892099235670010e+00 -8.160699916746551708e+00 -5.080944914173492322e+01 -2.220182867589576503e+01 -6.933524516288758655e+00 -3.399093223508406680e+01 -1.691977772076000264e+01 1.221489180583928968e-01 -6.357003676986028307e-01 9.418678740314788229e+03
-4.308395437974917996e+01 2.844647646965440657e+01 -1.739880731241362355e+01 -1.232696676962133076e+01 1.358009454988219922e+01 3.681745467409217043e-01 -3.172104338900160059e+01 -1.783291128756094679e+01 2.012571418074259544e+00 -1.160241374065324571e+01 -1.280605267389579893e+01 -1.576431709645390367e+00 -5.827336432177776526e-01 4.934379742169161545e+03
-4.288821658382913427e+01 1.250105070195637680e+01 -2.601260064885215328e+01 -2.453503409047334216e+01 -5.453743894967119310e+00 -1.830441214275086637e+01 -4.540642386469600211e+01 -4.251587868006177473e+01 -2.371631564544041026e+01 -2.408944839662781945e+01 -2.225166111581402362e+01 -1.081156478567814183e+01 -7.371100553631813490e+00 9.317561405961067067e+03
-4.295334494259783042e+01 2.196911768910691620e+01 -2.308579694204093258e+01 -2.564305122142605242e+01 -1.220007235091462583e+00 -1.000746590769086986e+01 -4.310006140285469911e+01 -3.720918791861690522e+01 -1.449092079988481174e+01 -2.020785322434143083e+01 -2.001852465454838992e+01 -5.773597413054451621e+00 -3.083076890777856516e+00 7.923854057341813132e+03
-3.760016790984142432e+01 2.411602615341611866e+01 -1.908466430248426349e+01 -1.547801366289267477e+01 5.055116068492544912e+00 -9.909557452686197365e+00 -2.994809441379467430e+01 -1.807548617794817147e+01 -6.746437538348235563e+00 -1.187029557788337009e+01 -1.038455515252430184e+00 2.512127839801191698e+00 -6.195396185542433543e+00 4.178704196330151717e+03
-3.940951129649458551e+01 2.970189134041999424e+01 -2.654659499692353819e+01 -2.098195257227098054e+01 5.989983471361292722e+00 -1.429927486164934614e+01 -4.129984089315535556e+01 -1.031499427759994347e+01 -4.714902082674645278e+00 -1.711196630195210489e+01 -9.273869262046305906e-01 6.322041791966482194e+00 -7.255424475303067666e+00 6.041220233420857767e+03
-3.573222990580212155e+01 2.004094106135224962e+01 -2.399665420974081442e+01 -1.834396810111347875e+01 6.126522917991728434e+00 -1.078622593272319818e+01 -2.872213584548635978e+01 -8.946895748087568379e+00 -4.089034163243860043e+00 -1.502224270819101370e+01 -4.678741668821589705e+00 5.156552899332966788e+00 -4.820870108439629931e+00 3.963766561993988944e+03
-4.345812471930029375e+01 3.032953578987317655e+01 -3.876599921442929286e+01 -3.698351203464162040e+01 1.716523602865950293e+00 -9.412279337280095248e+00 -5.578600617428336506e+01 -3.202553633338012795e-01 -1.233649838648011610e+01 -3.072864115398497020e+01 -4.527055355259382630e+00 1.828620144617978172e+00 -1.206925821361190110e+01 1.014873436209391184e+04
-4.127210197568223293e+01 2.428885699598936299e+01 -3.068193067025141474e+01 -2.803870076246370147e+01 -1.828973168639446423e-01 -4.971296643965425588e+00 -3.139666476567669307e+01 -1.122059369653788430e+01 -9.343133121485218240e+00 -2.139884277783227517e+01 -1.008819595774856204e+01 -3.243384523213919124e-01 -3.639821354694769528e+00 5.817613910189579656e+03
-4.493825234396195611e+01 2.900845818211219296e+01 -2.326012774244305703e+01 -2.423109823736417567e+01 -3.364703615820197058e+00 -4.263802372092333037e+00 -3.497326483410660103e+01 -2.023569530742168254e+01 -1.688206668421938872e+01 -2.948614488700100011e+01 -2.529492223255406103e+01 -1.527992587868262930e+01 -5.442638933247870625e+00 7.708599153032799222e+03
-4.584758750503007718e+01 2.401539754290674011e+01 -3.458178279616872075e+00 -1.041528452249842474e+01 -1.510043012738583990e+00 -6.533050223622757224e-01 -1.571795583665120866e+01 -1.019701489666997318e+01 -8.852290067512083027e+00 -2.099090998402920505e+01 -2.504543120428053982e+01 -1.802879236558845832e+01 -1.065026859872786247e+01 4.737638574703731138e+03
-4.958790589800674553e+01 3.459155917979406070e+01 -3.078602382156468753e+00 -1.096358159503666307e+01 -3.236141609887509762e+00 1.113131615318325451e+01 -2.690517199520769154e+01 -3.784018495980644214e+00 -6.856531580813377325e+00 -2.461671346895214185e+01 -1.725962577659385033e+01 -1.533690523247596538e+01 -1.968138162279817971e+00 5.847783698963222378e+03
-5.025032901115252315e+01 2.983065109814757676e+01 -1.414533542737529404e+00 -1.221122241199651270e+01 -7.782666430958567361e+00 3.607891988480247836e+00 -2.657506495298621019e+01 -1.342834887622074902e+01 -2.008098266587762737e+01 -3.123207379126583660e+01 -2.463518680321135079e+01 -2.056001122267525716e+01 -5.434584593119562435e+00 6.964049078916084909e+03
-4.659885136543838513e+01 2.334999181677328650e+01 4.271324414706993977e+00 -4.803714191378418263e+00 -2.876645384126299998e+00 3.257584974200589123e+00 -8.019123090653339503e+00 -1.301004422879259970e+01 -1.500730918909385103e+01 -1.697915701462235560e+01 -1.400035882599286374e+01 -1.304379745723538342e+01 -1.448795688585241326e+00 3.892210293551521772e+03
-5.191219315221875519e+01 3.588774313157001927e+01 6.021354991893279163e+00 -2.105578460537494312e+00 -1.059779923042056460e+01 1.163565199446109055e+01 -2.203947318401084132e+01 -8.448349849416656454e+00 -4.661476101706399255e+00 -1.378061631580555435e+01 -1.368296654505066456e+01 -2.306390604212176143e+01 6.909691839311697059e+00 5.806856743011349863e+03
-5.328527229151484335e+01 3.548948086808450597e+01 4.297429479706015520e+00 -8.940843894310125606e+00 -1.552544826449975801e+01 1.247425695405128288e+01 -3.206739610989401257e+01 -1.532148981713188185e+01 -1.222282005073550870e+01 -2.092629777318472506e+01 -2.496529817570372600e+01 -3.564589605550288809e+01 1.016922299839901012e+00 8.339180077047243685e+03
-5.348840568009170937e+01 3.724788449098247156e+01 8.368107772200376715e+00 1.120307282014270100e+00 -1.458141607453495148e+01 1.728934703364853220e+01 -1.682848072087835334e+01 -6.311187836869380341e+00 -4.727230151445117379e+00 -1.343899286754114186e+01 -1.462821015613164377e+01 -2.583738142024320439e+01 3.542364373872302519e+00 6.251319218801709212e+03
-4.587026085752122384e+01 3.215603553414646854e+01 1.068873349213341761e+00 -1.379566200618190308e+01 -1.890599656572891973e+01 -7.694281745513802839e+00 -9.233835956020230995e+00 -5.908759985617812127e+00 -4.313180736041204000e+00 -1.320981459063655272e+01 -1.194034381725042770e+01 -1.438859849913848166e+01 -6.675579681119649500e+00 4.453639752492123989e+03
-4.602102465574246537e+01 3.262791002999107803e+01 -6.377922781441114353e+00 -2.544623348553886188e+01 -3.109804230200461461e+01 -2.039525787379012201e+01 -1.236785432708640720e+01 1.143039043241569352e+01 1.151694689979488428e+00 -3.264286805112605094e+01 -2.929683970548929395e+01 -1.535849659720842908e+01 1.616901557636219566e+00 7.701062186110225412e+03
-4.112022078982641915e+01 1.969828347256746071e+01 -1.009293146568830757e+01 -2.485872589034009295e+01 -2.344064960719487800e+01 -1.077705826739819805e+01 5.735224051942725554e-01 1.196977936719460800e+01 3.797785639677573766e+00 -2.235246099690252208e+01 -2.472601509628897176e+01 -1.505207860499992378e+01 -5.798858456007446094e+00 4.993555373635405886e+03
-4.085673795791574037e+01 2.086977112295919312e+01 -7.898374700699850592e+00 -2.258778048684056827e+01 -2.003552081231574178e+01 -6.864784517719956014e+00 3.786781007091517548e+00 1.060241522721307028e+01 2.792322200326664561e+00 -1.983416464684957958e+01 -1.872656638382728644e+01 -4.074038536263384636e+00 -3.685633538673804832e+00 4.034767936875240139e+03
-4.519970295520579384e+01 3.527710757660524621e+01 -1.427521530837516295e+01 -3.055817220176372473e+01 -2.105246606596202597e+01 -7.495428669217953921e-01 -1.366640463356248425e+01 7.106173372616107820e+00 1.321341297725542674e+01 -2.746654636115656345e+01 -2.700802010865752578e+01 -2.180261111165795462e-01 1.297508927476924701e+00 6.766277250709828877e+03
-4.550560156328650407e+01 3.511076386143825090e+01 -1.575243091945103124e+01 -3.248887641454460606e+01 -2.319311905944917740e+01 -2.481335524497818856e-01 -2.254249376156992213e+01 7.239918724220556712e+00 9.110249586049718573e+00 -2.815511661770993967e+01 -2.503524961906481749e+01 -8.707388986720824287e-01 -6.964573195269272432e-01 7.209468675004699435e+03
-4.442858267046117504e+01 3.141799662369790269e+01 -1.616924521892560662e+01 -3.200763459568744196e+01 -1.702384168414587506e+01 2.685808850867584585e+00 -1.458656767179991931e+01 3.091927087096239646e+00 1.265689315326084596e+01 -1.872910665697409627e+01 -2.057796570080528653e+01 -9.803625683976555649e+00 -4.206910410149733437e+00 5.814513582335114734e+03
-4.822104705150346859e+01 3.466029447184624956e+01 -3.478719254185345733e+01 -3.951383488327230253e+01 -3.960466477374529859e+01 -3.931573853678325570e+00 -4.830398546385985981e+01 -2.170876887979135716e+01 -9.546074368592849524e+00 -4.137102662248573637e+01 -4.375061348008087947e+01 -2.234587263061587592e+01 -2.250604327301962826e+01 1.540929527348485317e+04
-4.702636119773976731e+01 3.906984480096800638e+01 -2.490022295305726630e+01 -2.547580425942402726e+01 -2.652352834146081051e+01 8.068976208657650417e+00 -2.732795968664451181e+01 -7.530644293780801135e+00 1.994859275950895183e+00 -2.982595800397054475e+01 -1.542262622563325714e+01 -2.388894919451221011e-01 -1.413651456662348060e+01 7.910425789261710634e+03
-4.878862480937581836e+01 3.484553254866163030e+01 -1.603543043444148708e+01 -2.364216846678325368e+01 -1.669915860618197812e+01 1.794835810719103364e+01 -1.842963512366483769e+01 -1.278976848774643216e+01 2.982642634123966019e+00 -2.184840910515716672e+01 -1.381127453004987871e+01 -3.939484168493364358e+00 -1.133333181723314276e+01 6.335827681326348284e+03
-5.288207999796445336e+01 2.489216531758962603e+01 -1.692646410864347217e+01 -1.804715958068312176e+01 -1.402853511024092370e+01 1.758583794024582403e+01 -1.703967436009788372e+01 -8.464939616502647368e+00 5.465452522301512239e+00 -6.698069081419705029e+00 -1.866265609921329371e+01 -2.913604051024197616e+01 -1.401175017203589412e+01 6.364674666538742713e+03
-5.413081295442666629e+01 2.744640503904248163e+01 -1.246038823837687026e+01 -6.100129859379106456e+00 -1.562855435517591829e+01 2.740582331714105990e+01 -2.913947781031375417e+00 2.322155614690578407e+00 -1.701793718812836476e+00 -1.378140399496682633e+01 -9.356608487525370776e+00 -2.087999729658569947e+01 -8.872201164875283652e+00 5.680196842257279968e+03
-5.404332735231640328e+01 2.915233211625774956e+01 -2.051204157929861083e+01 7.248403057297305274e+00 -3.171099196205580029e+01 2.620517317048102868e+01 -1.186310170687500332e+01 -1.130180388421731585e+01 -1.217749975168793597e+01 -2.223984205582923579e+01 -2.147362698085789035e+01 -1.638877341325397552e+01 8.111217037905419147e+00 7.642987427426177419e+03
-5.387620489631080289e+01 1.642122930743600051e+01 -1.765318102988837401e+00 -4.021971861096711010e+00 -3.024976881345096658e+01 5.066242816754002121e+00 -3.446775931459806763e+00 -7.932056045621017404e+00 3.868251714947550379e+00 -8.966799765027507974e+00 -1.360933024560462634e+01 -6.519156387142407638e+00 3.162225307315844613e+00 4.540187746615428296e+03
-6.233535110538792878e+01 1.876256493312233431e+01 -1.093451378326537693e+01 -1.431581342515904076e+01 -6.364573494681547317e+01 2.171762834073006854e+00 -1.743712704616522657e+01 -1.166581392130335004e+01 -2.159327690986399162e+01 -1.539999682336822140e+01 -9.996643082527359780e+00 -2.127513558523190795e+01 -6.678214352438454071e+00 1.035846901469270961e+04
-6.441727717332611292e+01 1.870581193289613964e+01 -1.065931051941143082e+01 -1.643422262801222899e+01 -5.914721835421219254e+01 4.952790250273294781e+00 -1.006116244724121955e+01 7.029453262872861430e+00 -2.381299706555084938e+01 -1.924048219597129261e+01 -9.157652028359278162e+00 -1.832063351480994839e+01 -9.500595161114667064e+00 1.000378584174836215e+04
-6.370520655128879639e+01 1.376777724950071580e+01 -1.125317120707754803e+01 -2.052750078533134470e+01 -4.136696342280469452e+01 1.478993424935886036e+00 -4.503502959581783038e+00 3.744935700263704259e+00 -1.390263452665251798e+01 -1.591351449017909481e+01 -5.961298919062962831e+00 -1.083386677412751453e+01 -3.849050375950868297e+00 7.157884482611937528e+03
-6.695114361321262209e+01 1.857335069484318524e+01 -8.920077907306056986e+00 -2.555423364403114905e-01 -4.495588090466542042e+01 1.717123763435252570e+01 -1.584843703804860393e+00 9.579825385052879838e+00 -1.277282702207722132e+01 -2.021657688870963909e+01 -1.187493738611820754e-01 -2.312518239686574884e+00 1.077983661542901572e+01 8.010647303403268779e+03
-6.979332498376778915e+01 1.667541744524372049e+01 -1.251308480483700869e+01 8.302151565248854226e+00 -3.708093214977596119e+01 1.635451816333518948e+01 -1.049797932329643935e+01 4.801281648291562121e+00 -1.398295193680169923e+01 -1.967168261759536563e+01 -4.176817327607384556e+00 -1.292556391984958530e+01 1.005184707408718126e+01 8.018460117107564656e+03
-5.303776420285780802e+01 1.912066762045677848e+01 -5.223599296935122993e+01 -1.819101143945046317e+01 4.829455665113798091e+00 -7.057006636826266721e+00 -4.503395536670138455e+01 -2.361545319917563290e+01 -1.502804986024084855e+00 -2.717729509952715716e+01 -8.827815481539645903e-01 4.394946447976179726e+00 -5.056976324626994312e+00 9.683519629883252492e+03
-4.816925311976788748e+01 1.163786004561485399e+01 -5.147628664558570222e+01 -8.179410888145250524e+00 -6.761978894375025639e+00 -1.433714676348637695e+01 -3.846360550140304468e+01 -1.402316846601650191e+01 -1.144246275600903751e+01 -1.604985432719537997e+01 1.310227878849733862e+01 -8.944175592285116494e+00 8.400960484438484838e-03 7.739999754632883196e+03
-5.190396760295102041e+01 4.275994362684907735e+00 -4.096584004012410674e+01 -8.054560694657757480e+00 -1.734898627866895637e+01 -2.598856511267818803e+01 -3.163709926281868334e+01 -9.877408593371027834e+00 -2.950821893991108169e+01 -1.917841862933048347e+01 1.072738601606094910e+01 -4.201322118741364520e+00 1.575484325599559643e+00 7.904000865964856530e+03
-5.585231406142269606e+01 1.981502131869770977e+01 -2.636412092481215197e+01 8.051270925295112235e+00 -1.709770125534587493e+01 -3.013299783292379797e+00 -3.696963177442464143e+01 7.830615524718085751e+00 -1.422398793052997590e+01 -1.178028043674738257e+01 3.370578583655801541e+00 -7.301491477671152808e+00 6.493706897725760818e+00 6.449427115237360340e+03
-5.432626440931326073e+01 3.509798389306951805e+01 -1.164499555422225052e+00 1.080142042335291208e+01 -1.320211657574970587e+01 7.642563109903145246e+00 -3.461028148600058785e+01 4.197524368633927416e+00 -1.197261635064952934e+01 -8.044527481361939181e+00 -1.016923250812804902e+01 -5.309256855917825924e+00 1.515160839858712372e+01 6.318664368648237541e+03
-4.908268706484421529e+01 2.643172116228103974e+01 6.968393637644446414e+00 -9.460616600059503778e-01 -1.309471314703051981e+01 -1.979159147549119879e+01 -3.169899840156841009e+01 -1.691775249969457562e+01 -1.653404179804415719e+01 -1.681034453845838428e+01 -1.534257021284444455e+01 -6.073483574121340212e+00 3.276746467962884157e+00 5.850396003056646805e+03
-5.108764868475469711e+01 3.245643772752696776e+01 9.584156122579065240e+00 4.739470340130619519e+00 -1.657035599868928699e+01 -1.266907728989068183e+01 -3.733019629925461658e+01 -9.978212091948265083e+00 -1.857402635804338331e+01 -2.173580336577307648e+01 -9.354992385536494481e+00 2.656769226735090861e+00 1.139020428418021069e+01 6.747627977375781484e+03
-5.128992545537569470e+01 3.601103591866139197e+01 1.362370835759493026e+01 2.076749964987857133e+00 -1.597107287075764503e+01 -4.169346122451523584e+00 -2.849559953097460507e+01 -1.064670527461573180e+01 -8.270831264211681244e+00 -2.285916859392521161e+01 -1.450758238406720579e+01 8.828582598925482472e+00 2.077723532840772336e+01 6.626235186384197732e+03
-5.067936021112193856e+01 3.345645401389173657e+01 8.941057272445599224e+00 -3.784074156739029249e+00 -2.049814445206419578e+01 -6.961415084798411534e+00 -2.638577657281505751e+01 -2.212598162580413685e+01 -1.997313314115324800e+01 -2.916498289921787901e+01 -1.721580327032469881e+01 -2.265101707773580220e+00 1.239266593747929868e+01 7.141012095194589165e+03
-4.872157550794829461e+01 3.298011741247363915e+01 5.873463104669531809e+00 -4.921216485713255651e+00 -1.202514707433479479e+01 -1.036951964703747509e+00 -2.606156265513603643e+01 -2.077142770575791175e+01 -2.267475481176528262e+01 -2.552572740234426618e+01 -1.013940314986260915e+01 3.333617125654163349e+00 1.368538207750252589e+01 6.243450140733606531e+03
-4.796606319326095047e+01 3.326850687915383986e+01 5.957324763362251474e+00 -5.036673700217772165e+00 -2.257419375135580886e+00 6.216242625180102621e+00 -1.902461907088584425e+01 -1.811578217872382268e+01 -1.996544454885329500e+01 -1.574972247553361449e+01 -9.250184141614598232e+00 3.093730979160170147e+00 1.287352978018413019e+01 5.109787458992614120e+03
-5.297008803618927431e+01 3.281868472723061814e+01 3.009290237556086378e+00 -2.529174630725275819e+00 5.740769690780538781e+00 1.460853153730104559e+01 -2.872425629224946420e+01 -2.856746689362780245e+01 -2.361456710190815755e+01 -2.147870517820051717e+01 -1.048709619424322170e+01 5.905332678632527532e+00 1.324677329387325564e+01 7.125209239288304161e+03
-5.831502270132389043e+01 2.431216253493879975e+01 -7.871894264080222525e-01 2.406699626560902416e+00 -2.743369749230261334e+00 2.156795018062030334e+00 -1.930960939731036774e+01 -2.095747976014729730e+01 -1.866828739954342709e+01 -1.774353368119520624e+01 -1.264429310282194763e+01 -5.875496072962052452e+00 -7.541535725437225057e-01 5.680696097083454333e+03
-5.566021778283986521e+01 2.858843902230152878e+01 -4.263545889652130683e+01 8.212765807438513477e+00 -5.974136859796876031e+00 1.270640649926167143e+01 -6.603783337142606058e+01 -1.137315756203591732e+01 2.439103225268227426e+00 -3.442352034067864963e+01 -9.294508979194487708e+00 -1.249823951398428434e+01 8.739371551981966135e+00 1.199797627398246368e+04
-5.474857042558998188e+01 1.826499470548871429e+01 -2.635002851400852819e+01 1.134054669115661440e+01 2.196641254660812947e+00 3.474416742005392411e+00 -5.498359767668915765e+01 -4.298812930110718078e+00 -3.952038081831200866e+00 -1.343000150065681808e+01 -4.910234279737037966e+00 -8.314105869556044581e+00 2.766562556932034234e+00 7.509392778540990548e+03
-5.411769636933382088e+01 1.844132667976541029e+01 -2.162622902893001609e+01 1.081033857544217103e+00 4.238069059087873569e+00 -1.455051689811589055e+00 -3.893870348204550424e+01 -9.057310977979145861e+00 2.101713019093520429e-01 -1.260243302465788950e+01 -8.384975716906954091e+00 -7.251629921153334379e+00 -6.564351124955725147e+00 5.680856072125559876e+03
-4.989221684112153099e+01 2.271643176952362353e+01 -6.277338737173163707e+00 9.734175105593651622e+00 1.347207125381622994e+01 -1.126172482131165786e+01 -4.618231541440027144e+01 -1.901744333511529561e+01 9.362411784876460530e+00 -1.502363744070890306e+01 -1.519972617159886319e+01 1.961242010902986221e+00 1.270503814549760691e+00 6.492078040365976449e+03
-4.752859138547365347e+01 2.509196194370891675e+01 -8.972252699710502100e+00 1.419320096912902152e+01 2.355652095587726080e+01 -6.670309728331700327e+00 -5.503984178433651664e+01 -2.265974220090044966e+01 8.252361383017593255e+00 -2.387213389792574958e+01 -1.883931111866264985e+01 6.636363333654834440e-01 5.963559756638270315e+00 8.341676984018169605e+03
-4.881178373882666222e+01 3.764903279476150288e+01 -2.283064697537898979e+01 2.850827067107929480e+01 1.096845838430534847e+01 1.780003116256300899e+01 -6.967262203525831410e+01 -4.919976269765112598e+00 1.816197863085917463e+00 -2.219006712551817984e+01 -1.091176369522504430e+01 4.057589643682593561e+00 7.126772216949721184e+00 1.113164761319849822e+04
-4.377328127265225532e+01 2.527600680256073318e+01 -9.849336088689172541e+00 7.733146090799701611e+00 1.274211202767281392e+01 6.245961701921062259e-01 -5.564827100225760148e+01 -2.663455583437412955e+01 1.913300360590073623e+01 -3.453569943560802358e+01 -1.695735671954880885e+01 5.267040056996324715e+00 -5.119317285153685226e+00 8.580956242276281046e+03
-4.327389281056215964e+01 2.108191841822489465e+01 -1.021309358245618704e+01 1.812087962682315379e+01 7.697607807465137064e+00 6.659342403472283678e+00 -6.743612137683962260e+01 -3.103131781937839762e+01 2.036513016789383457e+01 -4.445032150527440962e+01 -1.013400031593761597e+01 3.402806507913770151e+00 -6.649029966463637642e+00 1.091298006401606108e+04
-4.493781100572102361e+01 2.752033326290749216e+01 -2.028835961855737224e+01 3.429180587368245625e+01 -1.205395098565963430e+01 2.387232711508875838e+01 -8.041984509537805081e+01 -2.215236851108043936e+01 2.544517757098991595e+01 -4.941170127426474323e+01 -1.255330039400978670e+01 -3.950250305068130352e+00 3.583175080274679569e+00 1.531258799539464599e+04
-3.889801113438026192e+01 1.500019562577807974e+01 -9.095839235560458036e+00 1.275539872268794639e+01 7.601701529016591241e-01 8.071061677036727389e+00 -6.054645903953313990e+01 -2.578361658504683618e+01 9.523632696762600602e+00 -4.518233609856635269e+01 -9.734949682284316452e+00 -6.086371074219130151e+00 -3.113458001987760237e+00 8.653533962648851229e+03
-4.023216689127401935e+01 2.416493610836006667e+01 -1.458809289512562657e+01 2.312642432088861355e+01 -6.756648034861994390e+00 1.580405901440806105e+01 -7.314727535718211016e+01 -2.009596364519842027e+01 2.506878268891802719e+01 -4.548363755588209756e+01 5.347053148482305396e+00 -5.976386149758567967e+00 1.483826485263894490e+00 1.176372262772264185e+04
-3.829027794029094878e+01 1.780771463183400627e+01 -4.167599722016920971e+00 1.524971186146216695e+01 -1.601843109965573886e+00 -7.557950768991791080e+00 -5.512515079179320310e+01 -2.136805483427135854e+01 2.277875234408874405e+01 -3.449288165659797301e+01 -1.378814163268001280e+01 3.736015564752701579e-01 -2.559594854551864529e+00 7.493681619802650857e+03
-4.301106699469597316e+01 1.942595592271336713e+01 -7.119717475040543420e+00 1.384763589625731228e+01 -9.860397447724198017e+00 -3.809726584689794304e+00 -5.760219495505086229e+01 -2.992539833260339677e+01 1.324706442174736232e+01 -4.398403519305154674e+01 -1.566686103370353855e+01 5.200109042322504038e+00 -1.559615625739685596e+00 9.180054965113984508e+03
-5.131026169782391833e+01 2.021566629129157988e+01 -1.833719201865677206e+01 1.632325463632612639e+01 -2.136131973350999758e+01 -1.182573165688695527e+00 -1.007742498335658183e+02 -3.612790538419962871e+01 1.314643721878070792e+01 -5.034598075495237168e+01 -1.505895264395887168e+01 -6.095076869638938355e+00 -2.765958836441028898e-02 1.853396618072655110e+04
-5.582318947574221824e+01 1.706505572177107410e+01 -4.101029298124091227e+00 2.444090255663682143e+01 -4.115298812361533470e-02 1.295375461281143226e+00 -8.495832363955194921e+01 -2.902792468656332403e+01 2.126781221527011922e+01 -3.838403983297487798e+01 -1.198054800509543760e+01 -1.495813207651371712e+00 2.124721982447665081e+00 1.415977740900529534e+04
-5.891184487560769867e+01 2.001718709101525917e+01 -1.529686060286961613e+01 2.173079269865816343e+01 -1.351681838206675312e+00 -1.002064750581531527e+01 -8.195647474859099191e+01 -2.653421224145625956e+01 1.225074089611578465e+01 -2.770621826233513474e+01 -2.804063897741355760e+01 -5.773888567719506426e+00 1.031171247996232410e+01 1.394434495464608881e+04
-5.928595988658392457e+01 2.598049869376461629e+01 -1.714764188794972810e+01 1.370923413754466402e+01 -1.159510223759544445e+01 1.746439704990003250e+01 -5.905897273309673068e+01 -4.073285376570284555e+00 3.538643781466709992e+00 5.747374574319253249e+00 -1.218241673151248605e+01 1.288497325918688929e+00 8.723131800769534649e+00 8.887520394772600412e+03
-6.514451473388496083e+01 1.808974679586317436e+01 -3.823759089139739054e+00 2.288859918935255777e+01 -1.663728785338605221e+01 -4.304182776448529646e-01 -6.467358502789426211e+01 -2.025559000267088905e+01 -9.601717916112921358e+00 -5.736004053388428225e+00 -9.937140483532614255e+00 -4.490825767993393391e+00 1.585886451260647334e+01 1.047501456933936788e+04
-6.263444352582403241e+01 1.634702347741762907e+01 1.185394266239399030e+00 1.308050180354187830e+01 -1.100138567539787715e+01 -6.271626987531094599e+00 -4.841776449788211778e+01 -2.635465595333300115e+01 -2.687119650412513883e-01 -1.205527959560244611e+00 -5.872444266773483079e+00 -4.734157694875628763e+00 1.271243220422166509e+01 7.782044267674961702e+03
-6.110002185526392537e+01 1.513917835309578308e+01 -1.866513661474249730e+01 2.117008594773783514e+01 1.898172847734770841e+01 1.358521302120216134e+01 -6.398202273011953167e+01 -4.208540799645750496e+01 1.371966575555510381e+01 -4.845325783773558825e+00 -7.439208973399103364e+00 -1.144883194172904695e+01 -4.255674295576092336e-01 1.156701718449920554e+04
-6.422146849420559533e+01 1.313995508885921559e+01 -2.597496146173945419e+01 2.651049784154186284e+01 2.274926197450520249e+01 1.283647964710246647e+01 -6.855031580583897721e+01 -5.747073513368670206e+01 1.540700334807115368e+01 -9.963178090067028592e+00 -2.362342285995557400e+00 -1.222978472767566949e+01 -7.250462167220133480e+00 1.490325404505814549e+04
-7.076533617070032278e+01 1.435154797801466486e+01 -3.043255539964027534e+01 3.456396427617019640e+01 8.521669902723276735e+00 2.688224085571766064e+00 -5.249429670389879732e+01 -4.816381334064385555e+01 4.201646606078007551e+00 -4.039326203923395298e+01 -1.217379836659815240e+01 -4.237872800663215145e+00 5.778810245932495704e+00 1.433858232874486930e+04
-5.081882154661969508e+01 2.824357449426287303e+01 -3.545517508287850461e+01 -2.627592027896437088e+01 -1.930907795576688457e+01 6.992134197914008809e+00 -2.739777665818232322e+01 -1.963470890944467939e+01 3.577589467065728712e+01 3.641975227355774170e+00 7.756696991113423145e+00 1.199030771796768136e+01 -2.158245376814088345e+00 8.387406415710685906e+03
-4.310363882337780694e+01 2.216806339096900658e+01 -3.228374088262809494e+01 -3.093417614236545532e+01 -5.710794179589674613e+00 3.756281239117481574e-01 -2.225984405476204131e+01 -1.010090109154150717e+01 2.314609503093301512e+01 1.316751379147914491e+01 6.014580302509358489e+00 8.075738455947210070e+00 4.988180828393648625e+00 5.814192830589052392e+03
-4.446822218929492010e+01 2.218140772002135819e+01 -3.989091777817503015e+01 -4.717429039130649926e+01 -1.091643338024297805e+01 -1.854011814539747061e+00 -2.937312489314905761e+01 -1.357488211558781543e+01 1.739393493578089078e+01 2.827006805282699542e+00 -1.003585212634818902e+01 -9.076379607399577054e+00 -3.092454355258322352e+00 7.959003604867327340e+03
-4.776958981985843167e+01 3.447418866758896883e+01 -3.785717355150027430e+01 -3.930668551091456919e+01 -9.869362685115858014e+00 2.092635584234711388e+01 -2.435744043021711747e+01 -1.474433496632007845e+01 2.849689027634710570e+01 -2.400955549012002699e+00 -8.263022405717123320e+00 -3.171944656266402873e+00 -1.712591825850721783e+00 8.693690603482182269e+03
-4.665120460876372732e+01 3.088448539105258916e+01 -3.149321990499804258e+01 -4.504096905254816363e+01 -2.202937406989043367e+01 1.784201417092072717e+01 -2.339864557091462416e+01 -2.450449413133370058e+01 2.125522322635976380e+01 -1.740149560786476313e+00 -1.848391499249158088e+01 -1.689498975718880658e+01 -2.515414533650538242e+00 9.190531498785951044e+03
-4.118443302928960037e+01 2.402911561354409287e+01 -2.348135928905612246e+01 -3.982129170042923505e+01 -2.132281245085584587e+01 -7.905238234827820953e+00 -1.625281479731390277e+01 -1.271285055660334429e+01 1.219264218216864260e+00 -7.158362481410646128e-01 -1.075809862582060994e+01 -1.378932087043045662e+01 -1.143929349670558260e+01 5.792329626921917225e+03
-4.256452203598873751e+01 3.114854979064943663e+01 -2.739673279812294382e+01 -5.212745062549597463e+01 -2.617069607663284003e+01 -3.065466531701590114e+00 -2.614141901471932172e+01 -2.649600013658060504e+01 -4.393561859993359242e+00 -4.947382136065670899e+00 -1.517984340560602341e+01 -1.638189858225009132e+01 -1.219794750248877868e+01 9.020901142540451474e+03
-4.304259514746757986e+01 3.672360437800317357e+01 -2.993215407796380134e+01 -4.406872492356372106e+01 -2.220497054377216273e+01 4.613042756889203844e+00 -3.299470855945730108e+01 -2.819569600527730557e+01 4.009898686802028323e+00 -9.813867787332663184e+00 -8.062374741065472250e+00 -8.759467403440011068e+00 -1.506646795028724739e+01 8.918383326728791872e+03
-4.074906449810201536e+01 2.844702935927185194e+01 -3.226869166463864502e+01 -4.692939051391331162e+01 -2.017128859672055441e+01 -1.170028970673455504e+01 -5.023069115248408423e+01 -3.635611248755844827e+01 -7.310917195777946631e+00 -2.196228756175248265e+01 -1.810824876730240973e+01 -1.155768300927726955e+01 -2.187955191372441277e+01 1.157801789142603775e+04
-4.242054801131743602e+01 3.103550864882091176e+01 -3.156392174423317343e+01 -3.708382100800547931e+01 -1.931613304822474220e+01 -1.927487705072654478e+01 -5.227877031992935741e+01 -3.496617423962285898e+01 -1.196501692245034043e+01 -2.523421486785625945e+01 -2.040217624975961641e+01 -7.018923478949960604e+00 -1.844918102862450482e+01 1.142034726858655449e+04
-4.404571208137577543e+01 3.050174738170427347e+01 -2.109372357549764487e+01 -2.053671579433376593e+01 -7.782757221053386409e+00 -1.071681003812594746e+01 -4.044535146355298849e+01 -3.841876772761136039e+01 -1.416714278044018904e+01 -1.644898801799697452e+01 -2.308219902813028579e+00 -5.878040526169006075e-01 -1.366099362421062935e+01 7.687905992965439509e+03
-4.706363822668738806e+01 3.163598110324219448e+01 -4.832827307072394163e+00 -1.012339875258614796e+01 -1.844408708720667089e+00 3.750474623837075860e+00 -2.482872361600982813e+01 -3.331107667464224420e+01 -1.164174890894403624e+01 -1.036583001446498997e+01 -8.769948357252602023e+00 -7.641649250133193405e+00 -4.458086104117604087e+00 5.483384093304352064e+03
-5.050940839480811206e+01 3.533951769521985398e+01 -3.367285226815563970e+00 -8.904205907282161547e+00 -1.471903727337070578e+01 -1.037768951329056666e+00 -3.370207852371439827e+01 -2.932065520732808750e+01 -1.498325011766033654e+01 -9.303708919990393511e+00 -1.076814557779972858e+01 -8.010880686200094303e+00 -6.513530877252091678e+00 6.637573318017540259e+03
-5.176949462121731926e+01 3.658033478068571043e+01 -8.409695550052930457e+00 -9.218694957394523826e+00 -1.111253874441048772e+01 8.368377824355654582e+00 -3.939378414026899833e+01 -2.887947788390888348e+01 -1.797322234666452090e+01 -1.587718223878205137e+01 -6.941697325813024122e+00 -1.073645294135871708e+01 -9.062228576913305744e+00 7.574025726131420015e+03
-4.984395932625027115e+01 3.104018192812302956e+01 -1.750585560230406301e+01 5.157695910143925033e+00 -6.947583016152110602e+00 -7.911618033005245465e+00 -3.433545895326893316e+01 -1.496141574881805525e+01 -1.228346722619095388e+01 -2.792074080682053605e+01 -1.142866055171433359e+01 -3.449172163650390477e+00 -7.952460300943466898e+00 6.430804325082653122e+03
-4.475102086574970173e+01 2.531581991537786180e+01 -1.450693152233326977e+01 -6.801759981033471014e+00 6.992432932379654353e+00 -9.326800625230537989e+00 -2.979598025357720559e+01 -1.193204226900898135e+01 7.146356998658483839e+00 -3.559153881938000641e+00 -7.439582365278060827e+00 -2.463634386459177872e+00 -5.440322922872153910e+00 4.221068996118088762e+03
-4.566107329027757800e+01 2.996159530601797272e+01 -1.642827288873137803e+01 -8.119253879133669471e+00 9.644410280776622102e+00 -7.393241450696792505e+00 -5.749734177161781190e+01 -2.879770948398949315e+01 2.697874912993067475e+00 -4.739233380817628571e+00 4.123247035636659064e-01 7.260863185606189596e+00 1.007591727163669759e+01 7.785521408911027720e+03
-4.500490016315286823e+01 2.544642096253246777e+01 -2.823317296301438972e+01 -2.161273453134234401e+01 -4.804893693885933459e+00 -2.419564886315220065e+01 -8.171322836024774006e+01 -5.298024853415854807e+01 -1.430269295187209089e+01 -2.531251811292660747e+01 -1.919565012383060676e+01 -1.649372334515722827e+01 -1.200847463922958092e+01 1.565966853461013307e+04
-4.534491929831114732e+01 3.101089230883823333e+01 -1.843589647813590204e+01 -1.483444786894268574e+01 6.777260668931388565e+00 -5.517003500278589989e+00 -8.134667307188550467e+01 -4.098638083440314261e+01 1.554685345065548319e+01 -7.037718804482543611e+00 -1.085816565028373581e+01 -1.707333253623421143e+00 -4.451264083185956233e-01 1.236356051788775403e+04
-4.454255721122605394e+01 2.635656544200274354e+01 -1.804539986201700330e+01 -1.062200804147085975e+01 8.414514214830289163e+00 -1.006147994992526939e+01 -6.539518784664291218e+01 -4.212091842183062340e+01 -1.044452060651383185e+00 -1.620565326819618335e+01 -1.754578433178200569e+01 -1.014313134995337684e+01 -8.894312051839828870e-01 1.001515407350219175e+04
-4.561117776462307916e+01 2.598769801476345975e+01 -8.811538257193459955e+00 -4.475018482257515195e+00 1.306026057622230141e+01 5.780754043290181610e-01 -4.962602513526873338e+01 -2.648329570010906053e+01 1.283035197782922587e+01 -1.021276834911919629e+01 -1.710762591458195558e+01 -7.616602223591278253e+00 2.315615708979708476e+00 6.813385020619895840e+03
-5.283384107096337345e+01 3.443565378085634876e+01 -1.965451562375377748e+01 1.101876997666208347e+01 -9.630134354055525092e-02 1.526193736946918378e+01 -5.797232897192851198e+01 -1.126056432727523315e+01 -7.000140802306328291e-01 -1.198242450050481445e+01 -6.989501716433722756e+00 -9.190775684509024046e+00 7.619851160829014702e+00 8.540923671709364498e+03
-5.865142133536001978e+01 2.529057552647233464e+01 -1.072510070285267503e+01 1.232957336798405557e+01 8.131609506067394300e-01 1.699393455662305996e+01 -4.627750528673127661e+01 -1.160488679183315952e+01 -9.103306725777448039e-01 1.483775164396536672e+00 -3.397005894877445531e+00 -4.030738968611649042e+00 7.670850095970194182e+00 7.002043272651721054e+03
-6.130834748891341945e+01 2.021391700049921170e+01 -8.512903624251441315e+00 5.317273937201680845e-01 -8.936151368515576010e+00 1.197616966555301410e+01 -5.704600025890263737e+01 -3.127316064369821902e+01 -6.085704210561500460e+00 -4.592096768131125550e+00 -2.044376415112721546e+01 -2.474559568364062301e+01 1.574197374198784916e+00 9.786501582030250574e+03
-6.373663960213180957e+01 2.256308127125333485e+01 -1.334501296614208421e+01 1.007071655260989118e+01 -1.317635800546641889e+01 2.025705302167353494e+01 -5.859277279567776020e+01 -1.663686100979915850e+01 -1.190912443822825040e+01 1.376590080772010172e+00 -1.704020528610767826e+01 -1.710431624388326100e+01 9.240061225877946427e+00 9.956850549688253523e+03
-6.673061278134356655e+01 1.600222487901958601e+01 -1.190996670844570460e+01 1.047396820798581274e+01 -1.448078664966592477e+01 1.597269305880686652e+01 -4.937994698530116011e+01 -1.627670727761420721e+01 4.797903813629473824e+00 1.972062007015794904e+01 -3.285280580337621714e+00 -2.268521362403970798e+01 -3.319546020822303767e+00 9.077081778287374618e+03
-6.887177527596779214e+01 1.249866509317829788e+01 -8.478359029303888406e+00 1.198122735710646047e+01 -2.395291504136308447e+01 4.182342120629743754e+00 -5.058044382548531814e+01 -1.909914425250261871e+01 8.460231056185159915e+00 3.026920816732704012e+01 4.447680135007077595e+00 -2.969687344990361666e+01 -1.367250458643504452e+01 1.070578717849106397e+04
-7.030944334481704061e+01 1.522769946541865238e+01 -1.241963121378959478e+01 1.081139364349892062e+01 -2.429747019643032502e+01 5.535231814820567919e+00 -4.899712605160659251e+01 -1.921247734144212416e+01 1.134151316975534618e+00 1.971869836832293998e+01 1.483562200886077376e+00 -1.335508854835941150e+01 -6.673356843434065766e+00 9.452484025619975000e+03
-6.863532300166903610e+01 1.760382331994302874e+01 -1.752738350010498181e+01 8.185905732961430203e+00 -2.308600363514293718e+01 1.337059553264090539e+01 -4.128799734947209288e+01 -3.137069336289425081e+01 -5.751487010360120777e+00 7.200725590826962952e-01 3.039388790871465851e+00 -5.603559560191659905e+00 8.129874583895293938e+00 8.935806632027195519e+03
-4.623180706196285428e+01 2.489881703660077861e+01 -5.281532582977205692e+01 -1.240173644454993251e+01 -2.434851813379420449e+01 2.960482277608828383e+01 -2.430846993784639309e+01 -4.115396115482268868e+01 1.670078972779192039e-01 2.399011573114403717e+01 -9.547001068556076220e+00 -1.240080982061352088e+01 2.083028149669113915e+01 1.070881836502175065e+04
-4.390031120024790567e+01 2.009158781020348883e+01 -4.490117766921778042e+01 -1.658250428432040025e+01 -1.411179143564838689e+01 2.077008347541899624e+01 -2.103507932119684298e+01 -4.145067756813863724e+01 -5.413068226355750134e+00 2.402308152438647326e+01 -7.044464448437500970e+00 -7.787004948445817476e+00 2.584505046631487701e+01 8.797814999231124602e+03
-5.033961616767829383e+01 7.026068390442798517e+00 -4.382038582979926389e+01 -1.337925169265485970e+01 -9.693084002885234085e+00 2.110274507903183938e+00 -3.385366833645354490e+01 -3.766377207009041683e+01 -3.987094388782613574e+00 2.166191398784128808e+01 -8.596630126216112444e+00 -5.081716030925235827e+00 2.699274822539571872e+01 8.659182688819482792e+03
-5.281974069174106035e+01 7.613952216442956278e+00 -5.205843526990501147e+01 8.260212502739293638e-01 -1.477107655115385043e+01 2.308139753841295416e+01 -3.995917522599207672e+01 -1.181556977179394430e+01 -7.216267893720301529e+00 2.332506517356091180e+01 -5.711763134735964087e+00 -8.917944652365065394e+00 2.504498384963562074e+01 9.381477636157096640e+03
-5.086798399872137821e+01 9.049259258747614609e+00 -3.734797875636900955e+01 5.517254030854003288e-02 -2.212973615602274791e+00 1.069596692521073322e+01 -4.058597885567213837e+01 -2.411101363616193538e+01 -6.408962613028664990e+00 3.989387677201129634e+00 -7.526087036258244822e+00 -2.122477696193916330e+01 5.111205622669678483e+00 7.002426651239215971e+03
-4.857086730138826880e+01 1.428518974133712227e+01 -3.019084256018152601e+01 1.713895855216749453e+01 1.053286135602069518e+00 6.554990925385908440e+00 -2.934113776496755577e+01 -2.314074773151191167e+01 -6.528975083821174863e+00 5.491666791582023421e+00 -1.469697429260943089e+01 -2.256849285374580916e+01 7.763600126690369585e+00 6.067297889502544422e+03
-4.996005792585445704e+01 1.080763370835325077e+01 -3.378713946479290797e+01 1.994653206728534656e+01 -4.498190974431746980e+00 7.934449021531950308e+00 -3.279704603786071004e+01 -2.829322158359920536e+01 -2.027983933517157666e+01 2.261434404783764229e+00 -1.704733924870197370e+01 -1.544343691416941233e+01 1.208992277498568413e+01 7.203252809674117088e+03
-5.264888490121057174e+01 7.692420691025321222e-01 -4.010090847212735810e+01 2.253570706374667765e+01 3.949286583317145549e+00 1.962502624264979190e+01 -1.123541544510634793e+01 -7.321828171500728288e+00 -1.220173437231061797e+01 2.429119453537427642e+00 -1.745806982690058007e+01 -2.036476751635319360e+01 7.940660580374601096e+00 6.406365006934458506e+03
-5.140922863949714383e+01 5.310524086826636569e+00 -3.885272592635542566e+01 2.631378894201867524e+01 5.773824340751106732e+00 9.960086064553541618e+00 -2.347839568885537531e+01 -5.521663596337394786e+00 -8.121782561231812858e-01 1.522563020245639365e+01 -1.072569266401525034e+01 -1.709874781138759303e+01 6.030566190292860895e+00 6.263579287700714303e+03
-4.652030521901202320e+01 1.272889454919295638e+01 -1.700619797931929966e+01 1.067406848142531572e+01 1.577156954038711945e+01 -1.198617806170505418e+01 -3.725478019004987118e+01 -1.797869474863547978e+01 8.083056155248996788e+00 6.512416148992742571e+00 -2.013985481557742574e+01 -2.064292563308176653e+01 1.167133536126729654e+00 5.773726736223386979e+03
-4.858603130509145984e+01 3.362689496457856819e+01 -1.980411241948170797e+01 1.613301767982668267e+01 7.658249662485395071e+00 2.377628424121515760e+00 -4.877260965829250239e+01 -2.192759578274810650e+01 -6.345797141934688135e+00 -6.959519504565752079e+00 -6.866894717453079444e+00 -1.439939494178816304e+01 1.382720962505490547e+01 7.602129042493512316e+03
-4.710548173356428237e+01 3.279111312560164748e+01 -7.262627057259321894e+00 4.932703256379830314e+00 1.774570768451618008e+01 1.905077332460701101e+00 -4.619934565840327423e+01 -2.068065692187395754e+01 6.745305122839227785e+00 -5.915769794389315273e+00 -8.988074155960008582e+00 -7.192484677704055862e+00 9.468806914651587192e+00 6.554540484126736374e+03
-4.520040196031859381e+01 2.538459380308303182e+01 -4.989104300711054485e+00 7.438287627536126045e+00 2.255517063247084053e+01 1.362547030371575651e+00 -4.416442850690845745e+01 -2.550270105623402017e+01 9.401214560840873702e+00 -3.428562893516490906e+00 -1.088104372382899143e+01 -9.491944655338780734e+00 3.574121771002569226e+00 6.200556338678154134e+03
-5.019812219507761597e+01 2.858431543984502810e+01 -9.338957736405765431e+00 7.187433424701433538e+00 1.490570071310526146e+01 4.525600015978699653e-01 -4.959402454337248400e+01 -2.533306569395860564e+01 2.854482240136066440e-01 -8.678654995462018462e+00 -1.358417439582039243e+01 -1.745654523209199027e+01 4.974794807093382287e-01 7.364414888588876238e+03
-5.771216732096024060e+01 3.490263044853835339e+01 -6.294578026403872428e+00 9.954060825711195548e+00 -1.457243400933195687e+01 1.236032991560731631e+01 -5.609976446900785874e+01 -1.844681858549928677e+01 -1.611910125801583504e+01 -9.126751175500292135e+00 -2.302209204433598089e+01 -2.016820678790531929e+01 7.033629571947455084e+00 9.869563431024289457e+03
-5.466032629182301150e+01 2.775390460638177714e+01 8.579281102883509647e+00 6.259565034983288534e+00 1.217850597270665025e+00 -4.210197205051552594e+00 -3.008229215863125461e+01 -1.779823834720148668e+01 -7.960577694995562226e+00 -1.222151188150565737e+01 -2.659716004747462037e+01 -2.008685547629283263e+01 2.397678517377500818e+00 6.441122917958907237e+03
-5.656857784303076642e+01 2.878963431440522669e+01 1.219696770386838303e+01 8.532560226235194278e+00 -5.431927627051904572e+00 6.775068243409606561e-01 -2.564368320067334039e+01 -1.933410182622586859e+01 -1.086056058755185916e+01 -1.623855333080037866e+01 -2.125347997298627334e+01 -1.616425003158074958e+01 -5.067842753527091126e+00 6.432107293862871302e+03
-5.913032364814004893e+01 3.258136934674483598e+01 1.093853007180776693e+01 8.406715431312260733e+00 -2.188837117779250363e+01 9.245825131324734159e+00 -3.380409059790184045e+01 -2.276781712283827730e+01 -1.338466589184109523e+01 -1.617999471515146226e+01 -2.360498288345524998e+01 -2.574160222735019232e+01 -8.950594616769557144e-01 8.635509164201534077e+03
-5.917340156773879301e+01 3.122707398937684431e+01 7.274241799373212025e+00 4.726588287528841192e+00 -2.901601279794233434e+01 1.496292768545967267e+00 -3.933215994271151317e+01 -2.858618493342380873e+01 -2.813233549759637597e+01 -1.800669755280889106e+01 -3.048815681858414806e+01 -3.162570085969617040e+01 -4.782660803024229246e+00 1.082848946190294919e+04
-5.860854212918918194e+01 3.358587464992567106e+01 5.223939009290591073e+00 7.764919748167739222e+00 -2.471193866438185793e+01 1.254079523186020850e+01 -3.936255747185346365e+01 -1.779188092814670696e+01 -2.505021459737062273e+01 -1.118160530658729890e+01 -2.815578167370758678e+01 -2.378191988501234988e+01 3.429878721617809934e+00 9.407102490989933358e+03
-5.643410155642047954e+01 2.871462764159036851e+01 1.186909868547643798e+00 -1.756962868864479083e-02 -2.240955065780660149e+01 -3.355634012403802657e+00 -4.443967302818234089e+01 -2.541043542578722025e+01 -2.024811487110095953e+01 -3.010491257697486844e+01 -3.121407563490651782e+01 -2.725058445799119511e+01 -8.488518875352576432e-01 1.017869506816468311e+04
-5.169923566685945815e+01 3.392654325368135915e+01 -1.152984078747840080e+01 -1.307062461153180344e+01 -1.590632942225007440e+01 -1.143280069905339424e-01 -4.786659065638308164e+01 -2.422137927029927340e+01 -1.386936999268426796e+01 -3.900879099007548234e+01 -3.032740162072842693e+01 -1.770897022754365224e+01 1.356923748210116365e+01 1.039003818333732488e+04
-4.789907476819097809e+01 3.717013874937058659e+01 -2.175089448004049686e+01 -3.308060911266397852e+01 -7.168503122438618647e+00 1.073087474783633155e+01 -6.010399952821379799e+01 -2.000770393666623548e+01 -5.454084283577500969e+00 -3.626559569253245741e+01 -1.944304935375431853e+01 -6.604214090515124980e+00 5.921364617382381290e+00 1.122435761138238013e+04
-4.259926893802708037e+01 3.011647251395113400e+01 -1.807914984389907787e+01 -2.991148118133133949e+01 -3.005374002310973180e-01 4.774340765731841962e+00 -3.557157938916954976e+01 -2.372542745639128370e+01 2.082076547000509592e+00 -9.069037954753815356e+00 -1.577622837525307098e+01 1.061894231722768644e+00 9.317341847436713564e+00 6.217782169363808862e+03
-3.998240162717732460e+01 2.839730435973240930e+01 -2.169469507063456959e+01 -2.282104600689294571e+01 2.584512627463878776e+00 7.563123809508325301e-01 -2.146691233953809785e+01 -9.407021575300747784e+00 4.330814039175267527e-01 -8.919813477505879717e+00 -7.884389203767071308e+00 -1.565691172036258294e+00 -4.202500957416745564e+00 4.115057992319090772e+03
-4.464203411957424095e+01 4.090280478706784351e+01 -3.868909568532374266e+01 -1.542662225622668615e+01 -1.361948876293509159e+01 1.429145962726525632e+01 -5.070406377664929920e+01 -3.116952306493890212e+00 -2.766178272086111889e+00 -7.958248259145836556e+00 -2.057140873002614168e+00 -4.730304195389337885e+00 -5.124745695760373643e+00 8.494987298941270637e+03
-4.312772446849287888e+01 3.631387921755537462e+01 -2.883982410648163963e+01 -2.759882330384787608e+01 5.049671062297557134e-01 1.088398041963025342e+01 -4.476489089919498099e+01 -1.357297252067634830e+01 7.345497581072438997e+00 -9.858722981130977558e+00 3.330178878376587881e-01 -3.159791239296513510e+00 -1.011079260119997514e+01 7.342440067870645180e+03
-4.653199457360071989e+01 3.912941307280235037e+01 -2.905334629511161282e+01 -1.969067219709442185e+01 -8.670698615516887031e+00 1.510124333613065239e+01 -5.693602188095225358e+01 -2.118092846173924571e+01 5.561863274809419888e-01 -7.445357146296270656e+00 1.807774898880496695e+00 -6.506111651297986853e+00 -5.769757549876772806e-01 9.023400998037255704e+03
-4.530993013621625209e+01 2.930997170286233100e+01 -1.608807226643769894e+01 -1.639290277369353532e+01 2.730698049796406401e+00 8.653078255759546478e-01 -3.971521801777316796e+01 -2.338941808771759057e+01 1.284826652977169914e+00 -7.751328743221598927e+00 -2.468906143452792801e+00 2.486459544749786144e-01 7.531111170755297457e-02 5.640083301855846003e+03
-4.665824698102987611e+01 2.750620333149699093e+01 -8.438255775639852629e+00 -4.348827185355016667e+00 8.956434201917309323e+00 8.288823727297062405e+00 -3.052425166414226609e+01 -1.853142972529153454e+01 -4.020957644055351832e-01 -9.259002973811366388e+00 -8.056378259515662998e-01 -9.196402466263758901e-01 2.947534678576297029e+00 4.543839399438458713e+03
-4.711730640893227928e+01 2.531347586011588646e+01 -7.195406759172553457e+00 -6.216109486311341747e+00 -3.149968891809962646e+00 4.871590702923053184e-01 -3.298530466089636803e+01 -3.040112890302437876e+01 -1.462525997473948358e+01 -1.973326479921858478e+01 -1.653424182036636481e+01 -1.641597036491856443e+01 -1.335975221735504981e+01 6.298293292929387462e+03
-4.730793235005172903e+01 2.767504036710231574e+01 -1.109178917094854988e+01 -5.741724604294428325e+00 -5.384639198424165940e+00 -1.656830295543000542e+00 -2.422003441529376744e+01 -2.372318286041763358e+01 -1.233225165645590771e+01 -1.591023531270510638e+01 -1.540264640685365904e+01 -1.072447024675295424e+01 -9.512493908703167023e+00 5.189045746429383144e+03
-5.016742539165549886e+01 3.009000148004099273e+01 -5.022796968646495053e+00 -2.915812323134260975e+00 -3.047522048418624507e+00 1.452000179275333380e+01 -2.827576322438920542e+01 -1.500253574603312856e+01 3.673577596086269104e+00 -1.189572802265128182e+01 -1.233229970057601932e+01 -6.901180954476640927e+00 1.045175822150181055e+01 5.164576599753403571e+03
-5.159727593933730816e+01 3.406813839957525403e+01 -1.476907347059876763e+01 5.985820503313674656e+00 -1.066094662276149663e+01 2.064203802883746164e+01 -5.139390064996681673e+01 -1.561627936310810050e+01 2.915360441348572862e-01 -1.563218865951116499e+01 -2.210075895785474387e+01 -9.097677203502477994e+00 1.221508678151497129e+01 8.466693176337048499e+03
-4.790809325260340756e+01 2.557402120100595866e+01 -1.165730805568142081e+01 -9.428071466402597522e+00 -3.758154981121186289e+00 -3.528870594030681040e+00 -4.381747879619649666e+01 -3.367921988126454380e+01 -1.240721227822941941e+01 -1.715817349299720007e+01 -1.136419947027669330e+01 -2.340523078542040558e+00 4.093062886602208295e+00 6.854553354375473646e+03
-4.700956146785107137e+01 3.178665234094592407e+01 -1.505792067357639752e+01 -1.453499779282109294e+01 -1.565178360233309363e+01 2.291307082719880928e+00 -5.025124829366068724e+01 -3.305821196192481182e+01 -4.899960352391349971e+00 -1.569280223486973469e+01 3.710647711024746442e+00 7.218203865166661792e+00 4.883612266329170559e+00 7.886553719245155662e+03
-4.704464586814740557e+01 3.401755498538222611e+01 -8.229325920162642305e+00 -1.438633249545303094e+01 -1.346153486493006568e+01 1.597178100192355821e+01 -3.086790183355354600e+01 -2.682201909826605402e+01 1.075787782396167636e+01 -2.832537592852070851e+00 6.661179473474887480e+00 1.252806824556684617e+01 1.062199980715599956e+01 6.191545791556523909e+03
-4.864562462079869221e+01 3.743731563630898762e+01 -1.268443317798365122e+01 -1.440430958469069189e+01 -2.653354077095760388e+01 1.108811636043790827e+01 -2.684253545755615988e+01 -9.953094434148338721e+00 9.866874901955103638e+00 -6.500387307351155997e+00 2.983258313680821505e+00 4.770113553680999097e+00 1.367179363941875359e+01 6.141071295606952845e+03
-5.062576763513266798e+01 4.129989805867806751e+01 -1.791820260122842612e+01 -1.397222294361408146e+01 -4.714857519263891561e+01 1.924867582460685256e+01 -4.782413760262176083e+01 -6.809797219456376283e+00 3.251285182584634725e+00 -1.932885587043705833e+00 -2.301572864241639493e+01 9.410582914009890665e-01 8.066549358623367638e+00 1.032194154228508160e+04
-4.885391129648434116e+01 3.231678533714817547e+01 -1.173909749320404039e+01 -3.004715047308590314e+01 -3.760160369112699641e+01 -8.176846693698363921e+00 -3.435641204328976528e+01 -2.351360293403433488e+01 6.326143773481367916e+00 -1.322648286998464329e+01 -2.497997661119929091e+01 -1.384773925893588853e+01 -5.790114549897737994e+00 8.749955403157075125e+03
-4.624793408021019303e+01 2.629332936597236170e+01 -5.484427140299022341e+00 -1.881358209642724688e+01 -1.946543225576088787e+01 -1.245121983158779599e+01 -2.175747358147813415e+01 -7.740427903857814762e+00 1.701483109386634851e+01 5.982888435257067705e+00 -5.423268368293682862e+00 -3.649279753641005097e+00 -1.323876737953430638e+00 4.651259360486606056e+03
-5.027033013006520434e+01 3.615266974019264978e+01 -1.021902611727023391e+01 -1.737683747716444671e+01 -3.121649917223264126e+01 9.033646033596225422e+00 -3.247524008657093475e+01 -1.306655840124999024e+01 2.224936148931635316e+01 -4.082733226783029856e+00 -9.812341539030862592e+00 2.443376663488064260e+00 8.802974460671149970e+00 7.213404637223280588e+03
-5.004756604496095207e+01 3.702449669641274710e+01 -1.216206322805456530e+01 -2.341256210886809086e+01 -3.283825935087150327e+01 4.144725794597206026e+00 -3.593567426661599740e+01 -1.764453452613373585e+01 6.417511689159177912e+00 -2.065046338862480724e+01 -2.009598734991978830e+01 2.229549939556221272e+00 9.977308113403688949e+00 8.245860753996292260e+03
-5.011270060357542633e+01 3.149438209547014722e+01 -1.231696990407148995e+01 -2.345693840524420182e+01 -2.125791917263325104e+01 -7.741607197810895791e+00 -3.358446276832454203e+01 -2.001695721664842154e+01 -8.092036193870903560e+00 -2.267729072531253820e+01 -1.797547077916251368e+01 -1.052264003315539487e+00 1.740014358212762735e+00 7.152533921165048014e+03
-5.186205326497564982e+01 2.217588061615008144e+01 -4.383964533273521980e+00 -1.453026561677357975e+01 -1.458494713516018493e+01 -3.540688109391318505e+00 -1.730062725748496177e+01 -1.593851723745916082e+01 -4.465053963805607928e+00 -8.122210429496224293e+00 3.010557659541883258e+00 9.502064432539377492e+00 8.956994796044727147e-01 4.376457176958555465e+03
-5.403055205258117155e+01 2.355412361578473579e+01 -2.136872230307410803e+01 -1.764400527950670039e+01 -2.443657124141590486e+01 -3.755908477937069279e+00 -3.942237409048480856e+01 -2.404021485523209734e+01 -1.294335241116868929e+01 -2.410469435335265231e+01 -2.521593164743877402e+00 8.715663729024056394e+00 -1.710866277884204756e+00 7.819153832585760938e+03
-5.055347077857069138e+01 2.948441301340172060e+01 -1.405499991441282504e+01 -2.396687005114547020e+01 -1.752377817000946436e+01 2.305448142159092217e+00 -3.283613001857209213e+01 -2.094728159787658228e+01 -1.390928747912732533e+01 -3.088288539710021752e+01 -6.002517238237455643e+00 1.570265514321925870e+01 -2.217532395283396962e+00 7.461077764866259713e+03
-4.871639519040734001e+01 3.500676056517196599e+01 -8.952360618751953325e+00 -1.724027803212968379e+01 -9.310383370999467445e+00 8.094309702616708790e+00 -1.600214753633759557e+01 -8.760425452061260998e+00 -1.048327492689824680e+01 -1.223302891348722099e+01 5.367466476207150450e+00 1.818023861977231448e+01 1.430372830547954166e+01 5.284620726514425769e+03
-4.428537864629436172e+01 2.213951449628271106e+01 -3.340008283312954962e+00 -1.162952614672921747e+01 -1.065399210852203815e+01 -3.700764434459715702e+00 -9.566698443287139142e+00 -1.756203176076145667e+01 -2.028969803842631592e+01 -1.093809838420645875e+01 1.478537355769345929e+01 2.128005337388065499e+01 5.437311793003437366e+00 4.357230426748617901e+03
-5.219254629419507552e+01 3.584126889683926720e+01 -1.005659663668918213e+01 -1.602076559468632055e+01 -2.059529502535900747e+01 -7.669621000993585014e-01 -3.508565328404838368e+01 -1.469070743039728555e+01 -2.133930774442464795e+01 -3.062466137790716303e+01 2.655417961505646574e+00 1.347004691676475119e+01 8.712683677938944271e+00 7.895673075063432407e+03
-5.041164273672224994e+01 3.261266803925962421e+01 -1.065023732495784436e+01 -2.244999760524165566e+01 -9.582746486020370824e+00 1.238590251473806969e+00 -3.581192559223995175e+01 -1.961255151194078294e+01 -1.808242927436534586e+01 -2.772014761153842244e+01 -6.112448744687336344e+00 1.808604333318386637e+01 3.897117907542661630e+00 7.457894468225620585e+03
-5.233761957049460278e+01 3.434815424454230737e+01 -1.039172911739488292e+01 -1.374426962707041078e+01 -9.762316323310018973e+00 1.072203631086016351e+01 -3.177461871835322071e+01 -1.010100167134727478e+01 -9.609833919464724872e+00 -2.055312281246408190e+01 1.796420329873721355e+00 2.621577622883896197e+01 1.122913374953326482e+01 6.869203875403638449e+03
-5.420323086948378943e+01 2.955863023405296985e+01 3.479868849262003350e-01 -1.078204109129602806e+01 -2.018923527184444211e+01 6.356097627704334840e+00 -2.206393074820804756e+01 -2.086253230253347368e+01 -1.843385993085762209e+01 -2.464951985837750570e+01 3.524314130906950115e+00 1.096687921264830123e+01 1.082054841104228338e+00 6.379413948657587753e+03
-5.461847896187382645e+01 2.809974012002405530e+01 7.298978771298421542e+00 -1.707323280863442649e+00 -1.450356752472862532e+01 -3.138962623986155442e+00 -2.507370925444082133e+01 -2.366338511992305982e+01 -2.331717384513384772e+01 -1.572986284255345524e+01 7.130401117408156964e+00 9.936620846446501787e+00 4.857456145721276819e+00 6.202110046538471579e+03
-5.406581696557550032e+01 2.601641313580236314e+01 7.791920438443212582e+00 -4.087167888222773549e+00 -1.873649131648785371e+01 -3.095951861249016446e+00 -1.672547120857915814e+01 -2.361408472704463435e+01 -2.343993266089466943e+01 -1.579365578966666384e+01 5.839684480193159111e+00 1.142481830694599765e+01 5.891392524039376966e+00 5.873599591895450430e+03
-5.885278741628136601e+01 3.791996482627098430e+01 9.958573360692483112e-01 4.881338163965430077e+00 -4.320350411797477364e+01 1.926765458528461750e+01 -3.638419093105055424e+01 -2.020611846406521650e+01 -3.436597196098893647e+01 -1.480697410218312271e+01 -9.608044512178405272e-01 6.752379023598631846e+00 3.566535135329990336e+00 1.035577981900665873e+04
-5.980915508678781123e+01 3.776349073243914489e+01 2.904503265693566760e+00 5.358190105208591625e+00 -4.095461589609450215e+01 1.414498127431111385e+01 -3.634981202929627386e+01 -2.258503499956454164e+01 -2.486646034136558825e+01 -1.596647367106579196e+01 6.023032966345786221e+00 -1.418234439065682917e+00 4.290523027913129006e+00 9.679082338150847136e+03
-5.654306132632473947e+01 2.799048836625046377e+01 1.157891345135464967e+01 1.467108326413329111e+00 -1.570784998103544439e+01 -8.073366008044662312e-01 -2.163727470463246405e+01 -1.507282858479875642e+01 -1.092463930852946596e+01 -7.903044021324772572e+00 8.439600142205870625e+00 3.309037570859482802e+00 3.692260921386326888e+00 5.337174248035025812e+03
-5.743699813904464690e+01 2.962517597044901407e+01 1.411028714687117436e+01 1.476273378587720009e+00 -2.261536439979484570e+01 -2.838949392703646435e+00 -2.365589813998069602e+01 -2.171270343784665258e+01 -1.302096694351612527e+01 -4.694384982751145685e+00 -2.543323457397535403e+00 1.306162840964747218e+00 2.432261400752198099e+00 6.134170022547107692e+03
-6.032162210188860030e+01 3.738759640787340288e+01 4.375257655008160995e+00 1.157955201985118521e+01 -4.744633206599225161e+01 6.665653514268599089e+00 -3.197885511290727578e+01 -5.141442810966854182e+00 -3.120656795211512957e+01 -2.841101601670051480e+01 -1.603387267879491418e+01 -1.311776733543412732e-01 1.115818544487776087e+01 1.069706943202394177e+04
-5.266492118288378776e+01 2.509900921662872975e+01 8.907144892274493131e+00 -4.386710212360643291e-01 -1.034038200712308075e+01 -1.089252254104158624e+01 -1.501764492611270008e+01 -1.489701656213956760e+01 -1.789243628484810245e+01 -1.402632754172980967e+01 -3.976605860785294322e+00 1.140581390146473417e+00 2.233282963573416602e+00 4.695084171582618183e+03
-5.261315924606369521e+01 2.386513154414524962e+01 1.188678534282938415e+01 1.256868042242755834e+00 -1.158747275545954736e+01 -1.102354907622041402e+01 -1.703169868801743547e+01 -1.312924505341103654e+01 -1.673043041943019205e+01 -1.517263759182342042e+01 -7.664966700700229119e+00 -1.787409191081310356e+00 4.454475718097016923e+00 4.790713541073949273e+03
-5.855346022480992474e+01 3.369119913408293598e+01 1.522880282121909445e+01 1.639466015786401831e+00 -3.167398862356837341e+01 -5.139275728219278250e+00 -2.574084639836475219e+01 -1.511773411418959157e+01 -2.775838024482957778e+01 -1.808605276556428976e+01 -1.070223270065472931e+01 -1.272297168972949066e+01 4.323823206588069290e+00 8.111739874937232344e+03
-5.924615253189402608e+01 3.362279495277292085e+01 1.402657681714057070e+01 7.692392162969608371e+00 -3.361742577937994980e+01 -3.446463750074693522e+00 -3.000936629073206063e+01 -1.036660776100467807e+01 -1.920105421664080936e+01 -2.310444840652861132e+01 -1.443243975212847019e+01 -1.328417965475470730e+01 6.341722615879370473e+00 8.374032945954970273e+03
-5.888042388381155945e+01 3.073984653751196561e+01 1.817436008331008424e+01 1.284781668806592592e+01 -2.208512665143221199e+01 -5.394849326247279642e-01 -1.443092454314841078e+01 -6.483907501444067023e+00 -1.268661823745195072e+01 -1.329802006664010605e+01 -8.025372098410876731e+00 -8.488644203831711366e+00 6.360192390858589562e+00 6.160256087816274885e+03
-6.197913797701989580e+01 3.513960709651477288e+01 1.646224946057387228e+01 2.159127708334333917e+01 -3.935675052052318534e+01 5.671734894325132004e+00 -3.190473734019509067e+01 2.645533186914134305e+00 -1.246391310102056416e+01 -6.524076981052135515e+00 -2.512662101236041678e+01 -1.517387065237431720e+01 1.661784838627502481e+01 9.755086962807374221e+03
-5.528836704573934924e+01 3.146064299054896551e+01 4.417145179967585378e+00 -1.743723092034582933e+01 -4.766197947874641727e+01 -1.454846027643251105e+01 -1.670078938393294266e+01 7.348734585667302532e-01 1.519205744593288721e+00 -2.262984241033003840e+01 -2.196979006966348180e+01 -2.261223498733762227e+01 -7.738264959477587190e+00 8.701205515989038759e+03
-5.264437447097019174e+01 2.897886426878674726e+01 -2.480520574552104840e+00 -1.695970204936044112e+01 -2.822206587833498759e+01 5.000076955330671202e-01 3.104400825851041823e+00 1.626551209384105334e+01 1.138807233426502208e+01 -1.791061607159519653e+01 -1.443405719735957682e+01 -1.637290398640311651e+01 -7.467225412033542953e-02 5.902826339596161233e+03
-5.240483541227018804e+01 2.641837532694475144e+01 7.256840831960802152e-02 -2.019929096367586752e+01 -2.941861328372742790e+01 -2.476829218312569747e+00 4.639519648341322799e+00 1.311287094340418413e+01 5.012837479049096601e+00 -1.966885205090627409e+01 -1.568238934553974850e+01 -9.176228805324875282e+00 -1.004317227013376224e+00 5.660417412928531121e+03
-5.841780443996869110e+01 3.952605234014838942e+01 -1.429970023417476810e+01 -1.094703389881629718e+01 -5.582508482958289875e+01 1.226979848550506169e+01 -5.748883586128052947e+00 5.619373656310682641e+00 7.572897070138891351e+00 -2.608967053812160231e+01 -2.761956962535232663e+01 -1.848355610612636823e+01 7.147916821102719531e+00 1.052447760735484189e+04
-5.179673369076930101e+01 2.121070161253909703e+01 -5.982810811453177280e+00 -2.340593635769166525e+01 -2.840342928346190021e+01 -8.094018774528009885e+00 4.124319051984644879e+00 9.532512235781702259e+00 3.683202746547368234e-01 -2.715684835864591307e+01 -2.716880424993594545e+01 -1.148085284765934055e+01 -1.656671340892955424e+00 6.306902637077414511e+03
-5.085460217193348598e+01 2.075504789489823665e+01 -9.943298747340804766e+00 -2.459885246974829798e+01 -2.365250083315486407e+01 3.309947839539875919e-04 1.113504517749674783e+01 6.175170891468266809e+00 -5.590623989516565473e+00 -2.612799958502708364e+01 -2.533434699434301507e+01 -1.431723299866596832e+01 -2.854502573278627775e+00 6.011385992624186656e+03
-5.487742306069085885e+01 2.896410897259281825e+01 -7.936291957630569271e+00 -2.728723641078869022e+01 -3.086133792347714788e+01 1.630319390052390460e+01 4.603404718225064585e+00 1.130043565321893695e+01 -2.576935888345980086e+00 -3.525728900376660846e+01 -2.337659915813479827e+01 -1.079458729999558386e+01 -4.910158261843136529e+00 7.961951845872195008e+03
-5.680730784049501381e+01 2.856886299506386706e+01 -1.053363944053081980e+01 -2.074171319854762530e+01 -3.140290021687302158e+01 2.126870394223424654e+01 2.862380872051550451e+00 1.600152952325423783e+01 8.372153285052627680e+00 -3.747498790713299144e+01 -2.328529950607122601e+01 -4.923173972877918914e+00 3.882623244599185952e-01 8.328229695898406135e+03
-5.740812255211601922e+01 2.349273434466776678e+01 -1.322990306917552772e+01 -1.536179468181976482e+01 -2.769185485827870608e+01 2.667786395544040445e+01 5.765814272639558702e+00 1.460653606887515465e+01 7.337798379919743930e+00 -3.483957181877858034e+01 -2.011321505263048337e+01 -1.142945849245976575e+01 1.392018943140159726e+00 7.788509641391422520e+03
-5.920383422614625601e+01 1.936108491544424126e+01 -1.997632718498078930e+01 -1.747370302291407995e+01 -2.264267163328809573e+01 3.089866971260516237e+01 8.947617274454540137e+00 1.445053741552753301e+01 -5.742650573347417575e-01 -2.351331789360794033e+01 -2.406877382606525728e+01 -1.980010504539973937e+01 7.076242572590269120e+00 7.915254937470926052e+03
-5.864432273677318364e+01 1.175330611084674715e+01 -2.334680401530173910e+01 -1.878647265327595051e+01 -2.297782344363681162e+01 1.822715538904105870e+01 2.817845046566951783e+00 4.134602697450927344e+00 3.941463558580097226e-01 -2.295209788106569349e+01 -1.312239316711267634e+01 -1.522029265256372454e+01 2.954254583783650911e+00 6.300082639726332673e+03
-6.019527369568392317e+01 1.275918812695730864e+01 -3.022863066845927094e+01 -2.093935650859967268e+01 -2.753942371357026886e+01 3.222830855141808826e+01 2.787636076592818757e-01 2.366691129965251772e+00 -5.283816336295881655e+00 -1.986803190722159940e+01 -2.027420172602007575e+00 -5.184148574515559105e+00 1.801914718763621082e+01 7.719590187967018210e+03
-6.292590879761294076e+01 1.199807421840080401e+01 -3.630445762577359403e+01 -1.623498950386670359e+01 -4.012064988313431257e+01 1.935972712428362996e+01 -1.574410668684771331e+01 -7.763271207666184281e+00 -1.604385227615251353e+01 -2.143374704197473335e+01 -7.259090318851269430e+00 -1.702286217290592418e+01 2.654676060227741718e+00 9.044153409148500941e+03
-6.242097744136030713e+01 2.516857159230568630e+00 -2.502000307938727985e+01 -1.802968950950636540e+01 -3.517194106739225390e+01 5.511723833117478932e+00 -9.743600965897512012e+00 4.587938251054328176e-01 -4.191236277046179737e+00 -4.815680882799527218e+00 -1.958170642730465039e+00 -5.537579263622676606e+00 1.618717111398633834e+00 6.294252747562475633e+03
-5.840427412742704405e+01 -9.376223510282418516e+00 -2.011720897886342030e+01 -9.944226595936179747e-01 -5.259529001489804045e+01 2.328322607356007268e+01 -2.908368607276948126e+01 8.257371479788181645e+00 5.904768589956417735e+00 8.305419103560396366e-01 -7.388492048793644962e+00 -2.652157236556457409e+00 -8.201855347579112276e+00 8.291532180540869376e+03
