-8.071158636499613692e+01 -2.000709621626696588e+01 -2.127340830655623805e+01 5.420697780849013547e+00 -3.486953600779451534e+01 6.201068739014111486e+00 -2.493183616674732406e+01 9.574694223433056095e+00 -1.701896894052603670e+01 5.352665885324624284e+00 -4.918747654460861263e+00 -5.173148519929084976e-01 -1.114997354895661452e+01 9.831274896157879994e+03
-7.838481016288605474e+01 -1.457133171855085862e+01 -1.840197712719750811e+01 4.489315595956883342e+00 -2.617366324518827270e+01 6.052139338085019027e+00 -2.619350679185785680e+01 3.548909823034188449e+00 -1.645523279574259234e+01 1.061924497572076076e+00 -7.653586428094915739e+00 2.759001865800403408e+00 -2.773085173590904340e+00 8.481454334149406350e+03
-7.891581612205898466e+01 -1.313265396506071880e+01 -1.996925669950111626e+01 5.744927495364216874e+00 -3.331386010571602441e+01 4.059877285663986868e+00 -2.905360178561504014e+01 1.193439463601052353e+01 -1.836745240611371344e+01 5.107287590337159955e+00 -1.418812278975805796e+01 -2.863317437811774280e+00 -6.454491558762394554e+00 9.559395040947540110e+03
-7.813265973598517178e+01 -1.470601094051381175e+01 -2.241392167172529071e+01 1.159259751741974931e+01 -2.877134803700248256e+01 1.899232526383437758e+00 -3.585355634593386043e+01 1.922349389359278504e+01 -2.225131549185753954e+01 2.185718037712618855e+00 -1.281515364199981200e+01 -1.311906374193396507e+00 -6.204730321898371592e+00 1.014851559332128454e+04
-7.911915534599401667e+01 -1.591605688050208478e+01 -2.326023417090440404e+01 7.961447759048532191e+00 -2.237835007382116004e+01 9.117435151227203605e+00 -2.885785046340275528e+01 5.157350682161237820e+00 -5.051560841350400288e+00 8.694397615205641472e+00 -7.829677978911613323e+00 -2.323360518613013515e+00 2.458978130578582666e-01 8.728749872495036470e+03
-8.094647889793775164e+01 -1.798211440568997332e+01 -2.773345122204411339e+01 4.336578785683412818e+00 -3.485018678970503458e+01 3.968678934109692413e+00 -4.517850061968999853e+01 -8.909284918789207808e+00 -2.094351796928606291e+01 -7.586886248206662131e+00 -2.578551594268374814e+01 -1.417729113550649878e+01 -9.449038695800895837e+00 1.246576186100950144e+04
-8.071008559499668422e+01 -1.773938825025773980e+01 -2.539970065715291270e+01 8.329076900849306853e+00 -3.188766079528930319e+01 9.483164010288170687e+00 -2.946889644481498749e+01 7.883993110030980134e+00 -1.082454830798101320e+01 8.329765563517097959e+00 -1.431243165406621998e+01 -3.640242697940546002e+00 -4.271482879475003713e+00 1.000354711657085318e+04
-7.673347592652635285e+01 -1.121398694361056414e+01 -2.164502894603500494e+01 1.431116728120633574e+01 -1.666162610251427978e+01 1.461546290477192933e+01 -2.176307305529435610e+01 1.066973647432572392e+01 -9.866219226405615217e+00 7.320327028055514162e+00 2.037384186725330615e+00 2.787515162349596842e+00 -5.226740219223524164e+00 7.955962241551088482e+03
-5.178073780416959693e+01 9.901285279432343600e+00 -6.218049804521137247e+01 2.813842312369572607e+00 -7.345791496873492754e+00 2.789999243416021013e+00 -5.556675768990018582e+01 3.448579323412625541e+01 8.105217069179062150e+00 1.791091744327421464e+00 1.382255991160908160e+01 8.363130614811947083e+00 9.575491663345319093e-01 1.132311611705855285e+04
-4.007806681725139697e+01 7.824657339120434152e+00 -6.373506538786818965e+01 1.064077533259709973e+01 -3.903316699834127235e+01 -1.207802648636875809e+01 -6.987568995291962892e+01 9.373202680090704675e+00 -1.938710772267307902e+01 -1.663715889591439634e+01 6.754129209702957048e+00 -1.140729282398998290e+00 1.629219451107941907e+01 1.344780731520416339e+04
-3.484656257714425465e+01 -9.846584358903107681e-01 -2.137169128905217974e+01 4.161913752273548539e+00 -4.341223529285842098e+00 -2.461255434800406050e+01 -2.743227373313993667e+01 -5.227604127413918000e+00 -2.365341741715823431e+01 -3.497067663129599424e+01 -3.105620024487701247e+00 7.586111630347911472e+00 4.676449124326421902e+00 4.965300252039673069e+03
-3.404686468068609884e+01 1.400480280425067114e+01 -2.162828125936604451e+01 6.493315634164505745e+00 -2.765717854642207385e+01 -2.914738791273749641e+01 -2.558689066349866437e+01 2.243061670613003766e+00 -2.412625156010786753e+01 -3.992471337350558969e+01 2.029871322614580365e+00 1.305943210595081716e+01 2.296187522920049773e+01 7.017454851954167680e+03
-3.189088948681229141e+01 1.468751277651369413e+01 -2.236948407985316578e+01 -5.770902228916694465e-01 -2.911803439629554902e+01 -3.085728894467903061e+01 -2.879808233186965438e+01 -1.785563628122488256e+00 -1.511501383036197765e+01 -3.881653659409138868e+01 -7.334348393658880916e+00 1.087048548565661577e+01 1.558305463575658933e+01 6.516007575613849440e+03
-3.723653014719227627e+01 2.750362095732742418e+01 -1.462155992150394468e+01 1.864448519956229955e+00 -3.609374867666124231e+01 -2.075879205295803942e+01 -3.222563570405045397e+01 1.537788776916491607e+01 1.108204377279796304e+01 -3.970486110664067780e+01 -2.055484311660416097e+01 1.975369995475163165e+01 1.580170228527289211e+01 8.130623418034737369e+03
-3.880403554568520264e+01 2.719812379863955343e+01 -1.192166337342006344e+01 -6.504457561147620304e+00 -2.820180221308816471e+01 -3.279759771334222762e+01 -3.295814258523950713e+01 8.516162146394000487e+00 4.853787317362940890e+00 -3.349625025176358406e+01 -2.065338783185745442e+01 8.006402751769455151e+00 1.180572858097053057e+01 7.235311556291037050e+03
-3.964844956205269710e+01 2.918149861548807067e+01 -1.420924032082494648e+01 -3.428409177897929538e+00 -3.392915284656902486e+01 -3.926297538478145555e+01 -3.266706926749724005e+01 9.558607951996757279e+00 8.296433362426595126e-01 -3.903818166378044907e+01 -1.872151416419084313e+01 2.643225900755298952e+00 2.840967693939481009e+00 8.378709732445780901e+03
-4.150599972495748347e+01 3.206938701338846442e+01 -1.734735768092317443e+01 -2.392525101870364157e+00 -3.834749059908583035e+01 -3.762060984102065220e+01 -3.176001019896123623e+01 1.820104322176110756e+01 1.888576236246974238e+00 -4.419628623287332658e+01 -1.845959522486512938e+01 3.250124862035983053e+00 2.584285855570994439e+00 9.598542071557616509e+03
-3.880641698501424486e+01 2.609061976549233819e+01 -7.350372579778333915e+00 -1.717403505150472753e+01 -1.894076568173973740e+01 -2.197499582725760092e+01 -1.901116599565770571e+01 5.844058038060849114e+00 1.380698785829173492e+00 -2.656834698094900560e+01 -7.136792675250378970e+00 1.290118672911694020e+01 3.324748903561884905e+00 4.709076163477484442e+03
-4.617655933252227385e+01 3.006683278337976262e+01 -1.224554062126892795e+01 -1.311125383570178826e+01 -3.044636493115930165e+01 -2.933986584926957519e+01 -3.463351863218567672e+01 4.512101361554747392e+00 -1.193086805436127840e+01 -4.665632459934673903e+01 -1.423867009500984793e+01 8.718556227193687391e+00 9.919672868653909958e+00 9.062106941014939366e+03
-5.012834175515656909e+01 3.555930963617007734e+01 -1.279849190324331509e+01 1.135435334159156362e+01 -7.007437711467395580e+00 -3.426565510832460415e+00 -3.437413755766358747e+01 1.610613261293093856e+01 2.401900067214858048e+00 -2.598090564383889856e+01 1.036136419818116799e-01 -2.745330447368115045e+00 1.087184390267114154e+01 6.378393405687550512e+03
-5.592254807331335087e+01 2.425609549471993986e+01 -6.649209979499802081e+00 -8.052659438145040482e+00 -1.981598241288730833e+01 -2.070161047170090285e+01 -2.484135877704245843e+01 1.900313541190306665e+01 5.713902214283415049e+00 -2.917024863415930014e+01 -1.170875425219436927e+01 -4.801990499329877871e+00 -1.594952866741798925e+00 6.670438962956133764e+03
-5.781750669657063213e+01 3.156686709586763939e+01 -2.256089800743362517e+00 3.402746660857269845e+00 -2.638150856341468398e+01 -1.026002211869329983e+01 -2.546242838634979933e+01 2.185775368203298896e+01 1.867264158144541941e+00 -3.543679755621429450e+01 -2.092284573705245165e+01 2.620384929510781724e+00 1.762358396497461754e+01 8.297824407357389646e+03
-5.927279799875203992e+01 2.685797609031151012e+01 2.141035821125079952e+00 -2.967858088314991427e+00 -3.108770611230329806e+01 -2.301402986087286706e+01 -3.474722634260190546e+01 8.055015642742811011e+00 -8.313877715710688676e+00 -3.535758121533362441e+01 -1.897867773042145956e+01 6.682064104569283014e-01 9.772959097650497640e+00 8.791778285356476772e+03
-5.946090386944761264e+01 2.333247678732632835e+01 -1.365949537310615192e+00 -4.461753876299320076e+00 -2.527942110682155530e+01 -1.145831630454238947e+01 -2.543719592230062432e+01 6.514233749944187579e+00 1.369719624586297924e+00 -2.833322950412387442e+01 -7.815643446286501650e+00 8.632355033890735996e+00 1.173052554607827602e+01 6.639460041044486388e+03
-5.678202534454536732e+01 6.420329515152422672e+00 -9.069028785970029816e+00 -1.196476222297708958e+01 -3.647618623601660914e+01 -1.867792792118568812e+01 -4.978773678498360056e+01 2.176388218424893850e+01 -2.538715115607172734e+01 -1.832686757663066501e+01 -2.650038244964385115e+01 -8.321926521684321898e+00 -5.395660719866136823e+00 9.903703711745318287e+03
-4.409247461346202357e+01 8.483246325229839568e-01 -4.256056567243837208e+01 -3.358808981070884769e+00 -1.208163878604299768e+01 5.877138036548983813e+00 -5.105454766417882695e+01 3.238923861554552985e+01 -2.978956433997084474e+01 9.609520112410068649e+00 -1.474900709689076805e+01 -6.475212889926413862e-01 7.163609274609945565e+00 8.852716495255110203e+03
-4.403537923592103454e+01 -8.986889171710723545e+00 -3.219105727879564682e+01 -2.101688859686295263e+00 -1.520571162370906393e+01 -6.694356826749721101e+00 -4.583156127979705730e+01 1.858005974951327488e+01 -3.747259901004088078e+01 -9.333062921873890971e+00 -1.243638509262423675e+01 2.983982009103565147e+00 1.200199533579690403e+01 7.581256230086321011e+03
-3.832912492250946457e+01 4.896995463974898932e+00 -2.015615508415027080e+01 5.788470184363770699e+00 -1.616299461170583385e+01 -1.505456483621884267e+01 -2.173811882293869502e+01 1.361838938466605953e+01 -4.102297586527994611e+01 -1.094436843468055187e+01 -1.053710172011261470e+01 -6.897786778482812409e+00 1.273360284092191641e+01 5.202186379058767670e+03
-3.557750636889285545e+01 2.122284372351975534e+01 -1.087985970611527620e+01 2.335561405135663904e+00 -1.940379107674215931e+01 -1.445856187457772002e+01 -1.890022470143248512e+01 1.938803729386618002e+01 -2.015925026530226205e+01 -1.270433857487892304e+01 -9.020007425408469004e+00 4.747965069638087954e+00 2.701735399465615828e+01 4.560302565961034816e+03
-3.915031839141549597e+01 3.060600341536303404e+01 -2.465468439965423997e+01 -1.018983863800850598e+00 -2.399838148467084409e+01 -2.242285471385929441e+01 -4.622679599195324585e+01 2.365518640260200200e+01 -2.826293007354659537e+01 -1.454175409598554758e+01 -1.133420820761194392e+01 1.310017465291828920e+01 3.423277810743976346e+01 9.335775682111770948e+03
-4.052022354882456057e+01 3.075816798794465967e+01 -2.636501574618904087e+01 1.306647610435678786e+00 -1.395764263962772311e+01 -1.929583862033273789e+01 -2.762943361220357019e+01 1.648273610811790846e+01 -2.446934039718692588e+01 -6.847246305236516228e+00 -1.826705973446788533e+01 1.865548302902509192e+01 2.583840924296918118e+01 6.881955477188485929e+03
-4.547659898087286479e+01 3.541363982043564107e+01 -3.879836326108330979e+01 -1.724373691925977781e+00 -2.403667580119856950e+01 -1.706502544350469464e+01 -3.668024300108541524e+01 8.070370678406124654e+00 -3.633937371821584605e+01 -6.738481519859159441e+00 -1.454016313705814234e+01 2.023102035268942700e+01 2.335587137462590590e+01 9.642245854688904728e+03
-4.426032434065848520e+01 2.519791678436636317e+01 -2.591623502325089135e+01 -2.505773708597384086e+01 -1.390451964182377687e+01 -2.373257652009727892e+01 -2.668956758509491678e+01 -1.374539454381707060e+01 -2.058085355051951026e+01 -2.092759768438142132e+01 -5.326844027742644982e+00 1.010680414212239597e+01 1.454827429715016329e+01 6.755003410454482037e+03
-4.539710185166833867e+01 2.429947665357456543e+01 -2.973775890813506706e+01 -2.506571035807118264e+01 -2.390620932557367340e+01 -2.568122682700377979e+01 -3.327180369126658377e+01 -3.413858348683757526e+01 -2.284023921399054302e+01 -3.109972048858183058e+01 -2.365752110728050894e+01 1.490899157645207751e+01 1.050218196465699094e+01 1.004859492442470764e+04
-4.036497848423984180e+01 1.809492735843697275e+01 -1.872266412211345354e+01 1.691424555489315296e+01 -2.045254764555587101e+01 -1.758524797553699415e+01 2.820953006233197224e-01 -2.562785575322689269e+01 -7.248271910586435496e+00 -1.469555811423938430e+01 -2.373880418541055448e+01 1.502485202624758465e+01 1.483911425398893158e+01 5.255775146868275442e+03
-4.151206570472493240e+01 4.228721593706644910e+00 -3.322715765806754007e+01 2.346049211971623549e+01 -3.007742700500958222e+01 -1.142535333534090647e+01 -1.364977653857422979e+01 -4.121135854810447086e+01 -1.761511394893862814e+01 -1.358511995874225242e+01 -2.071734748878881405e+01 -4.213941526430092566e+00 4.627832066189886184e+00 7.278685512456086144e+03
-4.137373163837390422e+01 7.641865684359882671e+00 -3.826027633469728784e+01 3.862621670282945274e+01 -3.670990565313378795e+01 7.534646968049726112e+00 -2.090804629940691584e+01 -1.806098132611326434e+01 -1.581218266505162440e+01 -2.231521862315906102e+00 -5.391035631574629505e+00 -1.149839554906571593e+01 1.562043076598430780e+01 7.554029700472341574e+03
-4.122871645195571944e+01 -2.242096506244509069e+00 -3.093419056648229670e+01 1.610155192570735139e+01 -3.486877436010788500e+01 -1.317148247926476579e+01 -3.345982332592037523e+01 -3.666916047824965830e+01 -2.395613615388216644e+01 -6.517060533343157047e+00 -1.150955802944726791e+01 -1.568529833087254133e+01 9.527245537748120441e+00 7.860160115414725624e+03
-4.019046622797289103e+01 2.725010018036546189e+00 -2.739854456412305339e+01 1.270461056820639101e+01 -3.284103228019633747e+01 -1.292907239252235740e+01 -2.083438537620323672e+01 -3.265736500785323670e+01 -2.245925609045419336e+01 1.008428791207050423e+01 -7.415638808986792618e+00 -1.069218109168433983e+01 1.025870104818216433e+01 6.161722476031369297e+03
-4.139572496432593596e+01 8.617590508884525491e+00 -2.915966346272736587e+01 5.199491885180537842e+00 -3.903254830976987222e+01 -2.443753203268853724e+01 -1.700898620042250187e+01 -3.228665375068015919e+01 -2.375331707622139632e+01 -8.836665677495390003e-01 -4.757091719550803788e+00 -1.246035393212512510e+01 9.734679808462852080e+00 6.955311293451989513e+03
-4.286071441775523994e+01 1.769140603911139209e+01 -3.233098596040565553e+01 1.756831849532316170e+01 -4.068261476233946894e+01 -1.140102684942116973e+01 -1.614161463591486978e+01 -2.225807879333753547e+01 -8.646467400210873677e+00 4.945595878305442672e-01 2.483636340916473562e-01 -1.957862206629711466e+01 1.526988769752262698e+01 6.736557092206499874e+03
-4.155731165740721877e+01 2.104156974051296558e+01 -3.037811238798961000e+01 2.718112767642571015e+01 -2.148833638794183543e+01 -5.804313524829647797e+00 -9.965265768145266989e+00 -1.757010831047285038e+01 -1.694138962378636748e+01 -3.768593969643589503e+00 2.259263548896619955e+00 -1.329744774153536824e+01 2.269164524296071761e+01 5.732905242390197600e+03
-4.256475255922110534e+01 1.461603438313804126e+01 -4.252304295592067263e+01 3.007517749417145581e+01 -1.303904312306976188e+01 4.435229146782032394e+00 -1.827972597990642045e+00 -2.973389081786865162e+01 -1.869353460650056675e+01 -1.949218743618762062e+01 -7.077693561301531489e+00 -1.636259418274564581e+01 1.641033205438322540e+01 7.131766594995394371e+03
-4.422307749546073552e+01 1.338989237166384072e+01 -5.458548053451912807e+01 1.908289760883227970e+01 -3.036292978348577876e+01 1.099988321398044810e+01 -6.966283679116921590e+00 -2.673752131060333070e+01 -1.275901077462254740e+01 -2.648032992185636658e+01 3.004565658832550668e+00 -1.597968696705355462e+01 9.264254123842320610e+00 8.499235000670487352e+03
-4.078223546455879500e+01 5.489208549348020050e+00 -4.674426785419026231e+01 7.976099053392542437e+00 -3.464713875103258545e+01 3.783916618115476194e+00 -6.575832452966187347e+00 -2.418938980177287945e+01 -1.272114359076673118e+01 -2.699533498112581853e+01 1.269132214188151231e+01 -1.195952506792739456e+01 -3.460379586536912910e+00 6.991727002798936155e+03
-4.285672938097126661e+01 3.711074382803814853e+00 -3.786036862501776312e+01 2.024851523128142716e+01 -2.894247091040165998e+01 8.704433571871909692e+00 -6.148343260234321761e+00 -2.280636112908108259e+01 -6.132578617724424141e+00 -1.064046380390359481e+01 4.894091663760941735e+00 -1.490329618974702619e+01 -5.958057616887502128e+00 5.597634038368008078e+03
-4.191973080410716079e+01 1.445173202216686370e+01 -2.410691063351540464e+01 8.740159144732462693e+00 -3.811426154299297764e+01 -1.404586515190673346e+01 -1.800591898978507288e+01 -3.131695797019322569e+01 -1.682856174233360846e+01 -2.016242173497899159e+01 -8.829800591550210909e-01 -1.503925499124735943e+01 -1.048369583463526844e+01 6.605188610668114961e+03
-4.311883642796181704e+01 3.260137213720516058e+01 -2.078409439147236526e+01 -5.421183069268257881e+00 -4.069421718088344875e+01 -1.017547972540546475e+01 -1.209540103663788813e+01 -1.824882766784225296e+01 -1.879936302477450383e+01 -3.175954605488798066e+01 1.007149427497233951e+01 -2.294531377392047489e+00 -7.471947075198298371e+00 7.146944142785781878e+03
-4.103590761260147701e+01 3.320411108621010499e+01 -1.187361306596174160e+01 -2.710141675669864725e+01 -3.072155710763691872e+01 -1.242940127000936279e+01 -8.903484620438792518e+00 -1.032796240601097892e+01 -1.331974730035059196e+01 -2.094011845151921847e+01 -1.617648074662366930e+00 8.834637336490382964e+00 -4.824343566550298057e+00 5.666017238888596694e+03
-4.239163165165098235e+01 3.968238130670053465e+01 -1.609147017390995060e+01 -2.966427743780179682e+01 -3.439933459065790800e+01 -6.429847961262783684e+00 -1.338684244843446436e+01 -1.740595210638148060e+01 -4.106986504604840604e+00 -9.320980730764729216e+00 -3.817579358255016597e+00 -3.682875398389829691e+00 -5.053759780460111983e+00 6.374904464285715221e+03
-4.290910945717175906e+01 4.083368125539137594e+01 -1.624014787107585178e+01 -3.097542336585095057e+01 -3.565889973803443525e+01 -6.115661316592292174e+00 -2.037605383548413940e+01 -1.503643819944118398e+01 3.927821851480957971e+00 -8.762739199466624385e+00 -9.304060823834380045e+00 -1.447849413729966095e+01 -2.568532301818077457e+00 7.077040023598933658e+03
-3.424557015388472792e+01 2.432300835152546270e+01 -4.051172524717319590e+00 -2.162015852207841959e+01 -2.053099459041649055e+01 -1.090224811140126526e+01 -2.506502449211906569e+00 4.025195098136590488e+00 7.061814600012809251e+00 3.869479986245246472e+00 1.387077311736120810e+00 -1.641553366246505608e+00 -3.565695334538647288e+00 2.893251531588699891e+03
-3.601611818492823147e+01 2.422315460594079539e+01 -4.071134200301377071e+00 -2.401359474329489174e+01 -2.646959937594981227e+01 -1.637218901759532130e+01 -6.911510781061250164e+00 7.697238034044914246e-01 5.125702454948673825e+00 1.801899704931388735e+00 -4.956000859297599703e+00 -7.926697680897222043e+00 -6.837465463984408132e+00 3.657863657523676011e+03
-4.617208995292684648e+01 3.984509971562769692e+01 -5.437180800523321089e+00 -2.465101175517019527e+01 -3.612512648593462217e+01 -9.175595002506616638e+00 -2.335146903676238850e+01 -9.916302686768833752e+00 1.017464531449837750e+01 -3.080612348169364800e+00 -1.544083426542546000e+01 -2.051631807670555929e+01 -2.687600397380597972e+00 7.169145095854321880e+03
-4.401880575085517933e+01 2.551963402011960724e+01 -9.517906189405157535e-01 -1.919304978060836220e+01 -2.555643751513849082e+01 -1.808007860689099999e+01 -1.336424828367113271e+01 -9.000651259470680898e+00 -4.922701601726882537e+00 -1.046256317538527902e+01 -1.305929377454645390e+01 -9.690918643933912335e+00 -5.379980091584041446e+00 4.624923104792002050e+03
-5.250927568823606606e+01 2.931852317792752416e+01 5.609778516329677167e+00 -1.175004050402778510e+01 -2.650816090996712404e+01 -1.337491421840180106e-01 3.013750783974899150e+00 3.958553637837605721e-01 -2.737607349797192835e-02 -4.598083232788582109e+00 -4.346838020513825729e-01 -7.139172906399485541e+00 -1.277931697904421737e+00 4.572205748489904181e+03
-5.617544237877457647e+01 2.744276346501736441e+01 3.865763466059490283e-01 -1.145050809152106019e+01 -2.558718427948377183e+01 5.586164201209543378e+00 -5.520236285671243692e+00 -9.711893362773240668e-01 -1.764291264619493316e-01 -8.050516569356036101e+00 1.575948175896949133e+00 -5.869180647351244673e+00 -1.729423644749764621e+00 4.862138361622851335e+03
-6.074389078024115207e+01 2.811348851491480971e+01 -6.048680858663630033e+00 -1.386405172630153793e+01 -4.126434600511223039e+01 1.329923494825087182e+01 -1.650109113409646966e+01 -9.379642997584069164e+00 -1.498701686566557534e+01 -1.395289643631852705e+01 -4.317792665261588780e+00 -6.199665968254932658e+00 5.615697728621514839e-01 7.425555132538217549e+03
-6.255426366661242099e+01 2.723797091631360701e+01 -3.902381859732314773e+00 -6.978141323878677582e+00 -4.615798401736721956e+01 8.997841501041346390e+00 -9.228990429562292874e+00 6.648756557104376519e+00 -6.597289199697084605e+00 -1.331597148366036443e+01 -9.445495500317687032e+00 -8.761554011861107938e+00 -5.095222930826414753e+00 7.472549703357381986e+03
-6.044418531964199559e+01 2.157079305711923567e+01 -3.331673794529433241e+00 -1.025140996204178201e+01 -3.179734112998610485e+01 3.236166885359513579e+00 -1.061541503603053771e+00 2.580842491062136812e+00 1.226307134871961413e+00 -1.852602311432928772e+01 -7.897820939501908555e+00 -7.217509775196970345e+00 6.523928197647450578e-01 5.723932406885918681e+03
-6.350095500674126470e+01 2.385712745090277664e+01 -4.931239131809066478e+00 -6.329216781515227375e+00 -2.822866156190832143e+01 3.566216966702192348e+00 9.022674745831938736e+00 7.555536641971089651e+00 2.829239271056345650e+00 -1.249788694370067965e+01 -6.883022653771537769e+00 -1.040220791420888347e+01 -2.722528747589098685e+00 5.941175818001515836e+03
-6.291898321888145773e+01 1.715355113336395476e+01 -5.842703946541696780e+00 -6.299496686808567780e+00 -3.844735797920190379e+01 5.703513091592893325e-01 -1.382551220215214904e+01 1.078264939088239416e+01 -3.127220147160894914e+00 -1.607216982127673433e+01 -1.832537302608256979e+01 -1.276906683299612766e+01 -1.884826110138160260e+00 6.883313647841000602e+03
-5.348669313039249573e+01 1.233249264137852386e+01 -2.551640725901768647e+01 7.591462705356721408e+00 -3.154624871009382048e+01 1.644365020555123991e+01 -4.803293751532946487e+01 -8.579764666486823899e+00 1.422398866261508488e+01 -8.827986751293796175e+00 -1.923505074899468781e+01 -2.553512823708853219e+01 1.790639545561842993e+01 8.990893103203936334e+03
-6.111667136325741723e+01 2.624685128260075118e+01 -1.786674374972808366e+01 1.621234690540764589e+01 -2.753672182317226103e+01 2.103867914533595851e+01 -2.432537473705868081e+01 3.588112896277509734e+00 1.051535472190893117e+01 -1.306435846412906265e+01 -1.003315645398436118e+01 -1.178404662610523346e+01 1.533848589938715712e+01 7.567748204385911777e+03
-5.283766293951328663e+01 2.276318464600512215e+01 5.840659833285643643e+00 3.445417210604526215e+00 -3.712702310947479134e+01 -1.415997618381014966e+01 -2.673288547160527173e+01 -2.157822243059463929e+01 1.015399303082605265e+01 -1.567151557543191842e+01 8.067594222503272405e+00 -1.253137012274771145e+00 -1.338720163036943767e+01 6.709726597884488910e+03
-4.903037321097279744e+01 3.149211429467187529e+01 1.458021706230184478e+01 -1.736509506993915375e+00 -4.137041508745370777e+01 -1.354361684160327250e+01 -2.599265123545319156e+01 -1.065676096720022592e+01 2.347126668101834568e+01 -4.085163799884957037e+00 4.807215489585817458e+00 -2.620817528451791500e-01 -4.539737039688923836e+00 6.906830371909384667e+03
-5.345437647958772942e+01 4.284199979787060641e+01 5.294034451020042553e+00 3.841659120106120984e+00 -5.671525721031061806e+01 -1.213429507673228258e+01 -5.894568388363965994e+01 1.458717128958599218e+01 -2.751102492962147927e+00 -2.010015628552451084e+00 -1.002907978981066250e+01 8.313331937538399607e-01 -2.764161254424629122e-01 1.189979187918616299e+04
-5.235040694158018937e+01 3.714458485518974129e+01 9.704220951863613109e+00 -1.101877069257416908e+00 -4.269292387403861966e+01 -2.959960616484088192e+01 -5.593748865773031298e+01 2.275577179247592952e+01 1.602225997061111329e+01 4.251434961766649701e-01 -4.600136609276548327e+00 6.955160027320711480e-01 1.963203094134737814e-01 1.083989865216101498e+04
-4.272073988648235598e+01 2.697518120592580715e+01 2.493642918879351633e+00 -1.376622199323852946e+01 -2.770253230420303936e+01 -3.318827938051465054e+01 -2.687100712220973975e+01 1.279992532862830323e+00 8.330734760891417068e+00 -2.150489625487217005e+00 -2.659002506858118231e+00 -4.519141770369101252e+00 -1.520359643372525493e+00 5.444860906868578240e+03
-4.574312746421504272e+01 3.109955329149440217e+01 3.013341107733873869e+00 -1.445659155695872755e+01 -3.049828048703595940e+01 -3.472522142405880885e+01 -3.850220583291456222e+01 2.969166543278212722e-01 1.982651357774503609e+01 -3.316936614044150744e+00 -9.217430263465663742e+00 -6.920666990734662960e+00 -4.500570825302178946e-02 7.433134705252149615e+03
-4.558911030441419143e+01 3.874179084453011512e+01 -1.138329948281884496e+00 -8.021517488108443672e+00 -2.191780754717411739e+01 -3.080790139030132480e+01 -3.938902488226349874e+01 1.886136069988376462e+01 2.907123014226762336e+01 -1.156476170702811679e+01 -1.886287425115276761e+01 -9.638209298758075860e+00 8.443384171776246561e+00 8.480571133547435238e+03
-4.641805570356434174e+01 3.667189658667589924e+01 -8.964815886177110116e+00 -2.411352431031723853e+01 -2.939478433516050515e+01 -3.330556849233703787e+01 -4.788671690831257166e+01 4.434217167136305982e+00 1.179041821831148162e+01 -2.130819080365336760e+01 -3.148771379887818611e+01 -1.758224145664199511e+01 -4.181904041289444152e+00 1.035856066336878030e+04
-4.906360106428068235e+01 4.553930207010309061e+01 -8.071206668127523187e+00 -1.381797950783571061e+01 -3.891550240594382615e+01 -1.463398607266576157e+01 -4.881019417582154318e+01 1.070460048381176676e+01 1.213821076260948040e+01 -1.664616778663270935e+01 -3.067222643711074781e+01 -3.074101169613871143e+00 2.199897537341356735e+00 1.034224550435047058e+04
-3.897942612390961870e+01 2.442234889076464199e+01 2.061103123469172793e+00 -1.338545645366915515e+01 -2.016268974913066714e+01 -1.743564281500013635e+01 -1.082378613195043826e+01 -2.973848144491938239e+00 8.132308192283410619e-01 -7.813972202320634608e+00 -8.397563801296479724e+00 -2.249889850235662347e+00 2.631200837370058832e+00 3.280023000084471732e+03
-4.905286825595068478e+01 3.789568671069395123e+01 5.437835612064001012e+00 -1.946633613881538238e+01 -3.475981252441911096e+01 -1.056524074902104893e+01 -1.596485164194717576e+01 -2.811579150351350087e+00 -5.706458237429506752e+00 -1.940838901367822089e+01 -2.081720927912682129e+01 -5.730819896543538405e+00 5.770453198903929604e+00 6.742171457009631922e+03
-4.801137658282205223e+01 3.010433089471590407e+01 2.838232510682697107e+00 -1.262142442183908742e+01 -2.417255865608406751e+01 -1.049714443520913676e+01 -1.405829628130040732e+01 -1.082350627671633170e+01 -4.587100522617358678e+00 -1.440825303026891824e+01 -1.545705386757797939e+01 -6.248988860790016808e-02 3.722023816304401489e+00 4.869422681076774097e+03
-5.113526007872240342e+01 2.107111825659130844e+01 -6.660835673181317418e+00 -4.391829788813732094e+00 -1.503972132764411818e+01 -6.362573171044160425e+00 -1.841642284262366758e+01 1.949783525187066546e+00 -1.013223186741232418e+01 -1.303191097638217322e+01 -9.679656753331691732e+00 -1.397498939977789156e+01 -8.098924458481736366e+00 4.359185077026132603e+03
-4.807078008013918691e+01 2.199741519660846123e+01 -2.227050709124606698e+01 -6.528233824305943678e+00 -9.336210359538235082e+00 7.781961488018612982e+00 -3.293531154568302810e+01 -3.923252067679271704e+00 -1.273121179512909684e+01 -6.494062810230708749e+00 -5.768043590845362001e-01 1.423372199475191557e+00 1.897895428034489518e+00 4.791347201985754509e+03
-4.847475348416039509e+01 1.751999400095299109e+01 -3.096371059024393446e+01 1.915134196990386783e+01 -2.659611886292867311e+01 1.366900330914601280e+00 -3.094354382860885977e+01 2.212147886682858200e+01 -3.498539427531566304e+01 4.844025005573358023e+00 -1.996043514721647938e+01 -2.475874068791173777e+00 -1.105498698970896143e+01 7.912565926789692639e+03
-4.684172960594931112e+01 7.608217324573287588e-01 -2.242135552066222814e+01 2.604191391811267131e+00 -1.990359648401268089e+01 -1.325978988331792507e+01 -3.634184396640142012e+01 3.053409643743466972e+01 -3.969322108363888191e+01 1.170875398288554869e+01 -4.140612861288872892e+01 -1.024212526877598339e+00 -2.281292722984028742e+01 9.477854193879187733e+03
-5.347372116290073052e+01 7.537158790288100985e-01 -1.983816334806319404e+01 -5.390300225090463027e-01 -3.888556446948859957e+01 -1.391957413873009664e+01 -6.024631489422507968e+01 4.753026291106590406e+01 -3.794509293261879890e+01 3.335250585450589966e+01 -3.286668354172317663e+01 2.694935651952558686e+01 -1.622414393402747024e+01 1.547036551474733460e+04
-6.003100170472431785e+01 1.120353944061033857e+01 -6.552553376672959118e+00 -9.313767454336776552e+00 -4.382431969314143316e+01 -9.504043734314162606e+00 -4.431070492757326207e+01 2.895675592005527577e+01 -2.476133657332064786e+01 1.647493145395509373e+01 -3.836818049465314573e+01 1.312942577503561736e+01 -1.404186957503506683e+01 1.139797316220460925e+04
-6.208064035445963924e+01 1.537027932514801698e+01 -2.446665442888801056e+00 -7.154393886865934249e+00 -4.530501339353416768e+01 -6.956370781483101062e+00 -2.763443671625666553e+01 3.261586212896076376e+01 -1.956691925681995770e+01 1.005864580269281561e+01 -2.194476399136093647e+01 1.121554647304620644e+01 -1.384182359599187073e+01 9.358812719483728870e+03
-6.006800278198378606e+01 1.273318849731748692e+01 5.345534797274238414e-01 2.442548519500913340e+00 -3.056626909279846771e+01 -1.051868536991207748e+01 -1.242145746979342213e+01 1.257705508249880211e+01 -1.431884221074798980e+01 -7.282842215715319867e+00 -1.037454697405099679e+01 -2.415268277280912645e+00 -2.792529889666853116e+00 5.513297308552116192e+03
-4.239026741800037001e+01 4.896948307537105194e+00 -4.288914141838345984e+01 1.635157948038535736e+01 -3.065620673258599282e+01 1.018344262496184349e+01 -3.494853774512208844e+01 1.572279398815440032e+01 -8.585945622887072304e+00 -9.978835444617574879e+00 8.263384637326282700e+00 1.148820996677719641e+01 6.525661722687228661e+00 6.856021907742871008e+03
-4.124891142276787548e+01 2.099368518375874348e+00 -3.835687186655795955e+01 2.699908938255222424e+01 -4.077247586867918727e+01 5.546656782104139261e+00 -3.013402484544299398e+01 2.873695114150902441e+01 -1.210184903073105822e+01 -3.567466665582339935e+00 9.989546133290264862e+00 -1.568977856459353948e+00 1.030006551801575831e+01 7.700638134340887518e+03
-4.800646458048916543e+01 -3.544698768754375617e+00 -3.102815076080378631e+01 7.237882842233212877e+00 -3.779594175446759863e+01 -1.452894926943709564e+01 -2.284320107155853208e+01 1.191410216764605501e+01 -1.395118327135144654e+01 -1.502004858219646977e+01 -4.151275697104833462e+00 -1.062764533701657399e+01 1.276617907407524122e+00 6.187746926876452562e+03
-4.476298018514818722e+01 1.895459483692604863e+01 -1.856408711704345071e+00 7.278892984408368072e+00 -1.915292937221427039e+01 -1.633576099265200199e+01 -1.275741435657204725e+01 1.257268607666203186e+00 -3.313285783361546999e-01 -7.813949539932443678e+00 2.130740559576438375e+00 -1.054439253768820706e+01 1.030167704349626429e-01 3.394356200850028927e+03
-4.666691341462171749e+01 2.808049286054946592e+01 -3.187352765461364701e+00 1.585726950188528495e-01 -3.573254257231339892e+01 -3.317723324662552642e+01 -2.967268570480947787e+01 -6.219074021186577816e+00 -3.432061717391196698e+00 -1.104740131629652389e+01 -1.870743020430545656e+01 -2.513031420254986159e+01 -1.633803435634976875e+00 7.391181887000278948e+03
-4.138406918681024393e+01 2.311182199342496801e+01 1.426742203797070951e+00 -4.530034009462325706e+00 -2.178537451901173227e+01 -2.542735573348861777e+01 -1.631000247606711540e+01 -2.797468862703443637e+00 1.007332629276160318e+01 -2.433603401152535817e+00 -1.487415008888289947e+01 -1.127696260942400386e+01 -5.911153115315864959e+00 4.155095560923747144e+03
-3.915992626060199200e+01 2.129408842298500559e+01 1.488781859603404811e+00 -6.572986769633192949e+00 -1.805356224526257591e+01 -2.298339114340553380e+01 -1.617655868297055477e+01 3.002048157069743262e+00 7.418366924598662315e+00 -1.110265356077666610e+01 -1.068718655405386109e+01 -6.163221582106681140e+00 -7.636639082932046740e+00 3.546039972269111331e+03
-4.177161990544298931e+01 2.248925217653506081e+01 -5.823859007786619912e+00 -1.683787833467545880e+01 -1.814927467716535858e+01 -2.540536467284335487e+01 -2.656156456915820030e+01 -1.221858624734858623e+01 -5.961433907563099766e+00 -1.884458062683324542e+01 -2.036414288350794877e+01 -4.312000747829205949e+00 2.438159867733598885e-01 5.221713486553382609e+03
-5.017972671756935199e+01 4.501969810395232230e+01 -1.200763937227992351e+01 -8.759431573981533603e+00 -1.610993851841852376e+01 1.590429808085905528e+01 -3.971856041287652062e+01 -9.359497758292247838e+00 7.137651722235202278e+00 -2.505800634508310765e+01 -6.785429203270568976e+00 -4.874359681359385910e+00 1.508261529387187139e+01 7.919466761662733006e+03
-4.978476304036745859e+01 4.222228920090345383e+01 -6.490188254843468840e+00 -6.577148539431305174e+00 -7.413502241352931676e+00 1.524996712548284172e+01 -3.424097780208172281e+01 -1.874584378315842059e+01 5.253761859347254592e+00 -2.169648041597367083e+01 -1.295216027393342451e+01 -8.824593930029152489e+00 1.590365494984632377e+01 7.154895926310201503e+03
-4.928096514312483123e+01 3.960720666571681647e+01 -7.528850156272741678e+00 -6.186818763683757716e+00 -6.903041675790086984e+00 2.420064121343628472e+01 -4.839714007960121478e+01 -1.451223010758299026e+01 3.771881796856504820e+00 -2.178272621167629097e+01 -1.518166754851109168e+01 -1.027279038210254747e+01 2.352134398219791933e+01 8.656496794507429513e+03
-4.894000284579544058e+01 3.249231839024101021e+01 -6.774629420804351376e+00 -9.946111669033930625e+00 -3.040288365091512457e+00 1.312897701606745571e+01 -5.250884093430094879e+01 -2.143687278154041209e+01 -2.448442734699789902e+00 -2.300720247157851261e+01 -9.906319116077861864e+00 -3.527576783327342813e+00 1.325716914416618053e+01 7.815684383290570622e+03
-5.230892888433263721e+01 3.817383029130555627e+01 -2.125075390601633885e+01 2.712303163780566351e+00 -1.588481489115942757e+01 9.696668001000070092e+00 -6.205687796592437877e+01 -4.774437047597725581e+00 -2.150264614050130163e+01 -2.602195359658384177e+01 -1.949365309220575426e+01 7.155886113411670024e+00 6.918661641125557482e-01 1.044381431237181823e+04
-5.263452458327994066e+01 3.180279428276898201e+01 -1.396391563103294153e+01 -4.064876859413921295e+00 -6.168795998114080525e+00 4.536482553745507795e-02 -4.289279570541958719e+01 -1.826302739425147337e+01 -2.809726340880540008e+01 -3.147462520369716898e+01 -1.729400080103818027e+01 7.427415282116267115e+00 -3.880720064227370703e+00 8.354128453469837041e+03
-5.405069204686655127e+01 3.364669102006543255e+01 -1.576140201900379623e+01 9.422080908799630450e+00 -1.546034899295861242e+00 7.123334241749656570e+00 -3.715764896302616904e+01 -1.594083416946260279e+01 -3.037593580716350061e+01 -3.299782057439868765e+01 -1.597603971319574612e+01 1.773788655468148079e+01 -3.940411527617402321e+00 8.675654660881353266e+03
-4.729539317164316969e+01 3.559513097636376955e+01 -3.003647874288246555e+01 7.104468367258142791e+00 3.703523849504537502e+00 -1.952962077721512202e+01 -2.205470702045519005e+01 -2.446483850752271749e+01 -1.504450591838918783e+01 -8.332523809940560966e+00 -3.622087276701626113e+00 -3.743348275486275689e+00 -1.558007349323512924e+00 6.261919362924618326e+03
-4.958847014759795968e+01 4.656339184626657612e+01 -4.254467566445563875e+01 1.132183049129692520e+01 1.499713930039553222e+00 -3.297836960698959530e+01 -2.083379154278638623e+01 -2.973238735697980673e+01 -1.680997405932949107e+01 -5.778997776514370521e+00 1.829578563265984448e+00 -3.553466231319955426e+00 -2.149619551967692832e+00 9.309850224047282609e+03
-4.686401702268165081e+01 2.931099696779099517e+01 -1.206924713473505584e+01 -1.232391038335654798e+01 -5.717946280956772931e+00 -2.411925988096815843e+01 -4.072788656138173735e+01 -3.120835446500437982e+01 -1.513015370635543988e+01 -7.640571493536907788e+00 -2.345970017227713811e+00 -3.458992101832997434e+00 -8.397765289597158400e+00 6.975362414799315047e+03
-4.363072855343862955e+01 2.683372169880636804e+01 -1.580750514241636706e+00 -4.882968346938362458e+00 -1.826627671319979829e+00 -1.138550193961627244e+01 -3.541243106217807224e+01 -2.476796495389958253e+01 -3.801352221894564121e+00 2.609319370513903724e+00 7.931222934046266992e+00 2.869699918152770923e+00 -6.818338342439822952e+00 4.789377870030076338e+03
-4.669378482399046959e+01 4.091504766561521933e+01 -9.413814114171247027e+00 -6.494481161788610013e-01 -8.427694318081448088e+00 7.945811850598795800e+00 -4.991551164096150472e+01 4.574240994309658470e-01 2.175122243345815498e+00 -9.756791091816779726e+00 5.550031517446375240e+00 -1.708627226648526065e+00 -5.849644855994859949e-01 6.703312411846867690e+03
-4.184632278708011910e+01 2.445145994533232070e+01 -3.182147136169500623e+00 -1.253601450009014862e+01 -5.381375143464011579e+00 -1.389725564687929271e+01 -3.525170351994744067e+01 -2.213892649691017667e+01 -8.570037405185111368e+00 -8.368601489961406514e+00 -3.723654329904547033e+00 -4.338022855553519186e+00 -7.683742358443669929e+00 4.706376897163588183e+03
-4.749569365902214457e+01 3.558726378394641898e+01 -3.859678300724938005e+00 4.101811561421190078e+00 -1.813649838675845061e+00 2.208194766085374849e-01 -5.046212277430649351e+01 -2.850388632161363844e+01 3.782656694082439763e+00 -8.188939966895413258e-01 7.473212352337591291e+00 4.853988812990749580e+00 -3.497127359420832526e+00 7.022870780824471694e+03
-4.913277350997915249e+01 3.939162357275975523e+01 -4.918368876779704024e+00 9.129951551185413905e+00 -1.195989990510139123e+01 1.978648510676696404e+01 -5.972124633128762383e+01 -2.120958534154821606e+01 4.949165964556912378e+00 6.398391091993077318e+00 -3.157279945236475260e+00 -5.216594384070560864e+00 4.293530179200156560e+00 8.745343107890124884e+03
-4.487714089254942706e+01 2.509814890232458495e+01 1.022104233930967832e+00 -3.426161161197766591e-01 -6.887436460601163546e+00 4.032905714513900008e+00 -3.283414802698443680e+01 -2.552719000418725770e+01 -1.943943864554096290e-01 -5.409218415127054591e+00 -2.528392932332604648e+00 -1.200388331793767271e+01 -2.764532968662392509e+00 4.625882812655601811e+03
-4.548530107881440898e+01 1.647849654519703222e+01 -1.092528651949593055e+01 1.861671344085308633e+01 -2.638300456173969266e+01 2.383599170764318842e+01 -5.487764615875058638e+01 -2.454746053946096396e+01 -4.343772248921204948e+00 -4.183473930959831222e+00 -2.063333922191431569e+01 -1.814699020546546393e+01 -7.456672110240130991e+00 8.531768376150421318e+03
-4.261991918589144035e+01 -2.207988422031495368e+00 -7.855134376937904506e+00 2.997529995718786111e+01 -2.126266686528245486e+01 2.730321803479474241e+01 -4.993695560893072383e+01 -2.495031448358035320e+01 5.328312437980915917e+00 1.680970043511810896e+00 -1.244850888962035285e+01 -5.081543147001188032e+00 -2.303374261610376283e+00 7.312648474527046346e+03
-4.235917039883960911e+01 -1.406216745107622934e+01 -6.024925113513398323e+00 3.027325034809955895e+01 -2.792084144629929554e+01 2.935135424815891270e+01 -4.292717783319892533e+01 -4.709468550727880398e+00 3.508620656988710174e+00 1.571543588454360929e+00 -1.918761119279693617e+01 -2.077188147913402450e+00 1.466198845542390439e+00 6.840219394693382128e+03
-4.062763803973055587e+01 -2.146585762463951852e+01 -2.730798345529160454e+00 2.039524787504943149e+01 -2.734185792822555072e+01 2.887699156977557990e+01 -3.918963802014705067e+01 -1.003280242195534555e+01 4.294145607435036816e+00 8.178042425564974849e+00 -2.162631843891450956e+01 -1.436163117741940454e+01 1.955539631535616829e+00 6.515852400373876662e+03
-4.388659013221935368e+01 -2.358055201684249624e+01 -1.319421329240352492e+01 2.321122805414014323e+01 -4.059279382394304037e+01 4.135101270971411935e+01 -5.912663989720773117e+01 -4.536182872119054466e-01 -2.609164905108602639e+01 2.333924285464252346e+00 -4.209778348939178017e+01 -1.621833461493053363e+01 -1.965361312625551582e+00 1.277411182694186937e+04
-4.524845473282721997e+01 -2.454899003028362614e+01 -9.078946785889744575e+00 2.027667796655451582e+01 -2.918907525472875264e+01 4.163359243911055785e+01 -6.314616345671919362e+01 8.398871080837945868e+00 -2.872672310854989064e+01 4.904309072241941792e+00 -3.127799124574439560e+01 9.099033029111284421e+00 -2.379536996776990598e+00 1.170302784244759277e+04
-4.915673743062053802e+01 -2.627683485551029108e+01 1.444989435953392798e+00 1.479825926885449583e+01 -2.321438359160336162e+01 3.456611728282506135e+01 -5.212321478948117459e+01 -8.189372873841286316e-01 -2.037987786251151334e+01 -2.897202575747648723e+00 -2.744806109216106549e+01 -3.729999354290769453e+00 -6.339342301711501371e+00 9.010387022700255329e+03
-5.596696499944400927e+01 -1.852893905147185194e+01 1.196037519154800854e+01 1.930324647610062527e+01 -2.253158605086279564e+01 4.129117153267637974e+01 -4.400553257343266722e+01 3.941943950907188521e-01 -1.671305039110338342e+01 2.928853889566707558e+00 -1.431798676733955844e+01 -1.048845832253846133e+01 -8.758850665910252076e+00 8.820198362185785300e+03
-5.987518887325374806e+01 -1.262666996752330384e+01 1.215912699685778620e+01 1.680466169121813635e+01 -2.655238687586767909e+01 3.300941296583940954e+01 -4.940116054075289043e+01 5.333356107685007785e-01 -2.611712485639090175e+01 3.249201114191937911e+00 -1.760988926871437243e+01 -1.338215747940075140e+01 -1.543729157930191498e+01 9.830283592569634493e+03
-6.354137463433097111e+01 -1.069363128960837983e+01 1.251521893934844343e+01 1.632725336614256761e+01 -2.818665514280245077e+01 2.442412352427697542e+01 -4.595913367572982366e+01 -3.393447393392729494e-01 -2.744299681803938284e+01 -3.952452197960143909e+00 -1.526543249960906756e+01 -1.478873181413068494e+01 -8.632814020847030534e+00 9.373457858025674795e+03
-6.582727990053821543e+01 -1.368783372491933470e+01 1.319290611472130514e+01 2.686402363731840026e+01 -2.471759836772720220e+01 2.900994192335230792e+01 -4.948771021282207272e+01 1.040750512194101240e+01 -2.224984192651682591e+01 -6.179101265017995281e+00 -1.841055851291021028e+01 -1.824549403059405606e-02 6.547775156213877512e-01 1.029881662280776072e+04
-6.032997919770370032e+01 -1.808473230106073260e+01 1.951215517005332911e+00 1.758362585937270950e+01 -3.147817130709849920e+01 1.887774727355440518e+01 -4.101533784200466926e+01 7.458147160107215790e+00 -2.258596531662532314e+01 -1.983363757632953650e+01 -2.930291927483529335e+01 6.317771756533370198e-01 4.105664248515312309e+00 9.144297289213138356e+03
-4.707589051089500032e+01 -1.352720148581794035e+01 -2.816419342270945592e+01 -2.293027810862909632e+00 -4.523987011370435596e+01 1.458544319653035082e+01 -6.495698901150001348e+01 5.338850921302765506e+00 -1.349855287549759097e+01 3.265260924809952670e+00 -2.998716344437684000e+01 1.797488674447031087e+00 -7.147885353993280733e-01 1.080074388513352278e+04
-4.351575012412125432e+01 -9.059932285342137348e+00 -2.660261378429094847e+01 3.328668599833334518e+00 -4.140007773817021786e+01 1.676287255212985627e+01 -5.814576691507011930e+01 2.633468599996464210e+00 -1.096758552550655708e+01 1.154283272171492669e+01 -1.999327373003358588e+01 9.185345282630999364e+00 2.252877196671505988e+00 8.820009614187201805e+03
-4.439706033563599874e+01 -2.518005870330599638e+00 -1.523042916986754669e+01 1.494490946902217665e+01 -2.136629286177241127e+01 1.688760896217379681e+01 -3.556234575603809844e+01 -4.899817663291972103e+00 1.948895449070080721e+00 9.937954846193994385e+00 -1.205815092206305117e+01 3.913482709661677994e+00 -1.838603289403651697e+00 4.729810020294847163e+03
-4.678202905353683860e+01 1.461565555639592517e+01 -6.794178419310029859e+00 1.109849208290440536e+01 -2.516395440614430967e+01 9.838248978847913051e+00 -5.878646639078075964e+01 -2.410461020954280187e+01 -9.032446461192590093e+00 3.800749527688829232e-01 -1.619228900352810641e+01 -4.548526547293425537e+00 -1.232412793811955432e+01 7.854902617413965345e+03
-4.655270822930035735e+01 2.707522066627583612e+01 -7.544565157189405902e+00 1.055019252451501366e+01 -2.370246078931551992e+01 2.665961885091009975e+01 -5.659982304988832169e+01 -9.428099382975229759e+00 5.755105342817872227e+00 2.937510027916622857e+00 -1.289299080799727371e+01 1.223280769598965456e+01 -1.594526077358810490e+01 8.245292535235010291e+03
-4.610007334108843935e+01 2.511441306969421206e+01 -6.557580659585649840e+00 -5.465264192321261483e+00 -1.475715962539105064e+01 1.390132810450484158e+01 -3.804545443139314642e+01 -2.654989527347068190e+01 1.149952311035203145e+01 -1.154768615842274393e+01 -9.153267117989734913e+00 -1.049795361719300990e+00 -1.315941252154962449e+01 5.915838302415667386e+03
-4.857087830367476755e+01 2.699605630954516755e+01 -1.676902990096452228e+01 -1.090251815586882067e+01 -2.280743808000334383e+01 1.215846630581699728e+01 -4.859532662712309303e+01 -3.467428993566305451e+01 -5.910999459168307935e-01 -2.649297403191524936e+01 -1.080529526278542995e+01 -5.165449038375609092e+00 -1.440417978964527634e+01 8.772945965737339066e+03
-4.895207099465646650e+01 2.712114620605566628e+01 -2.139233181319795918e+01 -7.093524092535215431e+00 -2.990373806090785891e+01 1.291134936180815806e+01 -4.721610046276433081e+01 -4.394554612091053514e+01 2.295145759952262221e+00 -4.190979757209331069e+01 -8.130661456483046834e+00 -1.139770634347131306e+01 -2.620383247756816658e+01 1.150567445850412332e+04
-5.026223901472550182e+01 3.083466413258240379e+01 -2.309733772330858770e+01 -6.509533328566213584e+00 -4.366425314076090558e+01 2.926613125771851287e+01 -6.287093680321484612e+01 -3.734073389648857244e+01 -1.151897901543303071e+01 -2.790949281489463729e+01 -2.326111248542886756e+01 -6.152739387339638988e+00 -3.132467145019377242e+01 1.463488602481303315e+04
-5.064181965872089108e+01 3.520082565334785585e+01 -2.012672637186156521e+01 -4.652615808197058556e+00 -3.841783881454798433e+01 3.771417967116265402e+01 -5.995629789446876856e+01 -2.564512258245281373e+01 -1.791617995458954482e+01 -1.008471972068825551e+01 -1.656230261528663306e+01 2.579386684216111725e+00 -3.520001453773512168e+01 1.332383883331279503e+04
-5.035721734686751461e+01 3.243150506255760490e+01 -1.087165033580797235e+01 -1.453481903179452317e+01 -2.263156672966396599e+01 2.893526381549253301e+01 -4.879804663439540491e+01 -2.573429871948487602e+01 -1.592857093230813703e+01 -1.880150465559486506e+01 -2.836753972811319802e+00 -3.175368629100902229e+00 -3.442144190021812022e+01 1.012022814626409672e+04
-5.333542693995789818e+01 3.390845108102149652e+01 -6.210652216937784686e+00 -7.890733630535675225e+00 -2.036683948136316502e+01 2.013269401984107532e+01 -3.807902393049764100e+01 -2.775944214661685194e+01 -2.215806002282995379e+01 -1.300589000878463786e+01 1.267307140922841135e+00 -1.014139697401075679e+01 -3.469172700857802738e+01 9.104121632223923370e+03
-5.763714147334083293e+01 3.851681527703874508e+01 -4.392919633826100956e+00 -8.698625894596061503e-01 -3.722985567914158622e+01 1.486970431451685215e+01 -5.247559353139582328e+01 -2.393549397150757585e+01 -2.724963677123976424e+01 -4.453036793436758956e+00 -1.917388865321879621e+01 -2.835461718727456315e+01 -2.381717273196767692e+01 1.226065786827595184e+04
-5.719987409755378138e+01 4.082000743587764902e+01 3.120927894401123837e+00 3.351878701371949543e+00 -2.894306727276725866e+01 1.551949632265352719e+01 -2.988768885635098016e+01 -2.078320958770962079e+01 -8.781152835368869702e+00 -6.392985732786994113e+00 -1.294432361783129481e+00 -2.421462312868651168e+01 -1.851142837898282423e+01 8.411520961528858606e+03
-4.856473144525469365e+01 2.310448936176838686e+01 5.262933619424703835e+00 -5.078687317707959892e+00 -1.301337430108019255e+01 -1.140197826747438548e+01 -1.594270017015752039e+01 -1.561508341416286250e+01 -9.749544169885925982e+00 -1.073709709778681365e+01 -1.276992340357738875e+01 -2.111278230937318057e+01 -2.198996440146967757e+01 5.045913562592051676e+03
-4.765284459532045958e+01 2.299042110697660135e+01 6.975889493855340184e+00 -5.621324411358960660e+00 -1.457013431271700199e+01 -1.436124570246225218e+01 -1.421276791045607268e+01 -9.982726510655528074e+00 -8.647142638863828168e+00 -1.118412906008853547e+01 -9.138737056801915060e+00 -1.529698670410533978e+01 -1.699782763156909127e+01 4.406105455411286130e+03
-4.736348972056005380e+01 2.321256001939018887e+01 7.651704129349449879e+00 -2.853623287102879047e+00 -1.261442702110099567e+01 -1.658781068589454577e+01 -1.445538033324948124e+01 -9.617158785233193896e+00 -3.915973663730886400e+00 -4.820665114489487202e+00 -9.012866364628488114e+00 -1.631319167821626337e+01 -1.665125928375371700e+01 4.247731919664992347e+03
-4.769515663736346767e+01 2.332110848813938375e+01 8.449571751720903023e+00 -2.940099007828661737e+00 -1.286220586752608419e+01 -1.667555974474942815e+01 -1.744802566128107912e+01 -9.377790441598396143e+00 -5.611658499592778959e+00 -6.342768402553463858e+00 -7.730766776152385056e+00 -1.611052755177692575e+01 -1.595168878926572553e+01 4.380120348661998833e+03
-4.813045229431895677e+01 2.304164270665272696e+01 7.740143471567195732e+00 -2.513386053643066997e+00 -1.537106173895791272e+01 -1.781558166819955957e+01 -1.590357190616165362e+01 -1.234477915273576265e+01 -6.956184954237840223e+00 -1.150049481878502000e+01 -1.193539005525910568e+01 -1.274715309934574670e+01 -1.486829159016052770e+01 4.579325760869107398e+03
-4.844408234124020396e+01 2.217904858510366850e+01 6.547859824195578327e+00 -4.348381369454178191e+00 -1.417005060483446499e+01 -1.738341721513678806e+01 -1.716327054647853600e+01 -1.287779854164430660e+01 -7.936013150473963940e+00 -1.136623860468896652e+01 -1.449183415622049154e+01 -1.514330714579124226e+01 -1.548325396843560853e+01 4.735147124904123302e+03
-5.435608432822532166e+01 2.512052420267859176e+01 1.177042989469984846e+01 -1.339749561379612652e+00 -2.026412924861629250e+01 -2.225397025098723347e+01 -2.331150639323071161e+01 -1.496255808772393969e+01 -1.291961222882101268e+01 -1.410218815350539678e+01 -1.556818200004681430e+01 -1.601412507475357927e+01 -1.313982779154910219e+01 6.436404847442332539e+03
-6.028301614769863193e+01 2.617553152844070041e+01 8.700859967726179534e+00 1.694112988088825489e+01 -2.177083903677843679e+01 -1.850025338651300899e+01 -2.644774084656462421e+01 -1.546232190536886186e+01 -1.694677520211568478e+00 -7.903721423855431638e+00 -7.894708272568599305e+00 -1.323936551988432875e+01 -1.023379311653358670e+01 6.844381018675484484e+03
-4.206268095547362407e+01 5.345042174097019760e+00 -4.404327395638659226e+01 3.546262770950917798e+01 -3.766654089875399336e+01 -6.538737027423775494e+00 -1.407332724187662620e+01 -1.391132805243659343e+00 -1.675754753474515413e+00 -3.458365191366977598e+01 1.758875635893295541e+00 -1.911067752221754290e+01 -5.839266226798550896e+00 8.258009527803318633e+03
-3.460432298590236400e+01 -3.472634593428649108e+00 -2.698636524950039828e+01 3.727638563615691680e+01 -3.034136844862328530e+01 -8.471656268916236243e+00 -8.584097370184936793e+00 -5.301069856536016367e+00 2.754425169892716685e+00 -2.185682007818162376e+01 5.664744652786288803e+00 -8.568049316616342281e+00 1.937675236003238988e-01 5.012312653238513121e+03
-3.922315280985547048e+01 -3.412862151322795246e+00 -4.999114298367759801e+01 4.572734933904252586e+01 -6.090195388333236792e+01 1.571518919800942715e+00 -4.385429161558996469e+01 -3.418754498828100452e+00 -2.105772761484535494e+01 -1.855442590826241656e+01 -1.080192678475533796e+01 -7.162521750731323245e+00 -2.233941593088095345e+01 1.324134009006186352e+04
-3.991255794915446842e+01 -5.858962910008025382e+00 -2.995226133336764818e+01 4.412451619292540528e+01 -1.398839451320188054e+01 -9.422223625076322495e-01 -1.996882574922927489e+01 -8.482177870963342414e+00 -4.399509043997157143e+00 -2.589658645765378253e+01 1.064136476853800595e+01 3.324982942702612299e-01 -1.073100739411284010e+01 6.057207512874906570e+03
-4.086036621175824024e+01 7.937425373985791843e+00 -1.790168285151909089e+01 3.216851530762568245e+01 -1.464769723128651258e+01 -1.356975804523581886e+01 -3.209384780458384512e+01 -1.982027172801600656e+01 2.109056761639671596e+00 -2.612041230972428352e+01 5.146225067112558449e+00 -4.046540579551275441e-01 -7.091958726432599391e+00 5.673074795981005082e+03
-4.247117020839096568e+01 1.915071929848409837e+01 -1.867431531815481804e+01 2.076142436496209953e+01 -2.107941473747999339e+01 -4.852503408487614855e+00 -2.504237373997297667e+01 -2.828498929713418875e+01 1.912204238564830794e-01 -2.577121067486745432e+01 2.623747453707489186e+00 -6.754039324435550107e+00 -7.732844539468709755e+00 5.621856607326270023e+03
-4.478986333734820136e+01 2.641640429569234527e+01 -2.175978974858403703e+01 2.020220624338668003e+01 -2.675821321230141692e+01 -3.276204926555613461e+00 -2.511648853851097840e+01 -2.596874507055482439e+01 -4.612889204594686987e+00 -2.575083905181623933e+01 5.586694411650775294e+00 -1.000269114456741626e+01 -1.341362049730322781e+01 6.613099728889965263e+03
-4.336431020082751076e+01 2.641456829863059497e+01 -1.112627134438235998e+01 9.846116033914622534e+00 -1.373090145978523147e+01 1.592673485411688850e+00 -1.255462444071594419e+01 -1.957216764960731936e+01 1.021541541671918729e+01 -1.717853296143995223e+01 -3.107206904129971470e+00 -7.368956336730407841e-01 -9.249253794418718755e+00 4.025898490176962241e+03
-4.641705960910104523e+01 3.239830237892034148e+01 -2.193682421152938034e+01 2.566769958544105634e+01 -1.666127470324320115e+01 1.085284190274700400e+01 -2.462285897392407819e+01 -1.715562199345849592e+01 2.975807047794117866e-01 -1.493667201721108739e+01 7.861551457381584562e+00 -7.405176575665453953e+00 -8.375629865617346681e+00 6.050215812727188677e+03
-4.815834307588725238e+01 2.450632092056530453e+01 -9.908931799309712574e+00 1.740450095425718757e+01 8.603129432818618083e-01 -4.372797832289982978e+00 -1.852906074538873327e+01 -2.770341255584511941e+01 -1.486536277956905217e+01 -9.769425769083589728e+00 1.152939204457241296e+01 1.306770391478276672e+00 -1.770045705590259644e+01 5.215917414522004037e+03
-5.083106862695833428e+01 2.273416401275131804e+01 3.842532177657399295e+00 1.462875339121398355e+01 -1.094086981232792866e+01 -2.075528925876225728e+01 -1.473550751509449874e+01 -9.723982736923444392e+00 -1.089295354230039159e+01 -1.590884669754589886e+01 -9.849902028974910628e-01 -2.402050521525712412e+00 -7.227884776416953372e+00 4.622311127764762205e+03
-4.957714448867490376e+01 2.283107010114137125e+01 4.462081497168153277e+00 4.533922065532488332e+00 -1.183158077292187293e+01 -2.088410857487415839e+01 -2.209418426615740216e+01 -1.609666275451234441e+01 -1.164916108770853675e+01 -1.041550052335392529e+01 -3.759239953688852331e+00 -8.812933383315645131e+00 -1.420934864432000033e+01 4.880896336913979212e+03
-4.762391104247414120e+01 2.242093055511305266e+01 5.213581593324822627e+00 1.393233333473397062e+00 -1.409944614698981624e+01 -2.072790333334192425e+01 -1.028256186927284332e+01 -9.579676321617135670e+00 -1.067853499037438780e+01 -7.322850081357206165e+00 -5.091942488783999465e+00 -1.502053186059589329e+01 -1.642733441641405534e+01 4.314856011928703992e+03
-4.851272300501143064e+01 2.560491130833519335e+01 1.255245851909526644e-01 -1.672497263330270378e+00 -8.206687623701201417e+00 -1.469657625574075155e+01 -9.509912981426250411e+00 -8.414491967807757433e+00 -1.300033466458517140e+01 -9.143899781663273885e+00 -2.180363182535481892e-01 -1.196883752482105301e+01 -1.653652035522630825e+01 4.125866696969197619e+03
-4.394100445898693863e+01 2.350976124120396094e+01 -1.616979147344779832e+01 -1.043158072736423136e+00 -4.133590372925152745e-01 -1.969102156091080502e+01 -4.078222170932181534e+00 -1.933212122527457666e+00 -1.602871834844376053e+01 -9.461397085490908410e+00 2.297742489738371585e+00 5.254893039289398882e-02 -1.273592212520463107e+01 3.668271423556347145e+03
-4.823031734062507070e+01 3.520637200665598243e+01 -3.340148285245808069e+01 -5.404549010987238056e+00 -1.553270867696791946e+01 -2.083720464636512304e+01 -2.106208063537325614e+01 -1.062864068618006463e+01 -1.937245967614441611e+01 -2.427902246189459490e+01 -1.842562328064623944e+00 -1.096232450365212152e+01 -1.322335524257005090e+01 7.205741571185008979e+03
-4.108986745034857080e+01 2.410598507975072735e+01 -1.120959319712294544e+01 -1.025236719588969692e+01 -4.397293837812053852e+00 -5.316273543036147409e+00 -1.217235604411246186e+01 -1.473884688831147116e+01 -1.389858442299546581e+01 -8.920402687250243545e+00 1.345523810943448240e+01 7.252538352071751682e+00 -1.245056019901433153e+01 3.574643980723858476e+03
-4.968976170710931939e+01 3.962902280349646134e+01 -4.550877389051046862e+01 -1.804383958953317801e+01 -3.763667949637176235e+01 3.913649641135648061e+00 -6.139319147757544926e+01 -2.320756400605624847e+01 -2.970991178324885240e+01 -3.756880278807015117e+01 -5.814855633135941559e+00 -1.705371150994736951e+01 -2.546712975046612826e+01 1.544302192006651421e+04
-4.647108816263663300e+01 3.445677242407919039e+01 -2.896659119836992247e+01 -2.703592951276936773e+01 -2.029162517970634738e+01 -7.836900839462433765e+00 -3.934823163089931342e+01 -1.522660265299338889e+01 -1.424624686979802490e+01 -3.124154171915208167e+01 9.757059562078621573e-01 -4.057398420193899291e+00 -2.318044970106568314e+01 8.903873130471114564e+03
-4.543582380508731688e+01 3.053965432083354870e+01 -2.606999644704414365e+01 -3.452601326174161755e+01 -1.669980688132212521e+01 -1.084918879329942776e+01 -3.849327679377862665e+01 -1.981063643433932597e+01 -1.933024210270219001e+01 -2.623583984784643874e+01 -6.887277714428861053e+00 -9.211556652540572543e+00 -2.663512644585748035e+01 9.043251882320311779e+03
-4.048917222704762509e+01 2.202074408453973930e+01 -1.787926314218048063e+01 -2.549266792593099495e+01 -1.174414516832297650e+01 -9.438448504023444485e+00 -1.645785931198945207e+01 -8.327027305898836218e+00 -7.872852226570468126e+00 -1.564059636433601064e+01 -1.689057995167488446e+00 2.088736595469699253e+00 -1.531456119167499708e+01 4.209401757724957861e+03
-4.106576100656229755e+01 2.566342913209383170e+01 -1.259774754425724907e+01 -2.324056506182376935e+01 -6.111934458538458514e+00 1.790266337089319870e-01 -9.308566858425315615e+00 -3.376860335628228960e+00 3.301746590448500829e+00 -2.774813910874329714e+00 -4.007956606727094417e+00 -7.754134679662590124e-02 -5.475566085234084390e+00 3.243928501056114328e+03
-4.739935465181446972e+01 3.536304667875425167e+01 -2.215341827935088759e+01 -3.109869918984058046e+01 -1.133021700204818139e+01 -4.289906793842217070e+00 -2.404762681080451614e+01 -1.062487007794299210e+01 -8.759440334242395210e+00 -1.716569973500703838e+01 -1.114860252442166200e+01 -8.891841495623587832e+00 -1.642419303948504350e+01 6.637599604381231984e+03
-4.989429328487532445e+01 3.113875748551592793e+01 -2.609681186841013201e+01 -1.042273450877219254e+01 -1.439444803717689148e+01 -1.071618363243713468e+01 -1.602356773473471563e+01 -1.489610347127026913e+01 -1.139227956067263570e+01 -1.682129230396351716e+01 -4.997722942635755672e+00 -1.474604732409978780e+01 -2.281983917674505236e+01 6.225333166702340350e+03
-5.328812987547050994e+01 2.354337458656675253e+01 -3.568232517831162198e+01 1.733429528882746595e+00 -3.498469174706212659e+00 -1.521474404649158707e+01 -2.130421308327520791e+01 -1.911544356021460800e+01 -1.251542316989042725e+01 -2.043543452515590886e+01 -4.031604279320902151e+00 -2.509928939819570815e+01 -2.879574473980711957e+01 7.782811659011661504e+03
-4.556260892247125582e+01 2.161784684556005587e+01 -2.846854155379797646e+01 1.495986442498773172e+01 -1.365110256999813743e+01 -2.823817549117062597e+01 1.131419275751655817e+01 -3.039596562171054472e+01 -1.396520223886307122e+01 2.612101008283574188e+01 -1.850466409002870094e+01 -1.178839259963432262e+01 -3.595517858908872988e+00 6.984861459313287924e+03
-4.540457739936813653e+01 3.122286954316152219e+01 -3.420108150783791956e+01 1.041103635628975255e+01 -2.730983483361587005e+01 -3.383407700623483549e+01 1.354636791156468156e+01 -2.367552186403776560e+01 -1.971806176715086778e+01 2.480906658695919020e+01 -2.247023586024199204e+01 -1.188264803052130958e+01 9.583583153910128161e+00 8.691398784944880390e+03
-4.707927574697360029e+01 2.661607341861324372e+01 -1.388004989385988708e+01 -1.895952401167118495e+01 -3.403941067441352430e+01 -3.073339551397538472e+01 -9.118798718899704170e+00 -1.898978320446165569e+01 -2.004147488547301137e+01 -3.324998594570635291e+00 -1.841571050116100139e+01 -1.677638876999043305e+01 -5.127078223638783960e+00 7.083569215772528878e+03
-4.824690518824881025e+01 3.163632648337876319e+01 -9.889093557934755196e+00 -2.227487418671494268e+01 -4.002151199432872630e+01 -1.134003956037407690e+01 -3.476274395615954305e+00 -1.516869167978196487e+01 -1.232856184818057876e+01 -3.364410210801862977e+00 -1.390704719658013389e+01 -1.254438682879696110e+01 5.324944775845147582e+00 6.437512148346480899e+03
-4.811129219280866920e+01 3.039211666043233251e+01 -8.087070601390047742e+00 -2.454583782638101397e+01 -3.644886117576904638e+01 -2.923657421015594338e+00 -2.991682898802267232e+00 -6.745348061415208818e+00 -1.527068567966078128e+01 -5.637489975764882200e-01 -1.004539787594373657e+01 -1.923021854869048397e+01 9.899170605649562305e+00 6.100009754492008142e+03
-5.035608812439103588e+01 3.373153274899667764e+01 -9.441422407679773698e+00 -2.259550012104798711e+01 -3.862750002771092284e+01 1.531752248338551947e+00 3.862083094907355019e+00 -1.781307442816190445e+01 -9.497852705675166263e+00 6.607352684626744299e+00 -2.077074140012931025e+01 -2.427193422418088886e+01 1.140933861127265558e+01 7.384490137703322034e+03
-5.110140010809993072e+01 3.613053448047534033e+01 -7.766693638281113365e+00 -1.724729296624943231e+01 -3.939759134336313195e+01 2.284817670544518009e+00 1.245985166333325900e+00 -7.788997688090744553e+00 -5.898543216871763306e+00 1.426600402600848527e+00 -1.671394209129486086e+01 -1.718739310197469194e+01 1.427264955585310346e+01 6.709469687060728575e+03
-4.844733504311457040e+01 3.233820995719750613e+01 -4.750087664444895275e+00 -2.800494375789414647e+01 -3.025054720634123484e+01 -2.381750813442198300e+00 -1.498786108166841435e+00 -7.620763302819860918e+00 -7.317546580026104586e+00 -4.901802653296191359e+00 -7.111398198710942253e+00 -1.285997330653734494e+01 -6.992519264158404191e+00 5.523255420702185802e+03
-4.989749733780488583e+01 3.655114602305269500e+01 -4.308416282638742878e-01 -2.610511957912327219e+01 -3.577913333111184357e+01 1.315759013657151311e+00 1.641735519326506243e-01 -4.252321287595468569e+00 -4.111196304586122174e+00 -3.891435192515765085e+00 -1.200942066134330766e+01 -1.476870030935163669e+01 -1.170930787286625474e+00 6.203153177188877635e+03
-5.036316323502376946e+01 3.947244709848670396e+01 -1.276208642666533999e+00 -1.850677092406844793e+01 -2.689052610752323247e+01 7.672507204724819951e-01 -5.209951047921574485e+00 7.038888849959412664e-01 -4.774621560492535721e+00 2.578779513169419335e+00 -5.460919070929464603e+00 -1.165971325290354699e+01 6.199824330118040905e+00 5.423635173794619732e+03
-5.182869814045267276e+01 3.708953424809826771e+01 3.660582363556078800e+00 -7.583581145475179142e+00 -2.863407455162597159e+01 2.881279837356186313e+00 -1.816118223173000246e+01 -1.218132852676966493e+01 4.724772329278616567e+00 -1.197866890576343657e+01 -1.234533917245896539e+01 -3.240229412310238200e+00 1.677728315855851804e+01 6.049379069993151461e+03
-4.714470054962188073e+01 2.529591620376234573e+01 1.007077331565710443e+00 -8.137989803933201927e+00 -1.488001527900443044e+01 -1.295633368457934864e+01 -2.450333678254319736e+01 -2.304413073216424834e+01 -6.451497818775648874e+00 -1.670475575120508793e+01 -9.879695194078387033e+00 4.157206538449622180e+00 4.381689231988980637e+00 4.905234793901378907e+03
-4.534960378506776379e+01 1.968009817990121846e+01 1.823555438618038593e+00 -6.790192299590850133e+00 -1.263112094970544774e+01 -1.520330978620318163e+01 -2.165914782608899003e+01 -1.818128317711782671e+01 -1.496149723466229275e+01 -1.375629258740615946e+01 -4.450748586653949346e+00 -7.069490325264794484e-01 -6.294157463198427394e+00 4.156695824497453941e+03
-4.643613524343048482e+01 1.968624166824118049e+01 6.177473970830013039e-01 -5.198479183991818964e+00 -1.322858726686539654e+01 -1.364511289420508255e+01 -1.625709746917929266e+01 -2.088850793286493612e+01 -1.377881896696340291e+01 -9.625731592141393733e+00 -6.281848488960184440e+00 -5.657071885199062677e+00 -9.588960529690297108e+00 4.078998981396812269e+03
-4.882713044764734178e+01 3.005665753364467463e+01 -3.851808764717755462e+00 -8.023081110748098155e+00 -1.274473355851059431e+01 -3.723525301946762234e+00 -1.666158516265172196e+01 -2.079159031903230215e+01 -7.422717037522638783e+00 -1.051436436629525950e+01 3.515488060993307240e+00 7.368929285299608445e+00 7.068555426844548961e+00 4.535161950581860765e+03
-4.342661629884791807e+01 2.991515537205106767e+01 -1.114023556830195361e+01 -2.343440539556392110e+01 -1.692376640786228847e+01 -9.023547074964962889e+00 -1.548844462299932623e+01 -1.864198392584503594e+01 1.439680714884469248e+00 -2.876155481887285870e+00 -1.148738711765687981e+01 5.095793873521106576e+00 6.119061135703108611e+00 4.615032519726990358e+03
-3.880899178011711115e+01 2.612126059990503180e+01 -1.126002824423605908e+01 -2.599746297483817870e+01 -1.636470166857813524e+01 -7.005786005710107567e+00 -1.199396881077652210e+01 -1.015268499320227136e+01 3.214788749246323629e+00 -2.754894496965555994e+00 -7.625322531271486959e+00 5.471454869659421405e+00 3.725006827673942755e+00 3.674813562525411726e+03
-4.400057211755451192e+01 3.684333232498071453e+01 -1.952454877732937177e+01 -3.302752678301306588e+01 -2.103997405309187130e+01 -9.560372866020847571e-01 -1.886813476228708097e+01 -1.531424317372829336e+01 -8.458410672084074600e-01 -1.012315581773773943e+01 -7.885647667550751194e+00 2.595844666361115660e-01 1.580510551661217677e+00 5.967576650339258777e+03
-4.083298602911548869e+01 2.501048301316306421e+01 -1.405807664607272400e+01 -3.072716214405902946e+01 -2.314427962646531256e+01 -1.345588346448412409e+01 -1.548946627426347078e+01 -1.480733641463261741e+01 -6.205370748171042727e+00 -9.443892573126589696e+00 -9.673822407513181787e+00 -1.426029574460060179e+00 -3.697887781384390227e+00 4.847528784833316422e+03
-4.504878640870528272e+01 3.567792929511875144e+01 -8.908839378866833414e+00 -2.694168910666082439e+01 -1.932152111833665131e+01 -2.817007742385463143e+00 -1.583681583710075280e+01 -8.453767768474602207e+00 2.043643450550875595e+00 -3.388801869685616808e+00 -3.642866786694340941e+00 -4.852410101376020135e-01 4.490564505032863529e+00 4.860389026473937520e+03
-4.803051992530235026e+01 3.159601797619140484e+01 -9.220210291101313516e+00 -2.401773543401883870e+01 -1.726099898607975547e+01 -1.000862803116933009e+01 -2.678797720365527013e+01 -1.606258969521910274e+01 -3.537076061552785866e+00 -1.277225475597214910e+01 -1.582340234417670999e+01 -7.250831892519061128e+00 1.713388332541836201e+00 5.822352043955621411e+03
-5.469733890003227827e+01 3.147521619826925843e+01 -5.790874907958989404e+00 -1.037278178291750486e+01 -1.932204221440749237e+01 8.544550744660416086e+00 -3.204196267736733006e+01 -8.535707251146131824e+00 -1.559125781097643326e+00 -1.423723332804970454e+01 -1.589849883391460672e+01 -5.058042715945751944e+00 1.854156140323800273e+00 6.156426927166550740e+03
-5.933862682251967158e+01 2.878036878865570358e+01 -1.040146688263543240e+01 -5.307386582307341172e+00 -3.115872858212855689e+01 2.723216584172654109e+01 -2.265238919627104863e+01 -2.945427796342362736e+00 -1.613376734783513911e+01 -3.274695169554130647e+00 2.679803062008816905e+00 -3.961536288134573258e+00 3.258970146308654003e-01 7.014008031291829866e+03
-6.105791304958824384e+01 2.955143996508435222e+01 -1.672033825903262638e+01 1.687444901481585768e+00 -2.775144747228266695e+01 1.917314790082194520e+01 -3.161858960983158440e+01 -4.464599630586225665e+00 -2.242102028879961750e+01 -7.156570067493547960e+00 2.976302489384138994e+00 -3.526745758832860567e+00 7.087523103553895254e+00 7.666641769603984358e+03
-4.974250973656580044e+01 2.263855630884138392e+01 -3.400036721433735920e+01 -2.475929937325950192e+01 3.563064868730293488e-01 7.220976174187947016e+00 -1.411444339287417016e+01 -1.261164145194462094e+01 -1.217194904623159246e+01 -1.260575489359522194e+01 5.978150601470255232e+00 -2.920188583759394163e+00 -8.065945817075256485e+00 5.582796514353266502e+03
-4.826776827093625144e+01 1.669369095774719014e+01 -3.429476753485604235e+01 -3.307117796384322617e+01 -7.611689054734748439e+00 -1.001807845982584411e+01 -3.164044023454704657e+01 -2.382268152848191889e+01 -1.041387072735481745e+01 -4.150946859732235872e+00 8.303724367594723432e+00 4.889899032773476151e+00 -1.201479109720925864e+00 6.825213549905368382e+03
-5.234865245570451009e+01 1.880926689378098260e+01 -3.747422276111430506e+01 -1.265962554378516103e+01 -1.163901530177884780e+01 -3.792678259981637545e+00 -4.029884378224798525e+01 -1.819533032166565079e+01 -2.771140920075870984e+00 2.896306712854414211e+00 1.639372945445413876e+01 1.423231127627415837e+01 1.206620027081430813e+01 7.396645419987272362e+03
-6.009167213150118414e+01 1.942208200100967730e+01 -3.186948559082274457e+01 4.651310008564857768e+00 -1.386204783964463161e+01 2.658014702601675694e+01 -3.560324783979466190e+01 -1.433621087525477789e+00 -1.720561931752027363e+01 7.925400580829533581e+00 5.710637648026193780e+00 7.395746426616950364e-01 -8.238201340772892678e+00 7.653703862627192393e+03
-6.363190874612763537e+01 1.229686242710542921e+01 -2.413659910984671697e+01 -1.025147751780758298e+01 -2.769941879262727014e+01 8.698438229416785461e+00 -4.346914314454785710e+01 -2.055655211508466351e+01 -1.883905861856662511e+01 -6.058753809529529022e+00 -1.407329906421488808e+00 2.072246988022765635e-01 -1.043860916042047471e+01 8.545566421879551854e+03
-6.655237359710962153e+01 1.398061120909703980e+01 -2.325678898639110059e+01 -7.164188673119812556e+00 -4.133651987319834831e+01 1.736215670838996417e+01 -3.281907273763376764e+01 -9.900195703129487157e+00 -1.748834247475683057e+01 4.207563742941345275e+00 8.968768702817943250e+00 -3.663367571299400716e-01 -9.661136225697029900e+00 8.899593808604184233e+03
-6.818228442590466898e+01 1.426988126746253016e+01 -2.031728016608912668e+01 -8.590776910825603352e+00 -4.512629457706174207e+01 2.463468202159555176e+01 -2.228190712984272537e+01 -1.720969395986269390e+01 -2.260841619330736663e+01 4.596655360150831982e+00 1.065192488612734856e+01 6.516995248405397234e-01 -4.435766357352703082e+00 9.440787676794523577e+03
-6.745519247792704221e+01 1.204972263248983388e+01 -1.662454388709352315e+01 -6.024271420980942260e+00 -2.792066257088582404e+01 2.304554936181004265e+01 -1.711134518580814046e+01 -1.850199625413031512e+01 -1.591342245724451310e+01 8.011313283030055743e+00 6.412826201806581139e+00 -1.660089913390100369e+00 6.236189424062758668e+00 7.354037308371785002e+03
-4.516146126510092529e+01 -8.040717474895092920e+00 -4.995370945607152890e+01 -1.621690641390007315e+01 -1.186112774736567310e+01 -2.913278280899345418e+01 -3.160443503567337231e+01 -9.955451425529620479e+00 -2.747477300189106741e-01 -2.626473473589565177e+00 3.382204149960601036e+00 -3.288701127130821966e+00 1.273238994404843538e+01 7.141271038740117547e+03
-4.092896534574803979e+01 -1.088520484757547635e+01 -5.976334502000070614e+01 9.272540465925869668e+00 -4.860339473073368310e+01 -2.070054794271246479e+01 -4.931863528320631929e+01 -1.430013939998467620e+01 -1.382183786118406488e+01 -1.853608784305876966e+01 -6.669901324103188145e+00 -2.616694940214230414e+01 -3.209702313061280066e+00 1.215305850906843807e+04
-4.096663865757626866e+01 -1.582517031163581578e+01 -3.873313268173875201e+01 1.292060573330282125e+01 -2.496863541558523281e+01 -1.815793031804151880e+01 -2.865891729019977774e+01 -2.850471193479670706e+00 7.935285398224429798e+00 -6.249714775303748304e+00 1.106984921099912711e+01 -1.003089086645910477e+01 -7.163024556876211868e-01 5.704202143832994807e+03
-4.912943225841164718e+01 3.511976555349213935e+00 -4.689951715136716359e+01 3.582279184000915961e+01 -3.037715028653322236e+01 1.953730597217568388e+01 -5.077227761110556514e+01 1.163069027256541155e+01 7.772797469166934370e+00 7.958940796134964302e+00 -3.787871617118179768e-01 -1.361819751623731634e+01 -5.028656541794999241e-02 1.023580936295660831e+04
-4.698746399891793146e+01 1.975532788362860614e+01 -2.228757386517411021e+01 3.323353584667684402e+01 -6.670172507827458297e+00 4.993653689584422573e+00 -3.746855015843785708e+01 -1.854328588050161386e+01 1.289833289469287436e+01 -5.722790332689713821e+00 1.900564747714630087e+01 -1.735635473873311696e+01 3.038050397954423332e+00 6.887276843901345273e+03
-4.851024672916920366e+01 2.536404816762638958e+01 -1.337859667357241911e+01 2.575092194443938709e+01 -1.343017983361765033e+01 -2.155596943594997761e+00 -4.623791275059550543e+01 -1.528955648863548511e+01 6.605109677263862444e+00 -1.048383782119092267e+01 1.167247818835624606e+01 -1.349503397026616192e+01 1.631707896676684699e+00 6.869970737700765312e+03
-5.195642073877089473e+01 2.227677043204332108e+01 -1.222138762938946677e+01 1.551101462767411654e+01 -2.342302137348045576e+01 -9.032365854815463280e+00 -3.770083750919544485e+01 -2.175002905219870541e+01 -1.861925621835669453e+00 -2.035072873575513697e+01 -4.022555609483021044e+00 -1.955382212603906211e+01 -4.902751838059909772e+00 6.950505339149157408e+03
-5.989535147987902519e+01 1.757226257672550673e+01 -2.127393900775880198e+01 3.703154248064883802e+01 -8.440759732836122353e+00 1.335977706975353385e+01 -3.270507322658058058e+01 -5.078643940830970926e+00 -1.568052610555053183e+00 -1.915059727994792027e+01 6.103880787478948911e+00 -2.235509688253940652e+01 2.520157793237038479e+00 7.977860745386799863e+03
-6.214332484185209893e+01 1.481528352152786887e+01 -1.309486249793817336e+01 2.993975227679407780e+01 -2.922445314808226335e+00 6.659491928807048655e-01 -3.270439539281098718e+01 8.137379843975115490e-01 -5.045185476043207551e+00 -1.781690773759785884e+01 7.865897228814386466e+00 -1.636908948193539359e+01 -1.343376162170312149e+01 7.081554939729395301e+03
-6.414754597364608912e+01 1.334764767772836791e+01 -9.951758159243141222e+00 1.856153619658685727e+01 -1.343888264995594639e+01 2.863746234503755428e+00 -2.679969242684205710e+01 -4.540717113548294215e+00 -1.756607282394868008e+01 -1.868263269109658964e+01 3.392611904521046551e+00 -1.668098648463131184e+01 -1.317122280626689879e+01 6.785135619434773616e+03
-6.690237004223088491e+01 8.752937264690094921e+00 -1.528518276346208715e+01 8.982099093124444877e+00 -2.036880188037692463e+01 2.214070288146839705e+00 -3.461979667710884456e+01 -7.744554341385508245e+00 -1.817677331811998442e+01 -1.174273011870024241e+01 -1.935961152903691085e+00 -1.359964092433550142e+01 3.496810959097811367e+00 7.214367250091297137e+03
-6.933166136195809770e+01 8.922171144040797586e+00 -1.553493903739731330e+01 1.575138979072007217e+01 -2.479184829208254115e+01 4.956917278951820549e+00 -4.817214624653200161e+01 -1.626028074733601869e+01 -1.476515309262782694e+01 -1.259996548730122079e+01 5.296967602313213064e+00 -2.146040182808867058e+01 -4.946590547611664057e+00 9.489928537573725407e+03
-7.107092269547432295e+01 8.034812444331667081e+00 -1.176054367130487677e+01 2.774396202901779773e+01 -1.505635266631783686e+01 1.654300901561284576e+01 -4.425539619157154902e+01 -7.304324955573746614e+00 -9.012988919949123101e+00 -1.523515381127116042e+00 -2.174360326716032965e+00 -1.456625444257376856e+01 -3.572725532966102957e+00 8.849153285784452237e+03
-7.174767899476098876e+01 3.820520300033035443e+00 -1.113771541078162208e+01 2.862724908978838911e+01 -7.920855447395380722e+00 1.504642132605656180e+01 -2.957836918842363971e+01 4.455414332986766257e-01 -8.622963779861319011e+00 -8.877022788687859434e-01 -3.819890570098545712e+00 -1.035601234655070702e+00 3.091646426370273648e+00 7.370472919468945292e+03
-7.276344798967286920e+01 1.007150630675241354e+00 -8.462579256403536476e+00 2.990678204522044581e+01 -1.593807897834954268e+01 1.137960820348402002e+01 -3.759272910319477035e+01 1.530129396982119194e-01 -2.053573791580702235e+01 -1.175533882659552498e+00 -1.326179909668237755e+01 -9.730665085004471138e+00 -3.098247999179600587e+00 8.761577825078446040e+03
-7.323823195439113931e+01 -6.238838362131435833e-01 -7.478695194956023862e+00 2.721757358771170132e+01 -1.349364159284813880e+01 1.450931952934138103e+01 -2.994412697633751819e+01 -2.248819236039859781e+00 -1.552191436745762587e+01 -4.101517018629694533e+00 -1.489109414786635810e+01 -2.332809803688565609e+01 -3.808659343375837558e+00 8.493464686057872314e+03
-7.344866418136058428e+01 -9.033439500103861430e-01 -1.068773061237845390e+01 2.867079363151929883e+01 -1.255394177587439408e+01 1.440351889948701825e+01 -4.046525169446307046e+01 5.873832521739962287e-01 -1.046913874912233844e+01 -7.458360519075564465e-02 -1.171288158013413572e+01 -1.188778598693657074e+01 -1.772044369280734610e+00 8.725868338694035629e+03
-7.500271088171027145e+01 -5.253235405518704937e+00 -1.179953062454454304e+01 2.528877179901234129e+01 -2.226426765711824274e+01 1.129882893466989913e+01 -3.849350521081669285e+01 5.499579935498499772e+00 -8.405323342432330591e+00 -7.265104298044012587e+00 -1.147137257383026565e+01 -2.526649160099629476e+00 4.521321814417389007e+00 8.848960392985827639e+03
-7.595488094354550412e+01 -6.341683830690608481e+00 -1.289862894584247499e+01 2.210054293046012219e+01 -2.362017301135907488e+01 1.700725107614589504e+01 -2.880866641028401887e+01 5.124273214255150144e+00 -1.549233379606293504e+01 -4.476985743982072385e+00 -2.029079484915116538e+01 -1.334101691835914849e+01 -1.459663470749573655e+01 9.230342758638016676e+03
-7.096705488018784536e+01 -3.923446279283538729e+00 -2.889249266304186747e+01 1.057310473005090223e+01 -2.892916066825829446e+01 7.345421393922416442e+00 -2.545950061249378038e+01 -1.089194749317525890e+01 -1.742194147331366949e+01 -6.443119462816176757e+00 -1.913724674889493826e+01 -1.509474088945369452e+01 -1.920859860062971691e+01 8.964048738006060375e+03
-4.473554593871696738e+01 2.024395223560189638e+00 -3.794690379042908290e+01 6.122094748671033315e+00 -3.142942796762058322e+01 -2.091364134793684570e+01 -1.852869964441716633e+01 -2.729526001780833511e+01 -1.466365193697780067e-01 -7.127894705855307933e+00 -3.527684166825670875e+00 2.092279740021858458e+00 4.793210444100684420e+00 6.086973506262177580e+03
-4.533441246828424909e+01 1.255247373810779088e+01 -5.433398645840234309e+01 2.346295780854057256e+01 -5.428945317903936285e+01 -9.581386458363729375e+00 -2.354906969133712025e+01 -3.075726070378432553e+01 1.408756231416379734e+01 -5.271438735362619532e+00 6.238773631864250824e+00 -5.064734876761170845e+00 -2.411290737648041915e+00 1.055181712376836913e+04
-3.701945085718811157e+01 6.400883352094574263e+00 -1.000105048830442023e+01 1.969847368998776460e+01 -2.542091438712723672e+01 -1.555966811517120618e+01 1.029165827196478089e+00 -2.155707796035109070e+01 1.074598325078245331e+01 8.099404448156640512e+00 1.265398131674319027e-01 1.341403386933308539e+01 -6.034383855043873091e+00 3.650997492582955147e+03
-4.158104393314480518e+01 1.612954640197776968e+01 -3.244106738339321794e+01 2.415670852776884558e+01 -6.209003907428196811e+01 -1.204842746603045356e+01 -2.103047446202220883e+01 -3.026171121436554756e+01 1.623887748062855074e+00 4.947369646609647731e+00 -8.159938266647330352e+00 1.024234234413526234e+00 -1.262939339757316404e+01 9.237753183654203895e+03
-4.681331299804810442e+01 1.929987957064899717e+01 -2.198205733324073208e+01 -2.070776344770482780e+01 -4.088992287402734149e+01 -1.133912490186524069e+00 -3.106529531129740818e+01 -2.426109248871854618e+01 7.639851589717903124e-01 -1.073012092765494430e+01 -1.051835483719088771e+01 -1.404698713914959640e+01 -1.357141458533755163e+01 7.310774767067166067e+03
-4.701940323155843515e+01 1.903314691894985344e+01 -1.903574140087292577e+01 -1.759981661380655638e+01 -2.833418245632296362e+01 7.117360421477961552e+00 -1.758534092316117636e+01 -1.720356475785548511e+01 2.304333187812472516e+01 -6.738272278232726897e+00 -1.203753690397464027e+01 -1.676113219962659429e+01 -9.064238744844322682e+00 5.788285256702150036e+03
-4.516579489652806956e+01 1.842860851911867570e+01 -1.435392318801556932e+01 -1.775709324209395135e+01 -1.992843208504657326e+01 -4.993439378539124895e+00 -2.316143036384832143e+01 -9.689955034742910200e+00 1.715994899990866429e+01 -6.596566074649064859e+00 -8.680595951567458002e+00 -1.378641780429581409e+01 -1.281676841316048687e+01 4.721002187314476032e+03
-4.912769196813886197e+01 2.923990440283010273e+01 -1.923454070984307407e+01 -1.585794892264264533e+01 -2.180348307030783417e+01 1.452783891588520326e+01 -1.841782755180363651e+01 -2.314777264249104860e+01 2.087053548189749463e+01 3.904797863624958065e+00 -1.085060741893198788e+01 -2.242582408649364112e+01 -1.513562023686600089e+00 6.525200790528873767e+03
-5.208338024871640926e+01 3.060680491335934761e+01 -1.874296321546505339e+01 -2.203281620410504971e+01 -1.819456961285961683e+01 1.128153109936971532e+01 -2.804901344499456073e+01 -2.620020714981756882e+01 2.797657986386485884e+00 -3.622071636749335966e+00 -1.167547666690717634e+01 -1.596834212850940027e+01 3.317661349833791462e+00 6.840969858106387619e+03
-5.291743194427083097e+01 3.999004905496985174e+01 -1.954679001830481866e+01 -9.203448480679909949e+00 -1.506711723103191147e+01 1.849020140102098964e+01 -3.794263984940798196e+01 -1.093866971146524492e+01 2.068751273550838121e+01 -6.666696835661340081e+00 -9.872628041666519749e+00 -1.258236682957450014e+01 1.070584472568847723e+01 7.837260954908113490e+03
-5.386512673789068373e+01 3.175396881363313639e+01 -2.230608348035572774e+01 -2.050482823268752952e+01 -1.773416205220027564e+01 4.273325243168538456e+00 -4.848369875488194225e+01 -2.284222539120180073e+01 3.652774074562436635e+00 -8.458551498808361657e+00 -6.415975031117376659e+00 -1.368031384921954441e+01 -6.174154698423166554e-01 8.346560649468296106e+03
-6.041834593794891362e+01 2.598737827265658851e+01 -1.639660380613701918e+01 -4.610118385896366355e+00 -2.587765650078931046e+01 2.268438821580153686e+01 -4.380544825605022652e+01 -1.977118902126429845e+01 -8.330124077288614259e+00 -4.127911787884670503e+00 -2.601837546423492853e+01 -2.948857519609663314e+01 -5.210247877965642260e+00 9.769983184912487559e+03
-6.090518982795651226e+01 2.166498546956665550e+01 -2.963575258214172781e+00 -5.623745505969170999e+00 -2.293882338520843689e+01 6.636167695330452254e+00 -2.548989925372483967e+01 -2.508333733121210685e+01 -1.198810699573819960e+01 -6.986742668139791945e+00 -1.640683351181123228e+01 -2.414319864870836696e+01 -1.686579408915471845e+01 7.397422670402836957e+03
-6.270159559721084008e+01 2.194216221943581147e+01 6.051665194766658651e+00 6.257420278894875842e+00 -2.447631519072825412e+01 -4.072400463895618494e-01 -2.209401270080467583e+01 -6.022162815563294025e+00 -4.154150132570025633e+00 -5.684605838200603500e+00 -1.576664550029025058e+01 -1.967724216117367320e+01 -9.467870657914525978e+00 6.387387476504138249e+03
-6.417817692261687057e+01 2.308339835069169865e+01 2.421109769442304049e+00 1.106664758748982713e+01 -2.830667236349993843e+01 9.853767656483833903e+00 -1.653828595313069982e+01 6.730619525527168356e+00 -5.977397951414196164e-01 -1.178738149565345594e+01 -1.583626442091115472e+01 -2.493834850229071165e+01 -3.348373512014548581e+00 7.020414470049689953e+03
-6.734003731145641325e+01 2.255842039359264461e+01 5.571060456903098590e-01 1.766799346207516663e+01 -3.298023454074682093e+01 2.177115434447395259e+01 -1.547393136704774896e+01 1.437718518141683610e+01 -8.770758888967932876e+00 -1.117814432280085057e+01 -1.815102098107775674e+01 -2.380715093389759573e+01 -1.305547195643427472e+01 8.632418821670829857e+03
-6.890458944256748453e+01 1.820511554698057566e+01 2.114541964621655890e+00 2.254929784125264902e+01 -2.516014150779062319e+01 1.175418886547122277e+01 -3.038479645264200002e+01 1.661115104778129137e+01 2.264204734853351830e+00 2.600320777958766261e+00 -1.638976979298813674e+01 -2.678657559042401104e+01 -1.891073310816656061e+01 8.918219974005842232e+03
-6.939732928320971439e+01 1.452462930371298810e+01 -3.564184842834157707e-01 1.550285939724150630e+01 -2.179514678144847295e+01 1.168050145438432352e+01 -2.105644231238561659e+01 3.790577107604027329e-01 -1.038851802057665452e+01 -7.318860365639533683e+00 -2.242609707837279842e+01 -1.947328470827673641e+01 -9.808043549456069599e+00 7.462223226214568058e+03
-6.870620292385746097e+01 1.020814219482153185e+01 -3.017412551632592810e-01 1.202939815122028477e+01 -8.974138494691199952e+00 2.533134973382097588e+00 -1.954118505369078918e+01 4.316629714635687343e+00 -6.203010316678104097e+00 7.226686695974219310e-01 -2.980811956947882635e+01 -9.239389304358754273e+00 -1.961517903749303215e+01 6.854634237514344932e+03
-5.672370680433927959e+01 1.308748036444800000e+01 -1.433235115598417764e+01 1.111591402804689643e+01 -7.049441330312981258e+00 2.544555765760497579e+01 -4.202552412629751188e+01 -8.259742896227621145e+00 -3.698851270952319581e+00 1.203312407134286310e+01 -1.689477906572559007e+01 8.906224130455695942e+00 4.084633355469478921e+00 6.789296141860812895e+03
-5.904589965078597658e+01 2.486087135972560347e+01 -7.852435494769755664e+00 8.963350763494148055e+00 2.005918427487883182e+00 1.063942312114537536e+01 -6.610642895331349678e+01 -3.193011210947095080e+01 -5.262772765063488123e+00 -9.707668124431771961e-01 -1.820456292937295828e+01 -2.346223196778979947e+00 9.566497092717309414e+00 1.021036453856023763e+04
-5.871032080131180209e+01 2.842085327560301877e+01 -9.728960774677387846e+00 1.157934885769418187e+01 -1.241199021991528539e+00 9.408575937790514487e+00 -6.126008380241388807e+01 -1.705385850732771402e+01 1.753848657137181988e+01 -4.339250181113806448e+00 -2.213227418870934571e+01 -6.360814195422811679e+00 2.153936383307362235e+01 9.937743816560692721e+03
-5.487486875345179271e+01 1.645693559145784945e+01 -2.069747718786939306e+00 6.898893513757311524e+00 1.100150670527884778e+01 -1.256857404062005301e+01 -6.040937709147309675e+01 -3.181134662768698362e+01 1.078330693648067395e+01 -3.684161176052135556e+00 -1.940784427279220381e+01 -1.548241489441764607e+01 7.518701357203462443e+00 9.076970567587160986e+03
-4.955776575472570755e+01 1.586270192496699849e+01 -1.947999213473996605e+01 -2.463928410147433468e+00 1.170898284690205493e+01 -4.143195943546957416e+00 -4.316949502740349232e+01 -2.428905086288185089e+01 2.326191343882071938e-01 -1.562624075617896047e+01 -7.743573054028547453e+00 -4.407438529706169117e-01 1.301857837419864339e+01 6.174842213920738686e+03
-5.090233178048028861e+01 2.034432938266115087e+01 -1.865212857707019722e+01 -6.282793928811135409e+00 1.443119872952457605e+01 7.819131401176558249e+00 -3.423346681294096072e+01 -2.729205842837628992e+01 -9.273126980614089021e+00 -3.047486100922561647e+01 -1.368387962158513105e+01 1.096172834512047878e+01 1.673398024028535147e+01 7.180641716681024263e+03
-5.648596443534140832e+01 2.454023487503109280e+01 -7.907020557383735770e+00 7.194428002473850725e+00 1.794780011226161420e+01 -4.685269558743318186e+00 -4.738891212951234166e+01 -3.637602785896912394e+01 -1.989610270525225655e+00 -1.618864354776506076e+01 -2.168675506166317746e+01 2.281873976437151619e+00 1.080217897067623589e+01 8.678407843021548615e+03
-4.653138452795300850e+01 2.081251519041513731e+01 -4.139130240240349679e+01 2.152656363592505073e+01 4.824956651908774319e+00 7.136106085064455762e+00 -2.399984985984166741e+01 -2.034827723591831017e+01 -1.651755262079583275e+01 8.186347956098234846e+00 -8.135778613849617980e-01 -2.457037742663222346e+01 1.865197961379362468e+01 7.131320324469194929e+03
-4.917762093364334675e+01 1.265901843659374926e+01 -5.263576632552339163e+01 1.443896568106904255e+01 -2.276731405807832509e+00 3.784379622186651471e+00 -2.975441097317471417e+01 -2.611438878341980541e+01 -2.130612499116947589e+01 2.397225923293612837e+00 -7.175478501242110951e+00 -3.119208457077474250e+01 1.150109510088223708e+01 8.760894558374860935e+03
-5.831195297515991882e+01 8.702999875461902235e+00 -2.738940208305075075e+01 1.263397967132569732e+01 8.323195469472679520e+00 -6.633283900403897704e+00 -3.355938479223352289e+01 -2.760535502057928170e+01 -1.457051652632127592e+01 -1.659977763212656399e+01 -2.590453658946925941e+01 -2.316274783018662831e+01 -1.674200673789089766e+00 8.085600247119804408e+03
-5.866275802439581355e+01 7.264425502568037984e+00 -3.010462697332831539e+01 1.544104189221607548e+01 8.199442197036198365e+00 -1.788071496884026601e+01 -5.061177984174577915e+01 -2.720598456489148376e+01 -2.288166182549048244e+01 -2.523133343406040652e+01 -3.037936775954100099e+01 -1.894068566909012930e+01 -3.733292188525730637e+00 1.078325773627196577e+04
-5.911627516978084174e+01 8.259965878178119780e+00 -3.066411309510981908e+01 2.142513306854651134e+01 1.262866368921560500e+01 -7.628508205275371878e+00 -4.350483446332439996e+01 -8.515402981026250373e+00 -1.723313185438678730e+01 -2.545116855607149020e+01 -1.950514039703818980e+01 -4.283170816015948290e+00 9.975516082000195073e-02 8.488693998416014438e+03
-5.716745824212578242e+01 -3.260133700404750368e+00 -3.225953325302124597e+01 6.575148067907435667e+00 8.034872513585680665e+00 -2.364321713493702504e+01 -3.275355399615699525e+01 -9.987413212660850803e+00 -1.754248127132963830e+01 -2.892910797843044790e+01 -2.207994977582999852e+01 -1.017116663436976332e+01 -1.380505828401916624e+01 8.084949810901455749e+03
-5.857172499400252264e+01 2.086781075120669016e+00 -4.000677201896967006e+01 1.304480260892362331e+01 1.271310990845231714e+01 -2.027162680997931687e+01 -4.503425942650522273e+01 -9.913312022686534775e+00 -1.810229571309478658e+01 -1.809236243263000787e+01 -1.143017742948563509e+01 -2.520488579897071091e+00 2.144581536068579375e+00 8.701258338126244780e+03
-6.052220266848892294e+01 4.963496608682347322e+00 -4.683948852636188320e+01 2.026915332829747030e+01 1.704363782965848628e+01 1.619559999710533660e+00 -4.789189320013828421e+01 -1.751392693926243993e+01 -1.528891700620201100e+01 -2.091301796878723707e+01 -3.691686943908428553e+00 -1.071836930501764229e+01 1.569010058952778053e+01 1.023162576602118861e+04
-5.607207747077306692e+01 2.567158943053349773e+01 -5.607935369595833919e+01 -3.474559027815376400e+00 -4.010216949906374673e+00 1.134640532873491736e+01 -6.012337675368056011e+01 -1.116826131452118176e+01 1.541818375197598456e+01 -6.346453780870484618e-01 8.461326259863479748e+00 9.046361798255474485e-01 1.513912585108435671e+01 1.138417679929043334e+04
