-7.215827319157087061e+01 -5.153038892796129034e+00 1.294213918231008797e+01 1.129806753085622972e+01 5.900784293778758460e+00 3.625562134643510959e+00 -3.448474030811122137e+00 -4.253365757078042542e+00 -8.820058888608293124e-01 1.318005206657620887e+00 4.740162848429601006e+00 1.514628873441138524e+01 9.401907868034193427e+00 5.949252695772203879e+03
-7.306049805017747190e+01 -7.245173356515731911e+00 1.158235181471505904e+01 1.058976526019887920e+01 6.432366098935893284e+00 4.511278056154631066e+00 -4.127383992397903434e+00 -7.267438647224016890e+00 -2.295449442826456909e+00 1.672228693523597043e+00 8.917064101689357036e-01 8.561049593269423497e+00 6.877704646716515491e+00 5.897655809190287073e+03
-7.275443343060160828e+01 -6.690824248993476608e+00 1.163299608330910218e+01 1.281112242205041873e+01 9.695376468478714926e+00 6.251767146769520167e+00 -7.373989612076528588e-02 -5.064396156525833526e+00 -4.767858265371241466e-01 2.316072618660727667e+00 7.143176388172036706e-01 6.533587156509334193e+00 8.067851819111409029e+00 5.910044392746543963e+03
-7.304597805997302373e+01 -6.892213397460893454e+00 1.191947784861498150e+01 1.181391208515683644e+01 7.993484890286595146e+00 3.175724348946190601e-01 -2.651428937027865640e+00 -1.166176337940816943e+01 -1.064285195397711803e+01 -4.845843388802014706e-01 2.611985034246281145e+00 2.236580464291186843e-01 3.202609173612062765e+00 6.002517754617221726e+03
-7.322213510495863886e+01 -7.278249805779771542e+00 1.223964340641651205e+01 1.390648391906716341e+01 1.015157804992036361e+01 2.666569454598399780e-01 -1.329623405796030999e+00 -9.997149463528586466e+00 -4.608210738568901732e+00 1.003787057812628269e+01 2.560425763967554502e+00 5.131888050989878991e-01 6.328931500101559138e+00 6.131358662628937054e+03
-7.287637934024967024e+01 -8.673663083847278799e+00 9.981883258403465575e+00 1.488935685558566213e+01 8.839529556701437585e+00 -8.657395376328550496e-01 -4.128135860278995262e-01 -7.905363441172406525e+00 -2.787201025404415944e+00 8.153349122990293907e+00 6.182931367475297257e+00 3.716137553120348436e+00 2.333989832610466220e+00 5.980813430542822971e+03
-7.296048310644174251e+01 -9.189525187468110090e+00 8.569803038888395008e+00 1.429210644617010750e+01 1.126229311097095476e+01 5.257894771254620458e+00 1.351862434049328154e+00 9.849634471452465290e-01 2.051529792524972695e+00 5.542877536482992973e+00 7.387131853909084001e+00 2.586285810985649913e+00 -9.810068201033017132e+00 6.035095982972424281e+03
-7.235402276091133444e+01 -9.784895960318182873e+00 7.760593035362354009e+00 1.342202207510028344e+01 7.971192096488569412e+00 5.841127975765817659e+00 1.240996589961511187e+00 -5.856183136318950933e-01 3.002603126496170560e+00 2.863572279815392641e+00 8.030543858705739169e+00 6.990682494089446308e+00 1.173162372806317411e+00 5.802719238389379825e+03
-7.188956173453186693e+01 -1.106030755609303462e+01 7.861715480294606095e+00 1.690071022680406188e+01 1.054626763377926402e+01 3.394629182398620326e+00 9.133827888159435915e-01 5.820970441457361533e-01 -4.834658184336618980e+00 -4.895637884719933552e+00 3.656171349558559935e+00 2.698686725204463066e+00 6.782098027494209980e+00 5.875788982149288131e+03
-7.095069914557997492e+01 -9.200728061755349074e+00 6.070994023822072094e+00 1.766092055062482657e+01 7.762428594971448881e+00 -4.864612603107383748e+00 -3.954563170349909118e+00 6.789632969552143571e+00 -5.692260830502744007e+00 -4.187780315835636369e-01 8.249905370638186852e+00 -8.205448833351674409e+00 -6.334962595117199058e+00 5.821176917110585237e+03
-7.033337948230547454e+01 -1.046803379940379841e+01 2.482610457483298561e+00 1.547769150804693439e+01 6.890483815153761959e+00 -6.314767929601572405e+00 -5.990942367091306231e+00 3.252098181293586077e+00 -1.210547834852012095e+01 1.886336138514190353e+00 4.682552136772644147e+00 -8.350263509049108634e+00 -6.476260599636178839e+00 5.719604900980031744e+03
-6.960901331402267544e+01 -1.107337286095131823e+01 5.664423140487528929e-01 1.822551669563257448e+01 8.712005976866960211e+00 2.767879491706692896e+00 4.401213591466608399e+00 1.673716762758481913e+00 -1.151690309006266055e+01 4.312266720485639304e+00 8.666346795263274672e+00 1.487088618461159362e+00 -1.001555980558003434e+00 5.635811665460212680e+03
-6.912958320719319261e+01 -1.140046993658476104e+01 -2.933999969441321576e-01 1.925559443220767974e+01 6.539515803126636051e+00 8.255878304986318028e+00 6.003090032913886098e+00 -4.694538392123531523e+00 -1.003427887784916273e+01 -6.395079137901094057e-01 -7.386427703321146732e-01 2.180216605238408434e+00 8.254332009186277075e-01 5.555810564382923985e+03
-6.170131280434235066e+01 -2.777968473791158388e+01 1.247775770726460820e+01 1.471562077782735045e+01 8.708213311864772876e+00 1.095041376164532210e+01 -2.597521677895739511e+00 -9.005778515190938194e+00 7.685854685046677126e+00 -5.435725531893736751e+00 4.210367220200569527e+00 2.657781951027768930e+00 6.270122860789648200e+00 5.387327436378347556e+03
-6.159397376188249495e+01 -2.813735151219174924e+01 1.364592260690361947e+01 1.529931695527970525e+01 7.921163064423249800e+00 6.500245664973455462e+00 -4.634293356124928209e+00 -9.527344027622163480e+00 8.389163704889734063e+00 -7.928644419659333309e+00 2.512066960749224531e+00 1.165460662066829967e+00 7.821452139981068363e+00 5.425138796670264128e+03
-6.177761424795728118e+01 -2.909950951332434244e+01 1.334733478420295505e+01 1.868404423004984238e+01 1.659742973493798246e+01 1.415801261744031159e+01 -2.118527544211723068e+00 -1.271781776779798001e+01 7.226345466789219074e-01 -1.332643408175549560e+01 2.510493115353212623e+00 2.326474831334726545e+00 6.788873499428788705e+00 6.068574883767571009e+03
-6.793396946569366435e+01 -1.679628156894373348e+01 4.750322490253140018e+00 1.457765308227748768e+01 2.030920128017637083e+01 5.060176308453350202e+00 5.058938137831904269e-01 -1.305832689040184569e+01 -1.338350531803587096e+01 -8.622437319329650407e+00 3.179230896594957834e+00 -4.278924632486624802e-02 4.074901097725167176e+00 6.021236484589813699e+03
-6.478344292086066503e+01 -1.754882740690891296e+01 4.000710504077868990e+00 1.454397064849480437e+01 5.362455430121642053e+00 4.073237111573334346e+00 -1.487288155674354684e+01 -3.610757649996551688e+00 -9.566484214639835670e+00 -4.301280670003664874e-01 3.430071911423533404e+00 -2.325577394796253472e+00 6.516475687623942470e+00 5.163316741521769472e+03
-6.228709370843718318e+01 -1.424231955323709187e+01 5.446615442844981558e+00 1.167270619378132501e+01 -9.201277048503104794e+00 -8.313945224065749651e-01 -2.038644253346323865e+01 6.706192837871717494e+00 -1.027587429210083059e+00 8.524371726861732057e+00 1.183832903860716179e+01 -2.506293147790978004e+00 2.927409459681425741e+00 5.023096291468867093e+03
-6.024480870262946297e+01 -1.692084825421796879e+01 4.423343655164360122e+00 1.052997151950005872e+01 -1.136873879843743751e+01 -5.345690190440654632e+00 -2.668024011759301928e+01 6.811657312299627343e+00 8.029672077680780617e+00 1.511967535580251321e+00 9.295336554154900455e+00 -2.467878726314147730e-01 4.856076988904629133e+00 5.139064213238740194e+03
-6.111112789720056071e+01 -1.576303470169517063e+01 3.995403169289716505e+00 1.001975051760096314e+01 -1.203954032396904772e+01 -7.720192371005752285e+00 -2.843711461143082531e+01 5.407089793428872859e+00 1.672410243610127267e+01 -1.000630489322372085e+00 8.880915312769726455e+00 2.596795773539927410e+00 6.870870757273448426e+00 5.555379605425241607e+03
-6.094896358585571505e+01 -1.781240262040186195e+01 3.068963150211232005e+00 1.090738466859842148e+01 -4.868420913362944802e+00 -4.778585451608369006e+00 -1.814224153077491763e+01 2.434267388344354632e+00 2.482336894062885335e+01 -2.906961468402443405e+00 5.399764513040775427e+00 -4.563109566527908889e+00 1.316880376474571346e+00 5.218414081194050596e+03
-6.319851066417489704e+01 -1.708952512477381092e+01 7.138088932466258862e-01 1.198912661760555842e+01 -2.370510033215959211e+00 -3.484137604497401508e+00 -1.030759636280850167e+01 -8.932870307408782296e+00 3.350428730259071131e+01 -2.281175028882933553e-01 1.871574184136337360e+00 8.075962809996476421e-01 6.446153241662165634e+00 5.802450745265845399e+03
-6.237932646017988958e+01 -1.746087879658039199e+01 -1.329101462957735569e+00 1.662604159554903660e+01 -2.850860403423021161e+00 8.412574656440217069e+00 -8.367482410563166439e+00 3.734587586582700514e+00 2.835691390211509599e+01 4.123042412657057731e+00 -1.543087534717395570e+00 3.133918331342718133e+00 1.739251736293225292e+01 5.772931419789022584e+03
-6.238165032317957071e+01 -1.797050800894205835e+01 -4.900347527939663550e+00 1.796853168370094167e+01 2.529209856015447233e+00 1.240395876332251923e+01 -8.473267510625744237e+00 -1.939653010891169815e+00 1.307761319631921459e+01 -5.173189666113920282e+00 -1.958412664626423050e+00 3.015227411092872511e+00 1.799141250567773298e+01 5.331508362202067474e+03
-6.244524502999468041e+01 -1.613837631189282362e+01 -5.064005096421681174e+00 1.588235738154442522e+01 4.786460923745426754e+00 7.594939952922588056e+00 -2.143066851400042605e+00 5.788649404536622134e-02 6.149676780555299871e+00 -9.012177982217354000e+00 -4.574492645057291362e+00 -5.313939469101873314e+00 1.448427742730755341e+01 4.900934752611464319e+03
-6.184683344980604858e+01 -1.832428538453806155e+01 -7.578672482961260393e+00 1.344962005174030217e+01 8.635934141527439323e+00 -1.492221598359797952e+00 -8.543063293701445460e+00 -1.655317783868927028e+00 4.668634392565455649e+00 -1.518437723869780775e+01 -1.405013578019332599e+01 -4.900931008502144692e+00 1.513696685898391969e+01 5.254583555063879430e+03
-6.183653347029281377e+01 -1.481958304549233851e+01 -8.892428839961722176e+00 1.949005787564981063e+01 8.919676940268658427e+00 -1.056953492613384249e+01 -3.308477777633104910e+00 1.163690312657969184e+00 1.665876588761020827e+01 -9.378006619922709675e+00 -9.777241384128545931e+00 4.134255873073885645e+00 1.443362241155818104e+01 5.392367931245756154e+03
-6.112899898229288453e+01 -1.467571006481332319e+01 -1.260125701964525291e+01 1.479695763463736391e+01 2.966384638152804065e+00 -9.486428434120211861e+00 -2.088652942891347841e+00 2.132873800355350458e+00 2.018143240250900305e+01 -4.896056916724878860e+00 -4.980363659696036116e+00 9.153922300859857586e+00 2.250641912566311476e+01 5.483974804903147742e+03
-6.253167065907508260e+01 -1.060762544726276246e+01 -1.701085648240080417e+01 2.083176035162758666e+01 6.535187317262407980e+00 -8.758969503106216692e+00 -1.357298868821700033e+00 -5.927534960259671637e-01 2.225116143767098720e+01 -6.983172995982660503e+00 -1.373814973718890187e+01 9.341084488086034199e+00 2.501329278992966820e+01 6.313221191838186314e+03
-6.305321634342134018e+01 -1.224820591376806256e+01 -1.847660783437144616e+01 1.592954343748629142e+01 7.236637244475987885e+00 -6.018876027845436738e+00 -6.429195259810313035e-01 -5.408199551818410278e+00 1.710949742770434767e+01 -1.130094287371518469e+01 -1.398642998197309950e+01 1.246898241418031361e+01 2.194033226597473885e+01 6.092039923794905008e+03
-6.354474903709603240e+01 -1.158340957374580960e+01 -1.707776164552688769e+01 1.338223409061603775e+01 3.431024297621806607e+00 -7.380427330768871030e+00 4.806669369217294374e+00 -7.973788167135156257e-01 1.954605496739088011e+01 -6.480136883495892342e+00 -1.132561364925180847e+01 1.676240054710847005e+01 2.168971045407494103e+01 6.036558733368623507e+03
-6.420522453863056001e+01 -1.198432160371351785e+01 -1.762623805784823006e+01 1.282613386079738405e+01 3.233587133438167172e+00 -7.569517244699695446e+00 2.433882616699991619e+00 1.780592349649232853e+00 1.787245164590479263e+01 -5.567767611334539346e+00 -9.203569563132605325e+00 1.555176745505112734e+01 1.829241380703390618e+01 5.829576901595282834e+03
-6.445335560067834990e+01 -1.069598109240456552e+01 -1.535073759829035822e+01 1.205018608587862694e+01 3.740984616914986738e+00 -1.226935991548100624e+01 2.782037009329275890e+00 8.106538197496671039e-01 1.731596067318686849e+01 -4.404234232027442353e+00 -9.031817900085348683e+00 1.474151899969005441e+01 1.722743181040861060e+01 5.737330534395519862e+03
-6.498414571947263596e+01 -8.952744985559492719e+00 -1.267938944905547771e+01 1.407178278884597233e+01 7.284721229072737891e+00 -1.040568045871277469e+01 2.024620248548980150e+00 4.771301230724342091e+00 1.682325054786405261e+01 -3.102668122454039779e+00 -7.811283176823512697e+00 1.101073818998354170e+01 1.361741302504983864e+01 5.510417323428668169e+03
-6.620935914268153510e+01 -7.827975505514947585e+00 -1.144562715593063906e+01 1.073320449610980454e+01 4.486249686864844044e+00 -1.617407273048404548e+01 4.955769894894542782e-01 1.025482179758404833e+01 1.080468379356625341e+01 -1.199510959001247379e+01 -1.165138635333898165e+01 1.054363617555346266e+01 1.499593480419099478e+01 5.810719504308139221e+03
-6.660516232224384225e+01 -5.483075488820927212e+00 -7.531793512773286459e+00 1.404107394509681406e+01 5.932942871469394142e+00 -1.375117227056347957e+01 3.355490492220803311e+00 1.605831994795499895e+01 1.540193226735875065e+01 -1.076873886148984205e+01 -1.115493286502650072e+01 1.115742195466100384e+01 1.675059844271097020e+01 6.096303336086216405e+03
-6.766908861955640475e+01 -6.912811525851933148e+00 -7.576368814822988185e+00 1.052946546678863271e+01 6.121896993642153006e+00 -5.133425473791477067e+00 -1.348280430929734042e+00 5.778203408030626598e+00 7.783074539587221174e+00 -9.328566574902662722e+00 -7.029709578864967057e+00 1.408708744224958309e+01 2.311448671083309137e+01 5.823939448773800905e+03
-6.883887131395459846e+01 -4.416260231483001952e+00 -2.162052623643082150e+00 6.256195234839117880e+00 5.725869142060525441e+00 -5.187902543761963692e+00 -6.803758728130632427e+00 6.810437750789078315e+00 9.424427029806775380e+00 -6.049842099440989607e+00 -6.120395938987842399e+00 1.459826038663308267e+01 1.454204253283310422e+01 5.541940982059732960e+03
-7.072607883978183452e+01 -6.265094343937784416e+00 -3.074472058994308643e-01 5.168261488281757465e+00 -9.352072411351360914e-01 -1.183884476062684499e+01 -1.701256540547740315e+01 -4.995850479654159848e+00 3.819480421277364091e+00 -2.305214273414176063e+00 -9.715579900847323813e+00 8.498098693154405581e-01 5.710744730421486892e+00 5.671283565860595445e+03
-7.118026020602125925e+01 -3.710540356090509029e+00 4.443187185136539874e+00 4.108917388697807205e+00 6.837465936181104098e-01 -1.118890777348797094e+01 -6.122069799752662078e+00 5.621233367723049490e+00 5.245410187966887072e+00 -3.429304873129790376e+00 -1.116749863209309446e+01 1.788140437519285308e+00 9.379366901341343876e+00 5.566917292320694287e+03
-7.236130282356469934e+01 -4.833276338284939300e+00 8.781981614018555149e+00 7.438435257966488301e+00 3.469674485483046134e+00 -4.518407964057928439e+00 -4.038321099562764083e+00 2.640495270264748395e+00 -3.453621736830598254e-01 -1.259745841930885035e+01 -8.780334351181277697e+00 -7.392704567088707712e+00 5.193946362711893805e+00 5.765245795392857872e+03
-7.220947246240170614e+01 -7.602197072039887260e+00 1.251802464477661836e+01 8.245426795379451335e+00 3.946027741041310488e+00 3.207537974497740141e+00 -9.339738407389873487e+00 -1.095195748790551926e+00 -6.791781568891869014e+00 -1.358602462998454996e+01 3.143335818848354557e-01 -4.677524934314606142e+00 -2.230724197307576873e+00 5.868641457385608192e+03
-7.220322653318929440e+01 -8.057428914994614999e+00 1.263388685891351493e+01 6.871593243703185472e+00 8.898922128107279450e-01 3.481847425592869971e+00 -4.553486757782884808e+00 -1.714581307258705445e-01 -3.878877787610543137e+00 -3.120835444225017685e+00 4.841622960906726725e+00 -5.858685580899382295e+00 -2.151877237477521465e+00 5.605922174621142403e+03
-7.381261448414515769e+01 -8.898115754607674788e+00 1.427020842635456255e+01 9.603567067722263317e+00 4.892489169224517376e+00 3.591602073314949184e+00 3.825634740410269963e+00 -1.404231012669197698e+00 -4.952549683273629988e+00 -7.004179695627342994e+00 -5.011873143158940280e+00 -8.846005008596746322e+00 3.484577934749469641e+00 6.065888513523781512e+03
-7.372541077391797160e+01 -7.636649292419057211e+00 1.481214117778985617e+01 7.905108239713640295e+00 4.817486871971554230e+00 2.632315038531916507e+00 4.228881496934036477e+00 -2.357540253231794836e+00 -1.045137256660050618e+01 -1.081532082350231327e+01 6.357587633469536925e-01 -6.565577184832628532e+00 5.197646262760438063e+00 6.125952438424256798e+03
-7.389657636330788648e+01 -8.183896757921546694e+00 1.460291665348013268e+01 6.288016528023124607e+00 3.563093673615433943e+00 2.750812371644559273e-01 2.154299867179080064e+00 -5.696505122534738952e+00 -1.031587627240780058e+01 -1.196279823902950845e+01 -5.069947687853001428e-01 -4.248405174399312756e+00 2.442597668407863853e+00 6.104125094316986178e+03
-7.392711503943156970e+01 -7.709429007285878654e+00 1.475446467369680015e+01 5.599149055254933671e+00 7.166159972496828345e+00 4.932201006748326150e-02 1.438863262228376572e+00 -7.448385654834742020e+00 -7.662996765943890232e+00 -3.898415618345017819e+00 6.226188880789322866e+00 2.276167026297999385e+00 1.480410353512298327e+00 6.002660532278571736e+03
-7.488524244643632244e+01 -8.715870931477413208e+00 1.358891247258980250e+01 8.566493742710353132e+00 1.313161018585554096e+01 3.737378284307606879e+00 2.595670515551569135e+00 -9.950166509708058271e+00 -5.367961048293621751e+00 -4.665679942233039057e+00 1.843409368624194355e+00 -5.102249853858721984e+00 -5.946936966278811632e+00 6.349340547188603523e+03
-7.236390298684783318e+01 -8.285372733859535543e+00 7.513124764499747421e+00 9.019432677887907701e+00 1.198251674148286305e+01 5.305149511972985898e+00 5.112670529918816875e+00 -9.370667646103161275e+00 -4.139279076737722995e+00 -8.008019905219144974e+00 -9.126092461231765540e+00 -4.964762993280629200e-01 5.028410416750424439e+00 5.918732174995864625e+03
-7.100923008497599653e+01 -1.127268340679348135e+01 1.216205315871508752e+01 7.329849342742979168e+00 1.013639693408538633e+01 8.263519526541648119e+00 4.154901093890769559e+00 -3.333795808879973066e+00 -7.328515574151746037e-01 -9.817144524798996130e+00 -1.305869394124283467e+01 -2.257805787665815078e+00 8.077020164642355837e+00 5.908214899431673985e+03
-7.142324168190700107e+01 -1.031057809070514786e+01 1.440353441432019110e+01 8.283638982015753882e+00 1.172902494972858101e+01 5.880493886590617336e+00 1.860532331985375265e+00 -4.242324559285635122e-01 -1.151759082816062651e+00 -1.072728128595583641e+01 -5.078374252177368930e+00 -1.952557607354245661e+00 3.766992400519532325e+00 5.819653450455769416e+03
-7.320245993606889101e+01 -7.143156439667191826e+00 1.106433957672364876e+01 6.338939814413271812e+00 1.010642777421086436e+01 -2.406786941180279804e+00 -4.612080202487522484e+00 7.270003365234757320e-01 -3.603795133054116473e+00 -1.045591723767275560e+01 -1.258732323359248229e+00 6.655610296010788574e+00 2.441587731586543075e+00 5.876115362639550767e+03
-6.147027088317570787e+01 -1.338663875570841455e+01 -1.982252929317178669e+01 2.927591204559235294e+01 -2.090102372215445481e+00 -2.138853684778253239e+01 -7.589248840267596385e+00 1.220013321007708651e+00 1.294055586094104449e+01 -7.363059464536894971e+00 -3.127840223426479049e+00 1.437653075100544964e+00 8.705622257408192510e+00 6.038041880569730893e+03
-6.117433669272863028e+01 -1.413369115692097644e+01 -1.962818484716513723e+01 2.845408692339694312e+01 -9.028421229366252021e+00 -3.362723678200266875e+01 -1.338165208710115017e+01 1.148747951464418016e+01 3.035741268263141635e+01 -1.538368519637372644e+00 -7.009138399984303769e-01 -8.020109449408083790e+00 -4.990442878016867034e+00 7.673952678616733465e+03
-5.146411836736626810e+01 -2.580852135494397626e+00 -1.621278972492056880e+01 2.329082176970236873e+01 -1.149362189922295663e+01 -2.404749903009285106e+01 -6.038994129437778469e+00 -3.323977997517529870e-01 2.344235343295149576e+01 -8.543622003449096169e+00 7.262959814735083341e+00 -4.009182460156434757e+00 9.114872796039669822e+00 4.981941145575880910e+03
-3.598900391050344183e+01 7.685289367223015589e+00 -2.493881905104564112e+01 1.807768684113934299e+01 -1.190011315518169432e+01 -3.930983773090623856e+01 -5.075424913786389602e+00 1.490439242503764694e+00 2.717471147642245910e+01 -1.422342189177019733e+01 5.315455379908986977e+00 -9.364055412151799374e+00 -8.224211374180052658e+00 5.142224841565608585e+03
-3.131377301050366313e+01 6.906357769570290905e+00 -3.369309275633809619e+01 1.658742207861284257e+01 -1.923167672874943790e+01 -4.361757231048864725e+01 -1.222938511538801087e+01 -9.416799900921432709e+00 2.090943546400858821e+01 -2.765010108584357695e+01 -9.563522843726733669e+00 -2.001683484901078813e+01 -1.250253983432269322e+01 6.799381943574993784e+03
-2.891823660672854501e+01 4.813188678315463598e+00 -3.482584041457655388e+01 2.402183692346999067e+01 -2.132564200913842711e+01 -4.731977494943041762e+01 -6.873018789726088151e+00 -7.322551517792280862e+00 2.501623740509828764e+01 -2.109933503637939012e+01 -8.613761949994421130e+00 -1.580728817259006291e+01 -1.634908010118013166e+01 7.106475007179368731e+03
-2.546290634662431529e+01 3.058030638038997218e+00 -3.105222587139492063e+01 2.742661086752897504e+01 -1.393288131410133524e+01 -4.511800084325690818e+01 -8.107733806367647844e+00 5.237893319571542250e+00 2.487711260399021995e+01 -1.394118663047769680e+01 -5.968693835481957422e+00 1.119754612118035064e+00 -1.496794751225649023e+01 5.771246947354390613e+03
-2.437239801800305017e+01 2.163371553574784834e+00 -2.573994141626740983e+01 3.049292714110666580e+01 -9.248829099196724357e+00 -4.513659252581713588e+01 -1.008181755796342038e+01 7.071153317546272632e+00 2.343312186178815537e+01 -1.181559199274301797e+01 -6.768302132177101527e+00 8.090406298792945705e+00 -1.244452575049077403e+01 5.420404453747595653e+03
-2.732501626276809858e+01 6.188918507846359773e+00 -2.381156765235316186e+01 2.724818154619506672e+01 -7.121369955202159652e+00 -4.497353954779040208e+01 -1.292119070843417994e+01 -4.047367490256728040e+00 1.676079822001031161e+01 -1.553041203391861025e+01 -3.048720921699590303e+00 6.207711569834364340e+00 -2.091285819593694129e+01 5.358380975145952107e+03
-3.163890767649979097e+01 9.309403292426161158e+00 -1.918723229898981231e+01 2.704275769987413014e+01 -2.380043208120126152e+00 -4.448616432484757865e+01 -1.563671612747709005e+01 -5.217107881308005624e+00 1.610478212652584418e+01 -1.878184826300985932e+01 2.596891251555997204e+00 1.430912974876488697e+01 -1.849414618416964728e+01 5.609204936777406147e+03
-3.429291420358072884e+01 4.085875902298837126e+00 -1.470385625487637959e+01 1.483870546337871232e+01 -5.289322957642137446e+00 -3.054832228141202322e+01 -2.481910967162944459e+01 -1.221425276201553389e+00 -8.992070953720472382e-01 -2.142976976688030888e+01 1.405504579636577267e+00 -1.147752541571174678e+00 -1.728755148815539044e+01 3.969941752350628576e+03
-4.510993809816954325e+01 4.932995661547451505e+00 -1.041472333982687104e+01 2.842836409749758531e+01 2.172387273166159538e+00 -2.840675111421578336e+01 -2.139130742368557137e+01 -8.892945776075425357e+00 6.220628854153291698e+00 -3.264344263361552123e+01 1.250660778755833036e+01 5.236428371139769666e+00 -2.095071902425597798e+01 6.051273220509499879e+03
-5.439642408916701299e+01 5.439199458745534344e+00 -8.901744628171918805e+00 2.646053593181888530e+01 1.451299151856630720e+00 -2.462359527279354054e+01 -8.138897340387401869e+00 4.656256595256024200e-01 9.058756741578649851e+00 -1.516713842740205109e+01 -3.092324010274861701e-01 7.453573063030761503e+00 -1.430099666168052153e+01 5.015116077603738631e+03
-5.680874619442454332e+01 -9.837545729356388380e-01 -9.753853715613862718e+00 1.823607075702213010e+01 1.008518474718268365e+01 -2.641210517112988754e+01 1.114870875467973121e+01 -3.793145755301309485e+00 1.775434991495680492e+01 -1.439095493109554447e+01 -2.370513031083746128e-02 -3.202306575693044444e+00 -1.259458036022205185e+01 5.285080577295865623e+03
-5.060735535732879242e+01 -4.371890774652777978e+00 -2.390680582600662518e+01 -3.358275117601370319e+00 1.285024297461221288e+01 2.965455534640298207e+00 -7.916144737236542106e+00 -8.654590286585602144e+00 1.821802069903064591e+01 -3.095292696468405325e+00 -4.140898577636187738e+00 -2.220088897592134103e+01 -6.642055867947351366e+00 4.370141706911881556e+03
-4.210132094813529591e+01 -2.520392902251354883e+01 -1.463508290699139813e+01 -7.633330672814142126e+00 1.844298612051256780e+00 9.455577875601633764e+00 -1.566220733605153903e+01 -1.238466576897384108e+01 2.244214117492518312e+01 1.132665595470241149e+00 -3.858160518363829006e+00 -1.237066894616599022e+01 -2.319375218115052650e+00 3.849937713813411392e+03
-3.523617893067941509e+01 -4.692320081229883044e+01 -7.764896523331373146e+00 -5.326421786473358289e+00 -1.372307439460711898e+01 1.878995087047952595e+01 -2.643287288339998042e+01 -1.436151818584140294e+01 2.947169873510060256e+01 -9.139425909238484635e+00 2.710188951954780379e+00 -7.710810481786449344e+00 1.078267346443138042e+00 5.998448980393551210e+03
-3.154082744167450514e+01 -4.814839295472397396e+01 4.794683956226710286e+00 3.188246253960921983e+00 -2.814340349033419120e+00 2.126900119065359007e+01 -2.066574557918350408e+01 -9.711925179390050289e+00 2.488795682202283643e+01 -1.043404317425808259e+01 -6.173882912700265457e+00 -8.171762690058120171e+00 5.734514079458554292e+00 5.193989741672849959e+03
-2.731052055301771375e+01 -4.103546302795237466e+01 1.324030597665454678e+01 7.691118105287102213e-02 -5.999276739850964546e+00 1.772249008185917418e+01 -1.818591534393959108e+01 -8.233475368580720044e+00 2.446353838243920720e+01 -1.133515278556979489e+01 1.574311625765927314e-01 -5.198604166901107604e+00 2.733166734672475506e+00 4.115151855241208978e+03
-2.683877717918860384e+01 -3.791312837626677634e+01 1.664708293180986942e+01 -4.653763684688976277e+00 -6.829954629055021265e+00 1.961629839451853385e+01 -1.515933886277643161e+01 -5.054083629827117896e+00 1.963549270134944535e+01 -1.058797405033766204e+01 3.385833009297039009e+00 -6.043212460799387564e+00 1.864084111424419987e+00 3.692421769055458753e+03
-3.348834521178163470e+01 -5.302659222376377812e+01 1.594220372245202455e+01 -1.639660231956606040e+00 -4.430851074346581875e+00 2.079769810744412339e+01 -2.479749081086590934e+01 -3.751589469567461421e+00 1.604851662670558810e+01 -1.303219461827519865e+01 1.134222879253598748e+01 3.182502110688556485e-02 1.121994121176433090e+01 5.953224985063672648e+03
-3.189214288430020616e+01 -4.758011580707429289e+01 2.069806413621945040e+01 -6.103939666823932519e+00 -9.129903448831919732e+00 2.285660129703882504e+01 -2.317798853801525993e+01 -3.413516102907977245e+00 1.398067155093097469e+01 -1.338949506035228154e+01 1.086129080650978196e+01 -1.192107219262140028e+01 4.217831218192270804e+00 5.553902196477101825e+03
-2.775290015418613621e+01 -3.761048369798552926e+01 1.983212781793432811e+01 -7.124410021155194173e+00 -8.611637615008735480e+00 1.767624255870101280e+01 -1.562642828993071475e+01 1.224655943774368927e+00 9.404638274777648022e+00 -1.237585414730441613e+01 1.288323609428472061e+01 -9.693583064745316946e+00 5.720247725918333082e+00 3.795410905483152419e+03
-3.403621394697223224e+01 -4.601330400053546299e+01 2.164416479360847489e+01 -5.931704504612729245e+00 -1.026619430069953509e+01 1.471960112464675063e+01 -1.643696579073065323e+01 4.773063448103932238e+00 1.046477418441457985e+01 -1.554586932280032840e+01 7.188354157787860466e+00 -1.047409912428911127e+01 5.474960650714907118e+00 4.936900308428846984e+03
-3.252958614727842956e+01 -3.956925614201364994e+01 2.077973761295446664e+01 -6.417246017561388349e+00 -9.181778190580809351e+00 1.532603908993193720e+01 -1.219796554190525839e+01 -3.134061268169562098e+00 1.160634824926090403e+01 -8.098856246367466483e+00 3.968513929461906731e+00 -4.467997222411181468e+00 7.765979771508509266e+00 3.871005112561665555e+03
-3.469633579827272030e+01 -4.079880177096556082e+01 2.113034778168356809e+01 -5.621977696377832956e+00 -1.117312841040440574e+01 1.604151038265215945e+01 -1.228923763060608110e+01 -3.050382027373534477e+00 1.072575662344529057e+01 -7.587007267755309314e+00 9.716690180559922396e+00 -8.826915404869779991e+00 3.705483884203474076e+00 4.247638869125225938e+03
-3.310565263223951149e+01 -3.228711123247867221e+01 2.283799458657251336e+01 -2.894606454478002799e+00 -1.701551211062007596e+01 1.013149959410620227e+01 -2.525344390420493923e+01 -2.240692076099063001e+01 1.437200524803994517e+00 -1.392700912868983742e+01 6.327208498342661969e+00 -1.361670824759963594e+01 -7.596803178665850753e-01 4.622428548317958303e+03
-3.216140853073266470e+01 -2.176992249775592825e+01 1.931520278660411805e+01 -6.517725904866421338e+00 -2.900635095032966504e+01 1.515760146851498513e+00 -3.184167518139761910e+01 -3.750216973881824600e+01 -1.371027816985596814e+01 -9.391680746692077975e+00 1.679208041654886685e+01 -1.080924721935753041e+01 -5.264088379350589264e+00 5.890514283024094766e+03
-3.159283429566811208e+01 -1.086698516387238556e+01 1.203466143725746385e+01 1.831063363036238067e+00 -3.501996884737285143e+01 -6.841295658152743431e-02 -1.981547804393319723e+01 -4.222166800835145750e+01 -1.495509286923951997e+01 2.288954720723898717e+00 2.523687467981559251e+01 -1.312744803584348530e+00 -1.920423963592039263e+00 5.537315019419968849e+03
-3.333602581241832041e+01 -1.524448016590208788e+00 1.312594792977314073e+00 3.076440825698371739e+00 -3.635497339158131780e+01 -1.060708184656289710e+01 -4.065235507601215659e+00 -5.521915182822852586e+01 -2.149070970925627933e+01 -2.359688273858488172e-01 8.965725680188874946e+00 1.405930548222898979e-01 -1.942181835312586369e-01 6.167025105106862611e+03
-3.351805269400833964e+01 1.907689007128539282e+00 -4.243434234208447453e-01 4.779281329293072034e+00 -3.992211116736535104e+01 -8.267935684818795039e+00 1.852131024952600458e-01 -5.572151345027822344e+01 -2.653391967564887821e+01 -6.203660121394149130e+00 -5.114646693607951988e+00 -1.260554945108435909e+00 -3.570293983775531199e+00 6.700205717698636363e+03
-3.475400162570581131e+01 6.151261321504974511e+00 5.450291754536150668e-01 6.566872003739124608e+00 -3.696556647926724537e+01 -3.230747615283825702e+00 5.530900967273558066e+00 -4.698322106924821639e+01 -1.943292516723599306e+01 -3.495829921357175074e+00 -9.242853389642778694e+00 -1.851888305064754991e-01 -3.703601869209465658e+00 5.393044980284455960e+03
-3.744188693681683588e+01 8.495121900252369684e+00 1.712582473851333109e+00 7.372304486879100338e+00 -3.639681256826223432e+01 -3.506766731356079081e+00 4.932066514739736895e+00 -4.408532783967343249e+01 -1.467983222191407933e+01 -1.053017902705298603e+01 -9.417024859137860915e+00 -3.546044704775011880e+00 -4.067603474890601589e+00 5.280394927221342186e+03
-4.023638097509365252e+01 1.082988169365537701e+01 7.582124447823169966e+00 7.676760073777019855e+00 -3.428974757483176461e+01 -2.402992142598672665e+00 4.625193927954840412e+00 -3.229506855415597499e+01 -1.083584355097889507e+01 -1.129953173840894110e+01 -5.711703990496828531e+00 -6.102051588152766826e+00 3.499408546605131121e-01 4.413674957245858423e+03
-4.096798585779976065e+01 1.107162256502544473e+01 1.047415367192916591e+01 7.327219458529121709e+00 -3.793784140200624222e+01 2.939770210403635176e+00 2.113523184892343476e+00 -3.148432799368574564e+01 -7.644560869273971271e+00 -7.764366357181248013e+00 -9.723703043533298285e+00 -9.643376990848748775e+00 4.703735968654173760e+00 4.736399628746537019e+03
-4.118136170186398459e+01 1.127747526338072603e+01 1.206169729375839061e+01 2.540773903712027604e+00 -4.130484303015706615e+01 4.230632612832240902e+00 -6.609331155853112039e-01 -3.731115900048767742e+01 -5.726034483414932375e+00 -1.114240948529677588e+01 -1.820629931788426603e+01 -7.985423161187178209e+00 1.730147798220696531e+00 5.646744291528174472e+03
-4.084042031610420054e+01 1.119580130324865941e+01 1.452194110365243951e+01 3.672809872112635432e+00 -4.087835511129266308e+01 4.819812152196259802e+00 1.774887360351805388e+00 -3.609139046294902897e+01 -2.010383738520448160e-01 -1.214884790326968655e+01 -1.743159292506893365e+01 -6.853657364437266253e+00 1.197999942482188968e-01 5.516153725688490340e+03
-4.118444263097195090e+01 1.045315769606606615e+01 1.181929083456816798e+01 2.315740854300774476e+00 -3.865824364886658060e+01 2.337350304060201278e+00 -1.502560704920564483e+00 -3.734534809872480565e+01 6.571132902926740904e+00 -2.233526970634404663e+01 -2.078272022592772572e+01 -6.058823103938149046e+00 -3.556206185285931021e+00 5.870662294234276487e+03
-4.159660847348551727e+01 1.115166788655571217e+01 1.282408065748774639e+01 -1.942055779106308444e+00 -4.141943031676149189e+01 5.785341377269322294e+00 5.506404946558212998e+00 -3.800612635151556873e+01 1.012100617051503981e+01 -2.208173103388558545e+01 -1.374369469207724670e+01 -1.623486681318728475e-01 -3.163827226645060886e+00 6.035654591762456221e+03
-4.124573828116650986e+01 1.048117823360072975e+01 7.192373817702025995e+00 -4.886141184031260742e+00 -4.178753432392208111e+01 5.869925748031279422e-01 4.806811618530641539e+00 -3.787918785131493848e+01 9.002469104719097004e+00 -2.094068675958141412e+01 -1.343187051989266578e+01 -4.497385393646863960e+00 -8.852113327700111611e+00 5.889709879046854439e+03
-3.906343884019124602e+01 1.001664889607980236e+01 5.030554710628812209e+00 -5.631206038146621573e+00 -4.200303497504577166e+01 4.452416992508523741e+00 1.131658633629674782e+01 -4.205511046937137110e+01 1.351382065304922975e+01 -1.382437414912046236e+01 -1.190204272209912695e+01 1.896774195933606411e+00 -9.545622135271754516e+00 5.974190822873445541e+03
-3.572678644292967931e+01 7.864281000519309117e+00 -5.642277624145449755e-01 -1.818121170804353426e+00 -4.180402148705108800e+01 5.659316484381506918e+00 1.228073365592506860e+01 -3.547622435711043209e+01 6.257909838183509876e+00 -6.115820532949878263e+00 -3.568018656250990350e+00 -9.489665460244239625e+00 -7.101810138369000214e+00 4.760642003331699016e+03
-3.583714317231615354e+01 7.247874415864714592e+00 -6.460696924486601933e-01 -4.361584258266487879e+00 -4.319355132250072415e+01 2.884336611355184488e+00 1.433925027063721380e+01 -5.074479296417258212e+01 1.637984087634970010e+01 -9.667273066393871517e+00 -7.061096979906420934e+00 -2.731488330983342649e+00 -1.994869931429294141e+01 6.827949801497281442e+03
-3.472040639072654500e+01 7.272563849193497632e+00 -1.585434396313100569e+00 -9.068178560376367603e-01 -3.896240980641867679e+01 2.147694519354090392e+00 1.592412048209679121e+01 -5.160798693477486410e+01 2.277556218182240855e+01 -3.272748006410987287e+00 -5.125830278429787334e+00 -4.909886221698499753e+00 -1.881909295400241788e+01 6.635353114563044983e+03
-3.414234573994901467e+01 7.192627777053430371e+00 -4.219425520502785076e+00 9.929581488958406643e-01 -3.397415534378246349e+01 2.531768639011021005e+00 8.810973402063252635e+00 -5.179745391194365567e+01 2.493174083983117129e+01 1.048666011688142552e+00 -3.950118091973989110e+00 -6.656308612858294893e+00 -2.203591998344282743e+01 6.325668800906141769e+03
-3.493940330614078960e+01 8.713222855008490697e+00 -4.210427753019439834e+00 9.734602314553120195e-01 -3.274392936875887727e+01 3.852546225740539398e+00 2.220244757605866148e+00 -5.571491402035542251e+01 2.676817057902412245e+01 -2.919939040725600510e+00 -4.606509371597937275e+00 -9.631677098535925907e+00 -2.213420006399922713e+01 6.840418581546347923e+03
-3.606152738878402175e+01 9.466948591607380337e+00 -2.475916441448761329e+00 3.811994121138297942e+00 -2.900563114261199971e+01 4.766615813299701188e+00 2.070380608160209412e+00 -5.653132368866470614e+01 3.044337436090662052e+01 -2.003616363441678594e+00 -1.608854188079349878e+00 -8.417540206941298564e+00 -2.482834953971753933e+01 7.095546489611400830e+03
-3.767733404178657963e+01 8.261273253660018412e+00 -3.581323461039370049e+00 4.106098286009366660e+00 -2.890560999762394445e+01 7.085795683463751438e-01 1.973917608226045228e+00 -6.365595921280409897e+01 2.760926420664398151e+01 -3.754469708784492266e+00 -7.947535070315516315e+00 -1.292482437644419591e+01 -2.558277886202771612e+01 8.070590411486312405e+03
-3.933409154728666834e+01 6.862904673371891029e+00 1.603545925452305732e-01 6.899375336786277124e+00 -2.592522315430480617e+01 5.468777431626700825e+00 1.970797824704511925e+00 -5.365007503811191469e+01 1.880785337110089728e+01 -5.849069690190497717e+00 -7.629767352087712950e+00 -1.684941863470081103e+01 -2.227256964572970332e+01 6.452267211365197909e+03
-4.329899926795007303e+01 9.359604539248781663e+00 4.928472951515145084e+00 4.251416323135597253e+00 -1.282019254342453252e+01 -3.934655056570218967e+00 -7.027910562172195341e+00 -5.183263068633556259e+01 1.551458058993485878e+01 -8.720656876442420824e+00 -1.992392934248600866e+01 -1.303829752187020929e+01 -1.915822265159507509e+01 6.171371624243624865e+03
-4.959033434045443300e+01 1.182966705298858123e+01 1.636789303048485067e+01 5.300046801485526871e+00 4.055802970267028407e+00 -9.546048868030446499e+00 -1.529277551769668442e+01 -4.193895313116483692e+01 2.824237414208071506e+00 -1.502876570066378648e+01 -1.324931253911951146e+01 -1.258195259686053546e+01 -1.490539129943983276e+01 5.785322679590698499e+03
-5.239419480064108825e+01 1.114852262528336446e+01 1.841515615945263917e+01 1.152270776713919531e+01 2.772525099073622545e+00 -8.238212828322764025e+00 -1.259872525531700482e+01 -3.894485871080611616e+01 -7.905474996081590655e-01 -1.103996436838382778e+01 -1.150139385956286731e+01 -1.355025686192763246e+01 -1.461602975875904953e+01 5.744342546541505726e+03
-5.542316878221230780e+01 1.239929518365742034e+01 1.986594845300502143e+01 1.428372162618627605e+01 5.642070553137057409e+00 -4.082353712147000380e+00 -9.388364238424214747e+00 -3.090307114716844694e+01 -1.427422755352305561e-01 1.943289701290828342e+00 -1.114329736338446786e+01 -1.401255580438161985e+01 -1.239421857474177635e+01 5.393728732301394302e+03
-5.669902098294583936e+01 1.222170822202173213e+01 1.382520267533280212e+01 8.846512827812399449e-01 -2.294488341808176290e-01 -1.183027082698925536e+00 -1.351551121119839927e+01 -2.796818212195547915e+01 -2.545348490322476009e-01 -6.000473108779190490e+00 -1.263762019794936009e+01 -1.566528551333328245e+01 -9.258510917535614837e+00 5.049309527958275794e+03
-5.917203876372365556e+01 3.940544113852188168e+00 8.703935747772417741e+00 2.945301792707523703e+01 1.076530653060993004e+01 -1.732615758470693024e+01 -3.066640829961889470e+00 -1.065652254745989502e+01 -3.750504261866698830e+00 -9.430088066720687223e+00 -2.259284623976628215e+00 -1.154548467098348752e+01 -7.565893413447390081e+00 5.297788311623483423e+03
-4.638668909122765882e+01 -3.432041913572196279e+01 3.601403893462742367e+00 2.666783987412055268e+01 1.003921142202496064e+01 -4.791456081124344735e+00 -1.122188632532560781e+01 -1.586803916379976265e+01 -4.856128194999766556e+00 -1.618680381526531775e+01 -1.204469118960324714e+01 -1.546762454600820114e+01 -8.071535242214762818e+00 5.290295379924959889e+03
-4.470057481856111536e+01 -3.913920212027107226e+01 1.796665397103820894e+00 2.969270471460557204e+01 1.044000451067795332e+01 -2.915608648967296990e+00 -4.236605504756646212e+00 -1.338087900097057137e+01 -1.644417311975907348e+00 -1.291314826834647356e+01 -3.611641315174373812e+00 -1.362558978139083798e+01 -9.214736480460846479e+00 5.182459993338359709e+03
-4.359118736266014338e+01 -3.584939669035750143e+01 2.639388043413227081e+00 2.401048758940919114e+01 3.298306018672414019e+00 -6.469895390537673485e+00 6.764287304049882987e-01 -2.510931635476003176e+00 6.005092020610638848e+00 -1.001241457288688430e+01 1.310991221978865529e+00 -6.812577630824007358e+00 -3.425571351657281660e+00 4.024515471537468784e+03
-4.665907381634380613e+01 -2.744592686451968788e+01 -7.229698965929282073e-01 1.253084760038695400e+01 5.548506054150568190e+00 -5.898252646940290722e-01 5.812014889981242938e+00 -1.528628964355730258e+00 8.021168170134471254e+00 -3.874983344531987228e+00 1.274257475661220607e+00 -5.855570587165697560e+00 9.385846877546936140e-01 3.271289949740559223e+03
-5.636121529292077525e+01 -2.366320006706271073e+01 -1.572130393966299222e-01 2.616621922285909108e+01 3.546928782420444293e+01 1.200516454602997030e+01 -1.088255978532932744e+01 -1.141059307694567870e+01 -5.981288382522492064e+00 -5.451926820904690274e+00 1.471254671938138436e+01 7.552035451390491261e+00 -1.062329037299452850e+01 6.523901353003095210e+03
-6.284010965126351778e+01 -1.538532409863019446e+01 2.632725299816964792e+00 1.054962487619196132e+01 2.422506844393885928e+01 1.605327401640913010e+01 -5.485814860707163731e+00 -2.645932421204996032e+01 -1.550419976836351665e+01 -2.506169309716268057e+00 1.032074916568566181e+01 7.687077941491440303e-01 -3.882367515116209145e+00 6.247407603941648631e+03
-6.691673608374921400e+01 -1.349907203842833425e+01 1.540090210782094005e+01 1.767197885475916053e+01 1.165763711635330679e+01 5.916219439168212801e+00 1.346984024656989476e+01 -1.219397678165591969e+01 -1.187076901742372925e+01 -5.116865148185796741e+00 1.185800100720964423e+01 1.209660067569451103e+00 -3.863723317633295906e+00 6.034694247238235221e+03
-6.937943835977564788e+01 -1.238436499948459613e+01 1.610386241489509018e+01 1.592143226727401384e+01 5.724671340530032460e+00 4.607731008523360927e+00 1.062879544060012194e+01 -5.543417069980052680e+00 -1.686072748743749372e+01 -8.601428687157643083e+00 7.123380458728397535e+00 -3.546886409955924968e-01 -7.197353906651762223e+00 6.138348129326824164e+03
-7.061138367283915329e+01 -1.113304729105839463e+01 1.589393716864522155e+01 1.423673406358888549e+01 7.571974734857409572e+00 4.976759456874190413e+00 2.982779593949507646e+00 -3.658984277409664365e+00 -1.209491213913958951e+01 -1.137862489567143198e+00 -1.030040075800401800e+00 1.150513540379515476e+00 -6.486375785139731676e+00 5.861641523310419871e+03
-7.090439559879479248e+01 -8.741255116309513795e+00 1.337301661374725370e+01 8.674474295017432723e+00 4.617792771899199344e+00 2.315966655776247940e+00 -3.001003208489579244e+00 -4.078838216337319800e+00 -1.191588273967544254e+01 -1.401290091273159399e+00 1.816600124836096342e+00 8.527095224774638993e+00 4.396701737656364628e+00 5.649551837514002727e+03
-6.885438539805518587e+01 -1.665089056594692085e+00 4.673901437621488242e+00 -4.570179362838024062e+00 -2.702704091437017286e+00 -1.467746302057554297e+00 8.318884998233313510e+00 -7.864118005793565125e+00 -1.154387429260943954e+01 -5.526358226875403012e+00 1.312933602032466895e+00 7.391469738121914546e+00 1.081071646739603942e+01 5.263968771410036425e+03
-6.827665390229567777e+01 -1.782939858412708189e-01 3.716128754545137136e-01 -6.309430726561644498e+00 -3.664878835512205946e+00 -3.057560303684767167e+00 2.592841537595651502e+00 -1.121914484496127429e+01 -1.082431422514811459e+01 -2.608145381641089777e+00 3.723400150292532906e+00 1.548968531888622735e+01 1.808788408895303590e+01 5.561986130791933647e+03
-6.472236014583172903e+01 8.347774539710629327e+00 7.109294450861907144e+00 -3.126029515224197031e+00 8.033849395338235055e-01 1.790566937557183325e+00 6.826536602767020456e-01 -9.244998303000388162e+00 -1.589007066671151505e-02 7.061496045548149025e-02 -6.046881704328503027e+00 4.899603751425731346e+00 5.688160599978518306e+00 4.501702242938269592e+03
-5.760277126919721269e+01 2.466113275691860451e+01 1.302743940944419521e+01 -1.953466606376175818e+01 -1.206547966031706309e+01 -1.170225402168797935e+01 -1.149003027722217851e+01 -2.671406692774337088e+01 -1.561166330793691159e+01 -1.091472493456612014e+01 -1.793291713926889841e+01 -1.101272366247374279e+01 -2.145472970258204715e+00 6.416076704241937477e+03
-5.283090850681902850e+01 2.648369877804998040e+01 1.129035673705504372e+01 -1.811167822058309085e+01 -9.464226984912816221e+00 -6.537403634733306212e+00 -4.470749675340213614e+00 -2.301054561018050748e+01 -1.466214776068556169e+01 -1.090878955553013263e+01 -1.013089810231512722e+01 -6.815394438747841122e+00 -3.606236719082977160e+00 5.125848195993695299e+03
-5.399515956320799148e+01 3.152427979546592951e+01 1.753261581863408125e+01 -2.742692406254252546e+01 -8.397945729634894718e+00 -3.771990102373216636e-01 -7.181831855473274073e-01 -2.573426739632379778e+01 -1.256070709177840783e+01 -8.046139602455140150e+00 -1.281467314187650963e+01 -7.501657070114828407e+00 -7.834427658200446842e-01 6.145938545185820658e+03
-5.141113536428446196e+01 2.665344503295383660e+01 1.041542429889934063e+01 -2.287500405917283430e+01 -8.612689774293952993e+00 -1.330076564242989612e+01 -2.845275176070320544e+00 -2.118221320769413651e+01 -1.272411617586210042e+01 -1.771366126416960540e+01 -1.365512205988464522e+01 -1.115656979715708097e+01 -8.185836475390184219e+00 5.546744639379186083e+03
-4.994975395997531109e+01 2.620967351332139117e+01 9.574728448933248259e+00 -1.939656025195201394e+01 -8.231843238734045443e+00 -8.754986980347426950e+00 1.863710303214087594e+00 -1.903828616949595087e+01 -1.058466276607352974e+01 -1.407447810087658091e+01 -5.328310471019745087e+00 -5.047605207733768751e+00 -4.188487414050814373e-01 4.524340342074913679e+03
-5.104490796498187422e+01 2.966096288653266910e+01 1.514599645168632946e+01 -2.706332668772612493e+01 -1.628228904193354865e+01 -1.065180048214092956e+01 8.023693717365929956e+00 -2.423320252905880423e+01 -1.236946331777597408e+01 -1.548935368440196747e+01 -5.575784854600472684e+00 -1.044723606771644242e+01 -7.448365233912879191e+00 6.066017727259159983e+03
-4.954973206469248481e+01 3.029675614596244770e+01 1.336567878731496783e+01 -2.877669800611764828e+01 -9.693831328863979024e+00 -1.113827931955612449e+01 4.469216362518882768e+00 -2.546817564641882470e+01 -1.335928619002239337e+01 -1.522202438622325360e+01 -6.081192085000274306e-01 -7.738851948602132325e+00 2.182413308981628219e+00 5.741645716143516438e+03
-4.248284130309431816e+01 2.308982111432823103e+01 3.428380275072258510e+00 -1.667439873830984354e+01 -8.132454193998649217e+00 -9.977823556693932616e+00 -2.523910233284792248e+00 -1.844961866336892342e+01 -7.497943735970251211e+00 -1.170871303631595417e+01 -6.236647798826616906e+00 -2.900161374606929243e+00 3.260071624761901266e+00 3.391421234704159815e+03
-4.422017778044930481e+01 3.053828417716920995e+01 3.460870955259763626e+00 -2.911727320785545459e+01 -5.384759098020539980e+00 -9.571229998691995533e+00 -8.551485304073720428e+00 -2.737108294859662649e+01 -3.485467522297116094e+00 -5.791937077797677524e+00 -6.139133899414272122e+00 6.375482401009362476e-01 1.054926836353678787e+01 4.885789821927732191e+03
-4.131455359082739420e+01 2.828261153568989172e+01 -9.844367891931146697e-02 -2.162942028075956813e+01 -3.783483157228521243e+00 -9.424262457587577302e+00 -1.637881450928776772e+01 -1.990024091298817410e+01 1.617071916142066135e+00 -2.474628803659387533e+00 -7.851666931378875169e+00 8.494943812678947381e+00 1.779491840961529547e+01 4.201267161807512821e+03
-4.042248553576057901e+01 2.893976827164916799e+01 -5.812439196180221757e+00 -2.820200535635600403e+01 -5.360514444750937635e+00 -1.966946824950457184e+01 -1.958858167031635844e+01 -1.348006937177487963e+01 8.025869560212212095e-01 -5.429916023341577080e+00 -9.542666561317114216e+00 1.869205349074358580e+01 1.075881836085252985e+01 4.868008633653552351e+03
-3.916159786334295489e+01 2.259976720570566755e+01 -6.681941683999061077e+00 -2.627216800979204336e+01 -1.731103363748783153e+01 -2.653663310750452808e+01 -1.486308385323052583e+01 -2.228905181475006714e+00 -6.708520725127409712e+00 -1.749754310812069491e+01 -8.936810280954992081e+00 2.252066351916757014e+01 8.828101933411511837e-01 4.947993926100911267e+03
-3.854736584273589273e+01 2.676094387010561348e+01 -6.931781098357943982e+00 -3.101227881223806548e+01 -7.233162309749940455e+00 -2.686960476804004472e+01 -9.844492654389767949e+00 1.391670090838620766e+01 -8.487011447409477327e+00 -1.802963426629976595e+01 -1.666808917642800481e+00 2.259895878601228958e+01 -9.938275727497703826e+00 5.286099043442462062e+03
-3.767200438472145407e+01 2.204391568808157587e+01 -1.015570920584166892e+01 -3.006107145829724203e+01 -1.685881247133249872e+01 -2.857495642489724830e+01 -7.074888986094260979e+00 1.083551088257481432e+01 -1.026732975924757696e+01 -1.368802059401091498e+01 6.689053474838082103e+00 2.074030299235944952e+01 -2.136910727927207532e+01 5.404452941484833900e+03
-3.789309125440014725e+01 2.148296101009529124e+01 -1.128050447736953288e+01 -3.076423409253258967e+01 -2.224881338554585852e+01 -3.353333604998883999e+01 -1.924370686788739127e+00 6.614628266513319588e+00 -1.620172119359887830e+01 -1.358083399423034265e+01 5.799038749509153767e+00 1.571353059707138655e+01 -2.881380209145961402e+01 6.195756599313488550e+03
-3.639073824311261518e+01 2.157285011942483166e+01 -8.781967052793454798e+00 -2.575752686629914834e+01 -2.505607781774037690e+01 -3.397954087737230822e+01 9.109740599272752704e+00 8.972462207703276960e+00 -1.324977006620336617e+01 -3.586417761259847126e+00 6.867549564029312492e+00 1.345420796347775827e+01 -2.000540032156459347e+01 5.292969303569261683e+03
-3.686711909350439953e+01 2.210090866387884034e+01 -6.726601299238484266e+00 -2.365175334899107895e+01 -2.768597078546801171e+01 -3.115740719894003874e+01 1.900580170017408577e+01 4.652549631113449990e+00 -1.918265755676722151e+01 8.305221156954269546e+00 6.756178654422491547e+00 7.389761434762109005e+00 -1.583955579379873413e+01 5.360548054798996418e+03
-3.624942317487614929e+01 2.123576173763690988e+01 -5.410811631452170367e+00 -2.091089753801041340e+01 -2.294296230120619029e+01 -2.423101940878477478e+01 1.729150059790444516e+01 9.379522070548780732e+00 -1.556168142836457591e+01 1.062852550087782966e+01 7.935307160945775706e+00 4.220799197660689117e+00 -8.259856575836176162e+00 4.236154982847505380e+03
-3.646481738080456125e+01 2.241537180658040640e+01 -8.084139441297317319e+00 -2.368548736889161432e+01 -2.734221756487060873e+01 -2.384755143934546240e+01 1.211240670851760015e+01 5.343219865173288952e+00 -1.286996835088971558e+01 8.169433051392610778e+00 3.998016305317050101e+00 7.891719940960379098e+00 -2.996350664311011158e+00 4.269667605109739270e+03
-3.731008886955463311e+01 1.753366693876250437e+01 -8.396385136121709891e+00 -2.699253888106660781e+01 -3.725173516857525158e+01 -2.472427651746316712e+01 9.446475977545604863e+00 -7.144837896978171621e+00 -1.205030358927733936e+01 3.981993893688952735e+00 -3.066587136233658750e+00 4.364766182868944355e+00 -1.808481091213675340e-01 4.827388824220513925e+03
-3.646385164347648811e+01 1.559464309949755467e+01 -2.436201208314836997e+00 -1.629575983311608312e+01 -3.900983954253817387e+01 -1.899600966468729624e+01 1.528211391530026653e+01 -3.240070219534287865e-01 -3.617869120268667693e+00 9.031947707991220042e+00 5.274105907536525556e-02 5.289572043989278605e+00 3.828791106195605476e+00 4.097863237264150484e+03
-3.577126683571613341e+01 1.470449935159891908e+01 -6.878139955713468368e+00 -1.058499112416772014e+01 -3.870132375756978149e+01 -2.132259337156291679e+01 1.076499712551131971e+01 -7.672714964543879468e+00 -4.119635999951567484e-01 9.874423069941107300e+00 2.169662124645950652e+00 5.104175312175659229e+00 2.472373253748139543e+00 3.916904459109228355e+03
-3.929952054817494655e+01 1.354109115177089429e+01 5.137822043653205384e+00 -4.346206366009106148e+00 -4.724891409092966654e+01 -2.101745543593769838e+01 1.431419109042002624e+01 -1.239858021869971871e+01 -2.425158356312554719e+00 1.548255516095683326e+01 -1.036624887115033422e+00 -1.278855559119949081e+00 1.357505891897575756e+00 5.056058156120929198e+03
-4.200010704112243332e+01 1.292615617335378708e+01 9.101580733793360523e+00 -2.802374593562304561e+00 -5.105320455558896953e+01 -2.658666564096769491e+01 1.588370737082136053e+01 -1.242710691535651080e+01 -1.934021558216373116e+00 1.581371284833324253e+01 5.078776788757274119e+00 -6.862833376848664457e+00 6.440137495146817770e+00 6.109973991549074526e+03
-4.301738216004180515e+01 1.480238410808042104e+01 7.090391711457335155e+00 -7.379624634677599992e+00 -4.652975480583820911e+01 -2.747609113016959270e+01 9.821573857611063829e+00 -1.287420813020248289e+01 -4.226557016268361444e+00 1.814155155536554531e+01 -5.425295578137431463e+00 -8.404701761427762818e+00 1.371188547591479967e+01 5.991568795823029177e+03
-4.414539738613549247e+01 1.841260893187765646e+01 4.458828513596251319e-01 -9.826720521254685536e+00 -3.165200326303648026e+01 -3.094930896685513133e+01 -2.300917161985255976e+00 -9.307370805512324097e+00 -1.313163138742325486e+01 5.252829508816385662e+00 -5.700246986419768902e+00 -9.154125735719155443e+00 4.373158931907236813e+00 4.771681246443932650e+03
-4.860622236132130780e+01 2.169111245883112105e+01 1.065769886318401483e+01 -7.530822546577615739e+00 -3.734007548665547205e+01 -2.692332079742253370e+01 1.833451574173367238e+00 -9.278662667548754683e+00 -7.183477121439231894e+00 1.474266062443726355e+01 -5.018065270071301320e+00 -4.779040920934012782e+00 1.026512642012005827e+01 5.634312028350559558e+03
-4.921082137627746533e+01 2.322453882723148766e+01 1.079133744709356790e+01 -6.700154257889230358e+00 -3.398989968861821609e+01 -2.192740931428089368e+01 2.939254201493109453e-01 -1.119143091228540676e+01 1.885686212749948298e+00 1.536915872282859574e+01 2.377746454346742144e+00 -6.756247887176475508e+00 8.654798182389122019e+00 5.249861200969907259e+03
-5.278164066320034919e+01 1.943354076921306373e+01 1.449777913981557909e+01 -7.872332176472276011e+00 -4.028915429588719377e+01 -2.987245133167556332e+01 -1.544675142895330033e+01 -3.082765687736969795e+00 -9.894615866962109152e+00 8.980612295003576051e+00 -1.792317116567934410e-01 -1.874632843168800633e+01 8.917643051440567348e+00 6.808944319861943768e+03
-5.264774106925149511e+01 1.968359571418191933e+01 1.380459878008505115e+01 -6.978348707497729286e+00 -3.380787348596016528e+01 -2.375555907301613345e+01 -1.035545203301254702e+01 -4.182338375150537857e+00 -1.273549526491999195e+01 9.775596979574830314e+00 1.673137936705034967e+00 -1.804561194815113367e+01 1.585418724342079777e+01 6.068073005941215342e+03
-5.294042136521063924e+01 1.794332205816533587e+01 8.240812282892937546e+00 -3.368229879859157894e+00 -3.252872783626698094e+01 -2.807140936388398700e+01 -8.465195542699422759e+00 -1.668390911543635013e+01 -9.410723213199794657e+00 6.038752152532171458e+00 -7.830858699896463548e+00 -1.381487646608461084e+01 1.140374457366447558e+01 5.907288286690984933e+03
-5.370561512469394216e+01 1.680843651654954485e+01 4.127669111461487184e+00 -5.462978513070573250e+00 -3.292024218511144085e+01 -3.137624428460886961e+01 -1.022526248444274266e+01 -1.464851349677693548e+01 -1.247903874011178971e+01 9.259484405881710956e+00 -7.960157953634659833e+00 -1.091068250408654272e+01 1.060596158575264347e+01 6.137402399905696257e+03
-5.730040694248878452e+01 1.742624539404887329e+01 1.673925907242403710e+01 -1.475524457715572169e+00 -4.551948955626615856e+01 -3.547547300346746368e+01 2.367098355811894095e+00 -1.722970530747996065e+01 -1.216583100844749943e+01 1.102918386664603467e+01 -8.773936290415049299e+00 -1.721262490800857847e+01 1.142764041008851450e+01 8.275887365403672447e+03
-6.115938504587483493e+01 1.764800638783438558e+01 2.015722410152379140e+01 -1.518762030418094211e+00 -2.423999469139496554e+01 -2.637976067693087145e+01 -5.631252924205512045e+00 -1.489852917833646906e+01 1.175343833914324732e+00 3.431189070866775381e+00 -3.795328124173615425e+00 -7.920567569524415319e+00 9.800815627147361653e+00 6.184039512142671811e+03
-5.814029112802484889e+01 1.428157297428501948e+01 2.539876604326826026e+01 7.382360528353362206e+00 -4.362264779853194341e+01 -2.563427337352947077e+01 -4.295898592691717033e-01 -2.102302452997481197e+01 8.606198399477699823e+00 7.632077271870871371e+00 -8.315086603296521162e+00 -8.259259824264145067e+00 8.575908010525852276e+00 7.629274313386302310e+03
-5.917449695395363563e+01 1.157839510263976379e+01 2.364129880973219855e+01 4.791529155540350082e+00 -4.577007207786974163e+01 -2.548236608682872273e+01 -2.059361833704964173e+00 -2.259674522601566693e+01 6.855683298611858767e+00 5.434253811273529244e+00 -1.186580180841282228e+01 -9.325816664984539983e+00 7.666689928123645359e+00 7.839732180789506856e+03
-5.726088101373694172e+01 1.329451008628164033e+01 1.398785567100606819e+01 1.621460306605292612e+00 -3.963042640205893719e+01 -2.103925624022999941e+01 -1.938019918662864605e+00 -2.076906651194954279e+01 4.027885441729449845e+00 5.691686565442081402e+00 -6.832489819905553041e+00 -3.360742444137398977e+00 7.271302671667992712e+00 6.261641284185237964e+03
-5.993643733342734947e+01 1.272576428840262253e+01 2.264207981417580129e+01 5.494377551644221924e+00 -4.812471646566307726e+01 -2.457362830895851147e+01 2.147888813958497067e+00 -2.248912311775589146e+01 5.940553102293494092e+00 9.177602819095218578e+00 -5.971154800412646679e+00 -8.601234892179132174e+00 4.591384264343139066e+00 7.977634493519409261e+03
-6.002634184360853453e+01 1.244197477487514014e+01 7.849567124793032313e+00 1.767657643774216414e+00 -2.137289003568005796e+01 -1.737202811856118956e+01 -6.365839355974760583e-01 -1.312575069034676822e+01 -5.908397175078941466e+00 2.012105536811662709e+00 -4.546796480738469093e+00 3.272127566524950737e+00 1.779259715097565575e+01 5.140897545033679307e+03
-6.121657524959778840e+01 1.149489496794518395e+01 2.093940564288222106e+01 2.061239033581311997e+00 -3.919746944427325275e+01 -2.909463762365502504e+01 -4.368680555275314958e+00 -3.036543475420463523e+01 9.869250301570868800e+00 -8.894962283084570487e+00 -1.378971192281574076e+01 -9.689181333850873656e+00 5.380623086454786375e+00 8.135903607702460249e+03
-6.206450420661004586e+01 1.133062101653617049e+01 2.390384530546747754e+01 3.876937158251999804e+00 -4.076525706771377600e+01 -3.325871131235524558e+01 -4.468211884017078361e+00 -2.909967275265171338e+01 1.251682741017286737e+01 -1.197453129354017420e+01 -1.625819743077327573e+01 -8.460812010757045698e+00 3.945254868983898433e+00 8.853053778533349032e+03
-5.976932280822690302e+01 1.152276022750802120e+01 1.919223066923980525e+01 3.433245622462250957e+00 -4.090961095159409666e+01 -3.486693682249820370e+01 7.150713711608602807e-01 -3.298144637446401362e+01 1.257631993323267494e+01 -5.982264214737530672e+00 -1.816323453011605693e+01 -2.708086385471929258e+00 3.408366333846024165e+00 8.605666619123334385e+03
-6.097206654268040182e+01 9.744015717323478043e+00 2.231762694390875268e+01 4.702718621571196245e+00 -4.419019496344623121e+01 -3.568048565641316117e+01 -2.420185018654520626e+00 -3.230958022584904654e+01 1.383794530469445228e+01 -5.747058640480560143e+00 -2.370748990478613649e+01 -6.230056243233029534e+00 4.282752219269504224e+00 9.452085491329517026e+03
-6.187707567233729833e+01 1.191757246020396366e+01 1.058148432276315631e+01 -2.160442855319016697e+00 -2.144980115764539974e+01 -1.465685471839736564e+01 -1.781092409761218798e-01 -1.348749146951096378e+01 -2.833226897128009458e+00 -6.803736770263755229e-01 -1.229642326998318502e+01 4.635898861684340844e+00 1.481524409187769820e+01 5.344972983872202349e+03
-7.131885823350114606e+01 -2.744041434544668867e+00 1.603537195352501143e+01 2.243147985680635337e+00 -1.882027482101521443e+01 -1.509507310374265643e+01 -8.382245463967079147e+00 -7.411112943846752898e+00 1.079830033521186294e+01 5.406524628180682690e+00 -1.479657743548372872e+00 -2.982075018388937515e+00 -9.384225129491040818e+00 6.308304418547689238e+03
-7.275730296151584753e+01 -6.134035498747388182e+00 1.707655154139732900e+01 1.032431803075514587e+01 -3.231972034244523950e+00 -3.427072943750696155e+00 -6.215938120080330087e+00 -1.792884199295773584e+01 -5.688933549702658077e+00 -9.326119544720696819e-01 3.034123930672973035e+00 9.085160374665782967e+00 -1.765463338132145510e-01 6.236734360851530255e+03
-6.749028261161603837e+01 -1.213503588909477138e+01 2.457639732742740435e+01 7.712300850398819740e+00 -7.904531199330258495e+00 3.112259100511565180e+00 4.116439213654950358e+00 -5.343149069317653321e+00 9.318687663468120164e+00 -2.085794422886230848e+00 1.647416916738626336e+00 5.245140308045135313e+00 -5.321510345849490842e-02 5.604755106334320772e+03
-6.185858567800243435e+01 -1.634377159320438144e+00 2.943562840107859202e+01 9.124250719582892799e+00 -2.790324365332622847e+01 -1.154872851329022687e+01 4.853019125747946028e+00 -2.201287009544742190e+01 -1.074637577178966241e+00 -7.714559160622887823e+00 -1.920487922361115452e+01 2.618526390570358409e+00 5.556391949305893974e+00 6.666173189377313975e+03
-6.178363172605040887e+01 5.461886548640880967e+00 1.758541767543941958e+01 1.007520283066843803e+01 -2.600892729801877223e+01 -9.614246427046248655e+00 5.789046146082055699e+00 -2.823385954406620968e+01 -4.466984629908408166e+00 1.823556218187485367e+00 -2.427142769220943919e+01 6.612397677291698805e+00 3.136400367654267107e+00 6.523310215910089937e+03
-6.220756417199523014e+01 3.828034385290469910e+00 1.902748717826874270e+01 4.859452485010989697e+00 -2.073715996949060170e+01 -6.298693867004080182e+00 2.275424440928057734e+00 -2.584187896519052785e+01 -1.318299816769643229e+01 -3.511411762043948226e+00 -2.486239338379484920e+01 1.977876529848973064e+01 7.800585100718903098e-01 6.608846153144089840e+03
-6.252576250446264083e+01 2.178533568225848316e-01 2.236387429634685020e+01 1.253913785043256901e+00 -1.926817075215254249e+01 -9.126272192638188230e+00 -1.748552959896956915e+00 -2.272623141119209222e+01 -1.902651369693167993e+01 -1.054321503046631037e+01 -2.969425072015816980e+01 1.884750124253412906e+01 -4.014987494938048185e-01 7.095629526852480012e+03
-6.197173074732571507e+01 -2.086225578243753631e+01 8.736035591365808983e+00 6.819236931075901786e+00 -1.885783826566239085e+01 3.828170356276571873e+00 -5.480140484855253291e+00 -6.942831986967648028e+00 1.187147201723568690e+00 -3.189511479187637111e+00 -1.048939620088728653e+01 3.763437373799098928e+00 -1.053424431884930179e+01 5.093800745239544995e+03
-5.261743899476977759e+01 -2.576317842195731345e+01 1.547881360879212487e+01 1.099408961857338340e+01 -1.906263991303955052e+01 1.864283071005029768e+01 -1.639047485853243558e+01 -1.084939083522109016e+01 2.352030169089319944e+00 -2.381612456872976935e+01 -1.763961383416940976e+00 -9.312287765893097813e+00 -1.358447190267439098e+01 5.737204226429343180e+03
-4.913410167892134695e+01 -3.035083907532024838e+01 2.424643080162425335e+01 8.202345204007954749e+00 -1.428472727509764617e+01 2.281808861667319022e+01 -1.610900368834715124e+01 -1.651515900956311356e+01 1.949933267385419944e+00 -1.860782903162549928e+01 -8.032631551959543259e+00 -1.142181821750842374e+01 -1.695022338323382272e+01 6.079815047021169448e+03
-4.625178158552877505e+01 -3.615948432320737282e+01 2.724178760383281528e+01 9.199312877481288453e+00 -1.502975809803531604e+01 2.760983174179198585e+01 -1.117107064604487832e+01 -1.651885455409371417e+01 1.437026902996570321e+01 -2.720242008983482407e+01 6.313036777857788273e+00 -6.977950101269557948e+00 -1.320434215528481303e+01 6.868716931545287480e+03
-4.254559119906595299e+01 -4.021512275368147726e+01 1.954053860020460576e+01 1.574675274180201701e+00 -1.949944303497973763e+01 2.481177074758459256e+01 -1.389834680036283565e+01 -1.193976769235922575e+01 1.817276675441880585e+01 -2.354282880005496636e+01 4.973909237323799637e+00 -4.625409264259490172e+00 -1.300671187562943132e+01 6.243092999410562697e+03
-3.528195679983521416e+01 -3.628747917593087635e+01 1.658137014886401772e+01 2.652143684139799618e+00 -2.160149713961341433e+01 2.326020394663341762e+01 -8.653638484000641284e+00 -1.201586006980553911e+01 2.253496394190712238e+01 -1.857389676222683761e+01 7.124951902138743520e+00 4.085862788344151397e+00 -1.250879731348713086e+01 5.147244906604431890e+03
-3.119522792612015394e+01 -3.342712375212298781e+01 1.755703909038044230e+01 4.399608956859316078e-02 -1.862579286094637609e+01 2.071845895706226415e+01 -9.502578176564838941e+00 -8.954051978505747300e+00 2.048283579416963107e+01 -2.243832280941097679e+01 9.388942335024241359e+00 3.716372764986735078e+00 -1.132976420558953912e+01 4.498767259392491724e+03
-3.336655523064288076e+01 -4.068634641171830424e+01 2.018483815661580394e+01 -8.871858557487165564e-01 -1.928560174903425661e+01 2.367393530550138436e+01 -1.086102774830679785e+01 -1.020401775680688949e+01 2.045644655052853977e+01 -1.903042058458264307e+01 1.123743693194700022e+01 -3.513564832895597623e-01 -1.044094306579238385e+01 5.347433977629129004e+03
-4.005810158156783984e+01 -5.477391984445761608e+01 2.197532969965180172e+01 1.139097907140485644e+00 -2.024604574633639942e+01 2.085657860024540255e+01 -9.195048110261490493e+00 -1.133351345220728135e+01 1.862589186333140390e+01 -1.250672579437562781e+01 1.760736846515249354e+01 -7.048997465658197292e+00 -1.160819955293676919e+01 7.144743257288592758e+03
-3.250503136512307378e+01 -4.144165702065849644e+01 1.940285303474488643e+01 -7.456091863925952412e-02 -1.501676683618485164e+01 1.829445619039861981e+01 -7.693734223079056633e+00 -7.512514864366467648e+00 1.601111084552806929e+01 -1.742185198839718296e+01 1.366543452974540962e+01 -4.490352464507333607e+00 -6.423850062953484041e+00 4.634335918268465321e+03
-3.909796307854347930e+01 -5.408562920414882313e+01 2.453249516987666823e+01 3.506337743073882240e+00 -1.885708622227409137e+01 2.513968053458373220e+01 -8.444023687673146483e+00 -1.319666331830524086e+01 1.733021112046259304e+01 -1.597888171886013353e+01 7.830764544825245643e+00 -3.584054788445619089e+00 -2.355946304277281023e+00 6.936468107415085797e+03
-3.278705114739354087e+01 -4.269455326533729078e+01 2.018682476630384670e+01 1.077487240460978990e+00 -1.942637696960635552e+01 2.144385585681688156e+01 -9.345305052925013456e+00 -6.942348470095285329e+00 1.737991053219455395e+01 -1.603026391667911099e+01 8.861290555109174960e+00 -3.842248294470012926e+00 -2.696418332260424044e+00 4.938825144779436414e+03
-3.339552488636218897e+01 -4.252900652516184721e+01 1.833398001614078154e+01 1.046039235504497844e+00 -1.876814193862379909e+01 1.711106998842679516e+01 -8.020359321224253435e+00 -6.909060315346524206e+00 1.502888008527322583e+01 -1.681549319204087922e+01 7.302490989616194916e+00 -3.801165391236420277e+00 -2.464525474025880403e+00 4.600776812533351404e+03
-4.198094509984431966e+01 -6.216868023279931066e+01 1.430695935873857394e+01 3.367449818265066064e+00 -1.359733300903656072e+01 2.314779821625660006e+01 -1.361609875413079962e+01 -1.557512976402869320e+01 1.533978023787090628e+01 -1.964819583171515305e+01 2.731032944640598537e+00 -6.132197014752348352e+00 3.630030731562275292e+00 7.671664158875208159e+03
-3.361851990414473335e+01 -4.123940997803231312e+01 2.071050931880531465e+01 -2.212680613315419986e+00 -1.816748424342987889e+01 1.965265130944165506e+01 -8.900491700804984418e+00 -9.349663235318306675e+00 1.474832204518307854e+01 -1.948301746353904917e+01 1.431985841136419424e+01 -9.988544577199329311e+00 -2.454689630931382371e+00 5.055589951487621875e+03
-3.446695287956816145e+01 -4.295916801893697112e+01 1.888635942795556844e+01 -3.547286163118166691e+00 -2.012420466834658939e+01 1.563139210919294797e+01 -1.012188253417314066e+01 -1.256995959078131442e+01 1.256985605522773852e+01 -2.612907799668484188e+01 1.198992500060249355e+01 -7.878326984288254842e+00 -7.330231553229435981e+00 5.412807822622304229e+03
-2.815881378628171561e+01 -3.262233040449294208e+01 1.581498128909894163e+01 -3.557719361714619222e+00 -1.587809089188076506e+01 1.683398476240100905e+01 -9.405665869985378791e+00 -1.077031581279858763e+01 1.771731283585339867e+01 -2.492063363931869446e+01 1.196809913850318985e+01 -6.091649728538378383e+00 -6.149792151759058356e+00 4.012973993641183824e+03
-3.570818475383921964e+01 -4.564433750045453309e+01 2.256124587524232439e+01 -4.863990758609316734e-01 -1.871355230651690960e+01 2.290166328933827344e+01 -6.842418553677990012e+00 -1.171847378202168422e+01 2.592235719099953073e+01 -2.230816036836185745e+01 1.262359935361128649e+01 -1.510661540773097666e+00 -6.824077740603604170e+00 6.304378961863851146e+03
-3.304796461271205033e+01 -3.908872608173666663e+01 1.940217004592596339e+01 -5.439431478976125556e-01 -1.670484090256486454e+01 1.739205382120180943e+01 -2.976613421940387916e+00 -1.238382048092526233e+01 2.110258041805882812e+01 -1.914379837074492841e+01 1.311434203427078238e+01 -5.684584585103856114e+00 -5.207693390743523665e+00 4.783815486951735693e+03
-3.967281081174049717e+01 -4.820874960260981368e+01 1.980522383603611658e+01 2.854194041297408280e+00 -2.065394491096033391e+01 1.796991628816711284e+01 2.395053259781890986e+00 -1.468299402555878963e+01 1.834048075290851187e+01 -6.342545596514291617e+00 1.315480082735736822e+01 -7.396942569003313039e+00 -1.214058610950151440e+00 5.875077297611730501e+03
-4.299927010172473985e+01 -5.014352458117029698e+01 1.581874135970162421e+01 7.592858664501673793e+00 -1.964836232540746863e+01 1.719413431721971008e+01 -6.134350600340221504e+00 -2.537964775514860349e+01 1.881771360249537395e+01 -6.810904905518693653e+00 1.195238948778346000e+01 -8.785998210217021764e+00 -2.668103468222639663e+00 6.662314468052452867e+03
-4.643097878102532405e+01 -4.761608485622511466e+01 1.128962292526284728e+01 8.302392216559075777e+00 -2.037093127584873287e+01 2.354669809795412050e+01 -4.350391714203010629e+00 -2.353179797147638652e+01 2.325057419754217847e+01 -6.187577499881932397e+00 2.001245764298133167e+01 -6.643820675293413025e+00 -5.058642608914359684e+00 7.210709881065151421e+03
-4.863938792146284840e+01 -4.344722392462759331e+01 9.749662159604174927e-02 5.271633557491801625e+00 -2.273664030710386186e+01 2.913402649370728881e+01 -3.208584397554089529e-01 -1.790507233774221518e+01 1.180629629165441408e+01 -2.280520003072955504e+01 8.820165050469682910e+00 -1.834761281870085270e+01 -8.463359539941372134e+00 7.113216270768495633e+03
-4.792697177789894170e+01 -2.460164915009508491e+01 1.903397003046199298e+00 8.005875579200488090e+00 -1.120081896120640685e+01 1.460573160252945968e+01 -5.724985461494662253e+00 -9.941009028281019511e+00 1.492403368201406089e+01 -1.863280583719922490e+01 1.546918157384962100e+01 -5.361162373608283183e+00 -4.914473356506128709e+00 4.302435512367664160e+03
-5.412821809232536197e+01 -2.494239024245660730e+01 -4.540815688761778546e+00 -2.066002441595470973e+00 -7.545771125378725408e+00 7.163551471574812979e+00 -1.592850657787455715e+00 -8.917252946170545869e+00 1.512546261653391433e+01 -8.123842127973173177e+00 7.550194309558125205e+00 -1.781154327450777064e+00 9.101828071656532793e-02 4.122146562413920947e+03
-5.671620703358679805e+01 -2.111062452393168343e+01 -1.544346711182377874e+00 -3.476780667732769281e+00 -1.275697344314326642e+01 1.341657066144649235e+01 -1.733096918184578783e+00 -1.099635269896186074e+01 1.504823353299769551e+01 -2.069530140036104637e-01 1.007234776733785075e+01 -4.329594685188542513e-02 1.868173353429750660e+00 4.474964053770718238e+03
-5.893676193629170967e+01 -1.495323515066937858e+01 2.572694129406852159e+00 -5.134021608069418541e+00 -1.461509149452967904e+01 2.181333306969126440e+01 3.647275156461184498e+00 -8.664660122950989418e+00 1.677022861388867270e+01 3.099090367214023534e+00 1.252708356904709142e+01 -5.735166100625923136e+00 1.720692539641944574e+00 4.991545096707789526e+03
-6.194454414662998687e+01 -1.475434474159792764e+01 4.520880855067096249e+00 -4.308536691116834128e+00 -1.758886565785019229e+01 1.845024232260405483e+01 8.923918783460671467e-01 -9.075898057250638473e+00 2.122608444521894100e+01 7.271967641536610572e+00 1.538319523595639104e+01 -5.367852955744247367e+00 4.241292137074887059e+00 5.613640290384155378e+03
-6.345566898977155290e+01 -1.173254193152279257e+01 7.459359364266373582e+00 -9.613227628260050395e-01 -1.092066451006725103e+01 2.354021803673886026e+01 1.198902128149049950e+00 -7.942220520787418359e+00 2.281049059843222793e+01 -4.913877619585878875e+00 7.512202909729671418e+00 -9.446056164345165485e+00 5.651320823268599192e+00 5.680822933632191962e+03
-6.737655839420223458e+01 -1.136973380944525580e+01 9.354655198295708018e+00 -3.595532043781136666e-01 -8.886088795978000832e+00 2.016379453354001328e+01 -6.161590712713901574e+00 -1.434414781226713487e+01 1.233735520298073141e+01 -9.330348750260474944e+00 1.112307368819019970e+01 -1.378762176979143383e+01 1.808403333449290218e-01 6.038891007754661587e+03
-6.985747271252630242e+01 -1.172338565460109017e+01 1.212400120318948993e+01 4.855684369591930505e+00 -1.769345148419972036e+00 1.550425126293909095e+01 -4.677290884050953501e+00 -5.555666886376461555e+00 1.048757968512469319e+01 -1.060448701546983941e+01 1.528743845031014459e+01 -1.472053420557045023e+00 9.449593932848028288e+00 6.031940228558716626e+03
-6.979202196504317612e+01 -1.090145051962062439e+01 1.079610744258621224e+01 9.910903247151397366e+00 3.491905858413382191e+00 1.741622588884092693e+01 -2.291372860820997559e+00 -3.300220734388328303e+00 7.434378699328679119e+00 -1.098608997317564473e+01 4.513971674016688418e+00 -6.150463143202346217e+00 1.077439020703770112e+01 5.886465850732182844e+03
-7.008969865066929117e+01 -9.318260829207339668e+00 8.906891503760293816e+00 1.454768173264394981e+01 6.897080745127903256e+00 1.576531800162944208e+01 -2.120905961571175891e-01 -8.128690120496212757e+00 1.401206956215201638e+00 -9.149619798429547757e+00 5.651647849526934664e+00 -2.462651328048159449e+00 1.437560675809475086e+01 5.982941929902117408e+03
-7.118545071489310772e+01 -9.335073463796614845e+00 6.931472789110059374e+00 1.293736973578450744e+01 7.599907770417714481e+00 8.658496484135561388e+00 -3.501060033887214207e+00 -1.199087290577341136e+01 -5.738332046863714453e-02 -9.787466549966705731e-02 4.045975356902872022e+00 4.632415542708345768e-02 1.127772436647428478e+01 5.802271456349281834e+03
-7.251667828565932439e+01 -5.832625797401925105e+00 1.320830680852850669e+01 9.635246659961669735e+00 5.170115448466280128e+00 1.884902988701225190e+00 -4.258866222426885173e+00 -7.113937667061355441e+00 -5.940410374215854716e+00 -1.262755523420022286e+00 8.169474648804932571e+00 -2.662596818916814101e+00 2.501383948994976958e+00 5.775984190327383658e+03
-7.290296536070407285e+01 -5.767947972828018521e+00 1.482008052694004796e+01 9.634579654357651179e+00 3.606488143315841111e+00 2.250147083329226305e+00 -2.439119203508669731e+00 -8.511574698313019383e+00 -6.769048333703715059e+00 -1.913943994347252930e+00 2.184400204095533926e+00 -8.318135678078739659e+00 -1.852427713517986296e+00 5.883915289902700351e+03
-7.365909671410632598e+01 -6.532412689122247151e+00 1.475229578264580255e+01 1.107025236826519432e+01 7.631832611979185721e+00 5.980986270801849081e+00 -2.071329372818313974e+00 -1.032999330551884221e+01 -6.691345853521322162e+00 -8.048632076739968610e+00 6.359551968544653322e-01 1.520700285436978438e+00 1.667014641161826960e+00 6.128582389308925485e+03
-7.454884992948774425e+01 -7.582678028260228409e+00 1.454728038203019658e+01 1.438239894841782984e+01 7.448823925210010799e+00 5.434016947547599230e+00 3.137377109521595209e+00 1.115163263126004445e+00 9.441531984439360814e-01 -9.270106843302258426e+00 -8.441863401123093524e+00 3.593172797376218419e-01 7.564893907265999751e+00 6.345053132767489842e+03
-7.481138465382589686e+01 -9.330757492114964080e+00 1.340840050167106945e+01 1.444092143720082078e+01 8.649025169769858579e+00 5.325098695314440356e+00 3.358726739075488688e+00 4.426939620386756147e-01 -2.038307310353982604e+00 -7.973074019915184607e+00 -7.248117730301188999e+00 -6.210100856994343665e+00 4.594200077286271444e+00 6.366702904576907713e+03
-7.414098026203402014e+01 -5.654338875625230187e+00 1.813042734334344530e+01 1.385957448665140035e+01 9.694314497698217181e+00 3.139238696864998790e+00 -2.285314609599374547e-01 2.340784058742197971e+00 -5.011012016974683903e+00 1.898095042118440601e-01 5.398004662162825262e+00 -6.016249611286651700e+00 2.530865913501024522e+00 6.255908017825819115e+03
-7.381558478881126462e+01 -4.773758721366849755e+00 1.744464435177482287e+01 1.141786885714248712e+01 8.360411219570902830e+00 5.175207466892072894e+00 -5.158985652587153581e+00 -4.500001593724206606e-01 -3.866270452590645057e+00 2.971442486862374111e+00 5.858737950328213095e+00 -6.151878814783165339e+00 1.835438287624828080e+00 6.129026331730941820e+03
-7.366533983029340504e+01 -4.522317388720953346e+00 1.658865372546180694e+01 1.440498607924692465e+01 1.301398806319805779e+01 1.216150752372601218e+01 -3.303217940246431450e+00 -4.496427132532970106e+00 -6.090349300079437311e-01 2.763889352064475613e+00 3.236596624689026758e+00 -4.271550269155040880e+00 4.163465941575545948e+00 6.332182115477115985e+03
-7.388782589475391660e+01 -6.120135551223015113e+00 1.194400301136394127e+01 1.022076181889412183e+01 8.799261877274478394e+00 1.154762304458508027e+01 3.998345556612615259e-01 -3.740735245795653974e+00 -3.850755134208317720e+00 -5.557653471579858895e+00 1.546863406165338350e+00 -4.969716776335251218e-01 2.626244568385876832e+00 6.024170385121047730e+03
-7.387003620591396214e+01 -6.837034684792048012e+00 1.345349786803023662e+01 1.180647194161475255e+01 8.013526500048705259e+00 8.147244492853543463e+00 6.865705162758896307e+00 5.162626917044941255e-01 -5.913073227222422013e+00 -1.130571103912215314e+01 -1.688052887525879786e+00 3.779616852028182983e+00 1.166072160899387367e+00 6.183193598753681727e+03
-7.339829005767165881e+01 -8.947719009069203366e+00 1.170212639500313934e+01 1.017517614254747649e+01 6.792760846037602995e+00 3.023333309789524748e+00 3.652899738958040654e+00 -2.252065579584539012e+00 -4.330339247277070314e+00 -3.317739201633596036e+00 2.244335425011119156e+00 1.123558645369528541e+01 -2.603029790431031776e-01 5.942644684148915076e+03
-7.280880731866488986e+01 -7.548857610579950084e+00 1.396882426817600376e+01 9.893944777640536259e+00 8.389069181617673010e+00 1.481767043949654417e+00 1.849859899454572965e+00 -6.014793779119720796e+00 -7.814366794516400816e+00 -4.919970393288227939e+00 -4.860527044142895825e+00 5.493653529526758561e+00 -1.671343894911821337e+00 5.905166489983371321e+03
-7.344216006179237866e+01 -8.067000003691632060e+00 1.712569900721499749e+01 1.064679040895902418e+01 1.508311478626231938e+01 6.434683383544484769e+00 -9.853132108684763413e-01 -8.105976074371547213e+00 -5.144807505779080969e+00 8.154517009212075562e-01 -1.814453730214035554e+00 1.054971056210181146e+01 2.864361952411710988e+00 6.350981478669034004e+03
-7.373001685698132235e+01 -7.151140973493088637e+00 1.658733528034371574e+01 1.232457310994127297e+01 1.191916689361413084e+01 8.064955080264587517e-01 -4.430684847607027521e+00 -4.427928970814414278e+00 -3.850647149264124547e+00 -2.364254649383124018e-02 -3.696824038884956032e-01 8.308834581023557320e+00 1.826554513894747434e+00 6.183581235634957920e+03
-7.332511792888129776e+01 -6.092930481750512328e+00 1.755694465153318973e+01 1.420220297579175650e+01 1.037838904989221867e+01 7.526814090226340292e-01 3.379947872717962709e-01 -9.849525326120584623e+00 -7.333292440353048391e+00 -1.697162007742713863e+00 3.686431899605842499e+00 5.940769125978291321e+00 -8.249986942540828150e-02 6.234597335286234738e+03
-7.316045266260017854e+01 -4.899461097480273253e+00 1.637388943372255312e+01 1.430388377630952057e+01 9.692776584715602439e+00 2.415899683286541144e+00 -2.069877317632281069e-02 -1.212037417795923666e+01 -8.534053925401140717e+00 -2.238618126117529972e+00 2.760477169633200667e+00 4.129466929019985244e+00 4.389349538748521518e+00 6.217632895181577624e+03
-7.381686225781395194e+01 -5.776160901153591709e+00 1.711832708876560716e+01 9.996951776833844505e+00 2.170867312133044624e+00 -7.263407295291531840e-01 -3.970552597961184649e+00 -2.438212505016690734e+00 9.497374427414422282e-01 2.503746941867508458e+00 9.287145402394905602e+00 9.153079664813638772e+00 1.548539037729109680e+01 6.319217761558264101e+03
-7.288867442237712169e+01 -5.695786758020121354e+00 1.473977509010057751e+01 1.043955231193344702e+01 8.575157944969596713e+00 5.025019880731481869e+00 -4.845836049386349487e+00 -6.811992632072063181e+00 1.176508058837051118e+00 4.076608357757988799e+00 8.466218452692064744e+00 1.154554596265211508e-01 3.580814533856339299e+00 5.942630921737121753e+03
-7.343202869265589072e+01 -4.635077153754236789e+00 1.423318644321398985e+01 9.059499437500713626e+00 1.084812915895509633e+01 5.216838111170810421e+00 1.441460690762154551e+00 -1.207322306505151310e+01 -7.713996165026860474e+00 -2.211284054126349652e+00 5.983764837324351271e-01 -8.147169907198099637e+00 -1.854534255398919029e+00 6.125711977974268848e+03
-7.287480646105584015e+01 -5.156514957866704663e+00 1.076802901749930719e+01 8.339618780260332542e+00 1.574341610781979384e+01 3.151884994580643973e+00 -2.514178529810983775e+00 -2.259882815402914247e+00 -5.827232365658667312e+00 -6.561682164292415465e+00 9.942400477127860681e-01 -1.228063463223346474e+00 -1.760560269394260802e+00 5.874652982823888124e+03
-7.276504944143474063e+01 -5.191125988413624270e+00 1.353626813075652180e+01 9.389739087648811378e+00 1.304910794000723051e+01 2.884510498741328810e+00 -1.076187820067889511e+01 -5.817562879473665127e+00 -5.719387557276770506e-01 -6.310815398894691342e+00 4.741352058345494669e+00 -6.318674454817019281e-02 -3.637894944947575593e-02 5.983998883667123664e+03
-7.243174796612765931e+01 -5.467630434263751837e+00 1.221004268451878971e+01 1.035224574955289079e+01 9.387660314442294762e+00 4.184840815194806218e+00 -7.846927285655441509e+00 -3.816787080370399377e+00 -3.017340902375029721e+00 -6.751689759241527256e+00 8.771192627365554939e-01 2.031405947445943383e+00 -1.737537380195660841e+00 5.776895065880506081e+03
-7.426030438833319636e+01 -8.208006845549480346e+00 1.033438193323287635e+01 4.891665380715124911e+00 -1.918230873851658913e+00 3.175169837626750535e+00 -2.120231608968534243e+00 -7.312179630587738899e+00 -6.976347173819123171e+00 -4.869351135022946586e+00 -5.011450071870909184e+00 -1.758441995787074719e+00 -1.450431125367140084e-01 5.885024478517826537e+03
