-6.304563676483936518e+01 -7.089219078800739204e+00 -2.377294151872822781e+01 -3.186816327489891520e+01 3.293262171813392758e+00 1.701158921382370792e+01 -1.009793057269418881e+01 -1.272795785768738241e+01 1.097479883807962153e+01 1.222263517347333206e+01 5.353938611412555559e+00 -1.767809934658659188e+01 5.207737304846218329e+00 6.808090180708972184e+03
-6.084976472186097851e+01 -8.685802564265191705e+00 -2.089450157498605876e+01 -2.936122506024010193e+01 5.923270092244388607e+00 1.409563646034419371e+01 -1.091503560102632520e+01 -7.044895847771286412e+00 7.071242724391374468e-01 1.242479187992581835e+01 3.514113699598364171e+00 -2.415441315775333919e+01 -1.540190041052970082e+00 6.232371754929731651e+03
-5.909870294867518226e+01 -1.426363960165581801e+01 -1.812597972469115248e+01 -3.214322931225736113e+01 1.412785582812968244e+01 1.639999597572386492e+01 -1.477601093070173377e+01 1.534583390481613963e+00 -8.518725259209659839e+00 7.044653637623197184e+00 5.453524082056779854e+00 -2.608826801681257024e+01 -7.907081270642899451e-01 6.580247757301483034e+03
-5.388593424788690811e+01 -4.158103345862464550e+00 -1.136928261346763236e+01 -2.761314448163771829e+01 7.528951447319159662e+00 -8.003145268145412938e-01 -2.783887929963167451e+01 -8.498512878089828249e+00 -1.993296875000931578e+01 -3.121479519544633430e+00 -4.372701653158917345e+00 -2.665230806487563342e+01 7.556852520337756118e+00 5.910922546074093589e+03
-5.122952333223837229e+01 -1.476474162882344787e+00 -1.720189910215857054e+01 -3.520502238897394420e+01 -6.593476942526866225e+00 -4.068849151057900571e+00 -2.570466493516263640e+01 -7.784840516651891917e+00 -2.568284380830690239e+01 -1.786146180800983174e+01 3.056016462147632673e+00 -2.037822968974009896e+01 9.647407283485694762e+00 6.439630217034454290e+03
-4.824508070727393516e+01 3.042637577924030445e+00 -1.723797717739771329e+01 -2.990049539173027782e+01 -7.751576707812229960e-01 5.098733694581098597e+00 -5.112604737264960342e+00 6.926031212224110334e+00 -1.988032250721515481e+01 -2.849789831303724341e+01 5.270491132464185213e+00 -2.003922252198411158e+01 4.867152726928096307e+00 5.289134650957693339e+03
-4.485800326154926410e+01 3.194807475140993169e+00 -2.443780232044020195e+01 -3.811027401988875596e+01 3.815477155090365446e+00 2.154068567771987741e+00 -1.256820031016868455e+01 2.398019775761501826e+00 -1.046530855862987508e+01 -1.992917920186803471e+01 8.372915686433611171e+00 -1.228502882214120717e+01 6.839874369989813907e+00 5.029460853275159934e+03
-4.209298055433119146e+01 2.386289706809261446e+00 -2.859455510579503468e+01 -3.722192169384221927e+01 7.133645044948718095e+00 5.849535755212359689e+00 -1.347592504137978509e+01 8.556582846318516289e+00 -3.775416651360702591e+00 -2.732219894279223027e+01 9.511285376056619612e+00 -1.800290489398117444e+01 1.155538669112470496e+00 5.497215782401850447e+03
-3.955714517999904700e+01 1.363974853091822981e+00 -2.926063570749199272e+01 -3.389880855368472368e+01 5.880208857603203693e-02 -2.163062939811807972e+00 -1.124896063579656769e+01 7.489189987727236542e+00 -9.028088983351230112e-01 -2.337082132022115744e+01 1.222422736603109250e+01 -2.247214640494747329e+01 7.895977690177040209e+00 5.023037482096703570e+03
-3.918682140816613924e+01 -4.778618924609671303e+00 -3.365430801803205441e+01 -3.389264147797204174e+01 -1.506570823140454607e+01 -1.605711632799928168e+01 -1.066801348045395059e+01 5.657447874334914140e+00 -1.479951817377375578e+00 -1.651800626385698578e+01 9.160941838124921688e+00 -2.338268990202864472e+01 1.748820861951414685e+01 5.681930814233915044e+03
-4.007173988937348952e+01 -6.570939616917789827e+00 -3.033765581055504157e+01 -3.192135104793943867e+01 -2.680450754803687730e+01 -2.878674873879747764e+01 -7.093298007478689549e+00 1.370792636727819058e+01 -2.756982347950734033e-02 -1.206189131925077973e+01 9.974933486256103876e+00 -1.563170649089238928e+01 2.702894065805007884e+01 6.593551409034937024e+03
-3.851550634877132495e+01 3.829833681234759424e-01 -2.007781369592708032e+01 -2.074780468991112059e+01 -8.811701611629006337e+00 -1.726841971844567070e+01 4.540563783712980861e-01 1.128124207803721646e+01 3.791344909229112048e+00 -5.670963174341689061e+00 -1.293880989170851370e-01 -3.109189695610055182e+01 1.384146326886816958e+01 4.025340925282183889e+03
-3.892587017208779088e+01 4.443602121653525749e+00 -1.873289371199290798e+01 -2.008489473675545156e+01 -7.488408559555738142e-01 -1.242076733475893491e+01 1.120988273527487644e+00 6.046448525446938227e+00 7.635845400954691442e+00 2.635437644324777118e+00 -5.442815435825338888e-01 -3.239811636578350829e+01 7.872602464667518340e+00 3.659109372753824573e+03
-4.155853392116900125e+01 3.896332282263757385e+00 -2.690877470665931170e+01 -2.174580177273889348e+01 4.636634122645508487e-04 -1.402465948521402872e+01 -9.695848551442525221e-01 -4.750164931316465555e+00 -8.223799750477951420e-01 7.364978309445538995e-01 -1.009219651552826136e+01 -1.874857017620564648e+01 1.480548706039986406e+01 3.833232932575150699e+03
-4.537488938195207311e+01 -6.414515675476796519e-02 -3.682200633891463326e+01 -2.923983698251449681e+01 -7.603777326162710182e+00 -2.414623777749928024e+01 -7.233737918406307976e+00 -8.482916350722325305e+00 -1.024749900062929164e+01 -6.223883055063904379e+00 -2.338918853113769813e+01 -1.832462608459498554e+01 8.854252018320309503e+00 6.139849777271815583e+03
-4.686529803226974877e+01 3.430575375859371778e+00 -3.130192273821266369e+01 -2.346263654886905314e+01 -3.095508791537340265e+00 -2.181127719323185232e+01 -9.806956450672757342e+00 -2.240157794171744765e+00 -2.495761343994197912e+00 -7.911857497675098827e-01 -1.312083471990782257e+01 -1.853983156567788626e+01 1.363662747836267641e+01 5.033633444034232525e+03
-4.808695619893316575e+01 1.473076233413803671e+00 -2.405283268400825847e+01 -2.138160403661212072e+01 4.606728398482569986e+00 -1.435127397450206743e+01 -1.451534179628261079e+01 -3.848555697650061447e+00 4.686958890051202253e+00 3.498116059047953641e+00 -9.315487706570184656e+00 -2.388473910298407787e+01 5.008818283934054705e+00 4.519476334450307149e+03
-4.845912193698162440e+01 -2.430609421911172074e-01 -1.559092197514908129e+01 -1.295241802049227964e+01 4.068926699120235746e+00 -2.102026635496376983e+01 -2.184810297877302077e+01 -1.674650687094795742e+01 6.292013931156250628e+00 1.170164635199001779e+01 -1.208592747396155609e+01 -3.082623978736064885e+01 7.853360124277499743e+00 5.309900350636058647e+03
-4.647181402365512781e+01 -1.839661783497912539e+00 -1.395135933689027219e+01 -2.050118071251950980e+01 -7.462573140926430426e+00 -2.331264787197884658e+01 -2.958632340236152203e+01 -2.280915677085803495e+01 1.540238629145494365e+00 8.291748754469077554e+00 -1.410914012559699238e+01 -3.610293405273820611e+01 1.525139413635497654e+01 6.578950543679019574e+03
-4.625234570572119708e+01 -6.982992072775117798e+00 -1.890101260005775430e+01 -2.626470553978742473e+01 -1.692690575271586795e+01 -2.572321507142982711e+01 -3.206501040840233685e+01 -2.144937661228752290e+01 9.384136240123037709e-01 6.491753811942818642e-01 -1.356118766259214325e+01 -3.257072463545591745e+01 1.914437482473577745e+01 7.284136327822320709e+03
-4.511977445089228667e+01 -4.266371624047283539e+00 -1.544095305953575092e+01 -2.239712160524878826e+01 -1.337289479040483187e+01 -1.857382165850174971e+01 -2.411313127732281103e+01 -9.137373262845750688e+00 1.403595319240549255e+00 -8.261939008717501309e+00 -1.028351662438247338e+01 -3.195244756328732549e+01 1.060427161018238174e+01 5.292195828975051882e+03
-4.582886867280232934e+01 -5.577089389420140542e+00 -2.109877091691072692e+01 -2.048599824359179777e+01 -2.014202238766697661e+01 -1.813365791714916142e+01 -2.014527968609435504e+01 -9.507634075678994989e+00 -1.172608971631793562e+00 -1.225667681547890853e+00 -4.592924592876244994e+00 -2.450911338566886855e+01 1.865247169121890281e+01 5.199564971321798112e+03
-4.593002179004551522e+01 -1.696464546214860036e-01 -2.166401933392729262e+01 -9.480599556136048989e+00 -1.178482830940487069e+01 -5.947867734549245888e+00 -1.382651496475162034e+01 -4.800202533813743067e+00 -2.135313659077980653e+00 -8.439572156342202425e-02 -1.277735412345375110e+01 -2.630484137614484297e+01 2.472036209807511042e+01 4.528149400044872891e+03
-4.713286149797945512e+01 -8.647558217483810594e-01 -2.596759934735385755e+01 -1.239355086858044608e+01 -1.251394908634862091e+01 -1.547532808291700590e+01 -1.703421473525972729e+01 -1.657705609417614312e+01 -7.610350320433395765e+00 -1.952189020190410185e+00 -1.874545567583087191e+01 -2.443126452110443125e+01 2.188059648867029949e+01 5.499986487286791998e+03
-4.647281971785588439e+01 3.622106597546620677e+00 -1.881753146238763819e+01 -5.931618500791294935e+00 -1.896774205559363269e+00 -1.144844765944322340e+01 -1.921981420151270115e+01 -2.057528285973494775e+01 -2.266486306685355334e+00 5.991623950403962340e+00 -1.564362857590549361e+01 -1.457492358465805538e+01 2.162939539336666783e+01 4.455553221349407977e+03
-4.723927113281703782e+01 4.212215985352105285e+00 -2.829606688610576981e+01 -1.091288796708275122e+01 -5.343613712774486046e+00 -1.717162755728179846e+01 -2.042672165930549610e+01 -3.578676545058603153e+01 -1.063595488121843680e+01 4.029471168716089124e+00 -1.941804924278792299e+01 -2.197401371230640166e+01 1.750153335921794095e+01 6.485994324394089745e+03
-4.609192844045970361e+01 8.571210043760890684e+00 -2.834968715968612329e+01 -4.691512072534305133e+00 9.502367781662363067e-01 -4.174461676297668511e+00 -1.555248109023685821e+01 -2.922324368962055274e+01 -5.596476860058732683e+00 9.061990667340264594e+00 -8.877697792749264849e+00 -7.821185768261510241e+00 1.129419544251997110e+01 4.518836820295129655e+03
-4.548735473170960120e+01 9.145318017083095441e+00 -3.442590914427069748e+01 -6.182335887179631229e+00 -2.115845643755834615e+00 2.138423456981735082e+00 -1.109280458857263696e+01 -1.798571077195042633e+01 2.571988919365294279e+00 1.348673737013490248e+00 -7.629572368483851896e+00 -1.344178239415728271e+01 -2.946911699413930830e+00 4.087696767707740037e+03
-4.339222454633731019e+01 5.164800339275585905e+00 -4.113862417997949450e+01 -1.951929999211327527e+01 -1.202648500575071111e+01 -8.979907554682872828e+00 -9.687203317685639803e+00 -2.304639128814709181e+01 8.012484403568642222e+00 -1.357713283743806176e+00 1.317936393500781511e+00 -1.746509519209883976e+01 -1.807803962653249608e+00 5.209280879288861797e+03
-4.051874430903163216e+01 5.620180496719736851e+00 -4.009862382163156269e+01 -1.887266856968822992e+01 -9.920679266591585943e+00 -3.758510330229853924e+00 -9.240586323300012950e-01 -2.392398151132092110e+01 1.342341524049060375e+01 -2.518355664682173867e+00 1.797005705751867666e+01 -2.006189034466479626e+01 -4.609702949703936570e-01 5.235334453686590678e+03
-3.870425910039529782e+01 8.216940915176797589e+00 -3.570586575828900777e+01 -1.525825779114215131e+01 -5.532504494256425431e+00 4.290402513649731908e+00 -2.055611347196105498e+00 -2.278303150235540286e+01 1.243793110353782971e+01 -6.879071690681125339e+00 1.653684255711530326e+01 -2.725243081893005481e+01 -8.790744312628735457e+00 4.941032383371370997e+03
-3.792786103102934447e+01 6.467236420136144304e+00 -3.836164035473316858e+01 -1.866494467708172778e+01 -8.294170741071498654e+00 6.717173564448077450e+00 -9.014889413365274606e+00 -1.913016478864204117e+01 1.060136884963561954e+01 -1.566906721405749181e+01 8.198980295568278009e+00 -3.161004834488687010e+01 -7.877721255129430666e+00 5.347874140031590287e+03
-3.682686972040663420e+01 4.445666315409610547e+00 -4.112507106535653634e+01 -2.280416297814279503e+01 -1.066806672048634574e+01 -5.945450517617178576e+00 -1.835764743917862063e+01 -8.734719885910319448e+00 1.743999888483036287e+01 -1.817086798772425382e+01 6.907635102103183655e+00 -2.609072914174052471e+01 -6.190865066502507119e+00 5.550840566706078789e+03
-3.523948807927476423e+01 7.893231678048961975e+00 -3.816951489786600860e+01 -1.563295874508372130e+01 -6.989041757565069624e+00 -8.182245517488201614e+00 -1.996264357934997946e+01 5.013179161450099564e+00 2.570352221072628396e+01 -2.176098183353090931e+01 3.304822086025527739e+00 -2.411229961695203627e+01 3.779503155745803644e-01 5.271539916130564961e+03
-3.430586593818980390e+01 9.409391891882696868e+00 -3.445494743693137707e+01 -1.077742090351912907e+01 -3.633058568157365720e+00 -1.143803311749384122e+01 -1.965154836499216273e+01 1.254088451543283433e+01 2.267514972391028749e+01 -2.019598516251372189e+01 -5.621954661238445006e+00 -2.472969055631722313e+01 2.393501307898373565e+00 4.827143200906351012e+03
-3.556143835042903589e+01 6.813333355411831604e+00 -3.773971691503837889e+01 -1.327052997186806138e+01 -2.758150300343920946e+00 -1.655333536955188478e+01 -2.462768458297190932e+01 1.552303258322308643e+01 1.993178550899833823e+01 -1.921780621267511080e+01 -2.713273373794410137e+00 -2.805176283496036760e+01 -1.147962910765246258e+00 5.602719519558065258e+03
-3.722716030407260490e+01 1.622918516895906826e+00 -4.059914381481453916e+01 -1.455318720658572929e+01 -8.243619251701726824e+00 -3.150844356544255120e+01 -2.772121133252361247e+01 1.779658986963548983e+01 1.822382340559441971e+01 -1.726328158135872215e+01 -5.918154571937568775e+00 -2.040702237799403562e+01 1.400404414776117212e+00 6.478065387071469559e+03
-3.858084853555713067e+01 5.495693474908176057e+00 -4.187950915355223458e+01 -8.268102917420495857e+00 -8.913983355112176099e+00 -3.459921264580653144e+01 -2.232288435493248357e+01 1.180310647672859226e+01 2.000631968329674848e+01 -1.743354399628054097e+01 -1.567498803220839898e+00 -1.556624651507132562e+01 4.654575814981673609e+00 6.225739879302907866e+03
-3.956096155826015348e+01 9.070874056275446407e+00 -3.934569305325982214e+01 -3.248306870905421029e+00 -1.775664910248986983e+00 -2.474530908183524147e+01 -2.378872795481542823e+01 5.441700096723597113e+00 1.283209555653138345e+01 -1.956970428655502658e+01 -4.326618566519404019e-01 -1.620255939875994855e+01 5.001267328345671004e+00 5.252343284485091317e+03
-4.146587096606535283e+01 8.133263762529209018e+00 -3.965723285649158925e+01 -5.480183780304751728e+00 3.300030649445027997e+00 -1.992338354569082881e+01 -2.275361447258754310e+01 4.546203605924408642e+00 9.633372321709849473e+00 -1.632826304382049898e+01 -8.878581126478275465e+00 -1.867646067211935090e+01 1.018275791918359729e+01 5.225265300709063013e+03
-4.266776623108279409e+01 1.234780612655897514e+01 -3.951758471345603141e+01 -7.002590607792256172e+00 1.111761240316544175e+01 -1.371260376578806017e+01 -1.591169947721927969e+01 8.168553810911664215e+00 1.372130522365390348e+01 -1.331800804370885061e+01 -1.078934298891520172e+01 -1.822045769297351470e+01 -1.273265768456776303e+00 5.030886388978533432e+03
-4.520830515493781121e+01 1.156108604116551497e+01 -4.381838410310827925e+01 -1.173975666515501359e+01 2.650028987040379036e+00 -1.783302349826135469e+01 -2.093191537390146806e+01 1.047778787777201792e+01 1.194820699296648669e+01 -1.388015463216847323e+01 7.024706600823914515e-01 -2.008619421333330735e+01 -2.368791927029873179e+00 5.853268919308511613e+03
-4.666955135810291466e+01 1.047176758802424068e+01 -3.992615896654861274e+01 -9.937662108412087747e+00 2.769140516796797957e+00 -1.432926453109706166e+01 -1.728257383050747009e+01 1.443342487728190804e+01 1.311742216496219093e+01 -5.918161609157558622e+00 4.738619707773849221e+00 -1.359807823244109848e+01 -2.179255351681799180e+00 5.119770114810556151e+03
-4.933886346961615743e+01 1.119990528549094577e+01 -3.567988199192510734e+01 -4.932135461913904173e+00 1.924611173326776559e+00 -1.374808496462471652e+01 -2.283533932313236647e+01 1.436359961092891524e+01 1.866291733891257820e+01 -4.286639691359718896e+00 -3.608470681114759770e+00 -1.707185714433396129e+01 1.352908902439641015e+00 5.450600443152406115e+03
-5.094060699868677489e+01 1.050395064344809626e+01 -3.586407234145938361e+01 -1.212561247520811314e+01 1.999530880321199300e+00 -1.657470744942174079e+01 -2.233290787447208814e+01 8.174342140135001600e+00 1.127727084514450340e+01 -1.191347307424199364e+01 -6.843855811753750018e+00 -1.217390361778601360e+01 -1.744264110125346878e+00 5.450030705014448358e+03
-5.367487582913494748e+01 6.907848530565397382e+00 -4.624646395134698196e+01 -2.069988369912940485e+01 -1.113571110055658941e+01 -2.846494864243022604e+01 -2.726670258573893335e+01 -1.493076973026417731e+00 7.128942295279312724e-02 -7.824435487754195506e+00 2.764043132952207937e+00 -9.433083991836275217e+00 1.310296372039195667e+01 7.505428530612400209e+03
-5.265029417901426001e+01 1.165451128751171872e+01 -3.458349139114790205e+01 -6.083732331753662237e+00 3.653029274144819816e+00 -1.412979863282197357e+01 -1.469841785405637502e+01 6.668308587439956969e-02 -1.935347999815315578e+00 -7.518455050960012542e+00 -1.035431547964022236e+01 -2.451562422116572293e+01 3.698394641578706121e+00 5.352133093865625597e+03
-5.429652217894525990e+01 8.926129389494153799e+00 -3.414535285073286985e+01 -1.049138163002898771e+01 -3.333564805369880535e+00 -1.921791970725031362e+01 -2.012418056639992514e+01 1.204956096706299995e+00 5.904001150763229511e+00 -6.810282287651689082e+00 -1.059167454531893426e+01 -1.547600732245967947e+01 6.952399483535782743e+00 5.571901376587791674e+03
-5.221059872476895691e+01 -1.708066374372905205e+00 -2.627755510176387332e+01 -1.085805896224093736e+01 -2.018027694241924763e+01 -1.193646489263488419e+01 -1.771335784440184113e+01 -5.267018492979026467e-01 -1.320143181211392047e+01 2.551197213798645613e+00 -2.700552281997218884e+01 -3.134071680055317888e+00 1.812555420665907802e+00 5.324227123401910831e+03
-5.046702300666162699e+01 -3.513184653803659074e+00 -1.684089872936057120e+01 -4.348758090603082493e+00 -1.476353706063672711e+01 -1.352893913269964976e+01 -1.194318992429097115e+01 2.544019736654130615e+00 -1.547401360514512625e+01 1.403631171525007160e+00 -1.784388508476233071e+01 -8.754638154058628885e+00 2.395139389748254022e+00 4.054096381435976127e+03
-4.828464332326456798e+01 -1.725610729797542708e+00 -9.400119983129863854e+00 1.914419628410876983e+00 -1.900978159054075078e+01 -2.572632035601749934e+01 -7.796535006516625899e+00 8.672416801684205367e+00 -5.246636077536555476e+00 6.028503083214117098e+00 -3.578628981455319824e+00 -1.543025640122407971e+01 -2.263850748609628205e-01 3.900444585678007115e+03
-4.568335878581078191e+01 -4.777563076133765740e+00 -1.283932644424939973e+01 -1.470342934779396371e+00 -2.684775199904738940e+01 -3.982451287743392498e+01 -1.075876036511381351e+01 3.248864701707634861e+00 -8.889373242152531773e+00 8.646128979336456410e+00 1.072178363072360874e+01 -2.658285417091344982e+01 5.621652651649671206e+00 5.716888512156130673e+03
-4.215329453837454565e+01 -3.802879309102643823e+00 -1.168128473437588610e+01 -6.883430397622968933e+00 -2.525119027310111619e+01 -3.798122237065861384e+01 -4.381348908191153413e+00 -1.175436374268915340e+00 -5.526268830846951197e+00 1.487900288703023755e+01 2.379094789256026843e+01 -3.173424113478745312e+01 2.649196941435999708e+00 5.907983771030991193e+03
-4.084507908811246324e+01 -7.710790395850763090e+00 -1.445587717797769045e+01 -1.777163411212009336e+01 -3.325916874388916966e+01 -4.950407031555709381e+01 -1.055096426243266095e+01 -2.886808653816251291e-01 -2.112689171079142891e+00 6.728429184642516603e+00 2.212167915268398488e+01 -3.852723732189727457e+01 -3.621113285700318318e+00 7.957375985540344118e+03
-3.772758462242077826e+01 -4.290169290680191594e+00 -8.592898905541874299e+00 -1.228599861468487120e+01 -1.989662676157078636e+01 -3.575704692023662545e+01 -2.605796123173346190e-01 1.269414727235824181e+01 8.263748724518890754e+00 9.852545250009782762e+00 3.058277253291573317e+01 -2.915971317462806311e+01 -7.913307972493071496e+00 5.515788787377094195e+03
-3.673540236193281316e+01 -2.999154843178156948e+00 -1.012777415429345673e+01 -8.991592288953981438e+00 -1.474841151700704067e+01 -3.382592547451744736e+01 -8.561025092328874431e-01 1.828125803539715477e+01 7.914540732101693621e+00 2.552730090235018068e+00 3.436976148132338693e+01 -2.213644006837479949e+01 -9.901217215789674952e+00 5.077044412475040190e+03
-3.753091318245267161e+01 -4.607317066872892219e+00 -1.154434724668881707e+01 -9.834836289441572177e+00 -1.732680517877857795e+01 -3.422479927551642476e+01 3.523073372068765696e+00 1.987040896580228733e+01 4.237287190206797671e-01 -5.983729128915615370e+00 2.993699853080488538e+01 -1.400395491398332481e+01 -8.085105648923633481e+00 4.732281162597805633e+03
-3.836215014560154657e+01 -7.286828696602984934e+00 -1.806222356057194034e+01 -1.326097215387740214e+01 -2.067460833538132903e+01 -3.931944352496283557e+01 6.863864035421872956e+00 2.238197619444896702e+01 1.324809239346873113e+00 -1.063160256134963255e+01 2.019579818798075976e+01 -9.581278300037364914e+00 -7.813852750710222672e+00 5.223886841130454741e+03
-3.788110503468133317e+01 -5.061110740844756428e+00 -1.910390158503393820e+01 -1.505400174963395088e+01 -1.747982478425922181e+01 -3.704139323374310777e+01 6.343905922800389341e+00 2.654880370844111326e+01 7.879875018687613419e+00 -1.164123414569742820e+01 1.411815789942019173e+01 -8.857823491322278642e+00 -4.047284843204447036e+00 4.966642889743671731e+03
-3.795493949747838514e+01 -4.420039715430434946e+00 -2.067364460867805320e+01 -1.726651586078949308e+01 -1.777783653794016772e+01 -3.761645037235431488e+01 -4.743758503368320945e+00 2.091579923269422281e+01 4.218254875501053824e+00 -1.695540823198351887e+01 4.007656186650701002e+00 -1.266592422874579960e+01 -1.038213676431901433e+00 4.859513422410774183e+03
-3.806550449551319559e+01 -5.158337018933556450e+00 -2.361363572835911029e+01 -1.813104758369706460e+01 -2.101618785138651901e+01 -3.983619616899522953e+01 -2.070262736616082400e+00 1.800985826685181834e+01 9.166989776492658892e-01 -8.077276443095135150e+00 2.910312999527852718e+00 -1.948059402751107783e+01 3.245568168233133655e+00 5.183753321611281535e+03
-3.759243326994922541e+01 -3.227792695961388958e+00 -1.996147428540380986e+01 -1.193600267773881463e+01 -1.795510373477974753e+01 -2.994033185144536446e+01 8.480272989794467975e+00 2.251898326303460252e+01 9.837709976757668784e+00 -2.642069231964964349e+00 4.731777910715055491e+00 -2.457976925665661838e+01 5.440257540378199863e+00 4.522279407522905785e+03
-3.827030325188599136e+01 -1.140269359739162658e+00 -1.483713689569236394e+01 -1.008843923443913226e+01 -1.825794920267599508e+01 -3.125129713495010364e+01 6.599000720782228768e+00 1.930953872887536704e+01 4.096167786175910486e+00 -5.773408587598674480e+00 5.216094671207926581e+00 -2.507294837245755659e+01 1.341130670483230425e+01 4.400069309281690948e+03
-3.949145350257670373e+01 -8.262910996082861725e-01 -1.865282785157946321e+01 -1.198757262252941480e+01 -1.257092167576032260e+01 -2.451545009722330093e+01 8.716775160103445330e+00 2.326744373019191769e+01 5.024172228826681241e+00 -4.513888360676387990e+00 1.378562752669129088e+00 -2.982981959401723770e+01 3.265494945003895921e+00 4.376278537373606014e+03
-3.994143046070778524e+01 5.062363296929266454e-01 -2.126108220712926666e+01 -1.572510782336139812e+01 -1.400536953136119855e+01 -2.269823599549804882e+01 1.531699700043269496e+00 1.971422442271776276e+01 1.836498323970908508e+00 2.546586449310900502e+00 -4.183586160211405947e+00 -2.935611951512586160e+01 7.445172975161518103e+00 4.341816392135508977e+03
-3.952101507898964883e+01 3.927154630432390103e+00 -2.040321426562832130e+01 -1.361209194603586958e+01 -5.781325825815861741e+00 -1.743498591472745574e+01 -1.387529097416739798e+00 2.036196591214771701e+01 7.766221238514193992e+00 3.613456776107428325e+00 -1.244471802471646882e+01 -2.636319439678344168e+01 4.961905054807035143e+00 3.880731520324723078e+03
-4.062922495151103419e+01 2.092862363754724342e+00 -2.413720246339667597e+01 -1.992773434773488717e+01 -8.815588393876403472e+00 -1.663833886721502964e+01 -8.194400251473400232e+00 1.940941362880521481e+01 9.068420293736654259e+00 8.875583558587594624e+00 -1.524917567444388311e+01 -2.361619015915844244e+01 8.011318668961136424e+00 4.448710837241480476e+03
-4.143866143362024701e+01 1.032919557733781302e+00 -2.650615317933148063e+01 -2.427756234479828379e+01 -1.072954247831557595e+01 -1.506730991947550713e+01 -1.125124457097329334e+01 1.223711167883052831e+01 -1.811001179809995643e-01 1.747073641290797452e+00 -1.581662035115478915e+01 -2.286716464100294388e+01 3.451141151979197463e+00 4.416758227497245571e+03
-4.300342799004227601e+01 -4.731600470179095352e-01 -3.058595102775171171e+01 -3.039631157837134268e+01 -1.487950744551470272e+01 -1.550871154573428257e+01 -1.514849355945091247e+01 1.807428547826887222e+00 -4.070795845272057178e+00 1.133936341864981934e+00 -1.607131961604666870e+01 -1.707990004936490891e+01 6.197512696478640670e+00 5.009895041834171025e+03
-4.202412535128322446e+01 6.128175690349800142e+00 -2.513540923101762203e+01 -2.574672347744104073e+01 -5.488803788993984689e+00 -1.278155877157639009e-01 -6.808592815481028460e+00 7.350298415353720749e+00 5.469862104221599353e+00 3.724423097681443195e+00 -1.232126942164811823e+01 -1.007764799159412306e+01 6.770984289402811385e+00 3.571800958947413164e+03
-4.380032822010180382e+01 4.044882177183667160e+00 -3.015616177584032442e+01 -3.504979656375240893e+01 -1.436528412542053701e+01 -1.768473379015020219e+00 -1.475471961996823467e+01 7.310892725882799148e+00 -4.013594915098004812e+00 -3.458199196311316559e+00 -1.382967694614258747e+01 -1.024850843494913377e+01 3.341939618299771819e+00 4.888880481648734531e+03
-4.442524486983505483e+01 4.638884273367770206e+00 -2.564648536058092532e+01 -3.337558698459471884e+01 -1.730880891029414670e+01 4.938528048593148867e+00 -4.875792420719539777e+00 3.831012601653573935e+00 -6.640399292015431776e+00 -6.032078855539314333e+00 -2.051049291840850231e+01 -1.599873111404115811e+01 -3.146691808094590481e+00 4.896249845854486011e+03
-4.461001679632600059e+01 8.150793666600723242e+00 -1.983455843566679278e+01 -3.141707344998304663e+01 -1.389523872171608332e+01 7.860985313343444858e+00 6.693053787700884882e+00 4.950254951740816978e+00 -6.469277032464455957e+00 -1.405699607604745660e+00 -1.118317625453114950e+01 -6.159331539882608730e+00 -4.763031380736136633e+00 3.990620791587439271e+03
-4.478396587519713279e+01 9.623460438055751354e+00 -1.843071203033545302e+01 -2.921464761306972591e+01 -7.200539054968701613e+00 7.656498787683980289e+00 1.509387059937913556e+01 6.704190081680520663e+00 -6.458272464205868424e+00 -5.361737778664781295e+00 -9.521531343906790568e+00 4.815596362873053593e-01 -1.159864348356263086e+01 3.970519706808850515e+03
-4.573958902059474951e+01 8.917631000732697544e+00 -2.246471425487768414e+01 -3.063308223461372748e+01 -1.065465723423959865e+01 5.492050247580142930e+00 1.224397134835689549e+01 -5.914412588751735811e+00 -8.061624638197045556e+00 -1.093043506000540432e+01 -1.064110518325141541e+01 -1.808625966078978298e-01 -6.680729431524415673e+00 4.285624886479790803e+03
-4.685236430833757737e+01 1.031327148879521616e+01 -2.129812140395224773e+01 -2.797430570368681657e+01 -1.453571161005359080e+01 6.740971256311879323e+00 1.489319266960398380e+01 -1.052619319980272650e+01 -2.478064709575142022e+00 -1.245345991015672205e+01 -1.006192265430769517e+01 -7.175141837413288926e+00 -1.623149854974688111e+01 4.704430863183610199e+03
-4.999668115023003878e+01 7.903363244726341996e+00 -2.050814806421769632e+01 -3.131254363081094994e+01 -2.695269132461840655e+01 3.632750257652006542e+00 6.378089777227854640e+00 -2.333732743240829421e+01 -1.116039030877338156e+01 -1.745617280155290274e+01 -1.499308635822849034e+01 -1.553495952926588508e+01 -1.756739060246532347e+01 6.492159226662271067e+03
-5.179094403359756171e+01 6.298423153431780719e+00 -1.717831503856634612e+01 -2.241925619430533700e+01 -2.667593679200950874e+01 -6.314053209785418508e-01 7.365771011909969523e+00 -2.094301051140041992e+01 -7.353660558685864324e+00 -1.163601535750803961e+01 -1.425361777549093389e+01 -1.868115526137149018e+01 -2.696355671145303390e+01 6.193215871405759572e+03
-5.340826923006359550e+01 8.572685669203488956e+00 -1.441520702353244232e+01 -1.620109542747113807e+01 -2.151433942144100442e+01 -1.222863597408500702e+00 6.827941529178643165e+00 -2.182460018058479889e+01 -7.568169342503099806e+00 -7.752937299928186476e-01 -1.313151594988747384e+01 -1.476603441907868763e+01 -1.751332558707568765e+01 5.138571327293407194e+03
-5.514090612160399729e+01 9.660948850801075238e+00 -1.477845066052196366e+01 -1.753272103374353463e+01 -1.622927401153908278e+01 4.621423111681791873e+00 1.035806428885802966e+01 -1.141212521312897543e+01 -6.530388259351618707e+00 -1.347253303793246282e+01 -1.710049744838239860e+01 -1.311123881955096593e+01 -1.766218212346771921e+01 5.182364746596985242e+03
-5.677600332036956843e+01 9.559518031187085541e+00 -1.403186883654542250e+01 -1.781862513244786683e+01 -1.814983601306176197e+01 4.557318688080634339e-01 6.547302635807621840e+00 -1.212708285654274931e+01 -1.983424995883500186e+00 -1.800533227518058155e+01 -1.784586086856346299e+01 -1.132710992115263515e+01 -1.304034719607384929e+01 5.293808021285616633e+03
-5.902808873914635512e+01 7.277779310690339898e+00 -1.544147813336969932e+01 -2.384878583226691617e+01 -2.748434315320434251e+01 -3.032519710191281526e+00 4.194853498380166634e+00 -1.397981583707798414e+01 -3.100714908531994607e-01 -2.697758186561698679e+01 -2.699939695557410602e+01 -7.331957174336436012e+00 -1.737461065752105327e+01 7.134590700692513565e+03
-5.976399474995409378e+01 7.433983615393108479e+00 -1.572345251882100747e+01 -2.344317858770457619e+01 -2.549464179175404510e+01 -3.262506975740295800e+00 4.139525733129962859e+00 -1.586120297675656232e+01 -3.136246939359846220e+00 -1.978099247596557220e+01 -1.692787783140611069e+01 2.241479146571207615e+00 -1.276875992190711351e+01 6.208885122076500011e+03
-5.999989653363854103e+01 6.849308942679965817e+00 -1.538604782409319327e+01 -2.098677506513160651e+01 -1.682182526044165982e+01 1.232814095623683492e+00 -1.742225116435979437e+00 -1.364245805621612817e+01 -2.675051782469533013e+00 -2.152169264535730875e+00 1.981114444605836189e+00 9.458988065825522096e-01 -1.994887331367569772e+01 5.212286278240584579e+03
-6.178769122986145135e+01 5.691548598252632374e+00 -1.766279755507999738e+01 -2.008669902276016828e+01 -1.517693258912330379e+01 -2.065400446149714853e+00 -1.147394034681803454e+01 -1.840393452801946594e+01 -4.371927490278629591e+00 5.719567222063631995e+00 8.512324787942331383e+00 -1.852117676479154929e+00 -1.715316462448350521e+01 5.692471952082913049e+03
-6.209836112363316118e+01 9.727062561725595913e+00 -1.483079602632625793e+01 -1.995668263260494513e+01 -1.375332387292576009e+01 4.049223836743760963e+00 -1.362370951419143328e+00 -1.648115097977387933e+01 -1.148720683462668646e+00 3.955933434664047788e+00 -5.737952925233928969e-01 -9.118620709917834688e+00 -1.571728252589188379e+01 5.395558839490782702e+03
-6.309448383604808441e+01 9.225447574424388009e+00 -1.498829182547865635e+01 -2.288696863104307155e+01 -1.758419037331268697e+01 2.442724975362815520e+00 9.940222660540145583e-01 -1.166422709132536006e+01 1.435404565195347093e+00 -7.484832742457725452e-01 -2.947099140167299236e+00 -7.659796973109878948e+00 -9.142085929508446895e+00 5.420254160374794083e+03
-6.382422194946674665e+01 8.537378706681046481e+00 -1.206946991265548874e+01 -2.275797872072153183e+01 -1.683052927301647017e+01 -2.923019494939022578e-01 1.184293713544685434e-01 -3.582884799033221324e+00 2.103285781991689474e-01 -9.785498328769776322e+00 -1.160356990699888691e+01 -1.146603098294613332e+01 -9.430377296164740741e+00 5.557064019789751001e+03
-6.465875269983489204e+01 8.107146731375113546e+00 -1.100489012728091076e+01 -2.453918661308875215e+01 -1.776496096488906673e+01 4.466682346182730967e+00 -2.397254278782129600e+00 -7.860646354748271669e+00 -5.442067336178315173e+00 -6.498084337582057834e+00 -4.168904207731437772e+00 -7.463608522502052089e+00 -2.424556794223974077e+00 5.523645980693911952e+03
-6.589274235801634916e+01 5.829446766795617130e+00 -1.364168945586221149e+01 -2.400011554354512811e+01 -1.422226873717414897e+01 5.468327098549651488e+00 -4.470035231807342413e+00 -6.470752620775138020e+00 -6.111598882574369007e+00 -4.159241709153817523e-01 -8.898058632910018417e+00 -1.416239747872610977e+01 -9.764561902654657288e+00 5.844584818870869640e+03
-6.730571532513654631e+01 3.022071125290047622e+00 -1.655329713794601432e+01 -2.517688423268418418e+01 -1.697978129313213458e+01 9.174886713542174110e-01 -1.136792848413284851e+01 -1.004233430880792710e+01 -9.564187556580368010e+00 -1.901049139319568315e-01 -7.849757651992310237e+00 -1.267143559929543173e+01 -9.022600875282533295e+00 6.361413535125129783e+03
-6.838346719365729598e+01 1.659952061224364561e+00 -1.313390213422398034e+01 -2.101063954471707262e+01 -1.163692996312737016e+01 8.742891554161696277e+00 -7.659488336422611843e-01 -5.815927128325469653e+00 -1.290463674184487886e+01 -8.078440215817982661e+00 -7.474770850071681849e+00 -1.245901281436270835e+01 -1.472983154742940926e+01 6.199126346037982330e+03
-6.895057334843171759e+01 1.937037452511266133e+00 -1.111512610496996523e+01 -2.167590694793607753e+01 -1.448710951927041890e+01 6.639914215059442348e+00 -1.347901928793863391e+00 -2.517730184038454944e+00 -8.705135748555141717e+00 -4.264249196529160457e+00 -6.664393318546288469e+00 -1.583159667867049691e+01 -2.046956123428536500e+01 6.421464995846215061e+03
-6.971789924328416532e+01 5.125951768660759189e-01 -8.784231104765998666e+00 -1.759668377071305656e+01 -1.010701998074885388e+01 9.861504041395487974e+00 -3.957580333936889794e-01 2.247212922110578770e+00 -4.330359368652877627e+00 -4.679821084310125556e+00 -1.438982198010950242e+01 -2.324596966399853670e+01 -1.592167838457544882e+01 6.493856592191969867e+03
-7.013879933504144049e+01 -1.785860910312729199e+00 -1.181351167501411226e+01 -1.943296883536008579e+01 -1.210373335533876293e+01 7.312289192784420244e+00 -7.244447598271819722e+00 -9.337815682104290360e+00 -1.411197335513087836e+01 -2.403412122477666557e+00 -1.898060667115531430e+01 -1.999546797731541758e+01 -8.556921920745310217e+00 6.817713828098154409e+03
-7.078169776599419549e+01 -2.364202321175630672e+00 -1.231638499044402479e+01 -1.499276743812693624e+01 -7.924702901961024004e+00 1.022887261602428310e+01 -3.562137735072001821e+00 -9.052059084798951716e+00 -1.563999514205679908e+01 -5.087191015551557172e+00 -1.926741557563943985e+01 -1.631116816844719253e+01 -7.315659565575429291e+00 6.615469301271532458e+03
-7.180548104627231965e+01 -4.127166972340458706e+00 -1.245759772839292090e+01 -1.163424788213363925e+01 -5.732346235068006557e+00 9.322753911408726779e+00 -3.785025225300190921e-01 -1.072586942764868034e+01 -1.872074673520384636e+01 -1.018048556921375791e+01 -1.508473452578686924e+01 -1.405317353649878598e+01 -5.289375289233350763e+00 6.605696191298840859e+03
-7.261470125859041502e+01 -3.843744692399670093e+00 -7.348801874045082450e+00 -9.811554474960209049e+00 -8.918888834206603278e+00 4.186692684786611274e+00 -1.752994688342164986e+00 -6.142809332773507158e+00 -1.256579925667006492e+01 -6.414545159433489019e+00 -8.469019709314261846e+00 -9.190758584980983414e+00 -4.590600265354536802e+00 5.952136422445478274e+03
-7.308430711465970830e+01 -5.423341816865395515e+00 -1.083727772489062424e+01 -1.312636079823632329e+01 -1.036954181403391928e+01 1.215919062854744714e+00 -1.395395475582938749e+00 -1.019807520688245539e+01 -9.983004341624228672e+00 -8.317413861851189694e+00 -1.091758824938254158e+01 -5.837881250160812385e+00 -2.588976990809716661e+00 6.204247383810444262e+03
-7.294703584546827813e+01 -4.930427132336192564e+00 -8.765591725005087653e+00 -1.349693354384022115e+01 -6.003252736139772949e+00 1.165562760174055468e+00 -5.034350332257173655e+00 -6.283041089289079117e+00 -7.005571528613725008e+00 -1.062022511015588222e+01 -1.390854096693760944e+01 -1.013903334343060436e+01 -4.148486372571049685e+00 6.182125494267591421e+03
-7.259983757751363953e+01 -4.797064074086381247e+00 -7.228133819856108033e+00 -9.494512552392693649e+00 1.677164492030454035e-01 5.935918504750509861e+00 5.034794221890542820e-01 1.570112817142518491e+00 8.209841316719744819e-01 -3.340095314286808392e+00 -7.390470230778277916e+00 -1.063625921425325060e+01 -7.218798814190420465e+00 5.705812298504580212e+03
-7.281216414841895812e+01 -4.615996006619983660e+00 -4.412244756678774138e+00 -4.617439950894492995e+00 1.667188168169810025e-01 8.056117413964738461e+00 2.313479328830541526e+00 3.657781958259971766e+00 1.492770507124843438e-01 -2.973746550807085942e+00 -9.113939126264112289e+00 -9.640858849195778291e+00 -1.075864270897063335e+01 5.747991591885917842e+03
-7.383814316376675890e+01 -5.981027872727362471e+00 -3.603088492539017640e+00 -5.106263053625382575e+00 -3.415485878631645544e+00 9.440978867640314576e+00 -4.578219378125032435e-01 5.076838802572254394e+00 -7.415101761588871465e-01 -8.341739245638921219e+00 -1.003379709282285503e+01 -4.084447868620779687e+00 -4.783107128970446986e+00 5.864054131547762154e+03
-7.559456432710301499e+01 -7.977570161256966053e+00 -4.456667214307065805e+00 -2.480904826863656432e+00 -3.524184871639034267e+00 1.217304935018067447e+01 2.627352424923376617e+00 8.293474638393005804e+00 1.579327575458836286e+00 -7.866726230072430326e+00 -7.312258726051016566e+00 1.215985620622885399e+00 6.340091268718656137e-01 6.160213638183911826e+03
-7.648195324720390431e+01 -1.136324994257350340e+01 -6.479025868751484118e+00 -2.239942987367617988e+00 1.181619635204899543e+00 1.322243521153418122e+01 1.017431558838226024e+01 1.061496554913142276e+01 5.063285027204891264e+00 9.039273627154670310e-01 -4.043527583794659819e+00 1.756405864176957765e+00 4.361459064023222254e+00 6.482942293737812179e+03
-7.740540969196960930e+01 -1.286044127695836181e+01 -5.882550682363739902e+00 -1.823468603391303455e+00 5.937858570060250862e+00 1.662827501776969186e+01 1.643837054042092305e+01 1.146904272823631743e+01 2.605713639844302598e+00 -5.182025450481315687e-01 -1.021303824608875033e+01 -5.972107393232059636e+00 -1.036658140300044995e+00 7.056539655771583057e+03
-7.698245823318735859e+01 -1.107085412024257387e+01 -3.166677229980690900e+00 -2.966540074136940763e+00 2.675804548971006280e+00 1.265829838910949157e+01 1.027444353160569790e+01 1.140566089193995580e+01 -7.852264878628110178e-01 1.785300164534889267e-01 -1.600017545647608674e+00 1.205960905170046171e+00 1.951774496852338947e+00 6.479208904766333944e+03
-7.645919769125137577e+01 -1.079148765537498811e+01 -4.382588106024169150e+00 -4.054620485826537113e+00 -3.874108272912719086e-01 8.379278613547903376e+00 3.149932022304686274e+00 3.007764246334799552e+00 -2.446325433572617669e+00 -4.917922524704658294e+00 -6.730713994960230373e+00 1.023293104979217993e+00 5.638571010763908653e+00 6.195756850726374068e+03
-7.617028713315953325e+01 -1.119980377225756563e+01 -4.077919977996204537e+00 -3.880777437977331878e+00 -2.230215766952581724e+00 6.568863216668405336e+00 -1.505098631165831424e+00 1.336213924539813913e+00 -7.304529608923050255e+00 -8.767248477722006328e+00 -1.073824859374984086e+01 -2.226181603375468665e+00 4.174902816145359630e+00 6.279129206817621707e+03
-7.583092465215918310e+01 -8.338424585419668134e+00 8.298576086089213266e-01 4.218533519589945158e+00 1.135139336838464352e+00 6.103311493531074383e+00 -5.015213451803750111e+00 1.662984043684422319e+00 2.624915010982123320e+00 2.450813234881340730e+00 -6.698501191862288984e+00 -2.847004504376775991e+00 -4.020865876695840058e+00 5.986839360863301408e+03
-7.236491671826817651e+01 -5.597652614480392863e+00 -1.132396780387880497e+01 -1.053475211305107884e+01 4.902575603483096955e+00 1.624088181754627058e+01 -2.429422597804640205e+00 3.382961512385056491e-01 6.815182360787281013e+00 4.659987431804850644e+00 -5.798652977248967666e+00 -9.526542524561241621e+00 -9.177775449775460004e+00 6.077819308049743086e+03
-6.832460164588397333e+01 -2.859789786446305548e+00 -1.843310541319762663e+01 -1.817327881800940759e+01 -8.115491858731575192e+00 6.223789431830227592e+00 -1.430913961803122625e+01 -1.459575634552577128e+01 1.974383274266937249e+01 8.562062357607233665e+00 7.421396582235209927e+00 3.626917704462822023e+00 -7.629543163066653477e+00 6.458430800098638429e+03
-6.767200282059184246e+01 -6.062096192561808650e+00 -2.262675394802109707e+01 -1.559450921470820006e+01 -1.072012087956462523e+01 2.291682550999449397e+00 -1.681032855221769040e+01 -1.706068286537707834e+01 1.766868417415578918e+01 9.356150063771746517e+00 8.310256493406907197e+00 3.060855298066643027e+00 -5.025676457453914781e-01 6.543636251165822614e+03
-6.651177402686057860e+01 -5.805238969259512771e+00 -1.877707300586172678e+01 -6.729753698810311491e+00 -3.700378857836542412e+00 3.038269877136810515e-01 -1.738428421693176062e+01 -1.447846141685601040e+01 2.173653007853008035e+01 7.763656566537488146e+00 1.707596330354100411e+00 -2.653251497005119752e+00 -3.491335448082379056e+00 5.935905391551742468e+03
-6.216032984268888839e+01 -1.636655764033644544e+00 -1.490950198432740237e+01 3.268917136818339508e-01 -1.588419302873926187e+00 -1.084052573698137500e+01 -2.838301534980127272e+01 -2.322198842308658229e+01 -2.107416643835373637e+00 -6.832328842870724728e+00 -3.785921479708327375e+00 -6.685842681382354158e+00 -3.962744860233113897e+00 5.679740699625732304e+03
-5.583833481819657862e+01 1.042427951240131989e+01 -8.950679526365441063e+00 -1.402547846730360259e+00 -6.968107520001360022e+00 -1.161841385214846412e+01 -1.580385398082161608e+01 -8.033862820956386486e+00 5.419555613562583751e+00 1.397775932272223021e-01 -1.521838380801027402e+00 -1.484442059815020798e+01 -6.376735876828634630e+00 4.099240554609895298e+03
-5.392825078889787704e+01 1.340853094943798318e+01 -2.123594741299367428e+01 -1.540831740636535230e+01 -1.673384219726262501e+01 -1.961881894807294913e+01 -1.773034371600448011e+01 -1.276693413328215065e+01 2.090857432335525790e+00 -2.233740307057746843e+00 -7.289358637697854526e+00 -2.305343463834103801e+01 -9.596661682086798706e+00 5.604758664221814797e+03
-5.104080668403392451e+01 1.689854268784053204e+01 -2.234644417877921185e+01 -1.571364266697803913e+01 -1.095207056804599688e+01 -1.263150222573664649e+01 -1.654405205553239711e+01 -5.846172348903104776e+00 1.068644371552259997e+01 2.782139671199516329e+00 4.167130116801905260e+00 -1.769875985330516599e+01 -9.261135300205747711e+00 4.762712994225088551e+03
-4.875332311470179292e+01 1.512861050470443480e+01 -2.246400738084135895e+01 -2.271448281900495658e+01 -7.411980953338965783e+00 -1.681679358571716421e+01 -2.092826704181074504e+01 -9.348886142867097959e+00 8.704434070860934014e+00 -7.057618116488963977e-01 5.249425815198620171e+00 -1.798726819603146510e+01 -1.418435248269029358e+01 5.118036185641034535e+03
-4.678800571443673562e+01 1.042129010093624508e+01 -2.259301449810266504e+01 -2.646558498720554553e+01 -8.170863182346385756e+00 -2.227415295429511133e+01 -2.441646730175247981e+01 -8.897087369893466047e+00 4.303628550147295506e+00 3.027892835005955963e+00 5.146151838985632665e+00 -1.683321734151927274e+01 -9.037557415925398629e+00 5.166022075650329498e+03
-4.575338156149576463e+01 9.250780786614649642e+00 -1.837814512161655500e+01 -2.702335509173962080e+01 -5.621187083883932623e+00 -2.359906820186191467e+01 -2.324620172824647568e+01 -4.461235687633346103e+00 7.844046187235545808e+00 3.063361671403828534e+00 1.314451731107005905e+01 -1.721175935370352050e+01 -8.134423896247696462e+00 5.001874183710340731e+03
-4.442889810439150011e+01 6.334904132287204170e+00 -1.857360341139347781e+01 -2.187120421276654270e+01 -6.254991875373754340e+00 -2.208914711917216422e+01 -1.751335220762077682e+01 -2.841159098214258272e+00 7.434849514866844089e+00 4.058106328355912673e+00 5.118572231881998391e+00 -2.009197105035249464e+01 -1.395281539959569805e+01 4.375544703156250762e+03
-4.468188644748311589e+01 8.170866182323939242e+00 -1.677161545429472866e+01 -2.007023792060118694e+01 -2.838251452134679553e+00 -1.737661758750849472e+01 -1.539059975006444425e+01 -1.882651731346882462e+00 6.931754470350923292e+00 5.172793997253379850e+00 1.911897174400158939e+00 -1.679167287864630254e+01 -7.333669318311756946e+00 3.711958366422320523e+03
-4.703048429156586252e+01 5.022180329510588237e+00 -2.514678224850760202e+01 -2.624676885747480171e+01 -9.784497514174541166e+00 -2.429056266035546940e+01 -2.561812595325579878e+01 -1.239780975685516928e+01 -2.079692556904975564e+00 9.252142009783527188e-01 -8.897852640555468540e+00 -2.036272633054424475e+01 -4.571827276963260189e+00 5.573999323283512240e+03
-4.843701756786274615e+01 9.568428177493213838e+00 -1.823507736739062679e+01 -1.734918368622354734e+01 -9.006313328084781133e+00 -2.338997573624841309e+01 -2.314377997124570641e+01 -1.017500473758112634e+01 7.745899664473673951e+00 1.405559154008766676e+01 -1.234371903305538076e+01 -1.641799853755547289e+01 -5.863675218045219850e+00 5.052441005066280013e+03
-4.962034721733303400e+01 1.038540511082943674e+01 -1.527537162381711511e+01 -1.081186605201110673e+01 -1.071132401289395908e+01 -2.738874827002747381e+01 -1.682139095157543096e+01 -9.192027592249894852e+00 1.399103080529899934e+01 1.851923501780451886e+01 -1.901928617216427497e+01 -2.210807067458650366e+01 -4.393149733297847526e+00 5.561108290437506184e+03
-5.074115303070550453e+01 1.240564921989336078e+01 -1.380183118807036635e+01 -1.123108516410222357e+01 -8.894586156892611228e+00 -3.318814900594987449e+01 -1.561970056823735575e+01 -1.121267761520498674e+01 1.025336862035909213e+01 1.315591013623388861e+01 -2.370310572805803062e+01 -2.698319491266530434e+01 -1.414905754263551030e+00 6.165600170768711905e+03
-5.141796866556222056e+01 1.503891608454603990e+01 -1.134780960216807877e+01 -9.334706890477587393e+00 -9.592433684026289153e-01 -2.846102684652404591e+01 -1.963157893502986440e+01 -1.304544677939569475e+01 9.040378427453532595e+00 1.243442598966142931e+01 -1.990673171450902146e+01 -1.861047505516195955e+01 4.459807872995665001e-02 5.431391934468490035e+03
-5.291182058693978973e+01 1.477898758745532959e+01 -1.170477837054332682e+01 -1.092179785432873373e+01 -4.118339416654967167e+00 -2.562767543746874921e+01 -2.452045705740387049e+01 -1.514930218383927141e+01 3.642510802083736898e+00 8.763245876866506023e+00 -1.918673578121415702e+01 -1.860647645086608293e+01 -3.741598932446910108e+00 5.597253097517061178e+03
-5.578753035568509233e+01 1.323917831246763832e+01 -1.048798618835981600e+01 -9.410612178963759789e+00 -9.290523315505769375e+00 -3.448984893481643610e+01 -3.295348319091797151e+01 -2.514702202263393715e+01 -2.354978019074987383e+00 1.150320871968266268e+01 -9.346131353949830967e+00 -2.035336975371862422e+01 -3.794201305836392812e+00 7.134125662974241095e+03
-5.029238346490856770e+01 4.512774019866104602e+00 -3.565693402662311051e+00 -1.600031620044556746e+01 -1.894997945177592058e+01 -2.113777368089535358e+01 -3.119771544368232341e+01 -1.095920513901591242e+01 -1.956502120608439643e+00 2.262687252887037648e+00 -4.259970822375673372e+00 -2.800829347300672367e+01 2.454292539446951249e+00 5.535305136182378192e+03
-4.438629596568232216e+01 2.920053044192866487e+00 -5.700721541732753472e+00 -2.159990792929259129e+01 -1.031956503036689909e+01 -2.106516522749909726e+01 -2.423949499206491254e+01 -5.764106369456635237e-01 8.327737076730181709e-01 3.641701017119703732e+00 1.447477977919466241e+01 -2.440187956511126188e+01 -4.680052082603256558e+00 4.456673564963411081e+03
-4.025860617386675955e+01 -4.437921076153830136e+00 -1.521449697812295199e+01 -2.657818229555769918e+01 -2.168489587661560236e+01 -2.779837789334213483e+01 -2.481226751475935544e+01 -3.661038030081019468e+00 6.471827963199826783e+00 1.091292982931155509e+00 9.328001964413488167e+00 -2.643723456224764590e+01 -9.844358773096525184e+00 5.376293417496972324e+03
-3.678356175077269796e+01 -1.720534067179378956e+00 -1.521723523519433208e+01 -2.200172346556654190e+01 -1.839382372918686315e+01 -1.608999842651562417e+01 -1.001162949568533378e+01 -1.538431990397002957e+00 5.942403752002063833e+00 8.804136285835831188e+00 1.486956073924647370e+01 -2.921398802422605456e+01 -1.256877397889529746e+01 4.116811025383059132e+03
-3.406262090307485124e+01 3.290322811661693159e+00 -1.299631361262008156e+01 -2.021322243670127250e+01 -1.248100210209960181e+01 -4.109465241287560744e+00 -2.145630013904545219e+00 -3.930300552860991892e-01 8.127912288155716425e+00 1.811014751213496154e+01 2.060881911533640221e+01 -2.826835143460406741e+01 -1.596863243744961691e+00 3.546401706060963988e+03
-3.661573642573139864e+01 -3.258903854381347109e+00 -2.594277911328382302e+01 -3.588896879125197614e+01 -2.817893789061575660e+01 -7.177715646053909992e+00 -5.538973726835299871e+00 -1.033182124354920184e+01 2.875697914618460249e+00 8.542505213248430707e+00 9.239756957977348861e+00 -3.313921146179043120e+01 -4.637999510450266705e+00 5.581712898270048754e+03
-3.651403990982117875e+01 2.976153673886588802e+00 -2.306817242403338142e+01 -3.383591101381995969e+01 -2.338183986021660132e+01 3.867685789258119566e+00 3.721134624103163979e+00 -5.470621446737243154e+00 1.050161850222863347e+00 1.277357464332900427e+01 1.190561025500547210e+01 -2.235086054005236633e+01 6.346325376571176902e-01 4.430560354827300216e+03
-3.894781440621623858e+01 1.774911093333103373e+00 -2.529666146733487508e+01 -3.862550807036704725e+01 -3.176582763152707756e+01 1.467043871873187522e+00 1.278661048166599379e+01 -2.212975793629979648e+00 6.015302337818189571e+00 8.371918309843652040e+00 2.867179174835371658e+00 -2.598060742779847132e+01 -1.142545145249382976e+01 5.751574701841506794e+03
-3.834658748504617165e+01 1.123682648680472340e+01 -1.705366303862330923e+01 -3.380600006489230225e+01 -2.921458843311907927e+01 7.129650296962926959e+00 1.251265478457369795e+01 -2.324233042618555345e+00 1.041377384977194964e+01 1.048287048432751511e+01 9.578950756577057746e+00 -1.897242050900865706e+01 -7.670666585654304370e+00 4.825578207154328084e+03
-3.924081376033966251e+01 1.237155214720288576e+01 -1.584137250021347576e+01 -3.265785933149977183e+01 -2.815481408783018225e+01 2.710605587877258138e+00 7.382226314626453956e+00 -5.911548374593389887e+00 5.889565250743849845e+00 3.817230511975318485e+00 2.598006292084818813e+00 -2.157612345275137145e+01 -1.454517348309687463e+01 4.632965273649791925e+03
-3.946109330314917685e+01 1.420320842394654015e+01 -1.531193657251192164e+01 -2.757568667211864621e+01 -2.280369846931287370e+01 1.262634685885599684e-01 2.342475028223717448e+00 -3.992797515004686382e+00 4.398392759643081185e+00 1.501027745025528048e+01 3.966205837154348934e+00 -1.605412857706075158e+01 -8.110657096997458737e+00 3.879140018508196590e+03
-4.190314852618949715e+01 1.189764948400318367e+01 -1.790010188354932197e+01 -2.865897663063821454e+01 -2.644378837891837364e+01 -9.285278638622075364e-01 -3.138177148127122340e+00 -1.672448777636417105e+01 -3.670906565494414409e+00 6.369903903683240998e+00 9.133527148184718669e+00 -9.944998703403253870e+00 -8.529271156022268485e+00 4.337995278211802543e+03
-4.320271369917966808e+01 1.114648810957669767e+01 -1.764209042531102867e+01 -2.349003161955113583e+01 -2.548238635508066352e+01 1.564717814811107610e+00 -1.461534573829400330e+00 -2.261731877142215907e+01 -1.454285310622674032e+01 8.897807790296875297e+00 1.122605938732149156e+01 -9.837362220832398307e+00 -1.153415755788823560e+01 4.665723611464874011e+03
-4.342553787024268530e+01 1.085209869739570898e+01 -1.391802397815740555e+01 -2.070391189011291644e+01 -2.442742584552527774e+01 3.113517920087986113e+00 5.789184372308789905e-01 -2.034834318106686624e+01 -1.565341336420570961e+01 3.765253001096273699e+00 6.633412983174443944e+00 -9.757501753716946169e+00 -1.040969491336287867e+01 4.153471325098192210e+03
-4.519456253656031919e+01 1.150622193990459330e+01 -1.194511381051458443e+01 -1.950125820669968135e+01 -2.667369649797665687e+01 3.088790671335545635e-01 8.544080798047863468e+00 -1.729143233289383730e+01 -7.783127786361537126e+00 5.575616948384765514e+00 1.088753435538084124e+00 -1.544024700442888864e+01 -9.274216473724131049e+00 4.198765167039439802e+03
-4.630663311933296455e+01 1.614671828691364297e+01 -9.125093788475528100e+00 -1.909272893410724237e+01 -2.872300117952925547e+01 -5.485671541283140940e+00 5.816403929153326935e+00 -1.612261510171846979e+01 -8.372343964003670536e+00 5.156636721842255966e+00 -9.905400126648359560e+00 -1.592079144782018574e+01 -5.270939361851624483e+00 4.477751477971487475e+03
-4.807075281085615615e+01 1.609606531015716158e+01 -9.799913499309203857e+00 -2.415838524570359525e+01 -3.294489714999656371e+01 -1.736370046590879568e+01 -7.459138199855527063e+00 -2.366579800562281832e+01 -1.739446485850266200e+01 -7.568450313357514503e+00 -1.852305296001864576e+01 -2.898108750361713248e+01 -1.122468865195943444e+01 6.920968963611031540e+03
-4.783542361280233735e+01 1.859867625863429197e+01 -6.901116674764118386e+00 -2.027237881475454273e+01 -2.328958324688410642e+01 -1.149984220148058967e+01 -1.011090068760818816e+01 -2.006541816119258570e+01 -9.777812689099379284e+00 -8.721461517417955278e+00 -1.076499880452342595e+01 -1.619071574064605556e+01 -8.108568760660563868e+00 4.887678516913113526e+03
-4.948280463539060037e+01 2.119547126658974179e+01 -2.198941661844995288e+00 -1.375265891551165609e+01 -1.730105630324934651e+01 -4.386979121933142878e+00 1.165517916759025940e+00 -1.519418631416030685e+01 -1.193440905312723999e+01 -1.746091706520025877e+00 -8.257182536472559065e+00 -1.297655746389702713e+01 -5.916626141633601899e-01 4.024961920662240118e+03
-5.073574558895595743e+01 1.951065657950291055e+01 -5.936005473081321426e+00 -1.116793315448047963e+01 -1.576249151688135086e+01 -9.067751177244172567e+00 -2.193260968339006300e+00 -2.433266007192534985e+01 -2.352952493786059662e+01 -6.670158294161081969e+00 -2.383622384660780691e-01 -8.663482980171202996e+00 -3.182146469379453890e+00 4.725677848160836220e+03
-4.946748919858635674e+01 8.539047045291965787e+00 3.647892497299758841e+00 -1.527390162395131057e+01 -8.706315775528919332e+00 6.338265231951075940e+00 -6.434365341667550808e+00 -1.653711856997351859e+01 -1.926075486315355789e+01 -6.031730354442475850e+00 -3.420644266657686394e+00 -1.206818393149913859e+01 -4.383637392082690099e+00 3.781314487381138406e+03
-4.745999540137965056e+01 1.771216859338007321e+00 3.169099337766567270e+00 -1.763791391512400963e+01 -3.147710078924585098e+00 -8.314258040366727442e+00 -1.048140935863324685e+01 7.041451176318578309e-01 -1.223301388722225447e+01 -1.214421168053058508e+01 -7.366049981642389888e+00 -6.217405009478603972e+00 -1.166650230350041006e+01 3.292268898032466041e+03
-4.458335592676606041e+01 -4.045554636314504293e+00 -2.991277869596834726e+00 -1.151744701820707384e+01 -9.034326895507804878e+00 -1.442392161737759437e+01 -1.846987209193515511e+01 -1.646077120566839413e+00 -3.252093937563013792e+00 -5.910563588521074330e+00 -6.812749921305194967e+00 -1.235234648817139025e+01 -2.131499893899139852e+00 3.028203983341366893e+03
-4.310064371767222013e+01 -4.430381633039234934e+00 -6.863492339937708131e+00 -6.830438529281442683e+00 -1.013813310015353331e+01 -2.474826768843580993e+01 -2.561919281090030864e+01 -9.053708096181521725e+00 -1.090246353404501534e+01 -8.982316856726521692e+00 -2.227638996796846627e+00 -1.324439799483749169e+01 8.543918289368706009e-01 3.805279521171492888e+03
-4.330096904945271064e+01 -7.789147105487713496e+00 -1.088025591374549705e+01 -8.262336846077579011e+00 -1.611470358218096877e+01 -3.358682075124794153e+01 -3.017158487466477723e+01 -1.581090122325196035e+01 -1.247603911745426686e+01 -1.301218784205339318e+01 -3.746298219282217623e+00 -1.813573381242482796e+01 -2.030137349996755436e+00 5.342387876637690169e+03
-4.259028790700730127e+01 -3.909515935709690027e+00 -6.927879410324178089e+00 -1.798937170098796390e+00 -4.477207979173463137e+00 -2.006451797622641564e+01 -2.091746797092315191e+01 -8.224218409742729108e+00 2.461633035853314944e+00 -7.129252409958603209e+00 -2.051448456621246752e+00 -1.462859207188597566e+01 1.851268870935959932e+00 3.086774354928552384e+03
-4.395140858000237216e+01 -6.076142356100803887e+00 -9.190851546647030190e+00 -5.593742512686709745e+00 -4.762921343870932134e+00 -2.067066037191911576e+01 -2.782360673598458334e+01 -1.290593145885792481e+01 2.924625012967768445e+00 -1.396161566633131734e+01 -6.197207564108643041e+00 -1.197549204900881570e+01 -7.198492305068034947e-01 3.860901425911249589e+03
-4.610058076229699964e+01 -6.994564951207428827e+00 -1.019586912594311556e+01 -1.003031734537880837e+01 -1.078339157983521535e+00 -2.360764359750643138e+01 -3.241466288424854980e+01 -1.325678713215405757e+01 -2.943807270972146561e+00 -8.807971546825781317e+00 -8.829599530137429042e+00 -9.366421054043797767e+00 -2.373733211206928428e-01 4.415681306629486244e+03
-4.736530879366939217e+01 -4.010534228185790973e+00 -8.229880446055897636e+00 -8.458287715096771464e+00 2.426442741976928108e+00 -2.390309296090491387e+01 -2.546728885177938650e+01 -1.012778930844225300e+01 3.678929266295765554e+00 -5.370317685010620679e+00 -1.568478273182801530e+01 -2.707505095164367326e+00 1.266343533357320306e+00 4.024552272070566232e+03
-4.987656440484579434e+01 -3.578998460699085005e+00 -6.558383507141442692e+00 1.487458780277692016e-01 1.821539192530884366e-01 -2.536718681637853479e+01 -2.760561208950776191e+01 -1.303146491078784663e+01 6.597404526327477647e+00 -5.564750427044124592e+00 -2.330849114413969048e+01 -3.427424200635636353e+00 1.262095552630789363e+01 4.907745378224089109e+03
-5.091014720432982443e+01 -4.985080624539586225e+00 -8.663169962916720479e+00 -5.756014109494436148e+00 -9.784882096321338985e-01 -2.755477434898028477e+01 -2.429417226310952316e+01 -1.645695956749946376e+01 2.154339019837706370e+00 -8.271750453237785905e+00 -2.126365001895866413e+01 -6.535853538256136019e+00 1.154880208741432135e+01 5.047435737619932297e+03
-5.084937978582625817e+01 -1.164501559415859688e+01 -5.116437884441682904e+00 -2.114681107118987313e+01 -8.502475201260449866e-01 -3.265566397669338983e+01 -1.795337017920846634e+01 -1.506387676596724390e+01 2.064394197413683241e+00 -1.225287358060031195e+01 -1.702013006733618994e+01 -7.924540601369415072e+00 2.967645440359813147e+00 5.326675287609442421e+03
-5.089381824890498507e+01 -1.542696665855985927e+01 -7.391569847434186213e-01 -2.384655269399052102e+01 -6.598245477772968215e-01 -2.831859921440457128e+01 -1.136680111964725626e+01 -1.245537173639969275e+01 3.778831649345282706e+00 -6.242359189649405948e+00 -1.296697956271017205e+01 1.394681930829690941e+00 4.572929532092714133e+00 4.728341345417802586e+03
-5.095187319508002588e+01 -1.540897966341242942e+01 3.908734952853068378e+00 -1.925415119793432694e+01 4.428251621504163960e-01 -2.824247762744806778e+01 -1.567557583155860712e+01 -9.675103710052145090e+00 6.048353398661642011e+00 -1.309291472881423957e+01 -1.764752252753386941e+01 -1.797304599954463900e+00 6.434050546602600562e+00 4.920764886304064021e+03
-4.880972550542026767e+01 -9.989674626203616015e+00 4.425874115960241717e+00 -1.363136200044733570e+01 -3.681081393561361548e+00 -2.176468693059503678e+01 -2.373351007400502866e+01 -2.453284984548188064e+01 -6.003299757566947115e+00 -4.806850770236715142e+00 -6.270967826519564525e+00 -1.133971326507590582e+00 1.260549950622738180e+01 4.598632442674764206e+03
-4.678761528477780729e+01 -8.231893461745523055e+00 5.605765416469641466e-02 -5.983597494327471011e+00 -4.837803637506945087e+00 -1.474697059664139864e+01 -2.412418892067961096e+01 -2.732999636136195321e+01 -7.367394474820833317e+00 1.030474933579525354e+00 -6.659596730024412103e+00 -1.231006613026521634e+01 1.386154312788443121e+01 4.305804988003205835e+03
-4.654951630965024378e+01 -6.793418315688994902e+00 -3.771310056176939707e+00 -2.071787194505017915e+00 -3.669149634647326685e+00 -9.344807119291170139e+00 -1.720701316455380336e+01 -2.419504976669016472e+01 -7.875404258203950292e+00 2.992717127484442408e+00 -4.885411012260574282e+00 -2.188343309918735713e+01 9.518676636268823543e+00 3.878128335095849707e+03
-4.650785537177592488e+01 -3.148057864346194279e+00 -6.588783535039310024e+00 -1.256977699588344599e+00 -8.447731334906373846e+00 -1.931269353841635450e+01 -2.016871615372510718e+01 -2.850016479345327269e+01 -5.513972154926407576e+00 5.052567869312160731e+00 1.063859950417593403e+00 -2.102632562242882130e+01 8.328676888650690557e+00 4.449801098856602948e+03
-4.868013802010825231e+01 -2.585684977346303537e+00 -9.679976416478170975e+00 -6.668224092338096654e+00 -1.093311360882099414e+01 -2.658059983012422833e+01 -1.916399493451782021e+01 -2.536090493900616849e+01 -1.282839830824433980e+00 1.702270607482257603e+01 3.570749680614067945e+00 -1.772196124038259768e+01 2.020823935405313132e-01 4.969381423038552384e+03
-4.967383798098282455e+01 9.846191714687481111e-01 -1.029118436099220091e+01 -1.137784967583012907e+01 -1.264875172069746512e+01 -3.085534008025626207e+01 -2.156991147284169585e+01 -2.262669974473691781e+01 2.742267850029316278e-01 9.519071043093898510e+00 -6.746533275696554588e-01 -2.147608747014743713e+01 -4.363631400655281212e+00 5.364501830307986893e+03
-5.070019172382664863e+01 5.095055542712493057e+00 -4.464803838805107894e+00 -3.774811337579674131e+00 -5.589520499204202686e+00 -2.720607819162025010e+01 -2.410992866219747199e+01 -1.521716775650654085e+01 9.179981505735382186e+00 1.132525828578860505e+01 -1.889242508733809389e+00 -1.792456970198318800e+01 -1.932978602397284806e+00 4.756046368595778404e+03
-5.189246212345715037e+01 4.081927986043522694e+00 -4.639271699744423216e+00 -7.338932934312629719e+00 -1.182110106827412466e+01 -3.262478148303983261e+01 -2.423758798666426273e+01 -2.305189462114125476e+01 4.302264243600988358e+00 1.589123989186045582e+00 -1.163253650376641879e+01 -2.358774032746172367e+01 -6.854839486946759486e+00 5.867558870487812783e+03
-5.272398548417876185e+01 3.889658708498563211e+00 -1.008440879427717363e+01 -7.099831250165646424e+00 -1.940266441460606117e+01 -3.538286772994688079e+01 -2.319330266660324469e+01 -3.822890399013147089e+01 -7.673696322591288421e+00 5.788778337449798528e+00 -3.206829730935878864e+00 -2.364328359773031707e+01 -9.859474635927751862e+00 7.333733524961406147e+03
-5.241480340054877729e+01 8.424490236554376565e+00 -1.141546809634179915e+01 -4.589870311598525099e+00 -1.183348502877312747e+01 -2.312932269710789157e+01 -9.866937073845029715e+00 -3.494324022438511435e+01 -6.818500011431971153e+00 1.940847031046060067e+01 1.575085333829961076e+00 -2.415139203311895955e+01 -1.193143824308278056e+01 6.114357405243997164e+03
-5.330080905201164398e+01 9.946365780773581022e+00 -1.467618992983870285e+01 -9.084054097505161351e+00 -1.442934237020580923e+01 -1.660847674679757091e+01 -1.131058405857915616e+01 -3.452662028646118131e+01 -1.036976210492129624e+01 1.893025978194847170e+01 -4.611243049260509430e+00 -3.079836416498022444e+01 -1.559426246563949370e+01 6.720751789854300114e+03
-4.896995612715576129e+01 7.772281237504436113e+00 -1.463681688786317636e+01 -1.640673517564902184e+01 -8.514097043976644130e+00 -6.477393908157138114e+00 -3.543490180175013826e+00 -2.596720639059038760e+01 -5.688421363584621027e+00 7.484549345237622830e+00 1.387802575764357726e+01 -2.740033713135750659e+01 -1.186025521107960934e+01 4.915601281192129136e+03
-4.443889362205118942e+01 4.365597528682104489e+00 -2.120833692225049560e+01 -3.363920981210910099e+01 -2.004547683775541955e+01 -6.384090107977627326e+00 -7.496905497336673108e+00 -2.135008277202503635e+01 9.869817536789410539e+00 6.502607323696734554e+00 6.563532318854107928e+00 -3.747855499824518688e+01 -1.354475919894342262e+01 6.300750817723497676e+03
-3.910480183696644474e+01 4.920043492395969054e+00 -1.864963618309322868e+01 -3.005666021884361427e+01 -1.212937045661700530e+01 2.978402247655184798e+00 1.441682728013311099e+00 -7.411152278292675533e+00 1.816080250432262133e+01 5.711147971647543287e+00 7.208971764298406804e+00 -2.756599571004177562e+01 -5.802534312829671137e+00 4.225554999342348310e+03
-3.670645221783325240e+01 2.187870770022872335e+00 -1.977046282728572990e+01 -2.754110742668733991e+01 -8.618277198453602850e+00 -4.903580842736478651e+00 5.566148806146546946e+00 -1.098080487483642065e+00 1.304450957628016816e+01 -3.152910729329069017e+00 -2.079104532391897298e+00 -2.265100387550802807e+01 -5.522834600586844722e+00 3.360034242262726366e+03
-3.787863120778221315e+01 -3.150835223893746040e+00 -3.061349197273127487e+01 -3.618979563256431220e+01 -1.682001545426041744e+01 -1.960581142146105194e+01 1.361717243833002966e+00 -9.186073142087550991e+00 4.474484482640156413e-01 -6.783063949537413428e+00 -1.496580994815091437e+01 -2.597064512210445741e+01 6.031522582008046918e+00 5.426183945251043951e+03
-3.726276954776179906e+01 -4.981912977992235092e+00 -3.268893428736816986e+01 -3.209817817410622354e+01 -1.423216832004412424e+01 -2.306734864649055794e+01 -2.577219064635549284e+00 -5.109630967705794724e+00 -1.185909437519628629e+00 2.973544447785287481e+00 -1.775995800092255905e+01 -3.062824007246281610e+01 5.765964476862292187e+00 5.576600385888852543e+03
-3.560977997407567841e+01 1.444366281439550814e+00 -1.953293649646252916e+01 -1.758886229950435265e+01 -7.872236197241703870e+00 -1.969321920561488071e+01 -9.346999859788145404e-01 5.121619988932305745e+00 7.671701401077148930e+00 1.749867611586162752e+01 -7.050722499674186849e+00 -3.454463337230711772e+01 1.521162312431134644e+01 4.277442478588910490e+03
-3.756143171802914082e+01 -4.853460020400167885e+00 -2.466821409176840518e+01 -2.089335956404550387e+01 -1.457285861188803899e+01 -2.659353728446743048e+01 -1.545139153342216254e+01 -1.512604372719706802e+01 -5.913096991200026409e+00 1.613186656904883876e+01 2.109389999772833590e+00 -2.300276503941707418e+01 2.043109441236362045e+01 5.112805799351848691e+03
-3.918036973272432988e+01 -2.071474005127519558e+00 -1.695680046696322307e+01 -9.637366762281587285e+00 -6.692533358546050692e+00 -2.323046274047232984e+01 -1.909268966920231847e+01 -1.292294602149567595e+01 5.461810671210425738e+00 2.509123287032829452e+01 9.904063907909659292e+00 -1.436934562609244104e+01 2.229936928643446947e+01 4.497013820652743561e+03
-4.147864449744498216e+01 -2.669513689538263179e+00 -1.822660406921131226e+01 -1.091154450539029419e+01 -9.975979618116301850e+00 -2.266660709298588827e+01 -2.906270265148324228e+01 -1.974552951718946048e+01 3.542221950759923299e+00 9.674420564188439542e+00 -1.131638156549297847e+01 -1.390964559096287445e+01 1.382198536006567657e+01 4.645424780941690187e+03
-4.437864648742448992e+01 1.664730093147955836e+00 -1.950009637158422748e+01 -1.381836866110401907e+01 -3.751804565618749088e+00 -1.960124413591377746e+01 -2.505817130660387448e+01 -1.360440784704738704e+01 7.578627430139142085e+00 4.729692676997540701e+00 -1.441645561203135983e+01 -2.483080582471744080e+01 8.542025695085255776e+00 4.731888232405972303e+03
-4.607814931977316064e+01 7.792158360683086871e-01 -2.187972496789232224e+01 -1.858616364415464517e+01 -1.109396822198666577e+01 -2.313321033615834210e+01 -2.373889942584878909e+01 -1.562558193518565730e+01 1.310540298054088559e+00 -8.563846931199110557e+00 -2.429905515868758314e+01 -3.100740347260758512e+01 1.288945214665914207e+01 6.206984692356422784e+03
-4.546498791890154223e+01 4.372150301659192273e+00 -1.843581892571823033e+01 -1.167537379779878037e+01 -8.421979723885218982e-01 -1.600184570747692092e+01 -5.540578703615845590e+00 7.965882939976789423e-01 9.040875030016415792e+00 3.278705647183152827e+00 -2.358654428589023055e+01 -2.622628740395817459e+01 1.594309139784429874e+01 4.441288243952585617e+03
-4.567465211769916777e+01 4.946773025608038665e+00 -2.059719317686780826e+01 -1.999178347586312299e+01 -1.050782342543418579e+01 -2.872253379817627916e+01 -2.261204355022728052e+01 -1.487921508727491471e+01 -7.591870934258155845e-01 6.225402449688258066e+00 -2.519254383364762973e+01 -2.342023895737840888e+01 2.026835113070325534e+01 6.235963954700825525e+03
-4.493472992849957137e+01 5.435227961501609251e+00 -1.553160585446098274e+01 -1.427719949183690495e+01 -1.050321080638933502e+01 -2.386416428245378896e+01 -2.129959719283808184e+01 -1.395545887662980356e+01 8.113475933450558841e+00 2.073085324437217736e+01 -1.642594280812527430e+01 -1.470387558797761507e+01 2.245965848220241057e+01 5.308032891208647015e+03
-4.588552501031255559e+01 3.383944691982379904e+00 -1.424605176505508553e+01 -1.309505010360555133e+01 -1.270460148695238800e+01 -2.648013570557647611e+01 -2.628805749796505609e+01 -1.704697701119307496e+01 2.311639759518218540e+00 1.639924407180354038e+01 -7.720020804163874040e+00 -8.784751158321952857e+00 2.632800010827981296e+01 5.439841741759777506e+03
-4.639152776309882853e+01 3.086391908464010569e+00 -1.245548315446825782e+01 -1.442645807056824658e+01 -9.197928341937510410e+00 -2.803197122303783217e+01 -2.865851208689983665e+01 -1.414687778483923886e+01 -6.275087949459198455e+00 1.193611861749787550e+01 -1.060106002779982681e+01 -1.465814963885895850e+01 2.601623467608133922e+01 5.602735126500469050e+03
-4.715620969750074920e+01 2.584211583168934734e+00 -1.120284362868919104e+01 -1.337140722869936482e+01 -8.193249515624923873e+00 -2.809146612379250030e+01 -3.414135745513153353e+01 -8.297327930195116608e+00 -1.457523577476266263e+00 8.690696348084351541e+00 -6.970876898111355580e+00 -1.363534126177417605e+01 2.004736168000652086e+01 5.339487189831718752e+03
-4.836127204467197060e+01 5.296549765365871076e-01 -1.153200181661389045e+01 -1.685882139768748900e+01 -8.921333004062420358e+00 -3.306515219048004894e+01 -4.529303758470152985e+01 -1.046770425321571985e+01 -1.349021144903393088e+00 6.622264142338061710e+00 -1.212716840886668201e+01 -1.270984560960510912e+01 1.917842658435057146e+01 6.812321326630039039e+03
-4.840306679698792180e+01 -1.112063471971936890e-01 -4.558511784780920451e+00 -1.868860072093913516e+01 -1.268516377031148146e+01 -3.424265847203205482e+01 -4.551097341541321128e+01 -1.207753138313644747e+01 3.656943768544800744e+00 8.847947940119679444e+00 -1.414448823630879204e+01 -1.042980908417981922e+01 2.413076929201752208e+01 7.246302485546410026e+03
-4.759775114751706582e+01 -1.754097175348880322e+00 5.052143616732585052e+00 -1.619878692426484079e+01 -4.578078512005387957e+00 -2.809961506392725994e+01 -3.225213308661678013e+01 -3.645001839382930875e+00 4.405970011295087474e+00 6.920925711549267945e+00 -9.899588916902326119e+00 -4.283433921740196659e+00 1.956733404410054078e+01 4.987122933716475018e+03
-4.791416732543259371e+01 -3.045164935988044164e+00 1.147955448026032599e+01 -1.529684769882554285e+01 -5.855309847991536643e+00 -2.590789892340909972e+01 -3.210789639521765082e+01 -9.917769875052583117e+00 2.825399970958657886e-02 4.751422657084971135e+00 -2.863273752706016584e+00 -1.686897112475874927e+00 9.777809800585780309e+00 4.634823569327559198e+03
-4.929796620993260348e+01 -7.348572776701075782e+00 1.004540569829664420e+01 -1.890985231750832440e+01 -5.283830490318390360e+00 -3.090371563543340017e+01 -3.424403890471979395e+01 -2.122849718644745209e+01 -5.049768104038641070e+00 3.385879910083402500e+00 -4.101366216039885160e+00 -4.363222127927686600e+00 9.164579633250575341e+00 5.705858255332566841e+03
-4.960208201067379008e+01 -5.893361590772345338e+00 1.273992360557054404e+01 -1.524312637243534674e+01 2.969921414388894121e+00 -2.692620514711918034e+01 -2.017531886623444848e+01 -1.182711743725208464e+01 9.292395574546247872e+00 1.028443526292838150e+01 -6.157273028587480823e+00 -1.199595491853344242e+01 1.392747478912964532e+01 4.738429684525300218e+03
-5.174158085002090957e+01 -1.120213158367878492e+01 8.324471244826177951e+00 -1.564184286195204265e+01 5.039370525749555796e+00 -2.637610548450943782e+01 -1.969373586520151420e+01 -1.775161660848293721e+01 1.107040381696332076e+01 2.637696070137608206e+00 -1.709294346695709521e+01 -1.352416285418924602e+01 1.097305055248846628e+01 5.265691147797642770e+03
-5.411171190013223509e+01 -1.366951045166378442e+01 7.729406274163813428e+00 -1.343610094500590790e+01 5.907576783170908286e+00 -3.208769446299651662e+01 -2.361164770073761332e+01 -1.868042323027148299e+01 1.233295152250341786e+01 3.162862701982970925e+00 -1.165751160428186317e+01 -1.457160503781094718e+01 1.445767189113969398e+00 5.838618015987078252e+03
-5.505136748705125882e+01 -1.326045185252676006e+01 7.491646862740504176e+00 -1.006284924821713389e+01 2.786680306009867714e+00 -3.406814007106572717e+01 -2.498598616437331543e+01 -1.829810200626543804e+01 3.826812802283050097e+00 -6.324144486753203731e-01 -8.653278618096036823e+00 -1.510768447063969511e+01 -1.189341316003389215e+00 5.810982487834875428e+03
-5.470963877065936742e+01 -1.085527396248804877e+01 4.043493873274188743e+00 -7.674731677703495514e+00 8.642834843263640821e+00 -2.359122976973141306e+01 -2.462377728406607247e+01 -1.400858522762891312e+01 8.566109237070107518e-01 7.721415869897241713e+00 -7.025811378422306852e+00 -1.052535280999734901e+01 -1.930490889799604481e+00 4.844274397922084063e+03
-5.416618422985042969e+01 -1.272461589723641673e+01 5.706071289628199317e+00 -8.052370643598138145e+00 8.756540342018094947e+00 -2.391860284314501328e+01 -2.255885998915480783e+01 -1.803829706728572546e+01 1.728295935871526412e+00 -2.377803155572380422e+00 -1.133934682958117257e+01 -8.633468852279500894e+00 -3.600594284860334504e+00 4.901072976963515430e+03
-5.383265614494450091e+01 -1.181903279955308506e+01 7.766358925185081752e+00 -7.069904376749963859e+00 8.055816616110281103e+00 -2.378378002806773139e+01 -1.784032963166398034e+01 -1.559507248517021516e+01 5.708681540293909507e-01 -3.963600164976716300e+00 -1.013864058527575196e+01 -1.135051244368628698e+00 4.459416021623119342e+00 4.479995085963726524e+03
-5.386149503802290894e+01 -8.401165133652556349e+00 8.832961007580555801e+00 -4.496036478848020934e+00 1.839569516450980657e+00 -3.524887061359233797e+01 -1.993736320385869121e+01 -1.255593717833818523e+01 -4.919388564096828453e+00 -1.529135021607357592e+00 -2.191158033850476361e+00 1.717641601801758844e+00 -3.954656920415734245e+00 4.920822088321630872e+03
-5.339476495873805817e+01 -7.313944100262469661e+00 4.214079927970950656e+00 2.603862050755605395e+00 -2.597614076617172363e-01 -3.848449305274639443e+01 -2.335176048208104405e+01 -7.427700976472616290e+00 -1.487294108274077509e+01 -2.600206464075259516e-02 -2.129981233358703374e+00 -2.057465436053348196e+00 -1.942347534690694433e+00 5.244380162022084733e+03
-5.259499325758962840e+01 -4.195428444555425962e+00 4.138188074147490347e+00 6.118411832292887098e+00 -5.572465869949699835e-01 -4.120959244915008668e+01 -2.109612097881608506e+01 -2.202671392264351713e+00 -1.380512964473793325e+01 6.162493766863191169e+00 8.089953433134436267e+00 -8.241753294752937720e+00 -1.330227564996228073e+00 5.350534897915929832e+03
-5.202963455530925785e+01 -3.561142005866615001e+00 4.729377442006053478e+00 8.044131426822074715e+00 -1.121411130666458922e+00 -3.946146672908883346e+01 -1.590428903101520675e+01 -8.133822834691062376e-01 -1.627804653277581437e+01 -4.703438020152043986e-03 1.709581444470505929e+01 -3.119771951187153114e+00 7.334751789913712017e+00 5.239685838822406367e+03
-5.118894598414751584e+01 -1.930447719570745457e+00 3.828953533800699471e+00 2.705568615481865002e+00 -7.604689832396250182e+00 -4.121425109808761533e+01 -1.816636560791230437e+01 -3.723956404637496664e+00 -1.736471431328224568e+01 -5.819727793184486409e+00 1.537798662232383151e+01 1.900557065861755657e+00 1.119352568155957428e+01 5.447138439459574329e+03
-5.126729311983418569e+01 -7.799265600341465099e-01 4.774905767114092647e+00 2.232273590370612126e+00 -4.989810232327596573e+00 -4.597085001697750783e+01 -1.986534995088252842e+01 -7.644155186553343917e+00 -1.613524585482820939e+01 -2.091466510615991314e+00 1.910375823481888702e+01 3.618372801564339269e+00 1.981001055035896030e+01 6.283212003757974344e+03
-5.238035514571522810e+01 -1.597023584831251064e+00 6.916625307875946760e+00 6.619414751149932385e-01 -4.750658636079658770e+00 -5.602241763801028185e+01 -2.014298670945657577e+01 -3.217887083508928381e+00 -1.779247119173404101e+01 -5.913125033777173023e+00 1.832883844821484942e+01 6.433572988879218357e+00 1.848241075008879619e+01 7.442178474204312806e+03
-5.218409407621381035e+01 1.591098752301428054e-01 5.855490554325754715e+00 -5.078630054052492682e+00 -2.680974558378352413e+00 -5.350727371000311905e+01 -2.327085530654476742e+01 -1.247631282926581697e+01 -2.098739033055618819e+01 -1.443595905484732889e+01 8.911061687852521729e+00 3.878545312847946347e-01 4.490445064029236377e+00 7.099280311472529320e+03
-5.324872849092717786e+01 -2.951115967852242061e+00 1.346386413936170001e+01 2.239826658254426839e+00 7.398931623938178603e+00 -4.791264381979020470e+01 -1.613140731752238111e+01 -8.908773408961426554e+00 -1.535457781210577544e+01 -8.104161087989570689e+00 1.690565772275289147e+00 3.929874437567705936e+00 -2.712705825164995144e+00 6.047483990399649883e+03
-5.479807679802544840e+01 -8.841607237682907794e+00 1.743087808201076427e+01 -2.014193552241692942e+00 9.349747452958972360e+00 -5.369275701550867552e+01 -2.151553052842120195e+01 -1.371829107347545573e+01 -1.181681943146504032e+01 -1.028225917567006142e+01 -8.322141630672829749e+00 -8.071399246330095423e+00 -2.959134591369267486e+00 7.398859302816122181e+03
-5.488798680328861224e+01 -1.071431744228995875e+01 1.806442281158653529e+01 -5.841570094543511615e+00 1.474810006439913757e+01 -4.192681401767836746e+01 -9.194575913826623648e+00 -8.099707591028938225e+00 -4.734045756351352274e+00 -8.089873818578558584e+00 -1.690408319227894696e+00 -1.903205034440349053e+00 -2.913458953697962706e+00 5.716269845122657898e+03
-5.702152729941137466e+01 -1.405695612647096304e+01 1.486442939178492750e+01 -1.343670520936466417e+01 5.977463482462321842e+00 -4.651508922756848818e+01 -1.692980397203566412e+01 -1.982163390603937714e+01 -1.250032287802137354e+01 -8.456358877099392046e+00 -3.950995254899545839e-01 1.961632225581911415e+00 7.796054597584635149e-01 6.961827894704658320e+03
-5.825354551332730324e+01 -9.200703636367199678e+00 1.464690855227826560e+01 -1.006459908842855810e+01 -1.116626046564428432e+00 -3.914862735300800978e+01 -1.805010261991452936e+01 -1.737023958461675122e+01 -1.288066715462563749e+01 -1.022922268945019653e+01 3.059990566429875880e+00 6.470801073174649254e+00 1.515882531804336075e+00 6.279431194220223915e+03
-5.878657556867366907e+01 -9.787738516129222077e+00 1.257440514385426589e+01 -1.008818284058443560e+01 -2.755377577161215452e+00 -4.077658631221379437e+01 -2.116360395076088352e+01 -1.733137644528686749e+01 -1.659645741167785360e+01 -1.522142686607435991e+01 -2.905243670702500669e+00 7.376387965467843699e+00 3.371587167127717333e+00 6.811498603327083401e+03
-6.016450298698060095e+01 -1.277015462249048205e+01 1.289658985892473098e+01 -1.158888424315294863e+01 -3.255453383650309895e+00 -4.442460714476266759e+01 -2.078590689313307394e+01 -2.118221260938050676e+01 -1.782106744443099089e+01 -1.441979889175049756e+01 -3.214081041817236528e+00 1.033902502989982608e+01 5.429978463799527866e+00 7.620583756408923364e+03
-6.090698788585968515e+01 -1.873526967704161095e+01 1.219184235779869674e+01 -1.133581671466127538e+01 -4.010946688762948575e+00 -4.554705153119702032e+01 -2.907173026370606550e+01 -2.565674250281616153e+01 -1.759033020367849787e+01 -1.574381399471853094e+01 -1.227087787714798095e+00 1.174636302565264501e+01 -5.937604237494260584e-01 8.628991532757379900e+03
-6.003941775478975273e+01 -1.855485726413965608e+01 1.285147377490356746e+01 -1.265863386906904964e+01 -7.201865982993457815e-02 -3.362539519873591587e+01 -2.178758128376258796e+01 -1.653240337687201844e+01 -8.214928386828198370e+00 -1.761634085869897604e+01 -6.160312508436562418e+00 1.432820585652768841e+01 -2.964082557361152226e+00 6.782960482941712144e+03
-5.999009628436590447e+01 -1.901835827211828089e+01 1.070669095321047593e+01 -9.667268319218607076e+00 7.782583450247192225e+00 -2.244900422329759593e+01 -1.813304119983206419e+01 -1.471506598218367934e+01 -7.526766920043978182e+00 -1.340272449831393331e+01 -1.337580142917001602e+01 8.226406715425142124e+00 -2.337274279461989401e+00 5.766799583913974857e+03
-6.047674045469801740e+01 -1.940702680201614783e+01 8.705690439433780625e+00 -9.072901891362837645e+00 1.061839521399404163e+01 -2.112620476405215797e+01 -1.996319582942329163e+01 -2.438107336068275188e+01 -1.179689316295532286e+01 -9.631413065036079857e+00 -1.447688289150517349e+01 -5.144092273101288804e+00 -1.795266279082958549e+00 6.215403801181631025e+03
-5.910335708839092916e+01 -1.416004034526494060e+01 5.754295899159997951e+00 -1.733615290437706591e+01 -7.524113873710325251e-01 -2.362507987124714148e+01 -1.874585317362285508e+01 -2.347635462018864061e+01 -1.283133450872871961e+01 -9.734766671943585692e+00 -1.243133188940291767e+01 -1.040430078873256114e+01 -4.216735455271116706e+00 6.028601612573666898e+03
-5.385989335860491423e+01 -1.461062623947248618e+00 8.256001557826504744e-02 -2.368729684950669778e+01 -8.458018576421967083e+00 -2.840753063015594293e+01 -2.566136287456136955e+01 -2.666889670140124480e+01 -4.981134435116225667e+00 6.501773580676310615e+00 5.430827833464826337e-01 -1.725679145053010188e+01 -1.580569480548805084e+00 6.080053885291064944e+03
-5.071859507415836532e+01 5.140317591372268069e+00 -5.109164012726745696e+00 -2.396162013145748659e+01 -1.389006415447146026e+01 -2.670104403961386197e+01 -2.098893315952398098e+01 -2.052461814489101499e+01 1.227812132292543490e+00 1.696637328509626386e+01 1.440869885421721452e+00 -2.330920953199711221e+01 -7.709761814954918524e-01 5.802091552046236757e+03
-4.948317410926541982e+01 6.076660029380617445e+00 -1.464278700210093831e+01 -2.833997910579988044e+01 -2.210954503600969900e+01 -3.212840650258613096e+01 -1.737075485762278859e+01 -1.374964012460044849e+01 -1.038739484658277590e+01 1.299155635510594742e+01 -2.823542045461130190e+00 -3.040443077209450706e+01 3.340988619826769312e+00 6.735180671363120382e+03
-4.742719192495155767e+01 1.103842234873367012e+01 -1.113324270753737721e+01 -2.107158201149576726e+01 -1.287437355821247031e+01 -2.227022426245277131e+01 -2.402169941459800562e+00 -1.426333088887963951e+00 -1.405361085365215146e-01 1.794061672685235820e+01 -3.892531181365004755e+00 -2.319496340608446872e+01 1.066822230704816121e+01 4.597517765749504179e+03
-4.778672800708263679e+01 1.038576931615318699e+01 -1.535942170870017875e+01 -2.479730272235406474e+01 -1.151094625609033884e+01 -2.473972489316848566e+01 1.465498578099646343e+00 1.688490060566024242e+00 -3.543833480182034812e+00 1.226133650482304027e+01 -6.092532944522245586e+00 -1.927767918353023191e+01 1.195299739724367960e+01 4.706329339489789163e+03
-4.803945050959747221e+01 6.912626176974324466e+00 -1.821173632774370788e+01 -3.019043673456431165e+01 -2.110136501225857586e+01 -2.032084356309419704e+01 -1.119144464882803369e+01 -5.464122522146706018e+00 -1.014310599215787434e+01 -3.573114739082600688e-01 -2.128788201001168190e+01 -2.177077755024436456e+01 8.772058639471735475e+00 5.719112332029044410e+03
-4.813508925419630913e+01 9.459061355907651958e+00 -1.267758902194458237e+01 -3.027907359963099410e+01 -1.440006861819543005e+01 -1.248398250480537763e+00 -9.183831208044122008e+00 3.068118652356098597e+00 -6.467238136524479764e+00 -2.136377365677108564e+00 -1.181155565609372537e+01 -1.804482809426522039e+01 1.236505949798272042e+01 4.451093444549121159e+03
-4.744565684626660840e+01 1.057544761405817013e+01 -1.179948098274097390e+01 -3.080325457734677030e+01 -1.024751028275064435e+01 2.098276923916981840e+00 -8.899111630566192588e+00 1.560755250840370145e+00 -2.701520194628071803e+00 -4.210079972638801848e+00 -1.688017862890727372e+01 -1.954387762149477936e+01 1.280569635545306717e+01 4.497955494554946199e+03
-4.758189625407840140e+01 7.816622202226128024e+00 -1.765649932527441024e+01 -3.508720950122032178e+01 -1.394492333869876433e+01 -4.681216558396426031e+00 -9.699673403527562243e+00 1.689467008939435910e+00 -3.499835202563113867e+00 -1.802273927795327069e+01 -1.295271257775757512e+01 -2.226375887575821011e+01 9.518294683185473559e+00 5.272426944692379038e+03
-4.642731966953530076e+01 5.396544017511403446e+00 -2.167558941613366841e+01 -3.045000998171090956e+01 -1.802891246427856942e+01 -6.110045229338604500e+00 -3.949756038231880151e+00 7.374712669860973291e-01 -1.276275400789177672e+00 -1.546774084927896453e+01 -8.954903423842726085e+00 -2.702816049684933830e+01 1.381613481182646908e+01 5.202648979625092579e+03
-4.523145733118828815e+01 4.469615604485070115e+00 -2.417134589422158797e+01 -2.510077078052886179e+01 -1.232748047833783822e+01 -1.740156256381369726e+00 -3.755570548761743677e+00 6.535489946430124597e+00 7.771085145381972481e+00 -5.999902693884155980e+00 -6.913097001375932749e+00 -2.325466556753192293e+01 1.106957390212540204e+01 4.299471153652415524e+03
-4.410485924801650270e+01 1.445839124276703469e+00 -2.676802432983670244e+01 -2.365425990133014977e+01 -1.669279152659517962e+01 -9.828511210764570905e+00 -2.459144344572558261e+00 4.113770303194149158e-01 6.093240125813280450e+00 1.128479957716358228e+00 -1.562129354579374052e+01 -2.551532224386863845e+01 6.599034122837505123e+00 4.581850516454528588e+03
-4.263645940869199791e+01 5.358185416959504010e+00 -2.411063405634087786e+01 -2.097927404826264208e+01 -7.561692953928686123e+00 -5.248363408654585172e+00 3.302349529175748977e+00 6.248760497539421088e+00 4.969292593263614499e+00 6.711222052442015418e+00 -1.546264922703981881e+01 -3.217426984616518126e+01 1.219344160316693149e+01 4.495399024726523749e+03
-4.369107829247678865e+01 1.036523261545341468e+00 -3.175869084659125718e+01 -3.215624530335646369e+01 -1.507002998126920446e+01 -2.121463806383787798e+01 -7.395035352714383059e+00 -2.505332351455076267e+00 -1.053076314252989576e+01 -1.290140908840761380e+00 -1.450191754752817630e+01 -3.340312242245372687e+01 1.290288522609674438e+01 6.295873252216480978e+03
-4.318453115157254274e+01 2.827835833348713024e+00 -2.613773272464829134e+01 -3.272967244261410258e+01 -1.176944001175756149e+01 -1.548128398929395289e+01 -2.943220484614867960e+00 -2.962661931275032856e+00 -4.821032922788184294e+00 2.479938292425584834e+00 -9.727782819483390853e+00 -3.536485090486421257e+01 5.927898875133109868e+00 5.432777576712047448e+03
-4.152467567207273902e+01 6.968045493328851592e+00 -2.023096529026372536e+01 -2.721434540234367105e+01 -6.293515492301462011e+00 -9.891581763857530518e+00 1.680508300634715013e+00 -2.962850541313821195e-01 9.019772611038282761e+00 7.560010198210737720e+00 -1.077976550692887692e+01 -3.777093931829114126e+01 8.430329089983821689e+00 4.815556222034290840e+03
-4.190634595828147013e+01 7.379672646276339343e+00 -2.158456484807154752e+01 -3.195786315790885368e+01 -9.951515524264799240e+00 -1.198242733745920674e+01 1.568765585065954982e+00 -4.671514810773468085e+00 1.035358584318039199e+01 9.795766495494422799e+00 -1.185725132873973031e+01 -4.390380337882034212e+01 5.008444124314653578e+00 5.861071813248698163e+03
-4.273587111827664131e+01 5.422830855092204416e+00 -2.465120644642473735e+01 -3.399552787349455940e+01 -1.272272910416058167e+01 -1.921464921716010110e+01 -3.909035752561456967e+00 -1.045600287183212806e+01 3.513406560383809829e+00 1.985726536210230764e+00 -1.298952763508069097e+01 -4.274728235488939276e+01 4.019915452919473609e+00 6.303323639044563606e+03
-4.317415712280971718e+01 1.000777905373357335e+01 -1.895241921084262415e+01 -3.367775215175959147e+01 -9.456427456261454978e+00 -5.860917531046577089e+00 1.409378771603555291e+00 -5.912909742515350509e+00 -1.405011644212622590e+00 1.044245764870393334e+00 -1.029644306939182385e+01 -3.429628457885659998e+01 -1.520322379456289674e+00 4.905899656348959979e+03
-4.512255970661611570e+01 6.390419946010404750e+00 -2.298155969418991162e+01 -3.526572243101357884e+01 -1.141122504274043514e+01 -5.662536004593478056e-01 -4.389701853121228403e+00 -9.752702862025829589e+00 -7.317039766197495965e+00 -7.726202293024451606e+00 -1.893936320715943822e+01 -2.334249156777724465e+01 -7.409417722581626897e+00 5.165331656797789037e+03
-4.641438837799004347e+01 6.567480612405822704e+00 -2.688116104733419220e+01 -4.135724635310954511e+01 -1.957983576531328396e+01 7.355139787127418227e-01 -8.522733137437478845e+00 -2.286613700706789487e+01 -5.159460549721379685e+00 -1.381097781687713244e+01 -2.238432003478972021e+01 -1.919407455231242565e+01 -9.915719135439591270e+00 6.795008955164174040e+03
-4.635855682677947698e+01 7.828380390769591912e+00 -2.058547985488636201e+01 -3.282032775708846373e+01 -1.467680502534967424e+01 6.565595427323773770e+00 8.469625223550757198e+00 -1.543648857366357596e+01 2.466111518542988712e+00 -7.857641101965415764e+00 -1.046622303042923896e+01 -6.439501477092460568e+00 -5.883170470892627790e+00 4.533315533817582036e+03
-4.655288535981321019e+01 1.138537391228338791e+01 -1.623610644346067033e+01 -2.536109663460770847e+01 -1.210092814468880817e+01 8.614159025687794013e+00 1.388855728049539096e+01 -1.444560004702802836e+01 6.255658394250539267e+00 1.187247259522882903e+00 -1.044138967785087502e+01 -1.149813353561348173e+01 -6.199206296403226624e+00 4.146000501048464685e+03
-4.938169038160743440e+01 7.964914303255686612e+00 -1.645068295905275946e+01 -2.764363558467160686e+01 -1.351640333952754247e+01 7.599689910963257411e+00 8.163860570040002429e+00 -2.075878754891500932e+01 6.403070143939918246e+00 -3.399730187537584047e+00 -1.773136607034572165e+01 -1.225969391349356741e+01 -5.569326440907621745e+00 4.823087396042989894e+03
-5.021958340409559440e+01 9.326413361984190686e+00 -1.390558134139575763e+01 -2.500959044809984277e+01 -1.538786346416078921e+01 4.083440570769072409e+00 7.204316374084458019e+00 -2.049543487926357344e+01 1.114817611420483023e-01 -3.274432261370117114e+00 -2.243299283513533382e+01 -1.136070999785519575e+01 -9.786234491156596604e+00 4.892068824027936898e+03
-5.193657699169725817e+01 6.670569054343298276e+00 -1.843611311907384831e+01 -2.784145671985353587e+01 -1.967191852073882430e+01 -2.094492582823674898e+00 -2.917407717428827763e+00 -2.646674355065896833e+01 -1.116852748770868331e+01 -2.086816948959759799e+01 -2.411895501366885242e+01 -9.309599165362381967e+00 -1.276233548102711168e+01 6.348798898369834205e+03
-5.213118956409025628e+01 1.022255361082023128e+01 -1.391134575685492791e+01 -1.973219072128748408e+01 -1.546457471573857667e+01 6.276431417405814450e+00 3.643806989682776276e+00 -1.435886185704170437e+01 -3.540218500478062413e+00 -2.473796532502466761e+01 -2.270459140509752416e+01 -4.066206723355069386e+00 -4.293793581840120943e+00 5.078016571571151871e+03
-5.354930229348462944e+01 1.064437791178355930e+01 -1.524707716111280753e+01 -2.023259696722088918e+01 -1.381858720432922993e+01 7.911831192617357011e+00 2.967409677797764989e+00 -1.446654732949913758e+01 -7.825376083464119503e+00 -2.722704409454611962e+01 -1.957887237327923913e+01 -8.319048211626151712e+00 -5.687866241322615757e+00 5.381737906129143994e+03
-5.571380493753746066e+01 1.101518294386940333e+01 -1.189129653099152861e+01 -1.924775266306150456e+01 -1.172185615388384861e+01 1.261408299570825697e+01 1.189592348404226563e+01 -7.607925963531332769e+00 -5.920292398166582259e+00 -1.602944079103101060e+01 -2.021068712581040572e+01 -1.719254150714393603e+01 -1.449258571281727725e+01 5.439234998559548330e+03
-5.750865507931879961e+01 8.990873525206946937e+00 -1.370362733535522004e+01 -2.287938721672887254e+01 -1.535030131222116800e+01 2.859114387407307056e+00 3.300401465827441871e+00 -1.030286264782448491e+01 1.768636131251077881e+00 -9.491637527936344298e+00 -1.731417369610021240e+01 -1.299512160321841314e+01 -1.299292988011807992e+01 5.190874171226792896e+03
-5.910589237323257805e+01 7.759477957075786136e+00 -1.487539337469802270e+01 -2.071390264548858440e+01 -2.047130054338443372e+01 -3.865462823748881949e+00 1.040019260245193866e+00 -5.771748133563804117e+00 6.589839789077959864e+00 -7.409594698944768965e+00 -1.623342622983393113e+01 -1.298460717509799167e+01 -1.294376425516374418e+01 5.370463033412287587e+03
-5.981683194420779159e+01 8.754812621949058737e+00 -1.562459956687976614e+01 -2.046447133268214813e+01 -1.729808048133662624e+01 -4.088373057371919472e+00 -4.669238497389523346e+00 -1.110813557767395743e+01 3.808768146997956627e+00 -9.238225275623637600e+00 -1.388875056051176493e+01 -1.624682818897449721e+01 -1.264219248472485901e+01 5.495287043386842015e+03
-6.041599173596183903e+01 9.691590144635206627e+00 -1.677751010196843851e+01 -2.019402442436156875e+01 -1.922608404459476006e+01 -1.599509422101933476e+00 -9.446676607801396841e+00 -9.043860965637874116e+00 2.691410478169382614e-01 -1.034560101563632628e+01 -1.726490512166820324e+01 -1.661421129485344395e+01 -9.522973023136517057e+00 5.748434181112129409e+03
-6.212852011265060526e+01 9.829854967904504193e+00 -1.096586525023351655e+01 -2.408911191690463838e+01 -1.846767913382865345e+01 2.971408855818979511e+00 -5.096719235244847823e+00 -1.083750011926044365e+01 -7.893078511417041199e+00 -1.205672278766226135e+01 -1.858131677218852218e+01 -1.944961898971145331e+01 -1.107253135931062182e+01 6.204246187988082966e+03
-6.287648003469497127e+01 8.480256907770781893e+00 -1.073179642242302734e+01 -2.308820231249395860e+01 -1.142361280193111917e+01 -4.316552500934202619e-01 -9.386712980255971672e+00 -8.472351898169488749e+00 -7.931976958857431370e+00 -2.372816771218785448e+01 -1.552128622991720874e+01 -1.428780378477786961e+01 -1.299412141077275784e+01 6.204020478128464674e+03
-6.358044840038655821e+01 7.790580133266376883e+00 -1.232308339786050411e+01 -1.760376638028869323e+01 -2.122411507873320780e+00 4.202899730401752798e+00 -1.828185818161204734e+00 -7.897838318787461787e-02 1.315072782851431921e+00 -2.011157924799562480e+01 -1.420034102679032095e+01 -1.471049476167926073e+01 -1.575309459348317986e+01 5.662848397487143302e+03
-6.498607678762510886e+01 4.740944711458080718e+00 -1.434828269299478087e+01 -1.355700251706483428e+01 -2.656304120880058406e+00 5.386284961034818686e+00 -2.189119968755023127e+00 -3.325742170143213272e+00 -3.074655277068130688e-01 -2.001432584591608332e+01 -1.506128524399654545e+01 -1.781814129897684751e+01 -1.683278313508821000e+01 5.915591925715426441e+03
-6.710645438160662479e+01 1.801686767629247177e+00 -1.261464591876316099e+01 -1.051328673567195793e+01 -7.851830042747754312e+00 8.983719609461745526e-01 -1.018515048647777421e+00 -5.888075600538630106e+00 -4.808287825801192739e+00 -1.130145509815384308e+01 -1.538237326334311028e+01 -2.257156862661960517e+01 -1.746661341871694262e+01 6.076364119853165903e+03
-6.863250460937990738e+01 -4.508782978008737397e-01 -1.367301088215135429e+01 -1.308494696600886442e+01 -1.247665008292519140e+01 -1.561838547408376687e+00 7.735633818100974279e-01 -7.033484187219380956e+00 -9.399920070081570600e+00 -7.014744075851999661e+00 -1.594096130574551928e+01 -2.354275793059224497e+01 -1.365668830861208072e+01 6.409411446602091019e+03
-6.917953273983097517e+01 -1.286680859598130500e+00 -1.512548595272976293e+01 -1.611900197658480138e+01 -1.270103857623556998e+01 -5.466545479938116792e+00 -9.391068955448576006e+00 -1.625050011598871436e+01 -1.556097277196831108e+01 -2.390326037793707670e+00 -1.227893830668441311e+01 -1.444885940406419778e+01 -7.518563746096305955e+00 6.483464475306950590e+03
-6.933336162398988733e+01 -1.141595532517448275e+00 -1.302787819253329893e+01 -1.413223956081158050e+01 -1.066030023387344983e+01 3.380362571295993934e+00 -3.518715768703668978e+00 -9.309624851694939807e+00 -8.873043463849292323e+00 6.453932992300933646e-01 -1.095350847795188720e+01 -4.183633926858089325e+00 -4.718448288172595539e+00 5.640876735257161272e+03
-6.974747036739871930e+01 -6.267043870499807712e-01 -1.394489300129914078e+01 -1.940913015341089931e+01 -1.673114831815466275e+01 1.054821998397420524e+00 -7.792873690265657238e+00 -8.233587582124734183e+00 -1.008362120119464755e+01 -1.020746253775209134e+01 -1.820511426976663927e+01 -7.982444393828573403e+00 -6.943172703358215792e+00 6.495066532740262119e+03
-6.990950119600809387e+01 1.204034974750641362e+00 -7.745134919386543082e+00 -1.419578743621608119e+01 -1.158534771557405030e+01 7.724288361945920833e+00 6.804666228869752587e+00 6.412531014873046331e+00 -9.302857284756910872e+00 -1.321539319603211737e+01 -1.583947482118568928e+01 -1.095372902486663946e+01 -3.937785776464367782e+00 6.079173572409884400e+03
-7.228006874372560731e+01 -3.910213914126247636e-01 -7.152771430244287743e+00 -1.742064406892927053e+01 -1.182826244206106558e+01 5.872571419220519395e+00 5.584170611127357020e+00 6.587052447538560562e-01 -1.338579797428676343e+01 -1.192842656278702762e+01 -1.706878655957614654e+01 -1.426071387408711466e+01 -4.935984058353300341e+00 6.625756276833133597e+03
