-7.887780983332741869e+01 -1.426783261811722348e+01 -1.874784974863074272e+00 -1.832988311785678004e+00 -6.557030569780903928e-01 -4.823951650885765829e+00 -3.286315460453046899e+00 -4.696371354153896505e+00 -9.007954578533668766e+00 -6.272752923235771938e+00 -3.309886414262180221e+00 2.734400631965023365e+00 -5.858273286654977596e+00 6.661953161522464143e+03
-6.573543396571170661e+01 8.336690307099349440e+00 4.010124857132814746e+00 -1.254748274856063261e+01 -2.189700973799402917e+01 -4.677810080514505309e+00 -1.167287314646297069e+01 -3.968131772213296937e+00 -9.691664187920601137e+00 -2.162785593117018834e+01 -1.286949673383171344e+01 -7.245274346181660441e+00 5.291560976036802977e+00 6.025342159509918019e+03
-6.062008314058108738e+01 1.582373618766496648e+01 1.069131694383793985e+01 -1.421891771640812152e+01 -4.584300963870180823e+01 6.880654355184320004e+00 -7.194203241279560679e+00 7.087440103840599193e+00 -6.107258547076810373e+00 -7.830891635603521195e+00 -1.192592722951235196e+01 -5.535134796865671447e+00 7.470578660625069034e+00 6.819876764316443769e+03
-5.570079205847680726e+01 1.267675554956480966e+01 7.518809340618021864e+00 -1.785876804146668917e+01 -4.758701932641086074e+01 5.419922153666123066e+00 -3.544199439021747722e+00 8.514930038121253375e+00 -1.640492389544830232e+01 -3.407174668238596382e+00 -2.011062956254369283e+01 -3.728451603984466622e+00 3.914794651662377500e+00 6.732106561971368137e+03
-5.359869940892144768e+01 1.140012726149837619e+01 4.577432425060021792e+00 -1.814106573224586327e+01 -4.966377375839646646e+01 1.139628188656903873e+01 -1.269292925467943034e+00 1.472129381065809994e+01 -2.136123261230372350e+01 1.497644527900869660e+00 -2.216146171974485313e+01 -4.756161547225632447e+00 -3.130195885992284044e+00 7.149622676520232744e+03
-5.234707933243337408e+01 1.214124181171727379e+01 6.918799880466232288e+00 -1.727061582463341338e+01 -5.905786056963973607e+01 2.285735322353531984e+01 -3.654945497881371796e+00 1.238991320912367478e+01 -2.173692241038407502e+01 4.702129319101834071e+00 -1.491521620377878499e+01 -7.318460214942207109e+00 -9.899222685600255645e+00 8.279550457596125852e+03
-4.864412871762363721e+01 8.138320714676471113e+00 -4.393505910162098238e-01 -1.729205002526267165e+01 -4.965589594818118968e+01 2.003935999775014309e+01 -9.992140140182403485e+00 8.001515443952911255e+00 -1.648628375364110354e+01 8.019674068716447835e+00 -7.265721367192779390e+00 -2.262485575560291906e+01 -1.353541369811537010e+01 6.846837564387231396e+03
-4.735703271768928602e+01 6.113071255638921286e+00 -2.549424285388699474e+00 -1.968777354628736376e+01 -5.118759071892277035e+01 2.086667600110257936e+01 -7.798276491755676609e+00 -1.926170606255865225e+00 -2.029695720064657749e+01 2.166299165737816779e+01 3.963268590783879386e-01 -2.607964578145749712e+01 -1.616492386860339181e+01 7.617138481682625752e+03
-4.474590298965342328e+01 4.769479059252252462e+00 -1.903366233700819876e+01 -1.832055054121546434e+01 -4.217348335101561219e+01 1.444992580960009221e+01 -1.910161539162483990e+01 -1.087894888962870077e+01 -1.490214253373125253e+01 3.305986299865905664e+01 -3.234095632456640335e+00 -3.258525244795177400e+01 -1.154475218655233704e+01 7.714060680613921249e+03
-4.508724378282481382e+01 6.449998635920363377e+00 -3.076219370895987737e+01 -8.669420404568379368e+00 -3.669296058358870027e+01 5.257174330958343411e+00 -2.816474217811189007e+01 -1.433453293560220487e+01 -1.142903629284639955e+01 2.791576033650540012e+01 1.261897522838288932e+00 -3.670581063926295684e+01 -1.383915201570909836e+01 7.919019815356115032e+03
-4.571150205287845125e+01 6.439027944957265603e+00 -2.929162624188976949e+01 -9.120529666196421914e+00 -2.043485834178785154e+01 3.838606958332418245e-02 -1.898943695299954015e+01 -1.923758538712279886e+01 -5.539053138168913648e+00 1.486974124444926737e+01 -2.668909061988208875e-01 -2.964975098647714447e+01 -1.332334782756629110e+01 5.528935122345409582e+03
-4.983514446470745440e+01 7.483988847999270888e+00 -2.420654653443379090e+01 2.066324281060670121e+00 -1.731482647816278142e+00 -1.152236571557958023e+01 -1.890456444980261708e+01 -1.245506541554437518e+01 -1.786294678405161562e+01 8.279023260657655925e+00 -1.071914882774515121e+01 -2.809123913199095668e+01 -1.308322504860989888e+01 5.240868198633927022e+03
-4.875592446910766853e+01 -3.920237598330470252e+00 -3.006113446090586194e+01 8.250150011058464017e+00 -1.970760934523031338e+01 -2.212362600568691917e+01 -2.859541265415137801e+01 -2.371848027526707980e+01 -1.889882105084391739e+01 -3.978145154108256420e+00 -2.553179088013456521e+01 -1.817658459572663432e+01 8.617800494656377097e+00 7.051871973576680830e+03
-4.548686264475208674e+01 -4.665213267469291658e+00 -2.794838723318960660e+01 1.463763750392452678e+01 -1.936868690949703264e+01 -9.747183582982039241e+00 -3.067791059975515822e+01 -1.504433594098020777e+01 -2.245697370359959777e+01 6.580107960314098392e+00 -2.442423338955108036e+01 -1.705304761580914175e+01 2.430493153561303998e+01 6.749504327094948167e+03
-4.378948819427657924e+01 -5.294441428575974662e+00 -3.022009509831386609e+01 1.455721644527153380e+01 -2.550799858274137932e+01 -3.677420043191629517e+00 -3.205477446015148502e+01 -7.157460058467452590e+00 -1.714690287575744065e+01 1.550030257117618770e+00 -2.216963546529146356e+01 -9.370165809087961151e+00 3.131224633638586496e+01 6.669804681406726559e+03
-4.139577305842493615e+01 -9.020639102024784250e+00 -2.548121191702740518e+01 1.182386265912064971e+01 -2.437153743133641015e+01 -7.592921190071840742e-01 -2.885290493007187251e+01 5.321879221090434875e+00 -1.257336423783499413e+01 -7.114685927778716668e+00 -1.747398232171493149e+01 -4.350185691709924640e+00 2.815626376092866678e+01 5.365186335307613263e+03
-4.151356267573855519e+01 -1.042455283741120553e+01 -3.365610167125569774e+01 1.540533812857312412e+01 -2.882605704431325933e+01 1.216908312150619409e+01 -3.866390772145293653e+01 2.034064496848736425e+01 -2.180220318317158501e+01 -1.896496150321159746e+01 -2.057118049502662416e+01 -1.214995986902782654e+00 3.442544585785134359e+01 8.534539390398831529e+03
-4.013831554953324599e+01 -1.125314541791609457e+01 -3.421263192365389472e+01 1.495662851925600023e+01 -2.785202142873167119e+01 1.379818790038813425e+01 -3.954377871809369793e+01 2.971687858117504888e+01 -2.232387766356698577e+01 -2.210792704037078948e+01 -1.907898838357132121e+01 -5.384384932924907829e+00 3.223997003989646259e+01 8.964381990651962042e+03
-3.981342491555690088e+01 -1.605018197479565245e+01 -3.672992526055985962e+01 7.617926655391908497e+00 -2.681223297712942610e+01 7.305851242753345964e+00 -3.983331568255150756e+01 2.898905875076091476e+01 -2.623105796917681332e+01 -2.991408855250294963e+01 -1.762378486026554825e+01 -4.491269232228814801e+00 3.211495946419120173e+01 9.394228235839202171e+03
-3.935252677440502111e+01 -1.763291273705483775e+01 -3.681181920951975428e+01 4.632042571753404836e+00 -2.304956441510537246e+01 6.598564056350899598e+00 -3.852831686821848933e+01 3.195001706711980205e+01 -2.262313409871295278e+01 -3.327422001874362678e+01 -1.194161974464789999e+01 1.733290859114934745e+00 3.234286442309130649e+01 9.126812458365340717e+03
-3.918536515789433139e+01 -1.666925388744200021e+01 -3.812141351208134665e+01 5.436485190508225429e+00 -2.183886357415474677e+01 1.001977597476756188e+01 -4.262701052131286872e+01 3.620814932121668761e+01 -2.017950715369529391e+01 -3.545178605544417394e+01 -9.217597272653170748e+00 6.554562145729196487e+00 2.792793614834897298e+01 9.573516028550282499e+03
-3.837167147019189173e+01 -1.652616945477923949e+01 -3.636695285071678541e+01 4.569939991849577332e+00 -1.784467195971226516e+01 9.791137798847650231e+00 -4.206310946628654079e+01 3.835707002013715083e+01 -1.362267344447036876e+01 -3.800688015359125416e+01 -3.654959872226724471e+00 7.315614769951841900e+00 2.431460192084313476e+01 9.031984743171173250e+03
-3.761415297406256286e+01 -1.754926667831779241e+01 -3.353278685507292778e+01 3.306801646987711063e+00 -1.229211825226816579e+01 6.723999772611466419e+00 -3.996172549905396210e+01 3.849865351772819366e+01 -1.240106400316173385e+01 -4.387846659040987163e+01 -3.797766298451885181e+00 -5.570598782483588973e-01 2.079549851245203129e+01 8.659870489596050902e+03
-3.716548945117872904e+01 -1.229469393302429836e+01 -3.323328888257324110e+01 1.024442893217847406e+01 -1.334526450112276308e+01 1.148264702514506119e+01 -4.151571479186993940e+01 4.509557183257603441e+01 -1.172029768293659124e+01 -3.933876858259316833e+01 -1.426089964945898902e+00 -4.462810783614905574e+00 1.864367246801604239e+01 8.863386387191952963e+03
-3.712935765537344679e+01 -1.324840835211837486e+01 -3.190814725881916303e+01 7.325426025501863947e+00 -9.175328024285175132e+00 8.404971675833889933e+00 -3.729873035237842060e+01 4.285349678050513234e+01 -1.128894660338015576e+01 -3.903399291289800033e+01 1.342007852453171335e+00 -7.492625944968943408e+00 1.813472394655612163e+01 8.046250476534914014e+03
-3.773487536261200859e+01 -9.487903944800169853e+00 -3.274767994844773256e+01 9.246444863367202061e+00 -1.112082551636421535e+01 1.220203148875776122e+01 -3.832821699889291267e+01 4.298022158674710624e+01 -1.126130062893723505e+01 -3.113791663756531136e+01 3.995337731374981161e+00 -1.459373145956018547e+01 1.803985840399037599e+01 7.911525380213828612e+03
-3.908337925410220492e+01 -4.962331653854831437e+00 -3.595583544043362423e+01 9.523317794230425903e+00 -1.511017192586717606e+01 2.037116105196290405e+01 -3.957738818123309699e+01 3.546770185189479463e+01 -1.445584827959995344e+01 -2.217896896014586261e+01 6.177481804238877494e+00 -2.135044587243547909e+01 1.896737905689281689e+01 7.957922483828752775e+03
-4.140771212475771534e+01 -2.862966415195145942e+00 -3.379753879607507372e+01 2.359322470747922562e+00 -1.476537377860351263e+01 2.287354616869206225e+01 -3.285217676866884773e+01 2.186784270641180328e+01 -1.974779876032510018e+01 -2.141401986927293066e+01 8.229113786389877561e+00 -2.137976805450952611e+01 2.066494132872763245e+01 6.969707070253557504e+03
-4.603201083135630256e+01 4.716722831930570958e-01 -3.029735491916328982e+01 -8.135942861431562534e+00 -1.974331418410804773e+01 1.771596200504662377e+01 -3.594755968723685413e+01 9.531307996652754966e+00 -2.875296191420379088e+01 -2.003924256362800449e+01 1.060981316649493422e+01 -1.766847227789585872e+01 1.841415299537633032e+01 7.182146561557639870e+03
-5.223414589721531343e+01 6.305382238730791400e+00 -1.290845861245473891e+01 -1.324425530354957026e+01 -1.641580294049771638e+01 1.666373695042072711e+01 -2.727177801912319310e+01 1.193976020834663476e+00 -2.837776135375634112e+01 -1.714172674897560711e+01 -1.128766919717279826e+00 -1.286144356228972185e+01 8.975182078012046816e+00 5.748917489465637118e+03
-5.669880909458982643e+01 7.127016517679412466e+00 -3.193475162083633467e+00 -1.440581439880009995e+01 -2.131527169151616619e+01 1.139296575328164174e+01 -3.172009791851873217e+01 -8.426676441277594520e+00 -2.702382733313243790e+01 -2.659848344517403707e+00 -1.004347579270880919e+00 -1.829012405607454639e+01 -3.632573372641885179e+00 6.230684031337534179e+03
-5.635433184936393047e+01 4.418904668385514434e+00 -1.510559369802784824e+00 -1.330081404519264332e+01 -2.685426587796416342e+01 2.506816245414916011e+01 -3.389634809731983012e+01 -1.423372468260506452e+01 -3.010116816388204697e+01 2.597062839538239132e+00 -1.620189734517617497e+00 -1.418546213869604777e+01 -3.141668397490670284e+00 7.202204069284713114e+03
-5.433067010722314905e+01 -3.410381974868195720e-01 -4.474426921127763634e+00 -1.186099797603008099e+01 -2.519681342892497966e+01 2.722857377179001048e+01 -3.471311135481812471e+01 -2.037702665127944712e+01 -3.699722659029879424e+01 5.183500463923875756e+00 7.710913282921756817e+00 -1.827596334388971400e+01 1.480610692320170729e+00 7.900464422568343252e+03
-5.218516344598574364e+01 -4.820326473295737379e+00 -1.263937910801655029e+01 -1.265537545126613850e+01 -2.867509960385572398e+01 1.994466492868284746e+01 -4.124552303942152776e+01 -2.702586304482511892e+01 -2.800714181227186117e+01 7.755493038436187092e+00 3.563770155864319999e+00 -1.667453912211909639e+01 9.779393776028898699e+00 7.949005623811132864e+03
-5.086606217686154707e+01 -4.298016562270345453e+00 -1.379565703180688274e+01 -1.066362975169136895e+01 -3.301759570200110261e+01 2.576742415192750713e+01 -3.950413972486008163e+01 -3.094043036735436658e+01 -2.474248782064301722e+01 3.172575615147837258e+00 1.893487389774460294e-01 -1.270863008343842360e+01 1.436690216154234179e+01 8.172080389105263748e+03
-5.193658730423582881e+01 -6.819206803533340855e-01 -8.924921311532584056e+00 -7.284913953182302393e+00 -3.192455426801744522e+01 2.837376648645807364e+01 -3.605449708366884920e+01 -3.266728300591920942e+01 -1.705976320760364473e+01 3.771574690160346410e+00 3.452852856831302386e+00 -1.144458889273419189e+01 1.811302936990799850e+01 7.798167174204606454e+03
-5.736185593706929353e+01 -4.545895759742334952e-01 -9.802609625487679779e+00 -1.289386517660791220e+01 -3.769575340060573154e+01 1.811605328228784373e+01 -5.252974315118552084e+01 -3.479953886036130228e+01 -1.444848853982550807e+01 -1.717769868362349328e+01 1.637748612741370957e+00 -1.163560976140194159e+00 1.725435141388703286e+01 1.007805600480767680e+04
-6.746262241970688933e+01 6.863223934352147282e+00 1.082186849056451727e+01 1.870096727660168767e+00 -1.768340334692906879e+01 -1.790296418009892321e+01 -3.668505547742404360e+01 -2.289375604142748344e+01 -7.599979299994990889e+00 -1.150955174810552872e+00 -1.132830840898153468e+01 -7.291027335039653501e+00 5.587855661851683031e+00 7.493853772426808064e+03
-7.150280016512564885e+01 4.073058620085863168e+00 1.066824801240677800e+01 3.514954775633053252e+00 -8.655314337455303431e+00 -1.043341514425562799e+01 -1.555342019586980662e+01 -2.465786230084020403e+01 -1.561122129444849627e+01 -2.488713672927310938e+00 -9.324505608713627325e+00 4.466892221821476383e+00 6.471860662871911529e+00 6.687784769052531374e+03
-7.918171604898466853e+01 -1.497643112213672723e+01 -3.636501934098838706e+00 1.074301794043418079e+00 -1.557580401139652349e+00 1.907388378597881795e+00 -8.622110599165646150e+00 -1.105672418001668866e+01 -9.514635787594688310e+00 -7.652093842091073128e+00 -9.825741653530336350e+00 -4.271449704627269917e+00 -2.316706378963572011e+00 6.980312488595724062e+03
-7.985225766444067119e+01 -1.648125455110893967e+01 -3.416136428705705885e+00 7.670163269192380451e-01 -3.458435511062330492e-01 6.629842083522464513e+00 -2.300138165064865348e+00 -1.482377588979671756e+00 -3.765887264658416278e+00 -6.570206004266293753e+00 -6.113235680969976826e+00 -4.932270762061532032e+00 -3.328688739626597837e+00 6.841964228456251476e+03
-8.005102384521185854e+01 -1.660718638263731606e+01 -2.644576762433780814e+00 -1.373198816202346961e+00 -4.235696122950908915e+00 -1.485968904006072622e+00 -4.662640469206879246e+00 1.737564184376453769e+00 -2.493140709760787388e+00 -7.958104989463874901e+00 -4.029741588165699717e+00 2.395158886837314594e+00 -1.911666744713832911e+00 6.832930348850551127e+03
-7.975567555994800273e+01 -1.613847035462104174e+01 -4.445524293670344740e+00 -3.270639346608028575e-01 -2.996078968496711070e+00 4.095017000874527913e-01 -2.983674509841327094e+00 6.102158398920646043e+00 1.669489801242829419e+00 -7.090931783291213542e+00 -1.031436118362555199e+01 5.514690228710533937e+00 -5.065280429879394752e+00 6.912093928537656211e+03
-7.932592070154117891e+01 -1.583949585317527387e+01 -3.615406983294785270e+00 2.428249476628570935e+00 -1.051749586293577288e+00 9.175679046364264568e-01 -5.235031101774318074e+00 3.149988558215740531e-01 3.043047765932769266e+00 -8.449868435022608315e-01 -9.427477264871127360e+00 3.172894857385687217e+00 -4.753882866054594203e+00 6.723429904304454794e+03
-6.488693308668274540e+01 -4.416386903901239691e+01 -7.131488386980094241e+00 1.353703739266056516e+01 -3.630631546472675719e+00 1.354809510197499733e+01 -5.054912185515154199e+00 -3.170856701553032231e+00 6.181197631599046893e+00 2.078116773972330478e+01 -5.928384456971039107e+00 -1.245058707490475758e+00 -7.432905417719464225e+00 7.189217890808977245e+03
-5.633190801563605277e+01 -3.688665287281901328e+01 -1.289875597617628422e+01 -1.006952903000188293e+01 -1.293442699076811131e+01 -2.466993242036866540e+00 -3.430972236517148222e+00 9.201402892990973470e+00 1.810970039774736140e+00 -4.254256761552457355e+00 -1.392897609055522423e+01 -5.888275017366980002e+00 2.757828109844733699e+00 5.329177270956615757e+03
-4.617276669384743570e+01 -1.713018202839741377e+01 -1.785863344047730550e+01 -3.432039192881273237e+01 -3.041842364679735411e+01 -6.861390244642039171e+00 -1.984403264723258431e+01 -1.217455943406662300e+01 -7.804822536893119889e+00 1.285799175778704395e+00 -4.457478462710235512e+00 -1.507235720824897207e+00 1.200812819419358135e+01 5.665456864207177205e+03
-4.561884987327363916e+01 -1.013422112802935260e+01 -2.199628014873978543e+01 -3.920666097891884760e+01 -3.015506324033817975e+01 9.438653650721470223e-01 -1.846762128038687578e+01 -1.041210750132961138e+01 -8.073900346259033967e+00 3.492262453438385705e+00 -4.576759581749525019e+00 -8.533650546956064176e+00 2.439833831917286844e+01 6.330896842869553439e+03
-4.487135343020079858e+01 -3.464125152586074563e+00 -2.416559150364225417e+01 -2.834870904030421102e+01 -3.047035868208481801e+01 1.736319933734866083e+01 -1.933497682862138944e+01 -3.981040561751278961e+00 -1.187823810653270939e+01 1.055613439146346266e+01 -1.832828270534689352e+01 -6.415397961110096858e+00 1.936404158754517368e+01 6.037250999401382614e+03
-4.607799768908683546e+01 -5.327355036579605851e+00 -2.758901200255285957e+01 -2.751302978862221238e+01 -3.554373206943427022e+01 1.566089084937546794e+01 -2.517062158991210552e+01 -8.646840934694314029e+00 -2.241531767935464714e+01 1.571271112004013126e+01 -2.271142726951788049e+01 -1.143254677382958917e+01 2.260990550923191122e+01 7.793687054039137365e+03
-4.587032549564219153e+01 1.750417536550794129e+00 -1.650485225919052468e+01 -1.832898568883250690e+01 -2.512861629430873478e+01 2.321582343001411530e+01 -2.247354710696006563e+01 -3.153373824338804088e+00 -1.827763578316227111e+01 2.383087109439371432e+01 -1.891540405377683953e+01 -1.389017073422111892e+01 1.880571953709218036e+01 6.207305315343292023e+03
-4.911379084719467869e+01 1.011565378310281815e+00 -1.623844270675098755e+01 -2.576468618464681626e+01 -2.332268187851544639e+01 1.342338666291525584e+01 -2.609393834602118645e+01 -1.125270179872416243e+01 -1.989729577999270305e+01 1.571623843865945958e+01 -1.319680572010725328e+01 -9.104197429450991308e+00 2.135607448227784744e+01 6.228372046674463490e+03
-5.482600421595633122e+01 6.284180143677888353e+00 -1.007604925190596390e+01 -2.425403556425637319e+01 -2.246888088289128049e+01 1.488869188672616062e+01 -2.682874552007049829e+01 -1.569838265167671487e+01 -3.751510628444410855e+01 1.954745779114711013e+01 -1.592086783341492584e+01 -3.321548674623976627e+00 1.801739545485074956e+01 7.806530789105150689e+03
-6.152802959267400951e+01 1.043543757002038852e+01 -3.285532281650891950e-01 -1.546656872039421415e+01 -1.007583512297020611e+01 8.323815355011891626e+00 -3.227790122593710009e+01 -2.140976952081303253e+01 -2.827513880793505052e+01 1.952750891259529453e+01 -1.108100352150251133e+01 -5.629109525296366101e+00 1.841512563295188443e+01 7.479368416124692885e+03
-6.840531318067063182e+01 6.450238442752658230e+00 9.720625299689087839e+00 -1.683012304913148460e-01 -3.831521784512975870e+00 1.106645600611120717e+00 -2.434365742492735052e+01 -2.245315545627465781e+01 -1.722728734794508654e+01 -9.771475644387247472e-01 -9.423141472764507753e+00 -7.113673592723749550e+00 5.888550458815704047e+00 6.399883619708467450e+03
-7.576491600597658760e+01 -1.074035548366796178e+01 2.622690260173646259e-01 -1.230009840577945379e+00 -6.523875999111361956e+00 -1.039261315686338172e+01 -1.817487369593730762e+01 -1.532531581656802544e+01 -1.115892071612180558e+01 -7.513367968701786026e+00 -4.688099411076478873e+00 -2.522218692700976650e+00 2.209584494202914584e+00 6.787212484219759972e+03
-7.976615870677329667e+01 -1.782884672804241433e+01 -7.424494604055810854e+00 -3.866216391463390245e+00 -6.918102334001776654e-01 -2.936525939571038357e+00 -2.945506088478464513e+00 -1.420890326655878999e+00 -9.873654293920169911e-01 4.763992907869588622e-01 4.042863256139901829e+00 -2.524923725350554538e+00 -9.439732819436351008e+00 6.883405706832355463e+03
-7.943382012261962188e+01 -1.586760620644552588e+01 -9.070142931394608254e+00 -3.415806346612779709e+00 -8.374008342989828435e+00 -2.091457579710419346e+00 2.979652237959906191e+00 5.603124296041813501e+00 -1.623006707050944630e+00 2.319316845246138237e-01 2.572342031417551578e+00 2.990380291282338288e+00 -3.234031859662205299e+00 6.798925694621088041e+03
-5.875612492373471696e+01 -1.938632559554648438e+01 -3.322644927176327201e+01 -2.178051777512403575e+01 1.848268426885292470e+01 6.115491942003083992e+00 -2.449334179715963700e+01 1.735061255335583974e+00 -6.295607013655580175e+00 8.749940277967191093e+00 -8.611209397869536986e+00 -1.590209916848185356e+00 6.190779282212703016e+00 6.619646376871730354e+03
-5.467199144203240024e+01 -1.627704384834134288e+01 -2.967217603664972003e+01 -2.126475369977078600e+01 1.873426374386212245e+01 2.229427712199707923e+00 -2.646172216332053395e+01 -2.789890728350881699e-01 -4.210772129856570345e+00 5.115541347390350602e+00 -9.470346357203430543e+00 4.597676226213268658e-01 7.440059576196616398e+00 5.831992844136376334e+03
-5.334684245128644164e+01 -1.493846947698682293e+01 -2.613594491240426976e+01 -1.791113253701860941e+01 1.850039983902771112e+01 -1.236200431063013028e+00 -2.506624856477193930e+01 5.599690031349751074e+00 -2.394421466774445229e+00 7.760490600344908785e+00 -6.450965536718848092e+00 3.406657761286513875e+00 4.768637084183637853e+00 5.218324727945619088e+03
-5.328870680355520051e+01 -1.840372536196055364e+01 -2.153511263131796127e+01 -9.851774477191728607e+00 1.034731691866130987e+01 -6.015758772819097544e+00 -1.507289935570130979e+01 1.552349645561651137e+01 -1.834109613999504340e+00 7.079337676962703663e-01 -1.246684435628321630e+01 -6.985792244448074673e-01 -1.203387551813912104e+00 4.511852965641427545e+03
-5.834836656812324662e+01 -3.480804170967626021e+01 -2.756625135212678046e+01 -3.179233009120754350e+00 7.807652291049284266e+00 -2.000657393965449771e+01 -2.294100245154180229e+01 1.817326626412328849e+01 6.145196985267414647e+00 4.339377581289785568e-01 -1.318506616639585971e+01 3.563351690717949438e+00 -5.212825247476339463e+00 6.955585760365092938e+03
-5.000740570140905561e+01 -8.606124977047420188e+00 -4.820421860025152050e+00 6.333111754664128235e+00 7.405314390165409932e+00 -2.620788986468011572e+01 -3.427415278204492211e+01 2.806995746903782507e+00 -9.333831939144236145e+00 -1.203752936645033067e+01 -1.072860654091771693e+01 2.345056432791337464e+00 -9.645339479968263463e-01 4.915994875574018806e+03
-4.847497612668386324e+01 -3.858881003091886086e+00 -4.373807449657673985e+00 1.040524598236823195e+00 -3.393177456344948606e+00 -3.359221916057752111e+01 -4.518367916852938748e+01 3.346372868616704022e+00 -1.576856715610912829e+01 -1.222134577672913558e+01 -9.130446059746164522e+00 -1.285958941262074795e+01 1.191842417316825475e+01 6.366432994721523755e+03
-4.715002829078760271e+01 -2.481592835004870601e+00 -7.358034568989395119e+00 2.065880486677496020e+00 -7.011314707183498918e+00 -2.834266956221978617e+01 -3.590958322405817427e+01 6.976983893029236938e+00 -1.794006686122779470e+01 -1.599135947402087865e+01 -8.063714211857101688e+00 -9.331234987244648948e+00 1.991490558200198180e+01 5.604602403560412313e+03
-4.682215403629803774e+01 -1.030558023904329712e+00 -8.906285110583466391e+00 1.790073503662830356e+00 -1.465816543455940035e+01 -2.335251045937982539e+01 -3.593394939199524885e+01 3.324734061834700771e+00 -2.155198818984090892e+01 -1.443633213226569367e+01 -1.002925157833863246e+01 -1.754826911064534301e+01 1.633603047776211525e+01 5.686695978349465804e+03
-4.896845135592749898e+01 2.853225104945079860e+00 -5.244856567899986111e+00 8.692638159877827064e+00 -1.637646891685846029e+01 -9.756781563489097309e+00 -3.426579164781026776e+01 5.798545264124259191e+00 -1.712496730394357414e+01 -2.866231608196106340e+00 -4.031437332203021029e+00 -2.193832752080829707e+01 1.217459333051518655e+01 5.027514938317566703e+03
-5.159611634795503221e+01 1.379968386808190006e+00 -2.393583000612842238e+00 6.933347354297167087e+00 -2.532989471091454092e+01 -8.570364965966337678e+00 -2.902614574443220619e+01 -1.082455262106070748e+01 -2.359703338312418097e+01 -2.336547023195150619e+00 1.093896861168482459e+01 -3.600918317636596555e+01 -1.161435013401369609e+01 6.506101750823322618e+03
-5.222609184262991278e+01 1.297765522930109494e+00 -2.217312866796724791e+00 1.367004999702831647e+01 -2.493003840180062625e+01 -4.419965337027389474e+00 -1.647597695376092020e+01 -2.088767944063078374e+01 -1.886580242333225144e+01 -1.780032699143763963e+01 2.068020734508866454e+01 -3.732669701549879449e+01 -2.069158292651649234e+01 7.191696517074951771e+03
-5.211328549701281077e+01 1.078787477340652279e+00 -2.275645716724476131e+00 1.644426687948809018e+01 -2.509403259274617071e+01 -5.433765043894967839e+00 -1.872904404373898757e+01 -2.117578827438087430e+01 -1.467841222669248147e+01 -2.708295908275773201e+01 2.669698555324249156e+01 -3.805505210105236813e+01 -2.039546492815571099e+01 7.976811634352614419e+03
-5.168446332096390705e+01 5.846402402231204443e-01 -2.699671044441934065e+00 1.694390289397620109e+01 -2.732616234963553481e+01 -5.429081729093689468e+00 -1.920709769956817681e+01 -2.136657207707636275e+01 -1.011594276749374011e+01 -2.909187387193227536e+01 2.485381512794761960e+01 -3.915283774434261943e+01 -1.692376542855357613e+01 7.953386793146067248e+03
-5.186876213781823708e+01 -9.573518467170945637e-03 -4.389825206702093752e+00 1.261261936697872343e+01 -2.919337471165438203e+01 -6.844536119362987669e+00 -2.288366274614303109e+01 -1.936540445216324358e+01 -1.130635639490431110e+01 -3.028507986947350972e+01 2.039621606077076166e+01 -4.027108180880597388e+01 -1.649852251361081201e+01 8.021485684433203460e+03
-4.842322283169847452e+01 -2.720346880656872912e+00 -8.021229824406313824e+00 2.103115861134758546e+01 -2.092576812709259926e+01 -1.197658611309164023e+01 -2.598008228579820411e+01 -1.947412885716132136e+00 -4.096453686270662864e+00 -2.123864711212110024e+01 4.786456364635961691e+00 -2.294373131969793889e+01 -6.378890103652787857e+00 5.176818310460973407e+03
-4.557891460852783894e+01 -9.536424654044404647e+00 -1.282877298145040079e+01 1.494364714235383040e+01 -2.804102132852435147e+01 -1.656901060138257975e+01 -3.773597190619734931e+01 4.806007242862971651e+00 -1.579424663750220503e+01 -1.066943964277160006e+01 -4.839274141417568842e+00 -1.875457257619511253e+01 6.261733526442685438e+00 5.841860171602496848e+03
-4.323451778731121919e+01 -1.032173444715259691e+01 -1.947067461666033950e+01 1.296503160366504837e+01 -2.730643029619453088e+01 -1.381183506021683804e+01 -4.128660776811727118e+01 1.123407026760900962e+01 -9.571229410288927042e+00 -7.144897471609297668e+00 -2.833938249968479539e+00 -1.431299442310745107e+01 1.629484523057805134e+01 5.911230172591484916e+03
-4.268512559576280552e+01 -9.608076668399572640e+00 -2.330441592448922350e+01 8.816231575441642931e+00 -2.597522442452936886e+01 -9.145483552483620215e+00 -4.291557905354403601e+01 1.538477138764591778e+01 -1.050313529780307320e+01 -1.816588335668933851e+01 -9.467010432973628653e+00 -1.338118829931230280e+01 1.850947814859165774e+01 6.423543532015497476e+03
-4.246466576118087488e+01 -6.570487211865127186e+00 -2.468841989331971121e+01 1.162933380313016585e+01 -2.080086491517957370e+01 2.356400531393946007e+00 -4.171235230396429472e+01 2.021587547643900251e+01 -4.830029629721084738e+00 -2.063267208230314864e+01 -1.098469213096148422e+01 -1.792951447205464532e+01 1.944007501697273455e+01 6.447092993197393298e+03
-4.057104251775272274e+01 -6.854841837823691719e+00 -1.993515041277399291e+01 4.300839841350749815e+00 -1.428512808949849244e+01 -1.117866996793191875e-01 -3.908797789035678250e+01 1.463396539259659335e+01 -1.169742032490064254e+00 -1.861444399870037358e+01 -7.554837215086935842e+00 -1.140842530336246341e+01 7.888801784534381412e+00 4.652332881035951686e+03
-4.111757538518831012e+01 -8.000438833447594433e+00 -2.720506234935105638e+01 3.206155936983969834e+00 -2.161465199998483300e+01 -1.747289891710315901e+00 -4.612037652407458665e+01 1.334716504218367028e+01 -8.886431347264474034e-01 -1.671485327320720060e+01 -3.720784588365218859e+00 -9.050414942517363670e+00 7.524412291856635626e+00 5.713086064328879729e+03
-4.055300121627132626e+01 -4.484398539816127460e+00 -2.839182129932086696e+01 1.133401357832699929e+01 -2.135007465649951897e+01 6.777268708832323796e+00 -4.585598456908324039e+01 2.181771567388620170e+01 -9.472343570433833904e+00 -1.591288007432023122e+01 -1.173851054716103626e+01 -1.266204114321454810e+01 5.843429703172795531e-01 6.321158632874706200e+03
-3.926478843116575490e+01 -7.534271044533525696e+00 -2.543829838853155323e+01 4.824559622939317727e+00 -1.429996119025082635e+01 -3.033273058240187225e+00 -3.805927057307949468e+01 1.696594860343641997e+01 -5.910601732494535909e+00 -1.979233863855142417e+01 -9.638953109765107996e+00 -1.257273180940411628e+01 -2.244079619807696879e+00 4.901604152400565908e+03
-3.832352545709235159e+01 -6.409721924577062246e+00 -2.631869049653506565e+01 5.268796637402743954e+00 -1.160597406842762425e+01 -4.406067539186758530e+00 -3.616900818324048572e+01 2.115616058281548106e+01 -5.213202804822771874e-01 -1.269100775892782096e+01 -1.623360717170597267e+00 -1.026122341158253271e+01 -2.673325038590357750e+00 4.416511300326027595e+03
-3.892488545399707789e+01 -3.400027530066398906e+00 -3.089852926922114307e+01 1.108915528404405215e+01 -1.825148367218539747e+01 1.153424389872249378e+00 -4.276699689962775608e+01 2.760581423906307919e+01 -1.406544279384234652e+00 -1.709107885947054584e+01 -3.710318701904531391e+00 -1.580033943045127742e+01 -4.746255892897194961e+00 6.109966897778737803e+03
-3.909027053571258392e+01 -4.246723197258337024e+00 -3.284685408242707183e+01 9.845154173948492016e+00 -2.131817065702036018e+01 1.057542004112171502e-01 -4.402643038221470562e+01 2.933990811080580485e+01 -9.080609771157348298e-02 -2.067048146094015593e+01 -3.625352049225795792e+00 -1.958307630595768600e+01 -4.886038453367575585e+00 6.823349632981705327e+03
-3.885226071401292103e+01 -1.119228735374360717e+01 -3.529081235200515465e+01 -2.550770536306973035e+00 -2.619242323888893154e+01 -1.409558228936081470e+01 -4.747055251944375698e+01 1.990056397543309785e+01 -2.430986355179660385e-01 -2.041183646145734443e+01 -3.271220048718725959e-01 -1.639737220321266875e+01 -3.982585869239053000e+00 7.122471582693032360e+03
-3.886010666133228142e+01 -7.925350101551389415e+00 -3.136420677540003510e+01 3.641658962959140489e+00 -2.441143187394623126e+01 -3.421464574692801186e+00 -5.104407336093564140e+01 2.891579672872721929e+01 -4.135201267078154608e+00 -1.568500718014018602e+01 1.742903339167751753e+00 -2.246187949990588706e+01 9.968976556935086331e-01 7.390826249734875091e+03
-3.867694828336520629e+01 -6.231065718894099881e+00 -2.376234578150037535e+01 6.788682868498540302e+00 -1.520069152676309265e+01 4.622156394049234507e+00 -4.611704137651425128e+01 2.992746013797885851e+01 -1.135288784147598307e+01 -1.337096906623154702e+01 -3.122715924303405832e-01 -3.016472763917437305e+01 4.540909322714475671e+00 6.658626569573595589e+03
-4.123458094335030921e+01 -4.069623357733594737e+00 -1.725585538781549388e+01 6.520447735301387659e+00 -8.528577491546220912e+00 5.207652725810100192e-01 -4.476489240575093476e+01 2.744450232730052264e+01 -1.359082526986545680e+01 7.074972090530694757e+00 8.946851606808279289e-01 -2.943695601980234500e+01 1.289576244479300371e+01 6.155638706150469261e+03
-4.731231253382956226e+01 -7.513747276025159572e+00 -1.397388082077601013e+01 -2.743984862347099707e+00 -5.971858052392739147e+00 -8.600137242394115589e+00 -5.342116569619905420e+01 1.470264811506500457e+01 -2.179498238661645715e+01 1.673942913747979100e+00 -1.444713052483271865e+00 -3.614685082001585670e+01 1.625417565840885459e+01 7.728027957121221334e+03
-5.832955825406030925e+01 2.508388498806703559e+00 -6.883562022508457057e-01 4.162406453391655603e+00 -7.079529910693726613e+00 -5.900477856546910260e+00 -4.428214709876272792e+01 2.385512420577823178e+01 -1.541756519743400311e+01 -1.213377880585935920e+01 -8.073539578485403823e+00 -1.898279832972099612e+01 -3.769326025375700606e+00 6.866006123125202066e+03
-6.714291292599293115e+01 3.375487061547505885e+00 1.030427028905813458e+01 1.312607272433360706e+01 -2.832981346756423324e+00 -1.665917807463760880e+01 -3.482820343320967282e+01 6.795269068944397972e+00 -9.118086140460366806e+00 -2.298146839981466982e+01 -1.175951142241771130e+01 2.646503176589670048e+00 -4.042438198127788596e+00 7.115688653202440946e+03
-7.251049718968015156e+01 -4.516280537291256891e+00 7.942404355461357035e+00 2.084826192810659062e+00 -1.406621272490401253e+01 -1.755327823258731001e+01 -2.864021374966915801e+01 -2.013488787196818208e+01 -2.393578074537314038e+01 -2.469975078663526347e+01 -2.438235796526146615e+01 -7.691819100714537782e+00 -3.489161889451840803e+00 8.926085750689890119e+03
-7.377231775734597363e+01 -5.169064856009720543e+00 7.210361712055495254e+00 2.923687553705553110e+00 -1.511741412415409691e+01 -1.305972595294594640e+01 -2.062799971669472399e+01 -1.863793696302823122e+01 -2.007127762396555681e+01 -1.434565744733420445e+01 -1.444101703614032139e+01 -2.620789958981204038e+00 1.065559436294057249e+00 7.526792085037844117e+03
-7.791488150907485988e+01 -1.751370261001796891e+01 -3.067362134659913142e+00 -1.298034455585891145e+00 -2.758279294402713244e+00 -1.576694688880332096e-01 -6.981616136834082553e+00 -2.456493527156700551e+00 -4.367235737394300266e+00 -4.539937646911997859e+00 -9.485515044583548772e+00 -9.595555304672892305e+00 -8.435818239462212986e+00 6.743858920715897511e+03
-7.675443173893376070e+01 -1.750618325585340429e+01 -3.321675759317499477e+00 -1.494657516910803396e+00 -5.737755471253843886e+00 -2.939302880139337493e+00 -5.081180845498809440e+00 -2.420310183862716347e+00 -1.928146472815926715e-01 -8.416636497407026241e-01 -2.766615654158838034e+00 -3.198689950478445176e+00 -4.358405917264717155e-01 6.303035725922957681e+03
-6.002079107759966803e+01 -8.523219774814700500e+00 -3.142430904171736472e+01 -6.570953113569858672e+00 1.959685648438913219e+01 -8.914417648931051374e+00 -3.293295447097655426e+01 -8.659908514484373487e-01 7.117588813874633047e+00 1.984802288773920065e+00 -1.282161333610753928e+01 -2.737534295547470187e+00 1.605996861168856782e+01 6.739048281929564837e+03
-4.667125712154311401e+01 -1.391556317965735445e+01 -1.711356300075784276e+01 -5.377466988098944967e+00 -1.569084978332387870e+01 -1.223900049030359583e+01 -4.766755909722236595e+01 1.299066952222720239e+01 1.556950965722247116e+00 2.954346841395490841e+01 -9.933506028325307824e+00 -6.488271018370462606e+00 1.500244480943231373e+01 6.771676089867301016e+03
-4.233378565660162707e+01 -6.412192571508571248e+00 -2.221269353907047517e+01 -2.046158903395798134e+01 -2.870963515352113049e+01 9.813149380951326606e+00 -3.257062369995252027e+01 1.457297076647409462e+01 -3.991113219279670332e+00 3.304372300390602391e+01 -3.086547393320363852e+01 -1.786589336002824169e+01 9.332810191114326415e+00 7.405889645658550762e+03
-3.999227899865744718e+01 -3.770080764235280046e+00 -2.225543378355003199e+01 -2.220524275786815949e+01 -2.901297320240910693e+01 1.122570924230283040e+01 -2.539894254067250046e+01 1.563837525245524773e+01 -5.070574381639336714e+00 3.245303343148450637e+01 -2.991733629673965922e+01 -1.755797519707349252e+01 1.780273122870594449e+01 7.058584098842165986e+03
-3.898320420798470565e+01 7.997802809176146610e-01 -2.297752821903651110e+01 -2.324126070957451518e+01 -2.597193296396509865e+01 6.216875460153109323e+00 -1.234320002251195625e+01 1.384282868270953593e+01 -6.959360569310682365e+00 1.389881916862931099e+01 -2.988288624284460582e+01 -2.274454710971439653e+01 1.692103312524991310e+01 5.583854745623096278e+03
-3.835438150451994233e+01 2.540228808429363383e-01 -2.393575259505784913e+01 -1.926536805351967985e+01 -1.941720297468141609e+01 1.086488318296456512e+01 -6.722399635480605262e+00 2.573558299046949926e+01 -9.375929721706997455e+00 1.161466738159435153e+01 -3.429913257154655781e+01 -2.589172148557659625e+01 2.413731383419664311e+01 6.270012325714700637e+03
-3.777014862238634407e+01 1.773992519857328309e+00 -2.552558451854795862e+01 -1.576317579495208498e+01 -1.902323548487674287e+01 9.822252894257825773e+00 -1.056428962723174081e+01 3.261579719464147331e+01 -9.122857527061103866e+00 1.139269189616221212e+01 -3.370325589730447291e+01 -2.283055221169063032e+01 2.637452697402240887e+01 6.529298138348901375e+03
-3.776416262232383048e+01 -1.422973553434613514e+00 -2.389556446346206897e+01 -1.791197850438650363e+01 -2.087075144746734168e+01 2.963793907768176084e+00 -8.103464433709126169e+00 3.229948064983039302e+01 -1.730068778632233961e+00 3.693221233585640917e+00 -3.763901895334196723e+01 -2.417834529709096714e+01 1.716564602906080239e+01 6.185869287384423842e+03
-3.843948151526331003e+01 -3.248757257095007844e+00 -2.161681104001363707e+01 -1.687538225390599678e+01 -2.585872399948373968e+01 5.792775181556586439e+00 -8.208910790491019682e+00 2.904127298152749859e+01 -3.869032459570687088e+00 -2.322776878412865731e+00 -3.569785644870714236e+01 -1.623217298497559824e+01 1.667427586719875876e+01 5.689441387714493430e+03
-4.010767785313431233e+01 -2.085760789472009602e+00 -1.203113127978658703e+01 -1.185247579305747756e+01 -2.902079624472737152e+01 2.698277420578455210e+00 -1.241857760388468535e+01 3.431119322407788275e+01 1.966559145118471408e+00 -3.705945508634430396e+00 -3.423562200816490275e+01 -6.119604029154341873e+00 1.747245324939580868e+01 5.611587266314398221e+03
-4.451210413031678570e+01 -2.691967083950851158e+00 -1.262761553642117818e+01 -1.475824272691382788e+01 -3.273807648791226654e+01 -2.239767195453086848e-02 -1.854658151179413395e+01 2.603404524733112879e+01 -3.827412630621874534e+00 -9.996178024126031181e-01 -3.470115072628772168e+01 -1.197852439742823982e+01 1.144108892419272472e+01 5.953567602344773150e+03
-5.155295213244211538e+01 -1.204507390291032820e+00 -7.658854448004013271e-01 -1.649290302278522802e+01 -2.223456616094578564e+01 -3.888668771068378938e+00 -2.256087747946040878e+01 8.840626111125809317e+00 6.705796960205692159e+00 6.613184024452080090e-01 -3.587566270899763765e+01 -1.568660901974527100e+01 1.004803929241186111e+01 5.707908707984076500e+03
-6.493282763287874104e+01 1.720088967954785275e+00 2.412092295192337588e+00 -6.044262431134972857e+00 -1.163583917975784487e+01 -1.213897081310790860e+01 -1.817852364375969287e+01 -4.057204487407237159e-01 -3.122389453023209249e+00 -2.419214863605274957e+01 -3.883273734391925558e+01 -1.720844414292572822e+01 9.139058163816779157e+00 7.357596599892568520e+03
-6.746532677774399644e+01 -5.291590638972921035e+00 1.839185371264273883e+01 -2.448638404001620472e+00 -5.665091463785658199e+00 -1.421690491585573035e+01 -1.082765410220813251e+01 -6.821237005561822997e+00 -9.164167297340352292e+00 -2.402607211831613654e+01 -2.292954777615036122e+01 -1.802277002584727938e+01 -5.848335676259096338e+00 6.867829910555416063e+03
-6.217853317420842529e+01 -2.116674858866039344e+01 2.409426984547464201e+01 -1.085908089296841084e+01 4.840665347126671847e+00 -1.408727199553293019e+01 -1.289793520781617531e+01 -1.140124196817741442e+01 -1.857051154574046947e+01 -1.593024645434942421e+01 -1.440934146455125564e+01 -1.417820373551420055e+01 -3.691865232613835257e+00 6.551800137729587732e+03
-5.592727156502711949e+01 -2.845445659031706853e+01 2.441267353614685831e+01 -2.118876601023237427e+01 1.223925727434158439e+01 -1.202376001282160267e+01 -4.623093281259789578e+00 -7.052799419632757250e+00 -1.114944173201359945e+01 -1.482200999974701183e+01 -9.102424881226180986e+00 -1.139870779603362294e+01 -4.535823645795021619e+00 5.925303839043290282e+03
-5.703147115912768328e+01 -3.336686357818057758e+01 3.164990495584081032e+01 -2.383774511314061684e+01 4.684327879135773642e+00 -1.416599233938632807e+01 -1.350254528199841175e+01 -1.317671888278009185e+01 -1.484380191245322322e+01 -1.708930265529989612e+01 -8.402783334390699466e+00 -5.337307183851609516e+00 -5.608996828932186318e+00 7.157390961286242600e+03
-5.673363191841959008e+01 -3.607155196491979154e+01 2.821535747056208265e+01 -2.448060200880892268e+01 -8.831802216566865260e-01 -2.368245920078069844e+01 -2.901086231452868702e+01 -1.917374582891175905e+01 -2.219381958483140593e+01 -2.645785436401311941e+01 -2.257694208283033888e+01 -1.057992986172828509e+01 -1.088698259961635983e+01 9.618932971289039415e+03
-5.468607402005377338e+01 -3.001084192401634354e+01 2.673085499377587837e+01 -8.824690634878898265e+00 3.161640184816975729e+00 -2.324919964895378754e+01 -3.400233424295513629e+01 4.766203285604484918e+00 -1.621916582945692298e+01 -2.469700406736949105e+01 -1.702896993683369331e+01 7.078302350146339350e-01 -4.888576194352315163e+00 7.600416146985461637e+03
-5.309602972961022971e+01 -2.441288350046384181e+01 1.609892314054959783e+01 -4.656747417422225865e+00 -3.811619292416685845e+00 -1.913853925729286587e+01 -2.801920040860357730e+01 8.924969307119802409e+00 -1.450320635739818975e+01 -1.654922175545026164e+01 -1.255941524924334018e+01 -7.058984328295145438e+00 -8.441007130602098840e+00 5.704619179738911043e+03
-5.220213856170590816e+01 -2.133446956302983111e+01 6.205070104294137856e+00 -5.195319591020005845e+00 -2.578281570119709443e+01 -3.053468601461810650e+01 -3.156646725776034401e+01 3.979263061561436832e+00 -2.422465371918206145e+01 -1.700322504459472484e+01 -1.506021162873790153e+01 -1.445918086497698241e+01 1.080057014316713193e+00 7.168102046219080876e+03
-5.032658669058269396e+01 -1.305825291060829940e+01 4.355151748803259615e+00 9.950063244448649868e+00 -2.895224367880704364e+01 -1.642371385913471116e+01 -2.228890937992484211e+01 2.101198972799017994e+01 -2.119724611873663989e+01 -6.754262107155836192e-01 -5.623730546344461345e+00 -1.345364956000308787e+01 -4.035404543161687840e+00 5.546215352117845214e+03
-4.898358800097458499e+01 -1.050642862210971629e+01 -4.620535248499109571e+00 1.277048253281332535e+01 -3.764517721268273931e+01 -1.219742957770478675e+01 -2.572161337484921617e+01 2.526329340312950933e+01 -2.105050906140965239e+01 -1.670042838036019495e+00 -3.066842004867598614e+00 -2.094769033550601733e+01 -3.262923687643630277e+00 6.464754445891227988e+03
-4.832213899644071375e+01 -1.003825755707140033e+01 -8.453094378089884842e+00 1.338845738162923205e+01 -4.335719264752416535e+01 -1.388168867542867169e+01 -3.184633898513179062e+01 2.066243631020143212e+01 -2.231683029741893520e+01 -5.129256253437333157e-01 2.988778824961988434e+00 -2.445777775606260462e+01 1.949212179912098941e+00 7.309393470355876161e+03
-4.769747283925762105e+01 -9.286675419758280370e+00 -5.255787528104289841e+00 1.757926826397417841e+01 -4.305582469363694287e+01 -1.744449330395490705e+01 -3.209904394499837821e+01 1.967652581229549824e+01 -1.950772595628442474e+01 2.927763269684626746e+00 5.977004728722289606e+00 -2.291059498018656626e+01 5.131388555584136313e+00 7.249648173877306363e+03
-4.859930018786418771e+01 -7.393226913947673395e+00 -8.250961067607553545e+00 2.011441516402729945e+01 -4.781367944639200829e+01 -1.123520601390751850e+01 -2.508816724928618314e+01 2.532611185110181395e+01 -1.951350287039026199e+01 7.748379696394268379e+00 6.054938965986917943e+00 -3.097338333055191839e+01 2.609450664764856320e-01 8.009320748024311797e+03
-4.967040361818801841e+01 -7.870313876232684080e+00 -1.148128389735128962e+01 1.727302997503190340e+01 -4.804038135436578472e+01 -1.934134904090034013e+01 -1.887450585213942844e+01 2.678259743856245478e+01 -2.311695170204495753e+01 3.234830477623590106e+00 -2.513787899545711357e-01 -3.781192666529216240e+01 -3.634582311965638191e+00 8.702661562900990248e+03
-4.975725918128360092e+01 -2.124046909528875204e+00 -9.392670496234890365e+00 2.389816818055940928e+01 -3.712383060172690818e+01 -2.311871011740117510e+01 -1.520624232868806835e+01 3.151443570952627482e+01 -1.646291152650692524e+01 8.888447834621407750e+00 2.628187749366450721e+00 -2.270462483607543192e+01 1.001797296551672822e+00 7.150127056285858089e+03
-5.106525619324165888e+01 -1.755057006049623114e+00 -1.033023083512557783e+01 1.689288495540807133e+01 -3.505449956390350508e+01 -2.940690864733447896e+01 -2.361624128800536226e+01 2.351956533133526506e+01 -1.662166237074837838e+01 -2.588843860187005408e+00 -3.363658761704251821e-01 -2.143018522845359541e+01 -1.199146888259073451e+00 6.951090574903829292e+03
-5.257617443463156093e+01 -1.266205854250009866e+00 -1.148523357811338563e+01 8.011346970531640466e+00 -3.337235845492625685e+01 -2.671559233057311289e+01 -2.827243096652909671e+01 1.606659976045552440e+01 -2.073683530125093100e+01 -9.090315481016155275e+00 -5.319363092095379386e+00 -2.043396019713707190e+01 -7.227789002719576139e+00 6.857586289876672708e+03
-5.452648988621400861e+01 -1.462368217168816542e-01 -8.073238844397486957e+00 3.516432628211732414e+00 -2.905273990423395247e+01 -1.852555112166685802e+01 -1.914791444424738387e+01 1.050028178646422639e+01 -2.404204799083199973e+01 -9.475818448845325648e+00 -1.137655181012822858e+01 -1.361852258811635430e+01 -6.822499419891525640e+00 5.744106047625728934e+03
-5.514689229734447196e+01 -4.532044912601379316e+00 -1.024872580693953417e+01 1.102653484402874540e+01 -1.563732749656133691e+01 -1.783115702905699962e+01 -1.202641645837348250e+01 7.855073597338444458e+00 -2.759454980313640604e+01 -1.634387802305435500e+01 -9.931376778495939917e+00 -3.267049542150110231e+00 -3.341539558632865781e+00 5.206206330476073163e+03
-5.542581931838546438e+01 -1.567306207140860153e+01 -1.562187926709880514e+01 1.596396192527176261e+01 1.015175032039440373e+00 -7.391658950039288634e+00 -1.982550095207445295e+01 -2.791373422124088233e-01 -3.032656253030972948e+01 -2.076054760584798942e+01 -4.773660212263798996e+00 -6.547323653235950225e+00 -1.824340717537104473e+00 5.685037351727274654e+03
-5.602767632834676448e+01 -2.485728405508437433e+01 -2.068521124438139580e+01 1.046386414939430765e+01 5.628117453435854678e+00 -2.020096771070608033e-01 -2.045473970202661107e+01 -4.934773630943340095e+00 -3.984646202727795838e+01 -2.636052960753758612e+01 -1.055102608772791406e+01 -3.796396694813441108e+00 -1.923163845198308408e+00 7.180873779381388886e+03
-5.580169869548411299e+01 -2.840389587958820883e+01 -2.032899083183018973e+01 1.076674298527671958e+01 5.714991716596254712e+00 7.166036803595725146e+00 -1.438363580127504271e+01 1.624315644750481846e+00 -3.290160545142756376e+01 -1.430551171850327563e+01 -1.049008307946634133e+01 3.448454748445531681e+00 2.018583267242717305e+00 6.156513763543095592e+03
-5.673743482276801586e+01 -3.277073588978013419e+01 -2.517423879784481144e+01 3.802764950865454185e+00 3.826349430830765730e+00 5.564046373194734052e+00 -1.121597513192788398e+01 6.415792936283876813e+00 -2.800983573873739729e+01 -2.588622679928764825e+00 -4.041142964854360642e+00 6.759690095963525991e+00 1.547690433183205316e+00 6.009492478342112008e+03
-5.631650619021902315e+01 -3.397655505451124469e+01 -2.621790434986723639e+01 4.105380481214766952e+00 6.245721735994833601e+00 1.130211291775863458e+01 -1.010660622963192878e+01 5.259916073752864740e+00 -2.863721525037948012e+01 1.106981107657388819e+01 3.595624340415869202e+00 2.474340273066625073e+00 -2.516205750984219058e+00 6.294757803365742802e+03
-5.683810778778112649e+01 -3.582033309677196087e+01 -2.889943818175775192e+01 -1.897762264150455680e+00 6.479038005493345409e+00 1.892324758977884258e+01 -7.345326963276160193e+00 8.041879204898503275e+00 -2.236740094564126480e+01 1.561955863291310997e+01 2.416448090028128881e+00 2.566789037714476862e+00 -1.894942746276416123e+00 6.631428343353585660e+03
-5.550859053822302513e+01 -3.008641102332336104e+01 -2.351224185976820635e+01 -3.854872283234519248e+00 4.798615506885695936e+00 1.101596126265644138e+01 -1.134002509868049202e+01 1.770275881051184497e+00 -2.336383096790667935e+01 1.842136901412066052e+01 -1.174763577324979824e+00 -9.792622523344549634e+00 -3.376105877311760484e+00 5.824078518747212001e+03
-4.833510366419475446e+01 -1.103718500750440867e+01 -2.968031085630794053e+01 -2.586874836232261288e+01 -1.707401659587287668e+01 -6.149783985734369907e+00 -2.081906829333285458e+01 -1.388779097799152673e+01 -3.210738823611354320e+01 9.694209416141166713e+00 -1.737104413145667436e+01 -5.405373307260013860e+00 4.462849136357970536e+00 6.439611254887017822e+03
-4.721119743732719343e+01 -3.950924847630301606e+00 -4.128908928311796700e+01 -3.599343439125285471e+01 -2.030001745589235185e+01 -1.270065308864002596e+01 -1.916103943068180726e+01 -1.499122553180701267e+01 -3.563070772099552386e+01 3.540130527238677161e+00 -2.148491860946710830e+01 -6.410867932149804105e+00 8.356504035881632930e+00 8.264714728171278693e+03
-4.208363065390174285e+01 1.054010969251922614e+00 -3.459093533274077714e+01 -2.185201262092776986e+01 -3.722675191639211789e+00 5.321017243421249709e+00 -3.508468521226350667e+00 -2.977126649120456658e+00 -1.501658944331429701e+01 -5.370935064572213147e-01 -2.045887338758891616e+01 -3.459440648347601233e+00 1.340976496678305452e+01 4.345671794749866422e+03
-4.122482400883816922e+01 -1.451789384516747994e+00 -4.187651406516135211e+01 -2.123655606168055243e+01 -1.389766085684359709e+01 1.927877636968644381e+01 -2.347374816232924033e+01 7.973643767178089981e+00 -2.696747935866132906e+01 9.872808454820773960e+00 -3.232737249003736935e+01 -7.219896697748640513e+00 6.072205393969909437e+00 7.044414482433517151e+03
-4.023551174856717694e+01 -6.219284463131356411e+00 -4.263632422963224400e+01 -2.165315894467988400e+01 -1.768125056377319737e+01 1.332745654494509857e+01 -2.821966955752253980e+01 6.607392611991749654e+00 -2.141113941088272199e+01 1.578114451316340450e+01 -2.792692721003529499e+01 -1.491212966266458828e+01 7.131134137329161682e+00 7.035165809094343786e+03
-3.921615849773944973e+01 -1.974028643877689504e+00 -3.914191894544249095e+01 -9.261003756047463398e+00 -1.840697905508544707e+01 2.090892014146289313e+01 -2.721884246350731118e+01 1.560420709212122148e+01 -1.276810593257074622e+01 2.865972103448950392e+01 -2.698972983950532978e+01 -1.465470037264977776e+01 4.497987579435933192e+00 6.867858160117742955e+03
-4.027572043067819152e+01 -5.395524588114777309e-01 -3.959055753316236803e+01 -9.070933934770494034e+00 -2.168520749097470812e+01 1.321029788647431680e+01 -2.658963040924271937e+01 9.430579554543255583e+00 2.269782014976646334e+00 2.727082386333563591e+01 -2.270390010980725748e+01 -2.188449557981804716e+01 2.764780029089902058e+00 6.463715311681299681e+03
-4.468363948849409439e+01 1.970928560722426726e+00 -4.316629619695451936e+01 -8.488594785791990560e+00 -2.247974017876590480e+01 5.892319981156855846e+00 -3.176029380208733244e+01 3.133686915791427108e+00 -1.638259655262394920e+00 2.561130720974094288e+01 -2.966326206429203083e+01 -2.598347837475125033e+01 -3.038963167931117315e+00 7.717400489047900919e+03
-5.105365787173098369e+01 1.297951794894778921e+01 -2.960376533409921151e+01 -5.268528062627177100e+00 -1.065751287563256611e+01 -3.424146703781910439e+00 -2.940422207458720649e+01 3.658993368103917732e+00 4.706987946286965929e+00 1.517387049372019803e+01 -2.253116365037037383e+01 -3.771924738718844594e+01 -2.316013410585950005e+00 6.870549006097076017e+03
-5.401061852900302540e+01 4.146178226101135955e+00 -1.875972345222397664e+01 2.190556694920589020e+00 8.282020565213052521e+00 -7.841056268870952195e+00 -2.211630489309135683e+01 -2.122858274660622513e+01 -1.266901317523254633e+01 2.415519452929427047e+00 -1.024187325982637375e+01 -1.883162918205585612e+01 -1.685340206743571656e+01 5.270823181842707527e+03
-4.988944641433801053e+01 3.196919599438704740e+00 -2.605901181171645575e+01 -2.114682241866368884e+00 1.953813210457563176e+00 -8.152960832999514906e+00 -2.403505856779648653e+01 -1.813072440434082111e+01 -1.026740226699543967e+01 7.327997919549386729e+00 -1.712381341181144023e+01 -1.667831755288828788e+01 1.020464334711458365e+00 4.890968212668128217e+03
-4.698750824976665541e+01 6.595692116792349902e-01 -2.949276946969094482e+01 -1.038431415878902975e+00 -4.267941486529957196e+00 -8.142957556658350526e+00 -2.341169123082057624e+01 -1.948529017569241617e+01 -1.610244130739535606e+01 7.699364413825156461e+00 -1.298691458279092714e+01 -1.268616840809689350e+01 8.829755912131179718e-01 4.740416949273871978e+03
-4.668132671179765225e+01 -2.603095341276757679e+00 -3.221066878484491980e+01 -9.524231566278400507e-01 -1.415268587058750782e+01 -5.565249955318220643e+00 -3.317728015839477251e+01 -1.358015977938162955e+01 -2.455552461404379017e+01 6.616565003834307568e+00 -1.582794361416834761e+01 -1.466575427068611859e+01 5.525958567850563163e+00 5.883676932120396486e+03
-4.460348039951539079e+01 -4.887271003174697981e+00 -3.087745128943792849e+01 -3.110226251122899521e-01 -1.832913836679966124e+01 1.969144175168318522e+00 -4.133535593206369185e+01 -1.036538330574924727e+00 -1.846827162933704258e+01 8.599314618350037520e+00 -9.810969621937706719e+00 -1.265673870384333988e+01 8.363749788834647703e+00 5.757816257556925848e+03
-4.362014761844631039e+01 -8.778779335334602862e+00 -3.174170995302974063e+01 -6.371030048472081653e+00 -2.131290184045359126e+01 -1.272002138635013102e+00 -5.246114860016797365e+01 1.549912340399214106e+00 -1.325231330051661516e+01 -1.855932985153300629e+00 -2.179610289952558588e+01 -2.207326179492246965e+01 7.219944665939117101e+00 7.431837418421220718e+03
-4.153421964682044631e+01 -1.032784432137410846e+01 -2.847762242811863231e+01 -7.242304462298242207e+00 -1.764676665146188128e+01 -5.478821493969769918e+00 -4.888932726187236000e+01 1.268172102295672055e+01 -2.215661378652078906e+00 2.146835690522417295e+00 -1.377873408797929144e+01 -1.689148627217178245e+01 1.217092872002358028e+01 6.220425335801523033e+03
-3.995274338141621229e+01 -8.478370277994686788e+00 -2.184262818958966790e+01 -2.951640752094836007e+00 -1.105371040021420193e+01 -5.656015135412503447e+00 -4.239820503012682451e+01 2.601602769972019047e+01 1.736605139524562483e-02 4.409865962715342480e-01 -1.588504429684150843e+01 -2.276738928814960516e+01 5.582588620756705033e+00 5.584582277280464041e+03
-3.972220814392596822e+01 -1.073582926023294526e+01 -2.659529180716912222e+01 -8.708914602944878069e+00 -1.926028127084591191e+01 -1.186126252108896928e+01 -4.455134342240650369e+01 3.125280886001255354e+01 -5.141310114972263534e+00 2.159007841721395593e+00 -7.556802153557474533e+00 -1.810229744393689799e+01 5.606883339959662038e+00 6.396804792095709672e+03
-3.867063286850196135e+01 -8.681062661230681599e+00 -1.944286163857446681e+01 -2.894598001732042736e+00 -1.034370597529298408e+01 -1.095672394735269961e+01 -3.718268846032069774e+01 4.320714728125321358e+01 -5.309265065250873272e-01 -1.549524927900913784e+00 -6.740573222853395663e+00 -1.902604285701351827e+01 3.703459511972897467e+00 5.857458368933940619e+03
-3.866160765569701141e+01 -8.963372303591903290e+00 -1.857550988326783070e+01 -3.504050012325049535e-01 -1.230656578342802021e+01 -1.384793552097622182e+01 -3.707305185178542217e+01 4.016507144960139897e+01 -5.372090826655198548e+00 -2.667076548533093838e+00 -7.994164393439143979e+00 -1.812082729952776106e+01 6.802768830730707705e+00 5.725616685694400985e+03
-4.090207529314721313e+01 -9.917997498599435247e+00 -2.495073868779897808e+01 2.402928733532898598e-01 -2.105245735771939408e+01 -1.220835621911116675e+01 -3.941783868380694145e+01 3.862119529261453721e+01 -2.077394783373939191e+01 -9.804604713388076931e+00 -1.540717787160042640e+01 -1.752878849291139218e+01 1.286815671126433180e+01 7.269472389431255579e+03
-4.330398152846866822e+01 -9.422908442859975864e+00 -1.863666775030251088e+01 5.023652698284879897e-02 -2.012724194845838710e+01 -2.298410250754537287e+01 -4.327606416065408723e+01 2.547007431368933794e+01 -2.113117232929479528e+01 3.425815233926965409e+00 -3.018749305498454660e+00 -9.048061611815398919e+00 1.201427356297868698e+01 6.459856869169431775e+03
-4.706940760171171689e+01 -2.022338481277359268e+00 -1.316356104767704238e+01 2.761804586359220881e+00 -1.126351247139311518e+01 -1.651652523508342796e+01 -2.547935621910104942e+01 1.684949657022779945e+01 -2.918691276998711359e+01 -1.024846836590992538e+01 -1.522413151101381601e+01 5.002461086760501274e-01 1.486908102866473769e+01 5.143312313943205481e+03
-4.987473290562628847e+01 -5.527129319096464322e+00 -3.381912357975869199e+00 -5.381723591076008617e+00 -2.783366041800247714e+00 -2.937048167132313736e+01 -2.518228991677674600e+01 3.619303558640056540e-02 -1.688307363089560553e+01 -8.919519281228266649e+00 -1.474918107716365334e+01 1.218229640997688712e+00 1.449348279205505641e+01 4.856639245225156628e+03
-5.202916526165848410e+01 -1.336182396486520396e+01 1.175067030364909115e+01 -8.057124497292660337e+00 -5.824062790779740872e+00 -2.458974883034003867e+01 -1.057660038486987375e+01 -7.038021959649886305e+00 -2.281088304106494746e+01 -2.563259732684300118e+01 -5.349814027084651258e+00 7.795005891141948418e+00 1.172777372794757333e+01 5.292831303393338203e+03
-5.527328514905941148e+01 -2.443814807934938216e+01 1.615728675115949287e+01 1.309281746079317355e+00 9.014970155553553965e+00 -1.891484447004207681e+01 -9.057748222888758249e+00 -9.205302682420834159e+00 -1.343606653867400169e+01 -2.278334877877465914e+01 -3.811462598611456087e+00 -1.100946921237538678e+00 -2.165039796986831244e-01 5.236347765987071398e+03
-5.922358851128536372e+01 -3.771467283294741435e+01 1.100529140539770051e-01 -1.090883691278531131e+01 6.368630462475476373e-01 -2.404315870755024775e+01 1.782139122768556350e+00 -5.829193264810933472e-01 -3.594824698008374675e+00 -2.151422442750943986e+01 -6.026489304607028252e+00 -8.859212642944221727e+00 -1.497738424578622407e+01 6.445750585618191508e+03
-6.047581588965866217e+01 -4.319579714809518833e+01 -3.091797144548479981e+00 -9.505714481215264300e+00 4.351164297754761989e+00 -2.061851763123506842e+01 1.277384471946241185e+01 8.406688984056994940e+00 -2.400874562653678268e+00 -7.533090841234859170e+00 4.614423913269061650e+00 7.553808619735626451e+00 -6.084819498023212425e+00 6.478908062134271859e+03
-5.979885158064961104e+01 -3.981819994460589385e+01 -4.858736829396233858e+00 -8.718466872312221838e+00 3.571731306720485222e+00 -1.879445352802970248e+01 9.254216457562064235e+00 6.855493121048832350e+00 3.015147586742077390e-01 -9.666276962499080749e-01 6.772929548711602799e+00 8.002253562200948522e+00 -1.031915373017604587e+01 5.977056592200376144e+03
-5.980118454115021365e+01 -3.264474947159875740e+01 -5.778028174349796764e+00 -3.757978133020225986e+00 3.017365368851354646e+00 -1.971391676903999723e+01 5.434856618434317888e+00 5.730621901725020173e+00 -3.207246348867320407e+00 -1.236098392772429122e+01 -6.157845267244131726e+00 -1.488771729736840799e-01 -8.336836444022731385e+00 5.420014469255359472e+03
-5.267489479128180108e+01 -4.429005113612157984e+00 -6.961610305315413250e+00 -2.696820926700928212e+00 -5.427877919256014927e+00 -2.431375590668878317e+01 -9.537890029587641649e+00 2.556352003614145829e+00 -2.077279570505563910e+01 -1.214703664689471196e+01 -1.090393622683519226e+01 -6.609819529786897796e-02 6.452847726277609830e+00 4.307723334195873576e+03
-5.076629644096681204e+01 -2.845553705134109546e+00 -1.612148086874683983e+01 -3.490863354238098459e+00 -1.078292891206395687e+01 -3.261461104573984926e+01 -2.287752538419040249e+01 -1.425952778998656190e-01 -2.133420070926581857e+01 -9.149960809557768471e+00 -1.720453344180850408e+01 7.928497586827981891e+00 8.187978645994263616e+00 5.525558155246913884e+03
-4.854925377319805335e+01 -4.039523442663814912e+00 -1.887425444909388617e+01 -2.519996594337260643e+00 -1.247820257015079903e+01 -3.926004323188546152e+01 -2.060792261633232769e+01 9.295631018694678005e+00 -3.073356583379483453e+01 -9.016707144447030586e+00 -1.146057580650554364e+01 1.406824847979308757e+01 1.026286395697996667e+01 6.404527286264783470e+03
-4.805465331956508379e+01 -5.007005953827274425e+00 -1.792474307168385650e+01 -5.875327223897237189e-02 -1.989892192778198421e+01 -3.512622217020455651e+01 -1.517612438212758086e+01 8.742342234073694485e+00 -3.402728945327358900e+01 -1.919539515622520653e+01 -1.232585850235393998e+01 1.425652653537170167e+01 5.160479348716697778e+00 6.500307063778974225e+03
-4.896273924498743924e+01 -2.556363145646891599e+00 -6.360739827867807783e+00 4.466125711748373917e+00 -3.248428369237256419e+01 -2.683753895237798304e+01 6.304999263783593655e+00 1.531509915532419441e+01 -3.950723996285017137e+01 -2.540687876278863300e+01 8.330442663222316080e-01 1.741137320811941436e+01 6.407864868391069280e+00 7.065319688679586761e+03
-4.873343803736535307e+01 -3.581417464173203502e+00 -1.169338560401821958e+01 2.540091926465586902e-01 -2.373414772947819884e+01 -2.402775786836377847e+01 -9.082774985897058784e+00 8.123102032656589699e+00 -3.466575110460706100e+01 -2.315030627850603295e+01 -6.301350890399870508e+00 1.407229351650276783e+01 9.067345257775105694e+00 5.871303024568868750e+03
-4.952000788147814347e+01 -6.066120702824833621e+00 -1.123118639805915286e+01 -1.794509363815363079e+00 -2.138540626026007274e+01 -3.887676502277147961e+01 -1.811322390294321494e+01 3.908770779274502338e+00 -3.558196912516117294e+01 -2.031511674091533592e+01 -4.116491736239881405e+00 2.126924463558755107e+01 6.490893017510623864e+00 7.120733100211599776e+03
-4.920251798582678759e+01 -1.442927819609907658e+01 -1.832125112655255350e+00 -7.654060155930653586e+00 -1.362766641896125641e+01 -3.751290468148827273e+01 -3.289369882061070882e+01 -2.385721233650550943e-01 -2.907183905586758854e+01 -1.514782630370430105e+01 3.578483499749236074e+00 2.007286111423522001e+01 3.619765829335476859e+00 6.869473283079099929e+03
-4.877524682869183437e+01 -2.334809580791895556e+01 2.482359239881811064e+01 -9.700496446624212510e+00 5.868364928874596487e+00 -2.513563350699671517e+01 -1.372926654694330750e+01 -1.549942936327920151e+01 -2.915294100122792642e+01 -1.810037004745358047e+01 1.211280236080203743e+00 1.887694250151249520e+01 6.187562329329047373e+00 6.303040951660894279e+03
-4.848130314646479633e+01 -3.147314836262402693e+01 2.548146473110570298e+01 -9.570326962287737160e+00 2.864298006306934319e+00 -1.401982761592701721e+01 -1.391997160550071655e+01 -9.470637526416394891e+00 -2.283488500806073418e+01 -1.394404284875121114e+01 -5.983306515871472442e+00 5.971015815908195634e+00 -1.419441621381551055e+00 5.359446485299166852e+03
-4.756944180293987046e+01 -3.701651146603182951e+01 2.265962817207194746e+01 -1.227993497848087401e+01 2.792323757634377124e+00 -5.491003672517394740e+00 -3.129373948037923014e+00 -2.247607928164224500e+00 -1.071272158534412000e+01 -1.619123613135618589e+00 4.009503061535368396e+00 3.215745428862654798e+00 -7.496105902191399828e+00 4.550115084735170058e+03
-5.008530444808191362e+01 -4.232838426627117911e+01 2.279980465510538323e+01 -1.129153947975192551e+01 9.701557008203290366e-02 -3.792575417328563958e+00 -2.764650268960294088e+00 5.772056964164652193e+00 -7.921135501422993386e+00 -5.754935300765929185e+00 6.907995031910421524e+00 -9.564278356456094032e-01 -7.717529430211939712e+00 5.206971843427906606e+03
-5.094661519738569666e+01 -4.551229795275723689e+01 2.197861107038503192e+01 -1.098873507404395333e+01 -2.896978355300426689e+00 -3.316665311576782127e+00 -2.861497927318946477e+00 1.008246506001180087e+01 -8.843837832191418613e+00 -7.259786890182753361e+00 3.168844063389809396e+00 -2.357511410157037801e+00 -1.230930631187034763e+01 5.698011960495846324e+03
-4.964546638876951334e+01 -4.322309854252157635e+01 1.614795917477421838e+01 -1.435566919268244312e+01 -5.683034446459611644e+00 4.275470671665607014e+00 -4.513602857067883001e+00 1.510751061788906391e+01 -1.427924129169754508e+01 -3.858245040482454868e+00 7.706117181873205269e+00 -1.988236279838156539e+00 -1.083158257579387929e+01 5.498379715140156804e+03
-4.980477707768132234e+01 -3.769675907421840577e+01 1.980491790908225980e+01 -6.882164983108633116e+00 -8.178997166055994583e+00 7.937683406145102927e-01 -4.747946144319384665e+00 1.477887044373148306e+01 -1.995986466544014704e+01 -5.713006128913740156e+00 9.133658702198379942e+00 3.222104698879927120e+00 -8.654814798512568075e+00 5.249390635367317373e+03
-4.591630253326629685e+01 -2.272425083478985997e+01 1.113056424343916007e+01 -3.937591323034893787e+00 -1.821491355728584338e+01 -1.637604980602894500e+01 -2.254689939272410726e+01 2.454368328581784553e+00 -2.366171117949897962e+01 -7.134684308282981391e-01 1.231695495258502149e+01 1.400567508425436891e+01 1.286755715557207580e+01 4.952263133565797943e+03
-4.725494525603296836e+01 -1.777634768371139273e+01 -8.669236595629055131e+00 -6.938172573593622827e-01 -2.440325791129646049e+01 -2.964292541151945670e+01 -2.080618761879443923e+01 -3.508392543319238666e+00 -3.253956611611754113e+01 -1.419053018578439662e+01 4.846799614190024030e+00 2.150552992749544146e+01 1.908371688799504895e+01 6.654455762967625560e+03
-4.810079382355623778e+01 -7.877115470893759408e+00 -1.342355567184830711e+01 1.087071083002814476e+01 -2.301296521512742288e+01 -2.353927421916343832e+01 -2.391725545867760516e+01 2.870147595252700246e+00 -3.872513105028851044e+01 -9.466538464020693766e+00 1.596073291604809485e+00 1.133718848260045142e+01 1.911823091929390728e+01 6.423903541553608193e+03
-5.061103392566171522e+01 -3.333066393991066523e+00 -1.341433200607791676e+01 2.040692694429041509e+01 -1.669019288538560630e+01 -2.236411032822857337e+01 -2.302063800970956109e+01 9.433975815562103406e+00 -3.300473620425801613e+01 -3.012917802224753139e+00 -6.441559092107341122e+00 6.644565434646633406e+00 1.833835092609832884e+01 6.086968034114142938e+03
-5.430018835552681367e+01 -4.365934391408782922e+00 -1.727404261635172134e+01 7.469338921568780876e+00 -2.130359703574705676e+01 -2.661681090082431922e+01 -3.941199619435477786e+01 1.166319925468706664e+00 -2.576593034537461691e+01 1.310368050846638877e+00 -2.156014631278680937e+01 -3.514480489717926481e+00 9.572364447020719425e+00 7.273140900416031400e+03
-5.075657136366975664e+01 -9.220455003889366452e+00 -2.086238073766490686e+01 6.690399040936826580e+00 -1.613261650395935831e+01 -1.910028169047722812e+01 -3.400198071868409500e+01 2.279206174009391628e+00 -2.523149961662004515e+01 2.806532015996123341e+00 -3.241199340416594765e+01 -1.939794551316026183e+00 2.381241898365678367e+01 7.193494857987657269e+03
-4.532778043019413872e+01 -1.224138367966110330e+01 -2.987797932133625523e+01 -2.270448272693430969e+00 -2.196570374272779347e+01 -1.739739229291394906e+01 -3.612821547912984244e+01 8.538299580688468282e+00 -2.133350039404571064e+01 8.475103733488824176e+00 -2.905835020988758544e+01 -4.730767616219176297e+00 2.827357303912883779e+01 7.458728083662826066e+03
-4.092928863720403854e+01 -1.141218162854343632e+01 -2.948842925562755113e+01 -6.402079358805565334e+00 -2.621574939748229482e+01 -1.661500995485370780e+01 -3.455653413340836266e+01 2.155647508695163950e+01 -1.034102881042318600e+01 1.234337504408554764e+01 -3.248832262938808668e+01 -1.715363727146184658e+01 2.207153399033812491e+01 7.434345155645986779e+03
-3.549735067022912460e+01 -9.456197320390257843e+00 -3.134033891581382747e+01 7.739123953605580031e-01 -1.936180008934783459e+01 -1.751678803848258026e+00 -2.946610547504372590e+01 3.188029891543343908e+01 -4.401374124522264175e+00 1.965998653305608812e+01 -2.505454475882054410e+01 -2.537308322550887851e+01 6.636371878054000639e+00 6.316302030064776773e+03
-3.409235212438960616e+01 -1.257183030552034353e+01 -3.409056837508439486e+01 -2.712209160947725017e+00 -1.904056992330951559e+01 -3.933944506666045005e+00 -2.622635911966550637e+01 3.242363179161512221e+01 -4.285800824594000469e-01 1.710604939774562183e+01 -1.805970598016256545e+01 -2.741313585503946371e+01 9.417549975289256636e+00 6.066119206810104515e+03
-3.370802363394116696e+01 -1.031868851462360581e+01 -3.373189758787528802e+01 2.977166384793262566e+00 -1.720870146137504619e+01 1.499448986877447654e+00 -2.636540675180224369e+01 3.125153011099524392e+01 -5.891819720614968503e+00 1.216302687668162363e+01 -2.145406832085027560e+01 -3.127771160386609850e+01 2.893191048919119712e+00 5.989186792806196536e+03
-3.608215708772544872e+01 -1.220709345993043904e+01 -3.222080388901603953e+01 1.309023377499576535e+00 -2.212208603866756107e+01 -3.812938070475973440e+00 -2.719187767159470326e+01 2.140088990401117996e+01 -1.223923983373438329e+00 5.575253587431607372e+00 -1.000929946345336674e+01 -1.504879968164046389e+01 1.858550298086212393e+01 4.896805234862228644e+03
-3.944745986883965827e+01 -1.382606533746651678e+01 -3.582005319647070252e+01 1.139517516195867275e+00 -2.414802109005449893e+01 -2.633792205910937767e+00 -3.339222729626204966e+01 1.502480229551181701e+01 -1.420452314174231923e+01 6.582034916558495707e-01 -1.760954825617430330e+01 -1.658767341777427973e+01 2.202097239744774981e+01 6.234858229812540230e+03
-4.212390956962536848e+01 -1.345997727539601563e+01 -3.467984996863478386e+01 -1.445281904363601821e+00 -3.097332017188832864e+01 -9.111760001183972335e+00 -4.380563691058637232e+01 5.514326233157667012e+00 -1.711648920912631411e+01 -1.420999649573693180e+00 -1.603911249549046403e+01 -8.920613238764993014e+00 2.259862992940896831e+01 7.294609918786783055e+03
-4.334589424791441559e+01 -5.673488694327261328e+00 -2.393645000782191090e+01 6.488677730371554375e+00 -1.807135153762477842e+01 1.912398275836154904e-01 -3.689083826325732929e+01 1.057299826370692664e+01 -1.566020789489116183e+01 1.928094603150816821e+00 -1.495459681374315331e+01 4.416618760313446579e-01 2.506336115490123717e+01 5.426410922465124713e+03
-4.680483865594121795e+01 -3.832401481347727401e+00 -1.244753130741849567e+01 1.936329498721213405e+00 -1.116586145943108477e+01 -7.310892454824118758e+00 -3.695445402982303307e+01 5.776142893701041281e+00 -1.624827404375849227e+01 -7.949624541004802758e+00 -1.193279866655160149e+01 5.416584421946883054e+00 2.234985458436024786e+01 4.939641750790279730e+03
-5.112551338814741086e+01 -3.306138570993410131e+00 -7.524880771303855909e+00 -9.887422205038488343e+00 -1.555759182430458587e+01 -2.279942752731264122e+01 -4.210621646401687457e+01 1.536425290027945811e+00 -2.131204076046148899e+01 -1.056147481344102168e+01 -1.488300103014130649e+01 4.975572407510726158e+00 2.470097510792599138e+01 6.738426289805081069e+03
-5.123149658744112145e+01 -9.865374641731216698e+00 1.300358321717158461e+01 -9.699496688234765074e+00 -1.415826414697148428e+00 -9.137076281305230196e+00 -3.822781791625868664e+01 -2.392688120144012665e+00 -1.970946811097492812e+01 -2.391383639465054856e+01 -9.603297850641718370e+00 1.067436487906901199e+01 1.715956718633674782e+01 5.998697863917237555e+03
-5.139173998655446951e+01 -2.065636419301760895e+01 2.758834510043716648e+01 -9.749238648569072296e+00 -9.048311073620595835e+00 5.857438361295685958e-01 -2.902601739200661157e+01 -7.225192892237995324e+00 -2.582341049516440279e+01 -9.586407335998311297e+00 -2.739613456061559482e+00 1.804650352976470806e+00 1.583750080207792799e+01 5.921225298879855472e+03
-5.242939277989563607e+01 -3.271627864989473977e+01 3.007569131434458498e+01 -1.095689424016267388e+01 -8.683640740496059607e+00 -4.504265253687865567e+00 -3.088931500413272957e+01 -8.554707365113385364e+00 -2.521836063636881775e+01 -1.138246966149713835e+01 3.327831404436063067e+00 -6.755556382694061668e+00 -5.797545827300526255e+00 6.822673547201448855e+03
-5.188681596103626248e+01 -3.686971468646842709e+01 2.660814806589901238e+01 -1.117231191080412778e+01 3.000414825519553616e-02 8.747034753515464445e+00 -1.077016186212480697e+01 5.468848104800687615e+00 -1.059203417580352102e+01 -5.933821098802584793e+00 3.212921917708558617e+00 -6.467661601957707340e+00 -5.073039754731225592e-01 5.306660123907249726e+03
-5.541936440701743294e+01 -4.555959269128224065e+01 2.690969637658254143e+01 -1.426846907260159725e+01 -6.747016305366547728e-01 9.466140394110693634e+00 -1.592386691246883323e+01 5.066700126840866680e+00 -1.259370368031936138e+01 -1.012506390027636627e+01 3.237804485461128756e+00 -1.014466642887999370e+01 -1.047512821641036140e+01 6.928251667463510785e+03
-5.614657716543213439e+01 -4.708646229239918313e+01 2.683805904877392123e+01 -1.357807324690628192e+01 -3.303928993184906737e+00 8.268812474872252238e+00 -9.565267965404094852e+00 1.084569295052206606e+01 -8.634725439568864402e+00 -6.829168678704485629e+00 1.041650467621923326e+01 -7.316131170746756673e+00 -1.142467276157555922e+01 6.976379679520075115e+03
-5.147906569860082016e+01 -3.860494932224029441e+01 2.334187591173711596e+01 -1.370585121068636880e+01 -6.078573885477212890e+00 7.171793481160401384e+00 -1.009568276011212618e+01 7.108739405123451149e+00 -5.354317653798247534e+00 -5.510833592165893080e+00 4.698653070583859837e+00 -7.303531713865565322e+00 -5.064207520041751565e+00 5.274073632799922052e+03
-5.651229719475703916e+01 -4.670808241801617555e+01 2.709519823621331014e+01 -9.918093284732028891e+00 -5.810948982440885757e+00 8.924216011136710591e+00 -1.337669877068841018e+01 1.072409810327829582e+01 -6.706749275957736955e+00 -1.254657265691972334e+01 -2.143021893623486274e-01 -1.504474908029922453e+01 -8.532170167455200627e+00 7.116739448251380963e+03
-5.452013895381839603e+01 -3.987324421693699605e+01 2.475137463876052024e+01 -4.907120827938133090e+00 -1.395122926065877778e+01 2.041990703631279214e+00 -2.595794179429379867e+01 1.288380117997171759e+01 -8.424951057155015022e+00 -1.868411509519684088e+01 -1.488137183991906198e+00 -2.346807383191122476e+00 5.600422736955397163e-01 6.665756797940117394e+03
-5.111646001253015470e+01 -2.936777262070821948e+01 2.029137190304360772e+01 2.274841555879258959e+00 -1.339563885121041409e+01 -1.738367229723411356e+01 -3.821774549862676196e+01 1.768264607660924082e+00 -1.439592661529395201e+01 -1.564629522913393167e+01 4.515913126500295860e+00 -7.539884776369897068e+00 9.754215854776820294e+00 6.462068582475150833e+03
-5.052468225449462835e+01 -2.157432723055215007e+01 7.019499785902808320e+00 1.644974008713846247e+00 -2.167212381734135107e+01 -2.911737908260455043e+01 -3.738830890592601008e+01 6.143171556582035286e+00 -1.925047790231160860e+01 -7.563777289271485849e+00 2.454215160306471688e+00 -1.326636403888214488e+01 1.107445551728386057e+01 6.555756122333646999e+03
-5.174312061762518056e+01 -1.115946631314466231e+01 -1.165707284794488929e+00 7.941412702290864267e+00 -2.321540523511941601e+01 -2.056995906180235423e+01 -2.695483721274960232e+01 1.079447008728154067e+01 -1.991499348752207510e+01 -1.004993786012083490e+01 -2.053006653568225204e+00 -2.135444679743743279e+01 1.131477184702058203e+01 5.757330731386977277e+03
-5.422564895556222808e+01 -1.993203756591790166e+00 -1.902400845960102727e+00 1.176643074180907611e+01 -1.959149511414140221e+01 -1.591898529540895701e+01 -1.963187863894006213e+01 1.714311370605839002e+01 -1.670896059660846333e+01 -1.379499788122272896e+01 5.974912446301795299e+00 -3.754017762193299035e+01 1.745244488471634625e+01 6.622043345166714971e+03
-5.761320840550200018e+01 4.748835643114856175e+00 -6.851409872309327298e+00 8.149076053906605388e-01 -1.854235790795947025e+01 -2.859423040922511206e+01 -3.515143005461391468e+00 -5.391770490714348441e+00 -1.741029101373715449e+01 -1.445885535235699493e+01 -2.452269075692972145e+00 -2.996784200580937352e+01 1.231594059387915996e+00 6.010094316556201193e+03
-5.775273670501221090e+01 3.265195164440384268e+00 -8.785476232331060231e+00 2.634533179764180777e-01 -3.081278999325693846e+01 -3.368001177124384782e+01 3.168787558061565424e+00 -2.232761687493459135e+01 -2.033164045052393121e+01 -1.582550554214665439e+01 4.491918719280133310e+00 -2.010154661941078302e+01 -9.907028346554440645e+00 7.201849956647917679e+03
-5.679855851733913141e+01 3.263005191536333616e+00 -9.999274010701510562e+00 3.900578412587103472e+00 -3.358761909415640901e+01 -2.650443284572203950e+01 2.766073289329228135e+00 -2.596569512386957257e+01 -2.019192994863644586e+01 -9.322637852544339410e+00 8.863726260928460832e+00 -1.184276045934649346e+01 -1.371061273173567407e+01 6.765828178402736739e+03
-5.573825041663290847e+01 2.715986096218983903e+00 -8.320455097111771892e+00 5.366826832307285855e+00 -3.454302943637679135e+01 -1.558191738623924572e+01 3.075326627926562750e+00 -2.486293254057075686e+01 -2.145529947621989919e+01 -6.035409969736958757e+00 9.882389048257600450e+00 -7.797284776839190634e+00 -1.582904128752777417e+01 6.181575884104137003e+03
-5.527479448408383433e+01 4.077783159351710651e+00 -8.253165115318795486e+00 9.273910852757420997e+00 -3.375068657016903018e+01 -5.827691764009844455e+00 4.061396852907388499e+00 -2.752496666737440378e+01 -2.086077953279618669e+01 -4.794469724126570576e+00 9.591808157146513025e+00 -7.968593156670481292e+00 -1.099418065705029868e+01 5.907773278960370590e+03
-5.507091003247828098e+01 5.106672127753444812e+00 -8.994693256376221413e+00 9.149588611698769469e+00 -3.419016129994303554e+01 -3.239605739664579986e-01 7.672850711518251821e+00 -3.077763672314388188e+01 -2.159139449156017321e+01 -7.174916730013448429e+00 8.028413541978649093e+00 -1.426744849327476850e+01 -7.559513259502605109e+00 6.241539848440660535e+03
-5.472961132404561369e+01 3.932765290628017496e+00 -9.709428801741243120e+00 7.883182168732330908e+00 -2.940664401454155907e+01 4.082122654069931578e+00 5.096577838150844642e+00 -3.521788253552083603e+01 -2.910597101995456981e+01 -9.646097544843300398e+00 9.043447406683061018e+00 -1.159074593672617226e+01 -6.346006502010054007e+00 6.511509238530487892e+03
-5.445771934969680217e+01 2.752201056667164192e+00 -1.030483241229621250e+01 2.662197414242841731e+00 -2.942826795333341394e+01 5.870234050781088619e+00 -1.324897301926524287e-02 -3.663096386857717590e+01 -3.741152227804787600e+01 -1.107463126464694270e+01 1.305376308517710449e+01 -1.316602019900651754e+01 -1.031072160322824871e+01 7.301130220917631959e+03
-5.459607260109207516e+01 2.797616973823132458e+00 -1.396184336117989666e+01 -1.480149185035410042e+00 -3.128349198243813589e+01 7.620153736344989603e+00 -7.415103458369021183e+00 -3.441489230378363118e+01 -4.266983575770119330e+01 -1.726045785392781440e+01 1.647146166613158869e+01 -1.862320153843241499e+01 -1.353683373883552044e+01 8.381790742557375779e+03
-5.120840433589157215e+01 5.137510997819006775e+00 -2.333097428318900057e+01 -2.085501197017327613e+01 -3.171790233044531249e+01 1.000934805137253925e+01 -1.508874979021906171e+01 -2.279728719328536357e+01 -3.802277768816039583e+01 -8.557000462226087123e+00 -3.225314720030175053e+00 -1.836020858818299217e+01 -1.473672718139019544e+01 7.565184551919282057e+03
-4.755865988640478292e+01 1.909803402584132614e+00 -2.927801807519708532e+01 -2.998394127023188815e+01 -3.049357229373617528e+01 1.235419491850264428e+01 -1.983961065154554504e+01 -2.131671720216556665e+01 -2.670057470698633040e+01 2.416346285932199578e+00 -2.128690299648273410e+01 -1.383505325459859847e+01 -1.633163863343398248e+01 7.582231999384438495e+03
-4.527865308476833661e+01 -4.574139992291031409e-01 -3.182186823259074515e+01 -3.076326405335466774e+01 -2.975352482354820438e+01 1.577509291156218652e+01 -1.947858298632383622e+01 -1.708237617118759388e+01 -2.089727601132301871e+01 1.145679294399518611e+01 -3.193870818396653632e+01 -1.262500994719276726e+01 -1.457462013901037601e+01 7.774569690447992798e+03
-4.383510925643023626e+01 1.025401531534681498e-01 -2.901018418077214633e+01 -2.610251863394999816e+01 -2.543687346124207949e+01 1.902017677228931802e+01 -1.424659756323892879e+01 -1.020767747375774803e+01 -1.724822622605622868e+01 1.813702902476626377e+01 -3.472739527691688011e+01 -1.027040177179172886e+01 -7.098590173107314882e+00 6.748739708223150956e+03
-4.280392962971330206e+01 -2.273270442907561195e-01 -2.675261808267096697e+01 -2.312874783327279715e+01 -2.384631413537304212e+01 1.943081647811003165e+01 -1.284355802767032806e+01 -2.267058562192830085e+00 -1.743236573010613810e+01 1.833550770372481153e+01 -3.341722064045186613e+01 -6.808851367085450690e+00 -4.558587782230029417e-02 6.002320872171811970e+03
-4.233475539236351892e+01 7.632078533860630065e-01 -2.414003268194381491e+01 -2.029207006464598351e+01 -2.320702787782168386e+01 2.257033251969989607e+01 -1.340712086507634737e+01 3.869789509871584876e+00 -1.863358912642888043e+01 2.096568876999877418e+01 -3.313315222561083573e+01 -4.428057733156796516e+00 6.275588346078386337e+00 5.973602729581957647e+03
-4.232219744870284472e+01 -7.325976592674653398e-01 -2.355130669598694482e+01 -2.034504486464492956e+01 -2.514933501897742474e+01 2.492668045039800973e+01 -1.669829442600000036e+01 5.396313752135765363e+00 -2.071441996155378362e+01 2.036036033010194402e+01 -3.430560821030518781e+01 -7.686062040770764270e+00 8.768942617591369171e+00 6.478547808991452257e+03
-4.335152918229091057e+01 -3.650519092698508050e+00 -2.534622244263740498e+01 -2.488900616331013183e+01 -2.808133645890345775e+01 2.052865797484459875e+01 -2.115400018930839465e+01 1.060850423677014875e+00 -2.348998201187562174e+01 1.333035853238702018e+01 -3.613166560720308240e+01 -1.564626940090630391e+01 4.455017539577815988e+00 7.112807275709739770e+03
-4.509129418330116579e+01 -2.597854351560430874e+00 -2.249980115902014788e+01 -2.415790735891879848e+01 -2.743986186835535790e+01 1.871723098582162237e+01 -2.065282994565221486e+01 -1.487155609521860100e+00 -1.913996667726005541e+01 1.469090513297483014e+01 -2.824275898233862847e+01 -1.199616600811493505e+01 9.045553473826961621e+00 6.267395459725738874e+03
-4.797180821116903360e+01 6.961311254838117302e-01 -1.573758058397792503e+01 -1.698498353671335437e+01 -2.336264258805559635e+01 1.600081906089378236e+01 -1.644392100802552292e+01 -8.714496615129039725e+00 -1.661802218368703521e+01 1.644987700694277777e+01 -1.610955235341178593e+01 -1.273465358989666463e+01 6.508802671431158871e+00 4.996935064801316003e+03
-5.348226860055302723e+01 6.394926704983633359e-02 -1.709225455965044560e+01 1.954978214990533703e+00 -1.915949340453997962e+01 2.133066555738486514e+01 -2.324005654406572319e+01 -3.113124555046545439e+01 -1.827306695343404996e+01 1.191459754024556972e+01 1.994353896856214892e+00 -3.037329373817448541e+01 -4.306337625832021843e+00 6.908583982407499207e+03
-5.163954267250387886e+01 2.976711490126258131e+00 -1.749295995696791195e+01 -1.192709062525338926e+00 -1.858019778942809808e+01 2.605626322718502408e+01 -2.045011252217376096e+01 -2.473137224104794996e+01 -1.337274543625833623e+01 1.615183615676270890e+01 -1.166362215935243141e+00 -3.080960690929126855e+01 -1.367549487849355039e+00 6.429104462101582612e+03
-4.738127284287022434e+01 6.061201715975839122e-01 -2.331271145592191019e+01 -8.754545642238104719e+00 -2.339756869597967892e+01 3.047876597928406639e+01 -2.615777657630095732e+01 -9.889751003815980823e+00 -1.416467064172889145e+01 1.684519309696930378e+01 -1.448309877225043962e+01 -2.489385943057473582e+01 5.642486855576954952e+00 6.469615299712417254e+03
-4.485298099562699292e+01 -1.107623910923855259e+00 -2.477979217747862606e+01 -1.218376191872536651e+01 -2.477124587702620317e+01 3.130752196562497858e+01 -2.802159535998938011e+01 -4.981216128480160599e+00 -1.380864294448834428e+01 1.745678453750652181e+01 -1.893365362614926539e+01 -1.494495733583428176e+01 9.314188087527300652e+00 6.343303799831160177e+03
-4.312333977545673491e+01 -1.450955506610055235e+00 -2.368916998503223681e+01 -1.396114505880200873e+01 -2.488108813669140673e+01 2.734368726530655991e+01 -2.476666254674407597e+01 -2.635851275818273276e+00 -8.990019270332558321e+00 1.585465130372060827e+01 -1.862904347509506664e+01 -6.423890279459222974e+00 1.397573401454962472e+01 5.520718299794008999e+03
-4.289338860944420162e+01 -1.669708535804698579e+00 -2.389358205220402098e+01 -1.429594441595738807e+01 -2.569832063099849151e+01 2.503290963874456665e+01 -2.096997850878579683e+01 -2.588979687662120721e+00 -5.545817883839701423e+00 1.099822484808938761e+01 -1.945500308648916743e+01 -6.068774383636050374e+00 1.247006425971695265e+01 5.073947781808201398e+03
-4.383873607372733971e+01 1.219256695326324108e-01 -2.367843196173547327e+01 -1.281991036047761767e+01 -2.659409889334829558e+01 2.382864072553241641e+01 -1.896647511195567759e+01 -3.959478543866928657e+00 -3.251536817674050894e+00 1.025643639622746228e+01 -1.613429644532708807e+01 -7.705639169556141255e+00 9.277390100635656722e+00 4.818852094618513547e+03
-4.658456452401164682e+01 7.365713181506760021e-01 -2.397139520607551688e+01 -1.316235612310640946e+01 -2.809887250982797724e+01 1.563363784115742661e+01 -1.718248854754183341e+01 -1.374878326644865822e+01 -1.936656437812034781e+00 3.432159436420293197e+00 -1.100199748163828417e+01 -5.897100226544960577e+00 -2.593608739095592863e+00 4.614840721016616044e+03
-5.110902154587198964e+01 4.166836213167011138e+00 -1.933831199254472111e+01 -6.295177726369075799e+00 -2.744989022645454568e+01 1.332939299827811119e+01 -2.198944140209969689e+01 -2.819529543597132104e+01 -1.968165897504291939e+00 -7.520524054096024535e+00 7.458829315852858244e+00 -1.112779924313109703e+01 -1.820319349188711300e+01 5.824023852886243731e+03
-5.429430835302360236e+01 -2.636362613585603309e-01 -1.437240338857547606e+01 2.498060171924945561e+00 -2.286325033157953257e+01 1.814843666224122032e+01 -2.578456340798895496e+01 -3.551834100816939355e+01 -8.339271972564992197e+00 -1.633824174526928275e+01 1.251438893025738963e+01 -2.177686549293458640e+01 -3.346843717041163302e+01 8.026697622503241291e+03
-5.253426186948599508e+01 -5.658182541534311216e-01 -1.656698758567704388e+01 2.284537967340159348e+00 -2.391652891730888442e+01 1.776273032738568958e+01 -2.628039170623994991e+01 -3.455568243015503072e+01 -5.719839152660081361e+00 -9.661490443528414573e+00 3.600054571594803132e+00 -1.822517596868718215e+01 -2.954409683632424333e+01 7.156154179844561440e+03
-5.010163971383268233e+01 -2.763816929779782106e-01 -1.852719403393816933e+01 3.608098766656499201e+00 -2.319784534615421734e+01 2.228647488804733356e+01 -2.262791327211147419e+01 -2.656466329268746307e+01 2.830440185242677931e+00 -4.223758491727809705e+00 -3.515651724490411745e+00 -1.210085535837672488e+01 -2.407657158397505270e+01 5.883380105008982355e+03
-4.726094780460825007e+01 -2.816246862053488176e+00 -2.107706296634579957e+01 -1.832384840180192043e-01 -2.534904346920973950e+01 1.938561397507340800e+01 -2.639264534872906864e+01 -1.817834770683533208e+01 7.977168975659468586e+00 -2.519538672987964745e+00 -1.122815979036621847e+01 -4.051932092096069304e+00 -1.454862012205163957e+01 5.155340054659730413e+03
-4.552596395509284122e+01 -5.886131033136082102e+00 -2.360750738079036637e+01 -4.803759879092091012e+00 -2.982722795201790333e+01 1.478178019038534075e+01 -3.274777442453329002e+01 -1.673595121154083643e+01 8.290807463929070309e+00 -4.133250580068470903e+00 -1.507244506743688461e+01 -1.541850444022316635e+00 -4.328423037370268567e+00 5.482436189758054752e+03
-4.488631022528120695e+01 -7.420320541888520083e+00 -2.590223095391067432e+01 -9.025653100154132247e+00 -3.217851247226590772e+01 1.017629184706719236e+01 -3.772439432809861160e+01 -1.426329493955834593e+01 5.269427766541931568e+00 -4.513316465187876325e+00 -1.995205298511550041e+01 -5.699370474008667031e+00 5.424940646682717471e+00 6.095949193140403622e+03
-4.474470674563344375e+01 -7.085435611306968973e+00 -2.592901516107462001e+01 -7.028990409460711852e+00 -3.256218679655784598e+01 1.413408346692222928e+01 -3.998979269359043087e+01 -8.111405945977624654e+00 2.667327318791742563e+00 -2.836716674246769987e+00 -2.227789289663109784e+01 -9.452266753724007486e+00 7.714199911224929984e+00 6.359379798958057108e+03
-4.526764492107112403e+01 -7.718454235778337669e+00 -2.328161182488553038e+01 -9.467152433764258745e+00 -3.166338590216050264e+01 1.341588475577818329e+01 -4.148042736086693338e+01 -6.870205443670178269e+00 -3.749367151156869915e-01 -2.181918436361141467e+00 -2.154737225723123473e+01 -1.327431690050934421e+01 1.100289231585790972e+01 6.457237909591096468e+03
-4.663987035364522882e+01 -7.183047001182855773e+00 -1.742046066794320680e+01 -1.117515393253203371e+01 -3.124986561005468744e+01 1.588454008876992951e+01 -4.209373807050353378e+01 -7.744901985946218481e+00 -3.651543527839539394e+00 -1.872517734406608181e+00 -1.890183991334160041e+01 -1.927336697850906333e+01 1.144651949825885140e+01 6.592574320346741843e+03
-4.938103500642584720e+01 -4.020629981681141274e+00 -1.068270041288738170e+01 -7.493588322887551278e+00 -2.984482335775597406e+01 2.035326546065014952e+01 -3.875728795340798882e+01 -5.871237951742520167e+00 -1.068492698344874015e+01 4.507760319603672627e+00 -1.638010366845546883e+01 -2.301486234633636840e+01 1.104519269106469714e+01 6.520969272910118889e+03
-5.227199801859471506e+01 -2.050156715752848857e+00 -5.827792433502844816e+00 2.147986506016738240e+00 -3.403756870815449531e+01 1.424297222350953618e+01 -2.913846900235524728e+01 -1.058455330573828945e+01 -1.978256922580177601e+01 9.058813151124345708e+00 -1.823675227079912275e+01 -2.202350783126933109e+01 9.899777068022894255e+00 6.486675173356028608e+03
-5.654301489863725294e+01 -2.182507488753141267e+00 -2.015186925983411204e+00 1.107884715068647452e+01 -3.678991886232729769e+01 1.490529079433575710e+00 -1.675650962046082881e+01 -2.073175432792920603e+01 -2.109676995014099887e+01 1.889528455274022356e+00 -2.264045255003936674e+01 -2.420647579596548127e+01 3.181664864629292211e+00 6.952294337862902466e+03
-5.853076608328094466e+01 3.436649849150112956e+00 1.272837735588444152e+00 1.460999934299385394e+01 -3.552244103663068131e+01 -4.988130208019526890e+00 -6.839212571794850426e+00 -1.659091337356803919e+01 -1.520245496267596153e+01 3.278466173132620565e+00 -2.478905957820373729e+01 -1.897191644038804270e+01 5.043339731019044869e+00 6.503221173705170258e+03
