-1.837872919722830716e+02 0.000000000000000000e+00 0.000000000000000000e+00 0.000000000000000000e+00 2.658533217257963476e-14 0.000000000000000000e+00 6.864338900890931966e-14 0.000000000000000000e+00 7.681979238110637171e-14 0.000000000000000000e+00 6.748200841563957577e-14 0.000000000000000000e+00 3.507168814121481235e-14 3.377776869050522509e+04
-1.837872919722830716e+02 0.000000000000000000e+00 0.000000000000000000e+00 0.000000000000000000e+00 2.658533217257963476e-14 0.000000000000000000e+00 6.864338900890931966e-14 0.000000000000000000e+00 7.681979238110637171e-14 0.000000000000000000e+00 6.748200841563957577e-14 0.000000000000000000e+00 3.507168814121481235e-14 3.377776869050522509e+04
-1.837872919722830716e+02 0.000000000000000000e+00 0.000000000000000000e+00 0.000000000000000000e+00 2.658533217257963476e-14 0.000000000000000000e+00 6.864338900890931966e-14 0.000000000000000000e+00 7.681979238110637171e-14 0.000000000000000000e+00 6.748200841563957577e-14 0.000000000000000000e+00 3.507168814121481235e-14 3.377776869050522509e+04
-1.837872919722830716e+02 0.000000000000000000e+00 0.000000000000000000e+00 0.000000000000000000e+00 2.658533217257963476e-14 0.000000000000000000e+00 6.864338900890931966e-14 0.000000000000000000e+00 7.681979238110637171e-14 0.000000000000000000e+00 6.748200841563957577e-14 0.000000000000000000e+00 3.507168814121481235e-14 3.377776869050522509e+04
-9.609489721226809422e+01 -8.401675933920872197e+00 -1.048692683252096991e+01 9.472571607895835299e+00 -1.169330023387649931e+01 -6.606285442489421289e-01 1.608805890074555878e+00 -9.536868712201831855e+00 1.171413890782943312e+01 -9.092231663858193258e+00 1.208344146259327268e+01 -3.695139590284479247e+00 -1.295329263796689467e+01 1.028257362896872837e+04
-5.525244981223579543e+01 -1.293940740890904451e+01 -3.830490559983719123e+01 2.372272209152999878e+01 -1.644354495683702311e+01 1.630691998389446695e+01 -1.208755781889850134e+01 -1.244333317441476972e+01 1.677815796951494631e+00 7.233497450860729927e+00 6.784729836827589899e+00 -1.284616909087558767e+01 -2.692308732706337970e+00 6.360989912217553865e+03
-5.129435364077474446e+01 -4.435788073169997681e+00 -4.200397892675481160e+01 2.706312342502990020e+01 -2.687719298056122597e+01 3.732964908788424907e+01 -1.157681895583685439e+01 1.533658704550104090e+01 -5.757532222935163979e+00 1.102653164871434122e+01 -1.676966859505848007e+01 -1.235697305406968383e+01 -6.423789148929648363e+00 8.262568881707198670e+03
-5.036730288479073181e+01 -1.550152932563051777e+01 -3.370882414009652450e+01 1.581388431008299378e+01 -1.546832314694144195e+01 1.136194522710232135e+01 -1.693897445383558420e+01 3.962259742344934055e-01 4.534531812025310415e+00 1.466359033160127723e+01 -1.452286853599502825e+00 8.759737298289140828e-01 7.459947074932095745e+00 5.113085181703080707e+03
-5.063249374601118546e+01 -1.187857441987239682e+01 -3.119654504340320500e+01 2.224245588172165355e+01 -1.915807062786574377e+01 2.586745595938323916e+01 -1.629967491922106504e+01 1.366098513393151315e+01 -1.239378245790221200e+01 -4.569702224436948512e+00 -2.269406303777249789e+01 -1.011641801937707896e+01 6.181558076340007091e+00 6.491222177768595429e+03
-5.045415979271415807e+01 -8.406908703682800521e+00 -3.364041028983854886e+01 1.908296005168021381e+01 -2.528828083826449102e+01 3.520046539455213974e+01 -1.202451183327609918e+01 1.632888840121779594e+01 -1.054008591207326084e+01 9.082401558403645936e+00 -1.531336842095802986e+01 -6.121636896591830634e+00 -3.497344059323419962e+00 6.879714851400482075e+03
-5.124288686530176307e+01 -1.025436398488775147e+01 -3.598225880878774063e+01 2.606656113283183629e+01 -2.259232364744256571e+01 3.017758501396757609e+01 -1.560043455002754520e+01 4.528346050616715246e+00 -1.595457370729345392e+01 7.435755944979460352e+00 -2.172461997015605562e+01 -9.048976679095221964e-01 6.041338081546464567e-01 7.173135013418786912e+03
-5.234637880052597581e+01 -8.349462897530610661e+00 -3.941052898667931004e+01 2.753603872460303137e+01 -3.388267183437468333e+01 3.241395211300859103e+01 -1.458110718190162558e+01 3.510573487786408720e+01 -6.252465725872987434e+00 1.101969162379634959e+01 -2.212247756793490794e+01 4.819810138207851757e+00 -8.741097317356096852e+00 9.514569475003876505e+03
-5.088522959164074422e+01 -7.696748236218343919e+00 -3.673281362476458156e+01 2.895304176098530391e+01 -3.174128489749907089e+01 2.762841666438741939e+01 -2.957047766760053875e+01 1.378462473542400701e+01 -1.464108785936107360e+01 4.346980161219064165e+00 -1.298200485658044911e+01 -8.237146040928941204e+00 -9.300608556455999931e+00 8.227534385666353046e+03
-4.763664128401477882e+01 -1.581121804701210465e+01 -3.067460871390395738e+01 1.574407583360540031e+01 -1.746389376414147065e+01 1.390316045681789170e+01 -7.944702711978253618e+00 9.650015516171290386e+00 5.320292369464618698e-01 3.585600970432325063e+00 1.806794081314101463e+00 -6.474682616573358196e+00 1.648983053330728143e+00 4.423623063670729607e+03
-4.566858547318718564e+01 -1.481997063679594007e+01 -3.314988586197220855e+01 2.825816819533044111e+01 -2.388061507190018773e+01 5.061793767168455815e+01 -2.542446229014601045e+01 3.280790559381811988e+01 3.401787707148618001e+00 1.765987739698793746e+01 -2.981602210114578710e+00 -4.885251978110811688e-01 5.080958999973026025e+00 9.416299756006230382e+03
-4.767527959813475746e+01 -1.152496434859381935e+01 -2.899546698929266242e+01 2.311139232244690334e+01 -8.134646335987920196e+00 2.890360295372763844e+01 8.351291669237325133e-01 9.635904276840330240e+00 5.880958189254325674e+00 3.854064215649288361e+00 8.820313214596772408e-03 -8.963168932659002053e+00 -2.994003117575306128e+00 4.914511485665576402e+03
-4.799136051235618794e+01 -1.511152831521028084e+01 -3.091556543576568927e+01 2.276556542594503441e+01 -2.231661775528598568e+01 1.967166761182250312e+01 -6.300213058541659805e+00 8.000374104310926882e+00 1.464918976157612995e+01 1.236410366303441855e+01 -6.864402240625298468e+00 -1.497651900363254995e+01 -5.005116007142596857e+00 5.658213878175108221e+03
-4.766068524948461516e+01 -1.182083486652452287e+01 -3.814088010473491153e+01 2.307560334088832832e+01 -2.774218418690907839e+01 4.390335595365092303e+01 -1.749556553621687272e+01 2.680403518688725839e+01 -1.492699682143977391e+01 2.008922801868218500e+01 -2.287038082926934379e+01 -3.488940872021477624e+00 -1.161014957287064320e+01 9.416582740569754606e+03
-4.253261748437983414e+01 -9.991382639622225170e+00 -3.676229049042999719e+01 7.646763272923035260e+00 -2.727241244115941399e+01 1.254696301973270778e+01 -2.151618544740862404e+01 2.070020055887632182e+01 -6.526456869483908463e+00 1.027981722607897375e+01 -1.439674385443742821e+01 -5.078801060170157200e-01 7.436079282537612301e+00 5.522534300922410694e+03
-4.131196803698409781e+01 -1.585514934083984073e+01 -3.765815442016517522e+01 2.447507315843062514e+01 -1.883295413788895090e+01 1.973709746655339714e+01 6.941415542261013538e-01 2.978143579443108635e+01 5.683268013219375803e+00 2.609459619481242854e+01 4.021284527549406462e+00 7.806819998217189749e+00 4.221970476240900716e+00 6.415048880910571825e+03
-4.259803555955343057e+01 -1.637829611150648645e+01 -5.374402211591825562e+01 1.358343086916883813e+01 -1.800109801909668050e+01 4.190142342225339434e+01 4.458603970171621356e+00 3.382673068819744344e+01 -1.260950807580064570e+01 1.757781435902433032e+01 -7.791541537359605307e+00 6.734013363324777401e+00 -9.882815696178990805e+00 9.071370750686210158e+03
-3.480237542179792598e+01 -1.640386996290358468e+01 -2.747798978509696255e+01 1.555548749537972597e+01 -3.022794546251855863e+01 2.050663397993559656e+01 -1.920581451755201741e+01 1.855688150503320699e+01 2.880449756009076268e+00 1.925645053174309496e+01 -1.196252354014105235e+00 7.221034683583482661e-01 3.559831107936830552e+00 4.918510013663818427e+03
-3.138827663152614633e+01 -2.082136262503731317e+01 -3.032465817227147298e+01 1.388007417522103770e+00 -2.658495302151831652e+01 1.611926907321964109e+01 -1.824680732711670217e+01 1.769748337870627353e+01 4.780146123934526869e+00 1.566290778560064290e+01 -3.986998511381750765e-01 5.693775516460910069e+00 2.448980532037255742e+00 4.259753991616254098e+03
-3.118847073112434032e+01 -1.783463196423278774e+01 -2.263181927343266864e+01 6.199390151098172375e+00 -2.825402262617286553e+01 1.314087170435052343e+01 -2.236556988048080186e+01 2.239382846397830917e+01 -1.535405744194243916e+00 1.989007835756932252e+01 -1.319590672462297753e+01 5.511100349440299695e+00 -1.978269059014457154e+00 4.420491476465885171e+03
-3.508351308445681838e+01 -1.206321635175501683e+01 -1.933901846332341989e+01 2.299489729933052118e+01 -3.474424976209415661e+01 2.098664728050671258e+01 -2.068365862178045589e+01 2.434901284595922988e+01 -2.400538593841480761e+01 2.765331951866858873e+01 -2.284410668156860069e+01 2.446327126065584778e+01 -2.393914012913748479e+01 7.981779347617863095e+03
-4.156566890156293681e+01 -1.187260234308217832e+01 -1.834706911729525558e+01 1.805141008455838758e+01 -1.411083064152144040e+01 2.860685354823863591e+01 -5.321040968769157331e+00 2.141146626700224331e+01 -1.197448273815468767e+01 2.184313669424109250e+01 -1.674512070696838606e+00 1.230566952157309757e+01 -9.394955673053724254e+00 4.898373387522784469e+03
-4.286426273210464899e+01 -9.780620212202652652e+00 -2.187068024689863677e+01 1.331673186308173129e+01 -2.646984849406001672e+01 1.672852076250969944e+01 -2.981040503968744204e+01 3.089525933386153511e+01 -2.357039782612995538e+01 2.332782768863127743e+01 -1.151446285370492006e+01 1.322936149573613918e+01 -9.320029929428198301e+00 6.906554154046687472e+03
-4.737250881206391995e+01 -5.827643971890051233e+00 -2.475863967820203015e+01 2.752710375663952291e+01 -1.889069002578131062e+01 2.941114047029884659e+01 -1.520120376257147043e+01 4.098656510683590426e+01 -3.491336824682836948e+01 1.674040190051952237e+01 -2.063537800552173351e+01 -1.271141133766592768e+00 -1.469017511197798775e+01 8.924116382020798483e+03
-4.918389769250988763e+01 -1.400129024196808558e+01 -2.966970623497527271e+01 1.541153515126241125e+01 -1.797522558499038325e+01 -2.290252955865346163e-01 1.018512213925850896e+00 2.482005423221796647e+01 -1.733749284018601600e+01 7.694961389825155429e+00 -8.429366783956981912e-01 2.092497358308152400e+01 3.288530675690751526e+00 5.482313035568710802e+03
-5.188068750554511865e+01 -1.274224773373594921e+01 -2.836485242399713158e+01 2.718570392059559993e+01 -1.618475693038167407e+01 2.601422821060332424e+01 -9.478613863117727689e+00 2.328075977039678435e+01 -4.334659181061429223e+01 1.682599991979786580e+01 -1.122254246353223905e+01 2.043716425471097153e+01 -7.524246768565383547e+00 8.730401013042386694e+03
-5.048018447513661755e+01 -1.758538229935754771e+01 -3.093384007332156571e+01 1.411338734886404112e+01 -1.619612181289325292e+01 1.916102660665124802e+01 -1.899889321393140929e+00 3.299655418376031690e+01 -2.577464174124792962e+01 1.258550579603696384e+01 -2.925651975170727503e+00 1.698681082794208663e+01 -3.197813743835441258e+00 6.865490636589674068e+03
-4.974858113023545059e+01 -1.623568890951651511e+01 -3.146865592920102372e+01 1.890927238031143531e+01 -2.130955339541350213e+01 1.345176161662822878e+01 -2.949953060414674422e+00 1.729994664035974239e+01 -3.900995859986625902e+01 8.386445708747393368e+00 -2.127166996417074518e+00 5.567667028119140937e+00 -1.548438105831085210e+01 6.896792294016654523e+03
-5.176090119934935529e+01 -1.313187881704426019e+01 -3.099694285871607491e+01 2.419519674344598315e+01 -2.261041222598107581e+01 1.279393468593754157e+01 -3.155854232020577133e+00 1.479371750570127908e+01 -3.385584225661347801e+01 -4.249673636688753448e-02 -9.317077646302278637e+00 7.625686011263273834e+00 -1.426562736347999305e+01 6.796271153584561944e+03
-5.314092819879771668e+01 -1.313504022394446480e+01 -3.474138598453406246e+01 1.608828420762630529e+01 -2.598704353522058597e+01 1.541441379789096899e-01 1.057832344721115314e+00 -4.820623521655539534e+00 -3.257902588448974512e+01 -1.089839101351278394e+01 -4.460609629561431699e-01 6.569201264560650344e+00 -1.787257549326936257e+01 6.704942117575210432e+03
-5.128928904646021891e+01 -5.582719992326087066e+00 -3.097609600759817994e+01 2.452173278839104853e+01 -1.669846099094753455e+01 7.553214975537835052e+00 2.062051906860351025e+01 1.328783492298571733e+00 -1.964594368802016433e+01 -1.261987790037337831e+01 1.295188424269117888e+01 -3.840447496927411830e+00 -8.249701752856136494e+00 5.781235307419183300e+03
-5.359842030806248658e+01 -5.154957228016373350e+00 -3.665633893674664279e+01 3.034382303403191017e+01 -2.189312259475556388e+01 1.277104129489874218e+01 1.759039237345551498e+01 4.424117914012170694e+00 -1.730919333660884263e+01 -9.326269287446928402e+00 2.395814369363308316e+01 4.073038017182992299e+00 -4.963761580164881559e-01 7.112618209993423989e+03
-5.422479484942508066e+01 -6.369047226196136613e+00 -3.859697445419406847e+01 2.643760960621193590e+01 -1.263266024602655691e+01 9.850852821786311608e+00 1.530775591945217684e+01 1.398222519151228305e+01 -6.113979813692292709e+00 -4.406163387260574105e+00 2.023679599427054399e+01 -2.720178107153260694e+00 -9.226980586488691571e+00 6.414879673292924053e+03
-5.163078998614476234e+01 -4.939564409147136459e+00 -3.145491594471626939e+01 2.261108987308177376e+01 -6.984284156573404623e+00 7.741334056345126946e+00 1.533793390534751389e+01 1.631727374953212717e+01 -1.125013176235360390e+01 -6.074916761549091326e+00 8.174941270988657749e+00 -2.166999675340495202e+00 -6.855749127982734947e+00 5.083021937549860013e+03
-5.220765292962806114e+01 1.340056329519492495e+00 -6.248818377751075559e+01 1.821853193640323099e+01 -1.544502650421995682e+01 1.299278394841718587e+01 -1.606992560161351591e+01 6.518886285256441759e+00 -1.135632672381692032e+01 6.436700555224444953e-01 6.344427333209233133e+00 -5.195022531830048251e+00 -1.655703510819748203e+00 7.871584298011080136e+03
-4.918243724925024196e+01 2.328972074759259492e+00 -5.184421978193206826e+01 5.148235342220851329e+00 -5.555781018934226267e+00 4.933016646776128056e+00 -9.031539495832896947e+00 -3.601043839472783503e+00 -1.530173750824055601e+00 -2.560279976382727085e+00 -1.951823321931223765e+00 -1.098663755157421207e+01 2.893634404043656794e+00 5.430186679303066740e+03
-5.348459897549867037e+01 1.498369585696954331e+00 -5.927859136773111715e+01 2.734287981450284732e+01 -2.509339173181298221e+01 9.315383016050478915e+00 -1.253607671550038027e+01 1.084087656094100005e+01 -6.083716954377946351e+00 2.849445198637396981e+00 1.735876352543449030e+01 -1.370676045673024035e+01 1.602639597618721723e+01 8.906742674703173179e+03
-5.352838244699540127e+01 3.535801902582476508e+00 -5.449374489555634682e+01 3.049859493817744749e+01 -1.869701724515879704e+01 1.334487138245700066e+01 -1.447213551412274590e+00 5.604749159500197031e+00 -5.969313997759489787e+00 3.987186346583057706e+00 1.481632735911882470e+01 -1.019629902781882258e+01 -5.559916407426189089e+00 7.744624940016567962e+03
-5.052112339827087339e+01 7.660400064940501297e-01 -4.409559907921077837e+01 2.484049968005892950e+01 -1.654078801454302905e+01 4.725797846424787174e+00 -1.004865736795374076e+01 3.294687228212705321e+00 -7.090951954640068777e+00 -2.279074282138558782e+00 -3.304028512380582150e+00 -1.932187351482816950e+01 -3.962715351633978589e+00 5.977634614180203243e+03
-5.066023460494130859e+01 4.402616058962361301e+00 -4.423057239471097546e+01 3.273063438316486895e+01 -2.684483972179289779e+01 7.165361649390324494e+00 -4.403176983925393806e+00 1.933163917357409645e+01 8.356887017711885690e+00 -7.779877619525634724e-01 1.204981230528354352e+01 -1.842066588756172152e+01 8.017096224633432300e+00 7.397803993616171283e+03
-5.062284086941044592e+01 5.658659842231149817e+00 -4.424619878630571179e+01 4.061252003914078301e+01 -2.684887974925578291e+01 1.140521751772942771e+01 -9.703105815777753662e+00 2.432996368381558838e+01 4.609864167067660112e+00 1.144852873245485370e+01 1.586681523626327284e+01 -2.154024979263220985e+01 -1.068822760850314424e+01 8.721130119669847772e+03
-5.232976727133515027e+01 8.683382634002916323e-01 -5.041919400422465003e+01 3.770472327542599800e+01 -3.536493559075542947e+01 4.378447489505382428e+00 -1.367109101946348915e+01 1.781541429331706183e+01 1.629260466131386698e-01 5.106101617886938726e+00 2.110979020446051635e+01 -1.378717635898525451e+01 -8.907059472019274171e-01 9.139638673328830919e+03
-5.256094319284568428e+01 -4.479251660288426917e-01 -4.785670794659655769e+01 3.432872835141321133e+01 -2.456749060720788691e+01 4.919873963983690146e+00 -2.216702773791232595e+00 1.599518388085913045e+01 -4.660592241490142840e+00 -2.239978768127770081e+00 4.144580870199666478e+00 -1.695544318770828340e+01 -7.397923220556945623e+00 7.506238402295020023e+03
-5.145290663206311876e+01 5.080942859463645211e-01 -4.439598779337275403e+01 3.247875219941306568e+01 -2.759134509915465827e+01 2.654956185649120393e+00 -8.288874643771826811e+00 9.318417654167705066e+00 -1.764412827335581468e+01 -2.785518738451036036e+00 9.655699262861828558e+00 -5.947177529951234831e+00 2.479559893272237137e+00 7.051226347698236168e+03
-5.074655325294180841e+01 -3.486524972779167619e+00 -3.788986293999150945e+01 2.718252893808041648e+01 -1.085188108781791172e+01 1.088225801979180574e+01 8.521848407080513610e+00 8.924339624738250265e+00 -1.461078605222275328e+01 -1.152717536713551993e+01 1.050769588073957017e+01 -6.266091984271351834e+00 -3.948171467137823187e-01 5.646535020350113882e+03
-5.163225789230973106e+01 -2.854373801681826972e+00 -4.772092671901984318e+01 3.455266450120791433e+01 -1.592081053881417851e+01 1.072207788754939806e+01 -7.445461076726419547e-01 3.145642303220874236e+00 -9.266455016088691821e+00 -6.736787425262133588e+00 1.486798769858107150e+01 -6.110682053649730605e+00 1.198403397512933344e+00 6.915180710206050207e+03
-5.379100981204105381e+01 -2.981550467647855918e+00 -4.964108947647913084e+01 3.730795890928871472e+01 -2.607627969514194533e+01 1.099742256423279052e+01 -1.225933560086408747e+01 9.913024387825203121e+00 -1.680462681020675575e+01 -5.896619267127529262e+00 1.513102888095844101e+01 -5.442018572300710844e+00 1.287893036985269113e+01 8.549555019483968863e+03
-5.177001519797691031e+01 -5.284215075237695736e+00 -3.791442082481816556e+01 3.459924588310875038e+01 -1.417987295350847887e+01 8.953743337102862299e+00 -5.423269655798062416e+00 4.812853500826582476e+00 -1.657878552269872330e+01 -8.770931462244625498e-01 1.803736257064804605e+01 -6.793108632470366004e+00 9.855978098819395683e+00 6.420740753502392181e+03
-5.301114589791233556e+01 2.811833551486284805e-02 -4.001863090046549587e+01 4.294393292016324892e+01 -2.306160446741459324e+01 2.277418489290502723e+00 -1.517606567671844608e+01 1.274850569439647252e+01 -1.890650282946090144e+01 2.223827013150188048e+00 1.334710068100653935e+01 -4.415632348657650752e+00 1.530204194594175249e+01 7.979912825468310075e+03
-5.343360159621637706e+01 -9.825261459846078793e+00 -3.840313272027221814e+01 3.119257935637788393e+01 -1.320493424199724508e+01 -2.212749682535581019e+00 -1.732162826797163380e+00 1.892776306467778058e+00 -1.337147697064765595e+01 -4.405768066917364223e+00 1.843973726888283338e+01 -7.799884507181340965e+00 4.110457543819653559e+00 6.201277850356551426e+03
-5.454424783722362235e+01 -9.144861339485798268e+00 -4.708583443369434463e+01 3.385498381012693159e+01 -2.380311697761577250e+01 9.699609976334606642e+00 -1.805986277311222521e+00 1.255781443509191142e+01 -4.117549667664798463e+00 7.138508933199615436e-01 5.342474015215503691e+00 -1.547015855008462282e+01 1.215499723446930957e+01 7.676645885812784400e+03
-5.405772838162419447e+01 -6.271927678803256967e+00 -4.288525035756514825e+01 4.017539027202705171e+01 -2.845765695379771643e+01 1.132204516770918445e+01 1.217141877859841070e+00 2.910779599130322026e+01 -1.671982702804715615e+00 7.030817206060469005e+00 2.288907023856944534e+01 4.905365279281951985e+00 1.181844626034166090e+01 8.941429657893617332e+03
-5.116589411471221638e+01 -1.484799911643197490e+01 -2.667556113840526422e+01 3.134611392155487408e+01 -5.495585096289262950e+00 3.676200888804707745e+00 5.177580860913354677e+00 1.331480116733241204e+01 -5.740986415323884096e+00 2.201445061891700306e+00 6.233560584489755918e+00 -1.152503532657170560e+01 -4.711574507593096151e+00 5.012071337134991154e+03
-5.253977388676579352e+01 -1.362775536979185631e+01 -3.612035899111690895e+01 3.360608250703167954e+01 -2.602923950060556635e+01 -1.470325781161760714e+00 -9.683688041594786355e+00 7.658457502243407156e+00 -2.002017226651369342e+01 1.160573941300979905e+00 -1.398741595329673126e+00 -1.136745718898433566e+00 4.944360199494261643e+00 6.642151220007568554e+03
-5.257740010189656488e+01 -1.440375446047905506e+01 -3.472145164102882120e+01 2.961205105078786914e+01 -2.822587973161502006e+01 -1.082754294919833349e+01 -1.611802990142471259e+01 1.647900517550404231e+01 -1.644010600678145195e+01 4.032602988535243682e+00 -4.363280439061226978e+00 -1.667450944684320291e+01 -1.208875200551504214e+01 7.229342766856249909e+03
-5.156978223017692642e+01 -9.161621364173099025e+00 -3.351192737700368696e+01 3.327083267334572270e+01 -1.697896242126064692e+01 9.355906469988228835e+00 -4.203336344184555706e+00 1.952247336026820790e+01 -6.976227177970873328e+00 6.968241243069536850e+00 9.201760188278631958e+00 -9.671132591376004228e+00 -1.419453570333585368e+01 6.224900653546273134e+03
-5.294496962425415632e+01 -1.275341997051983256e+01 -3.411911176358267284e+01 3.075385959261071989e+01 -1.442891697340193247e+01 1.370712443791998636e+00 -9.262467620766674514e-01 1.980707829446394896e+01 -1.931969001291888310e-01 5.404778573922613738e+00 1.623092271367194428e+01 -7.104512358195007593e-01 2.893872513592613771e+00 5.980555025787634804e+03
-5.103703497567299507e+01 -6.026431768246008680e+00 -2.427118198801553817e+01 3.887549093631270836e+01 -6.195371501592688901e+00 6.942492144082265781e+00 1.921566032070687324e+00 1.749233792241611951e+01 -1.730118669769853668e+01 -8.795191895246402325e+00 -4.989284991363219235e-01 -3.928106831544467159e+00 -1.049309284602443881e+01 5.640216428846484632e+03
-4.613233081040850436e+01 4.092413272748706810e+00 -2.377309217710869049e+01 3.464540550703611643e+01 -5.064102657277766539e+00 -1.046535831925749505e-01 -1.886608792976348070e+01 -1.745764117491025758e+01 -3.044310811186901233e+01 -7.844395823946474167e+00 -1.995446601886263494e-01 -1.555765477200280911e+00 -9.091773543195365903e+00 5.670196371871521478e+03
-4.635957257511482510e+01 7.303282557211995041e+00 -3.854862085595544130e+01 3.794987051192149607e+01 -2.293080879753797152e+00 2.352706477527269158e+01 -3.585236316889842811e+01 -1.340889692219863072e+01 -5.778467642816864469e+01 5.874181155379196717e+00 -4.003787752065156802e+00 9.398520137418545417e+00 -2.712104672367472880e+00 1.063800104859661951e+04
-4.436305689869333690e+01 7.627832281962981575e+00 -3.581682844783136233e+01 2.659551333873854162e+01 8.571376335110616473e-01 1.300147487878854591e+01 -4.265013004875149960e+01 -1.898420151432165781e+01 -4.066120292822273541e+01 -1.279210241654511471e+00 1.672373376778707899e+00 -4.506213536304896294e+00 -1.176801605959635388e+01 8.182196504326716422e+03
-4.508491850046055305e+01 9.769482777585437816e+00 -3.696829650167797610e+01 2.967280634639996251e+01 4.787540582496911057e+00 1.886483624238183410e+01 -4.091936412945582191e+01 -3.451150652121889806e+01 -4.450635874839905881e+01 -1.093940271689106147e+01 1.098459658537271189e+01 -1.591799502084871065e+01 -1.962902130082144980e+00 1.009784750028865346e+04
-4.411820342397133032e+01 6.893299082833439506e+00 -3.618665436243963995e+01 1.790336385779450978e+01 1.946194119603013695e+00 4.655816203987837021e+00 -3.429222212590502750e+01 -4.103131642605539753e+01 -5.277773818542796391e+01 -2.379731015074845857e+01 -1.313336087479549219e+00 -3.102562774213545538e+01 -1.560515997165536639e+01 1.106856462363324317e+04
-4.361050363488939041e+01 9.499322682236067905e+00 -3.485507400442858028e+01 2.237955225651745295e+01 2.393823504050084594e+00 1.599288519881450910e+01 -1.311679476794613564e+01 -3.627647212377705443e+01 -4.564367933369418751e+01 -2.955923117329682626e+01 -3.378152155910000065e+00 -2.199242192327495360e+01 -8.023440370430369839e+00 8.973916944540109398e+03
-4.173819298206843342e+01 1.024886121225162761e+01 -2.674689965833428573e+01 1.585883461473553702e+01 7.388512062397833091e+00 1.305397636644965154e+01 -9.315845138257445868e+00 -2.267741748414069747e+01 -3.671210064632094117e+01 -2.123283305286712164e+01 2.231496046099771036e+00 -1.583468837888693415e+01 -5.186324550746071793e+00 5.721288256411360635e+03
-4.517699101337186818e+01 4.320233199745072916e+00 -2.533020443834239188e+01 2.818181315837646395e+01 6.928852055117385333e+00 1.795136638171105758e+01 -7.327416808846009211e+00 -3.199051664678152207e+01 -4.875624344445383684e+01 -2.285310342277224649e+01 1.313681249996296652e+00 -1.394621428396561313e+01 -7.152676896865964196e+00 8.089622568833628975e+03
-4.981432631530008592e+01 8.313595548758817344e+00 -3.558998697330496697e+01 4.734322871865951754e+01 -2.189173955087913725e+01 2.085764773623640167e+01 -1.122185570018039158e+01 -6.105215898655190765e-01 -4.810242029403022457e+01 -2.584195858129051615e+01 -8.126672743333757110e-03 -1.356457536744903081e+01 5.981660489682225190e+00 1.030063166169918622e+04
-4.825606392993821459e+01 4.147460485927402907e+00 -4.015400322377604425e+01 3.417110281391833126e+01 -1.235717418465290685e+01 5.340452392272426962e+00 -1.752571608550891114e+01 -1.191185205711613548e+01 -3.152376384777753060e+01 -2.544430587071908434e+01 -2.855501820548680403e+00 -2.153009010959136305e+01 -4.324015462695321332e+00 7.887676675100539796e+03
-4.876939155399789882e+01 2.762536838611407752e+00 -3.366229807896515069e+01 4.224286958402215930e+01 -5.173357891468125302e+00 8.454956280969200932e+00 -1.153895284091769469e+01 -2.839919857101361189e-01 -1.980144418081730251e+01 -2.544546551332272699e+00 5.426427142538872594e+00 -1.881369189369808481e+01 -3.942367870699488908e+00 6.332688794110965318e+03
-4.862049599598435634e+01 3.715866549298012078e+00 -3.539478520766335379e+01 3.465404865897402686e+01 -1.372361359894270727e+01 1.624397173574364572e+01 -5.427615929651886439e+00 9.827578279927542404e-01 -3.006091937900095346e+01 -1.056383602352088857e+01 7.849744062507713060e+00 -1.918646707046887201e+01 1.062664324769017066e+00 6.760204980458734099e+03
-4.466402964649284968e+01 9.678763062731720268e+00 -3.817120186548982730e+01 2.760690549398548299e+01 -1.048407165224196724e+01 2.658941318787398345e+01 -1.538938287357012991e+00 -1.143009894346381650e+01 -3.246032385582385871e+01 -2.120591605608331420e+01 5.470804807826914917e+00 -2.004759590606962760e+01 1.067617729932441506e+01 7.306844095679240127e+03
-4.076441724682302237e+01 9.801495708800425533e+00 -2.558365000323831495e+01 2.107016183958689126e+01 -5.807324000570763367e+00 1.584757728458227177e+01 -4.627122290255356596e+00 -1.092305779368200369e+01 -3.485910480307926917e+01 -1.159984276522550850e+01 -4.490553950851672305e+00 -4.621215352516546915e+00 2.592336079689168571e+00 4.679830521448723630e+03
-3.480095633708734226e+01 7.659907686780885960e+00 -2.224962202265318112e+01 1.853378193359077164e+00 -1.769499449868504115e+01 2.294978494656544754e+01 -3.027807797688099356e+01 9.826862087292479231e+00 -3.710884990130021066e+01 -8.255501891687343274e+00 -5.310411088193506934e+00 5.393365399194223642e+00 1.022774718351324807e+01 5.228511843668843539e+03
-3.402165238921028134e+01 1.192048470200212762e+01 -2.689946373072087127e+01 -7.361372009985369225e+00 -1.207451769615066084e+01 1.173686468106391523e+01 -2.692113609097554061e+01 9.432287636453610347e+00 -3.515813502626257048e+01 -3.053892267720246689e+00 1.087853807865861810e+01 3.954913413683184942e+00 1.805244198173097914e+01 4.879900631164643528e+03
-3.550474843555679172e+01 1.707104860164933768e+01 -2.815275984791285779e+01 -5.439140991424066485e+00 -8.196661451590086855e+00 1.478507299106143513e+01 -3.136577836438112143e+01 -2.672746265971207791e+00 -3.330619268526837118e+01 -7.957532646860008718e+00 1.402220391570016567e+01 7.574802575349787404e+00 3.149168771685843282e+01 6.069260299898832272e+03
-3.589065113384069150e+01 1.192658237173903935e+01 -2.627754399813171204e+01 -1.065919520057754255e+01 -1.057117744923762359e+01 -1.126356162249023241e+00 -2.634249783952500579e+01 -1.562673839152725819e+01 -3.469181467167089039e+01 -7.730988639873702439e+00 1.351063683123120818e+01 4.094472418207430131e+00 1.876841194403633750e+01 5.100496072262162670e+03
-3.740438694814863396e+01 1.798445402739917753e+01 -3.162315003500269484e+01 -6.990782876696942871e+00 -1.538524831144609095e+01 3.169503346424775714e+00 -2.987157323891862148e+01 -4.558254730088107665e-01 -2.799406531443975865e+01 -1.198827312322382266e+00 1.483668726560556372e+01 -2.887327860628233545e+00 2.881915129840258771e+01 5.754806007199902524e+03
-4.068800936670178459e+01 2.574617861160305310e+01 -4.388408376593186944e+01 8.322577928425657134e+00 -3.286607591932423134e+01 1.232920272341668699e+01 -3.018246400558273734e+01 3.720147477306759765e+00 -1.544338897064764637e+01 1.902898178697673082e+00 2.244583303069871150e+01 -3.995462036342791734e-01 3.598227978049146003e+01 8.511285547696141293e+03
-3.759784884616182410e+01 1.447846397928143602e+01 -2.751401420114431318e+01 -9.738158845531604157e+00 -1.487865550417714999e+01 -6.435646105536116934e+00 -2.445029497567579213e+01 -4.607618894668986442e+00 -1.794798076973391687e+01 -7.871697540672755178e-01 9.986616769999793419e+00 -3.101265603512731062e+00 2.468489157391648092e+01 4.398359763706350350e+03
-3.958967516919937424e+01 2.129764378256574275e+01 -3.228799197157029965e+01 4.562194085958909184e+00 -2.623470125157365018e+01 6.205110847005688157e+00 -2.130080127392317024e+01 8.330343187720159470e-01 -1.382778500227677476e+01 1.279581603728612293e+00 1.519111127737087941e+01 -2.323331715935904818e+00 2.257007185221989687e+01 5.203861925264193815e+03
-4.000152073483285875e+01 1.214858764834354155e+01 -2.557868585722118127e+01 2.445912997390012222e+00 -2.292043405404367462e+01 -9.185751006197005353e+00 -2.248303872832887507e+01 -7.379177192919166295e+00 -1.098087963060725869e+01 3.707315960134269783e+00 7.505593461737351646e+00 -8.433765446008884226e+00 8.946493070968161376e+00 3.919451088969806278e+03
-4.478451637299999533e+01 1.500697587917087539e+01 -2.902121840394307739e+01 2.667967157099058184e+01 -3.206509171427870086e+01 -4.427568796321756039e+00 -1.712858352013812535e+01 8.190529177125827065e-02 -1.270952246787096662e+01 5.612821481657245037e+00 1.524926650597963196e+01 -2.085498336765498095e+01 2.650678323855278906e-01 5.986643226098835839e+03
-4.701478292113939261e+01 6.259389668991912181e+00 -3.187208077388939031e+01 1.733949605786484938e+01 -3.223613632763170500e+01 -1.412172534506144927e+01 -2.135067732968441234e+01 -6.882663661961189838e+00 -2.397320867888911167e+01 -1.961670789231933654e+01 -6.202216256305534081e+00 -3.304734787657301354e+01 -2.439052104904018137e+01 7.992893690226207582e+03
-4.769454487143864441e+01 1.411511200801260379e+01 -3.106230725996539732e+01 3.027785374909482030e+01 -3.583861137396135632e+01 1.096478512945333073e+01 -1.320067349664715550e+01 9.260650992937303982e+00 -2.808856072296110185e+01 -3.369877378415056413e+00 1.192279674220491792e+01 -2.678221706712248817e+01 -4.571041759671181204e+00 7.700929346171559700e+03
-4.589357933076091456e+01 7.622475147813148055e+00 -2.216064959378565291e+01 1.677849890243714981e+01 -2.293880712302895830e+01 -1.440279094490307443e+01 -6.153248368271595048e+00 -4.701476292767004850e+00 -2.232332886559693819e+01 -7.798415629040011510e+00 -1.171389357904884410e+00 -2.840798524288413773e+01 -1.079393286843284905e+01 5.214571834369524368e+03
-4.724288898112324375e+01 1.586562292314946809e+01 -2.699155960472689486e+01 2.907030617455562904e+01 -3.803972823480048504e+01 -6.296426647279948163e+00 -1.536638350789647589e+01 7.017438571863731767e+00 -2.265564846726540793e+01 1.106247534434458890e+00 1.170784868259320710e+01 -2.400248528044925678e+01 -2.889214286895259498e+00 7.065314410611951644e+03
-4.709267442623025346e+01 1.834050243185792795e+01 -2.646336431469226724e+01 2.949477392078039628e+01 -3.224837092345651257e+01 4.161178004082985105e+00 -2.397096063177836101e+01 2.062088836433711592e+01 -1.589076469382911938e+01 7.073422730674653991e+00 1.306404548817343070e+01 -2.319874517249303381e+01 3.727102087519857054e+00 7.206738237448803375e+03
-4.589702333326091122e+01 1.370964418337463364e+01 -2.304624859832241413e+01 2.336363567655955009e+01 -3.220389133186022690e+01 -7.279480127491810393e+00 -2.392593901350179664e+01 1.510781074291574910e+01 -2.743736048241941106e+01 4.453220333246465934e+00 6.304912649256490198e+00 -1.970583430657795176e+01 -4.424999893274818574e-01 6.463165648985981534e+03
-4.411048465843891364e+01 1.433326023651466130e+01 -1.844728998042395318e+01 1.620031764010704833e+01 -2.858569327129247029e+01 -4.943362808107521822e+00 -1.557257336815507287e+01 1.004459256168978776e+01 -1.756458556453673481e+01 1.351609157262998373e+01 1.246583239481477889e+01 -2.137822874475468282e+01 6.013848133380699235e-01 5.042894284468197839e+03
-4.533093396597257652e+01 2.050641913311476472e+01 -2.497306801231231432e+01 2.764942981965658930e+01 -3.308927072137671388e+01 3.960377249559274837e+00 -2.396397203500156792e+01 2.586266454689730665e+01 -2.195829332769087472e+01 2.125929745244486568e+01 1.177966622843899991e+01 -1.748731922046023257e+01 5.621496837326288798e+00 7.627578163881309592e+03
-4.271342427685114274e+01 9.253684339988923924e+00 -1.472396863723203708e+01 -2.667586061977454959e-01 -2.367675301908942487e+01 -1.400723962138160417e+01 -2.040848211371912768e+01 -2.401760468474955168e+00 -3.218250371705453006e+01 1.242619223652283900e+01 1.311968381512549797e+00 -2.818316612111227570e+01 -2.054562174614061121e+01 5.714258176351346265e+03
-4.197345926036468455e+01 1.751550706554596459e+01 -2.295270555454510131e+01 1.781540569538485741e+01 -3.875905154762205740e+01 4.803971081697360646e+00 -3.710503691251592784e+01 1.993458668116135968e+01 -3.406270058506753884e+01 2.840830335986388988e+01 -1.570411516831132737e+01 -9.768930352534994199e+00 -1.763182248593220791e+01 8.832525036424100108e+03
-4.109952154366460064e+01 1.432011489065680898e+01 -1.945774468000238144e+01 1.275874362972298748e+01 -2.437169033962623033e+01 -3.745786562181467327e-01 -2.194111194997283576e+01 2.464181789493466823e+01 -3.475532475377094954e+01 3.675504079096729981e+01 -1.115162935168709701e+01 -2.105470994045640865e+00 -2.184550085506977268e+01 7.283260285788391229e+03
-3.993506263357713237e+01 1.618542190216642496e+01 -2.657649099824825711e+01 1.626512045811315588e+01 -2.102221167122152679e+01 8.877032079373522677e+00 -2.203327201185159367e+01 2.869729360092238579e+01 -3.054174858931420289e+01 3.647476238528469139e+01 -6.531553251267554039e+00 5.823523154398509760e+00 -6.276467685700930943e+00 7.036551299018874488e+03
-4.173405154202110623e+01 1.977745695371680767e+01 -3.320019508713042455e+01 1.305422786557506321e+01 -2.952571232083229447e+01 5.907328727635583476e+00 -2.824676939424618638e+01 9.949040905499971998e+00 -3.958970793150747625e+01 1.594861804797986693e+01 -8.913648658766016197e+00 -1.642672125411499451e+01 -3.060705136453885089e+00 7.389433908805048304e+03
-3.947652908591805954e+01 9.961073602964640727e+00 -2.257320781939396070e+01 6.197927459470713885e+00 -9.678079115991671699e+00 -3.977346014991510526e+00 -5.091718376773108901e+00 -1.615717044899433130e+00 -1.612918000315854528e+01 5.936896199853315181e+00 6.664919594547185078e+00 -3.813805478071737198e+00 -1.465180364410046110e+01 2.912642785855080547e+03
-4.207495109425950375e+01 1.878581785160695006e+01 -3.418556922994176972e+01 2.406938693688505992e+01 -2.351013596511550219e+01 2.063513970903565564e+01 -1.427364078633240929e+01 1.248360993917235540e+01 -2.678597600043611138e+01 8.618557096524781969e+00 5.384236479102918693e+00 -6.453562515364519747e+00 -1.157386673739246641e+00 6.073055867588177534e+03
-4.246191852482790807e+01 1.247685951107554381e+01 -2.329467870069720803e+01 2.186047790260728263e+01 -1.842947393594574024e+01 1.752074012833662309e+01 -2.017961661928308814e+01 3.761561602967513629e+00 -5.288851699342492907e+01 -1.918691195377763892e+00 -1.524178071806938028e+01 1.578481224150957818e+00 -1.476284638336297306e+01 7.300818936200411372e+03
-4.246266800454917245e+01 1.163905696039995696e+01 -1.841248820455414403e+01 1.894707951454285322e+01 -2.461828208716411392e+00 1.642028810824061580e+01 -2.750895055033551806e+00 1.252951518059967206e+01 -3.786090289081109717e+01 1.140304988710778034e+01 -1.047371425591924599e+01 8.335819195109182900e+00 -3.974712263737516071e+00 4.835260422939798445e+03
-4.366868288157637323e+01 1.085842330841417436e+01 -2.199494295174955028e+01 2.329735921876107341e+01 -7.311509195657014182e+00 1.032170595047689332e+01 -1.567726937032815826e+01 6.314452406967681952e+00 -3.738680991622470628e+01 6.810704525735699733e+00 -1.190366861693254563e+01 -3.380419100408663446e+00 -7.799350498439664214e+00 5.155162227813536447e+03
-4.186612125021029840e+01 1.160081522279692834e+01 -1.748391700919289704e+01 1.413933916226937448e+01 -8.835806132319953932e+00 7.623632243534635755e+00 3.713631479963249049e+00 1.479588843068595772e+01 -2.573779034252451225e+01 -7.349842953083017605e+00 4.317387440254708331e+00 -9.475870108395104907e+00 -5.584189688265427165e+00 3.617929066361407877e+03
-4.263750062706557742e+01 1.369033639269874492e+01 -1.450548677369772399e+01 1.365404942253717380e+01 -9.788584841663132252e+00 6.370781763345685356e+00 -7.511013984704892010e+00 2.233430380990792941e+01 -2.448831648027874763e+01 7.984411080054970355e+00 -7.354119312304878697e+00 5.705862935544741887e+00 2.316799143161701657e+00 3.849299658975781767e+03
-4.345832094305382753e+01 1.170629796763613939e+01 -1.552921364759169620e+01 1.557296661057466913e+01 -1.483044635140010037e+01 -1.613418566258302711e+00 -1.242035785220119060e+01 2.341033792306956585e+01 -3.757640059781120812e+01 3.056359909000538888e-01 -1.409809650551151883e+01 -1.364482430851817973e+00 -7.371420811082288749e-01 5.047432117240603475e+03
-4.428060618800819270e+01 1.417176535013036620e+01 -1.560534122038739469e+01 2.358648991444510301e+01 -1.350411370559127100e+01 3.967450285124928921e+00 -7.651434725070209275e+00 2.510149766299949547e+01 -2.830281803343164526e+01 -1.764376135139557322e-01 7.521942137991813659e+00 -6.037397512573913438e+00 7.922980841435148136e+00 4.805075632152506842e+03
-4.744620083720608505e+01 1.509912599579708825e+01 -1.885356787711955207e+01 3.869288720492018285e+01 -2.244580535548927358e+01 -1.270805370943495216e+00 -2.115024779611095695e+01 1.834139863329695785e+01 -3.295413711891077924e+01 -1.254692500109425701e+01 1.983639155676936161e+00 -1.928594196068571165e+01 1.703812405459444435e+01 7.530471664826693996e+03
-4.674668856365816794e+01 2.815888420070112197e+00 -5.950749094204440759e+00 3.306544635663388476e+01 -6.627261380572987193e+00 2.809916241826523553e+00 -6.313097642988299896e+00 9.626033275256713040e+00 -2.787406801681591517e+01 4.712590638251104025e+00 4.096539459639220837e+00 -9.558151672124285625e+00 -5.177449222310563037e+00 4.440367275677440375e+03
-4.607447257339592284e+01 -1.122065937497049859e+01 -1.234405061148052063e+01 3.515050772631974496e+01 -1.531957675877374569e+01 2.135532002271809660e+01 -1.731479757243746320e+01 2.997337017544658266e+01 -4.829301518261038950e+01 7.440668042872339072e+00 -2.176427860461073394e+01 -1.436839003118372382e+01 -1.688661393808383693e+01 8.878509300545367296e+03
-4.473645387085501568e+01 -2.534402463856008580e+01 -1.117341295069145524e+01 3.392418560950903839e+01 -1.292075875483823211e+01 3.274880053019139581e+01 -1.434733516260042308e+01 3.572529520879231058e+01 -4.417087229350997291e+01 3.157011168420987612e+00 -6.167716908956594857e+00 -2.529244377778843145e+00 -9.861643550535337255e+00 8.743660604240994871e+03
-4.152688828580702562e+01 -2.982363267147029617e+01 -7.422473080428247272e+00 1.887259288770759014e+01 -2.151701258164898434e+01 1.326057128614333003e+01 -2.648023197199562517e+01 2.899347509494589659e+01 -4.844361717298487946e+01 1.309462538100318518e+01 -9.352979286617165045e+00 -1.078463103247127997e+01 5.097034987071446643e+00 7.953867762378587940e+03
-4.301638864449771660e+01 -2.984278075291881649e+01 -1.132226536681586992e+01 2.293415496778705176e+01 -1.731813389668694825e+01 2.767301644233439006e+01 -1.892280026534942650e+01 4.926224908883688869e+01 -4.706784571132168793e+01 2.813198629641537352e+01 1.501359262984144571e+00 2.737625125394820280e-01 -2.622079583128364089e+00 1.026172064783509450e+04
-4.324490524823923465e+01 -3.198209568731058638e+01 -5.209113109761765337e+00 2.135579158396042843e+01 -1.122742881464665921e+01 1.978485982152229994e+01 -6.051566025042673935e+00 3.599133499450368134e+01 -3.825280193892024982e+01 1.485646302304974320e+01 -7.606353966774151432e-02 -1.018822329245150371e+01 -1.430719374374569863e+00 7.015518437217242536e+03
-4.529192006411227567e+01 -3.320690248100581954e+01 -1.388195742924462728e+01 1.613687614804351611e+01 -1.441110145733432368e+01 1.545683794413324641e+01 -1.887620939886532767e+01 4.162198486342738590e+01 -4.990785610220957835e+01 1.696211046895621877e+01 -1.149321270768137104e+01 -9.375453157294787232e+00 -1.207206956480569815e+01 9.286693715153671292e+03
-4.795626198276418251e+01 -2.203047809987430128e+01 -2.241006409420975487e+01 2.019978516487563169e+01 -7.272523484788742998e+00 7.780592955940985433e+00 -1.777861291575327485e+01 3.253747455783976505e+01 -4.413683422261442502e+01 2.421833864106198320e+01 -7.698994903911220433e+00 3.680871875640853386e+00 -3.245888507896280473e+00 7.801528068704106772e+03
-5.386480211818704333e+01 -1.491858001653273291e+01 -3.428707028440109639e+01 2.618288657951909215e+01 -2.092614836119787114e+01 -1.390190777699471703e+01 -3.406562169318481637e+01 1.403373409197069677e+01 -4.284557469868542512e+01 7.161800595472253228e+00 -1.264544714153064398e+01 -1.564789737773775791e+01 -2.700016434747428562e+01 9.994514233820833397e+03
-5.338248313965822689e+01 -1.142682696765994343e+01 -2.671054409170605126e+01 3.325334323715927809e+01 -8.589016295649949839e+00 -1.311113736823865672e+01 -7.900733940498894547e+00 9.428857906435874625e+00 -8.457368382688853714e+00 -9.776024122196020016e+00 -8.280299910740245295e+00 -2.462346471118781821e+01 -1.149510082676525080e+01 6.170611416672787527e+03
-5.491089306775176482e+01 -4.896527499484374379e-01 -3.960711660560173897e+01 4.027140024258815032e+01 -2.519267295998529477e+01 2.781737139987737972e+00 -5.086426369476853004e+00 1.623579266575363889e+01 -6.613534421227273086e+00 -7.092006934559318410e+00 8.981787485694443518e+00 -1.880200649923884981e+01 -7.246361006835259744e+00 7.718569932281849105e+03
-5.599299879219625353e+01 -7.762031903122671217e+00 -3.604801373040371715e+01 3.261263431539680369e+01 -1.197738387777433644e+01 3.824824112708408719e-01 9.868865334233062114e+00 1.886140169036726988e+01 -7.227254704513150330e+00 2.553960852669849402e+00 1.564058180248929730e+01 1.025584700020720774e+00 3.041695727241259917e+00 6.468946720561545590e+03
-5.491589672580881398e+01 -4.741491952877042948e+00 -3.644132362291340854e+01 3.307890552780290960e+01 -1.147752436227181683e+01 7.104370023353067332e+00 3.415247645884230909e+00 2.311757291310852835e+01 -1.006946217050449732e+01 -1.728364646932251780e+00 1.582568688023607706e+01 -1.212585086399957390e+01 -2.459145337983415391e+00 6.696630583193530583e+03
-4.635801102088274916e+01 -6.213109963747094788e+00 -3.081580042265109398e+01 -8.472585298904925510e-01 -2.859014538957892171e+01 4.637144390597600641e+00 6.547294552876101292e+00 3.638458799210874872e+01 -1.868383606395995500e+01 -1.547754665332505164e+00 9.084284892008819057e+00 1.197621005384959147e+01 -1.834502006373817773e+00 5.924404666186658687e+03
-4.923004369645330769e+01 -7.084950765593163169e+00 -2.853472218715540976e+01 1.387123452228151876e+01 -2.672327951121463840e+01 -6.614872602462820161e-01 -8.666525979311311190e+00 1.849870766629563335e+01 -3.048572569835931390e+01 -8.561544796074231911e+00 2.417756433149039985e+00 1.385542793929650518e+00 2.683647635150809396e+00 5.629964098563254993e+03
-4.945085922105536724e+01 -4.423592787359362233e-01 -2.172857105344828454e+01 2.324478951713077279e+01 -2.018892350568457061e+01 1.370672652587815454e+00 -4.934857736538337925e+00 -6.379272043433438455e+00 -3.679099727306859791e+01 -1.609833667393230172e+01 7.448221517309888462e+00 -2.272057209028469060e+01 3.405459535496270895e+00 6.128584986218381346e+03
-4.408607625892729942e+01 8.528877519609073588e+00 -2.212077675653562636e+01 1.429550963600741653e+01 -3.027921587624418365e+01 -2.773792770430270505e+00 -1.604434326601664651e+01 -7.506926640839209242e+00 -4.350179465290266734e+01 -2.370588746018127679e+01 3.514673925948779587e+00 -1.824479119164410434e+01 8.060339147813012639e-01 6.748564237962625157e+03
-4.360176425604903017e+01 2.377308875388635201e+01 -3.369524408025747420e+01 2.937735300169275732e+01 -3.971189473503646639e+01 2.797709112145791011e+01 -1.606689012003183237e+01 5.894938891636347655e+00 -3.342676502090199619e+01 -1.552684534719652731e+01 3.125420778044440695e+01 -1.613073482503163447e+01 2.019819056110208422e+01 1.012074397000433237e+04
-3.856277276141945975e+01 8.919048681384635913e+00 -2.073027749186394431e+01 2.235849356112207253e+00 -1.678422463915881480e+01 -2.476935202057719110e+00 -5.442394514156648988e+00 -1.035292569594030354e+01 -3.345826544317581863e+01 -1.375509512983240645e+00 1.229001414414554461e+01 -9.748798425677113855e+00 9.772233930887955111e+00 3.888956060203113793e+03
-3.947016468455527161e+01 1.731075022767903704e+01 -2.520643499573507995e+01 1.683768368323594089e+01 -2.110538755179301162e+01 8.704484584727673280e+00 -3.638222595501150014e+00 -4.669903914971460068e+00 -3.073030273389218792e+01 1.043791069284529138e+00 1.190878170089093935e+01 3.080865499888504111e+00 8.345933282761272665e+00 4.499084454609714157e+03
-4.077900391962815263e+01 7.128756441695606405e+00 -2.312978124027305427e+01 1.146152237900048654e+01 -1.997596065754139261e+01 2.889882692183785462e+00 -9.254739162745046599e+00 -1.243655475364033691e+01 -3.220723953380656468e+01 -2.047288037532479343e+00 1.082133779052057143e+01 -1.493245381356751977e+01 -6.320572964935906590e+00 4.449334959598818386e+03
-4.392528225644148421e+01 1.445488497207856682e+01 -3.409014747039680060e+01 2.744115750265838116e+01 -3.908684595633964420e+01 2.359386715784161126e+01 -2.651008858921253974e+01 -4.709557747901135905e+00 -4.350269874832525829e+01 -9.009622548609579340e+00 -4.731619432969743855e+00 -1.692671882413808504e+01 7.167558263635734228e+00 9.196880246896853350e+03
-4.154470561833688436e+01 1.592126849168070102e+01 -3.497167117784497492e+01 1.447226172107324160e+01 -2.963152409761200801e+01 9.933613973858816948e+00 -2.161996543529171788e+01 -1.186130923939920834e+01 -4.411508003423433166e+01 -1.396332543051771147e+01 8.213774662229383239e+00 -2.400433995963045675e+01 1.240587573345280603e+01 7.935425896136590382e+03
-3.843646069224212880e+01 1.249074632075356561e+01 -2.351386309980581402e+01 6.696688146180482804e-01 -1.466441447709665269e+01 1.351181510338298608e+01 -1.547895680488386994e+01 -1.984953415529510679e+01 -3.582529017203663102e+01 -1.478214261026626275e+01 1.320680197829976166e+01 -1.343552419218848826e+01 1.392597727793318363e+01 5.268775705706442750e+03
-4.062126969898588413e+01 2.323562946150535069e+01 -3.881231345008829692e+01 9.802422846351303676e+00 -2.671416600529487440e+01 1.947390720719162260e+01 -3.224378508950211142e+01 -6.540890013280090010e+00 -3.220247961700115269e+01 -1.402657694443043823e+01 1.222699316827475968e+01 -1.773922259780182742e+01 2.271099383680265760e+01 8.181503019401378879e+03
-3.804246938746026530e+01 1.638139760817493240e+01 -2.699337481958174223e+01 -1.292316603049974200e+00 -1.302617889850384003e+01 5.616656862280393625e+00 -1.072989444269185100e+01 -2.061512933062561714e+01 -2.881017128272943140e+01 -8.223848091224862600e+00 1.428954423658219852e+01 -4.168521756536051726e+00 1.675873060663188596e+01 4.587314740557441837e+03
-3.733285267163964960e+01 1.549753315140141297e+01 -2.796716140544017293e+01 -4.067673479235243583e+00 -1.536007680864678449e+01 8.337428556872954033e+00 -1.737382580066723037e+01 -1.159033985990108206e+01 -2.735259987256431558e+01 -3.485141264126403904e+00 1.360548059661996767e+01 -8.433082595709944229e+00 2.034773371169885792e+01 4.604821163473981869e+03
-3.919162466310632453e+01 1.917821587040649689e+01 -2.989868604388707851e+01 -1.244134476745961448e+00 -1.423595569918103010e+01 1.015707405957239118e+01 -1.683631643864672256e+01 -1.195909005401634673e+01 -3.068829753581350772e+01 -1.034007717696130157e+01 1.487521060172327658e+01 -3.511230482366577199e+00 2.179453268013584832e+01 5.288867766079436478e+03
-3.906499302855916511e+01 1.637564908076999970e+01 -2.386217599862631999e+01 -6.001894391184303679e+00 -8.876693742145477017e+00 5.301604034855266434e+00 -1.268427702763287712e+01 -1.180497334825527034e+01 -2.625508837083326696e+01 -3.152476549982561771e+00 8.546144969721366280e+00 -4.915863911881981352e+00 2.500154999674816736e+01 4.228360307253227802e+03
-3.942809653284860616e+01 1.812970244678056631e+01 -2.409227344542965099e+01 7.139526340342481348e+00 -7.440705049134114901e+00 1.523661074489817402e+01 -1.306130843856530177e+01 -4.266557995823464289e+00 -3.076079517635067617e+01 -5.440527819701370227e+00 1.048091616069759802e+01 -7.246956381578895545e+00 2.759591071336114965e+01 4.890719208327270280e+03
-4.330745499364754636e+01 2.019875278517527661e+01 -2.708124320272242613e+01 1.487645399127023715e+01 -1.302347909892566769e+01 1.422926339664513762e+01 -1.421115853084958580e+01 -9.719653193876458541e-01 -2.176114973218103543e+01 -1.224280607606671722e+01 7.624522090039755007e+00 -1.387907848192279658e+01 2.718024453724275347e+01 5.426174364880874236e+03
-4.760799969643648666e+01 1.022350767668272908e+01 -2.366550247445563215e+01 3.245582331452991554e+01 -1.293491410269336406e+01 1.642508494481556225e+00 6.139857763247340117e+00 -2.053056089525167049e+00 -2.006996596149859613e+01 -1.422731959886122155e+01 2.008160425881781119e+00 -1.095468374784391941e+01 9.552287490491631061e+00 5.016905105637889392e+03
-5.319771021087847629e+01 1.064627516202036617e+01 -3.057612736811164922e+01 5.707429451982730484e+01 -2.133931776442537043e+01 5.112442316112553620e+00 -1.321132317405828616e+01 8.891732813271490343e+00 -2.097510436987746729e+01 -1.649134249147306619e+01 8.728517030167294521e+00 -1.212016181091463807e+01 1.332984730801585371e+01 8.983509269413756556e+03
-5.253589000936884190e+01 5.508888966130361275e+00 -2.816380063428971781e+01 5.138492026289172543e+01 -1.667285616305978024e+01 3.737863339776625438e+00 -1.177427250312981499e+01 2.671267544812488737e+00 -2.808496585573091409e+01 -1.543242813072647657e+01 4.420466491302057932e+00 -1.657058774011328239e+01 -1.264505593449791465e-01 7.982768248489350299e+03
-5.178831781317813210e+01 -3.275399939869894528e+00 -1.780412077174751317e+01 3.744371279809550401e+01 -2.737718204874785233e+00 -5.599798780502922568e+00 -4.250401159748556701e+00 -5.520787588874167540e+00 -1.316866734784370507e+01 -8.305971335773566722e+00 3.496905670899784546e+00 -1.630262950527059118e+01 -1.735944991647102853e+01 5.320931843226373530e+03
-5.425489439815973469e+01 1.896291664615871841e+00 -3.112284047238202689e+01 4.892764841743859705e+01 -1.660349525029431206e+01 6.193079808421521060e-01 -4.778142004382289976e+00 1.199077673917512321e+01 -1.967661564248130190e+01 -1.591009949095029441e+01 1.363658282432446800e+00 -3.500261712169696615e+00 5.837642163918727728e-02 7.406819704412451756e+03
-5.457409367785301413e+01 -1.092629294819201791e+00 -3.694550598105550421e+01 4.068259599675492666e+01 -1.778465174245207692e+01 1.158797979378232945e+01 -6.212596145372622836e+00 8.134253567074364866e-02 -4.911156438141470915e+01 -2.132913224571106880e+01 -6.418624133084156469e+00 -1.271571577508606410e+01 3.050242998949021178e+00 9.567817433673475534e+03
-5.107835598312551895e+01 -1.106761022299042097e+01 -3.137363541023920632e+01 3.622514214221238404e+01 -2.865246122934397732e+00 1.678753612653351368e+01 2.729049630133658866e+00 1.819314838733130557e+01 -2.349154670076795171e+01 -1.376708720298158006e+01 -4.980145527576523290e-01 1.551901549027425276e+00 -1.312419995759213442e+01 6.572812230625242591e+03
-4.362312000129017520e+01 -2.449362899501495505e+01 -1.949653288454193145e+01 5.576115163063633418e+01 -1.693853551472626151e+01 3.349186330411107804e+01 -1.373146757849972666e+01 1.446175140334187503e+01 -2.852395602039438671e+01 -1.490594773494089154e+01 9.313904325611649382e-01 1.122738531414134577e+01 -5.983320318243664282e+00 8.997174770252549934e+03
-4.178167273453195918e+01 -3.125184763238876329e+01 -1.859749678973033937e+01 5.161181209645400969e+01 -2.640528986911058418e+00 1.973105445389262158e+01 -1.383260393129967625e+01 1.229218850361445803e+01 -3.585924551760985235e+00 -9.023549182421144010e+00 1.954014550644651127e+00 4.135312040975858139e+00 2.088122661257779900e+00 6.590320454106397847e+03
-4.492197025507525154e+01 -2.005774204215140344e+01 -3.301315897299315338e+01 6.940360524663233832e+01 -1.890364429434635696e+01 5.302600396918298742e+01 -2.218375643837287470e+01 1.308721891779634738e+01 -3.421820336503179050e+01 -2.849430677425401015e+01 -9.564315588229989729e+00 -3.927289098223598174e+00 5.725659646014220172e+00 1.428201859809045709e+04
-4.288446294787242863e+01 -1.616865056366765074e+01 -2.453382356252469521e+01 2.901251628924654113e+01 -1.333062296824314963e+01 2.872480492804800178e+01 -1.550796998828465689e+01 -1.323261842164752622e+01 -2.000375598556812662e+01 -2.923734550180148162e+01 3.525786321573809889e+00 -5.371949123779893753e+00 -6.204377721015196911e+00 6.297312208735416789e+03
-4.342214084743318381e+01 1.719920986627397230e+00 -2.288923087439559012e+01 2.086930653121333634e+01 -1.365136912600664054e+01 2.007731859399289576e+01 -1.655177689032474575e+01 -1.071637726893427534e+01 -2.116171555433540519e+01 -2.508217176710383356e+01 4.259677511236866998e+00 -1.217760006067017464e+01 9.740606285948082643e+00 5.164397702338419549e+03
-4.328290185440427962e+01 1.604979151342906363e+01 -3.698549676540670816e+01 2.065178004511092880e+01 -1.779588173404881246e+01 2.524115069413761603e+01 -2.376937057286226818e+01 -1.311962474454291971e+01 -3.275575377075566763e+01 -2.251754708424214257e+01 1.167868387900356097e+01 -9.240103303289483705e+00 1.065924774397943509e+01 7.531715076952300478e+03
-4.145954179622157909e+01 1.935208946153062470e+01 -3.505930411708243355e+01 1.237717853783685307e+01 -1.807071640304672044e+01 1.816770591139156465e+01 -1.298443073991973229e+01 -1.552218257222558506e+01 -3.669104694238940567e+01 -9.567537539076536035e+00 7.251512086923533218e+00 -1.071251260024272867e+01 1.863695877719177219e+01 6.494345535568885680e+03
-4.184225325388749184e+01 2.024509354465372368e+01 -4.168791364507517727e+01 1.628831015290983686e+01 -3.223027830183329456e+01 1.975202801465207969e+01 -2.086158355943805276e+01 -9.581047383049336119e+00 -3.768475601283435594e+01 -1.613221314367144288e+01 6.955520319999366485e+00 -1.202814127747165429e+01 2.365996249131996620e+01 8.553003156642858812e+03
-4.174023232523556715e+01 1.236960037681188496e+01 -3.812595447085394085e+01 1.628026537672712992e+00 -2.698797414997817867e+01 4.740502208233625225e+00 -2.115303631481862467e+01 -2.351153674141815841e+01 -4.332762484566184469e+01 -2.523851208679278457e+01 -8.990083334518562674e-01 -1.377951563135175483e+01 1.139291557443312719e+01 7.937306657378951968e+03
-4.431593239580715959e+01 1.287063701479441669e+01 -4.264043633754695861e+01 5.952066799521288587e+00 -2.852692107486103268e+01 9.538789976339163701e+00 -2.463374041018560590e+01 -2.282573181337269119e+01 -4.031272325996800987e+01 -2.490727086397505019e+01 2.937310004774819294e+00 -1.501982688379292163e+01 6.860992105981232214e+00 8.542582012042972565e+03
-4.551789401531543433e+01 1.565829677208902027e+01 -4.713445903002024551e+01 1.342901285205232043e+01 -3.836562110182239138e+01 1.027633959367829064e+01 -2.407653819807778817e+01 -1.470040476273708840e+01 -4.674061834782875025e+01 -2.279008290129906200e+01 -2.907502828739861211e+00 -2.047599697186070244e+01 9.055510844829935735e+00 1.030615776092762826e+04
-4.467695004201262776e+01 1.657514639261333755e+01 -4.419909897165589996e+01 2.435746990067293538e+01 -2.813748518066923054e+01 1.573436450086813032e+01 -9.397948948095200095e+00 7.298711193752556170e+00 -2.625250060836954447e+01 -5.587237231706892793e+00 6.440969605548151122e+00 -3.940038971216654140e+00 1.197821405757458457e+01 6.919391577560041696e+03
-4.267411864202586003e+01 1.015116004316504927e+01 -3.741164675893885061e+01 8.640896147071341460e+00 -1.488270620127079624e+01 4.897369667995501885e+00 -3.417944528311319008e+00 -6.890579877696077382e+00 -2.339088222993375865e+01 -1.550826538373189223e+01 1.604534217919897365e+00 -7.540976936060435065e+00 2.544682444621421347e+00 4.556620399581134734e+03
-4.192269257067592036e+01 1.065360489217468931e+01 -3.504510265463400742e+01 3.259226849510131974e+00 -9.689462330630838949e+00 5.048169764367189671e+00 -7.008515403942378041e-01 -7.011179879658012482e+00 -3.004854763263975670e+01 -1.207984754802830096e+01 6.157647840609798529e+00 -1.654079518059594633e+00 9.636087028656106668e+00 4.461155474537047667e+03
-4.342357369546692780e+01 1.687714415263362611e+01 -4.628999832366797307e+01 1.097298798605921455e+01 -1.912189872322745998e+01 1.451605579258953860e+01 -1.714475562014830601e+01 4.281920054921071639e+00 -3.536460915420705931e+01 -4.789047591863654141e+00 1.082750011811618229e+01 -4.743254628600823253e+00 4.815835805051788654e+00 6.758771583815816484e+03
-4.291024104921751814e+01 1.640102547197266958e+01 -4.216416049702742441e+01 1.231255559008060274e+01 -2.075081713861074917e+01 2.627257486888430194e+01 -1.710696943896081379e+01 -3.687156837400463516e+00 -2.487190585527351061e+01 3.606315840147640728e+00 1.705569765212543842e+01 -6.899728502965245980e+00 7.260308747112018679e+00 6.489618383833711050e+03
-4.222812661856826111e+01 1.077933142891814278e+01 -3.673395461694563835e+01 6.315411183815990981e+00 -9.366181130160880386e+00 2.202131960785976261e+01 -1.486485281639769873e+01 -4.906343225776954142e+00 -2.707075434729397756e+01 6.924085130976205704e+00 2.556235234867096295e+01 -2.746866102287995215e+00 1.146028189256628771e+01 5.679462311196696646e+03
-4.245932052905161669e+01 1.570599705486739595e+01 -3.935390596444029399e+01 1.485440691790250511e+01 -1.254382581079984149e+01 2.706119765187591142e+01 -1.908215212136652994e+01 -9.932314948715315950e+00 -2.875907523669053134e+01 -3.213214501847602156e-01 2.733586572202273501e+01 -8.023968905769228499e+00 7.004892687450495536e+00 6.859180766245797713e+03
-4.019479295561095711e+01 9.958806613187197954e+00 -2.935906364549859049e+01 5.131244574482566989e+00 -3.686951085614520451e+00 2.096447604172421109e+01 -1.177687640905801025e+01 -6.279523963627133831e+00 -2.307657873554873618e+01 3.352056743926769666e+00 1.846109849940215852e+01 -5.201899752217197914e+00 9.227864037935031405e+00 4.231103766194469245e+03
-4.059979993886337724e+01 6.321599031709427940e+00 -2.541426830358610189e+01 9.049775899743066176e+00 -1.211691351080670831e+00 2.808509468686391841e+01 -2.229524763083875172e+01 -1.027174932569335830e+01 -3.425457289373651548e+01 9.058586235793704589e+00 2.143958532429918051e+01 4.836323238058498397e+00 8.333787165119115770e+00 5.616849085844382898e+03
-4.204337862553636995e+01 1.029351698976876683e+01 -3.696804612371811061e+01 1.203608588868963203e+01 -1.919702616297021791e+01 2.704819305492190296e+01 -2.741899129873448615e+01 1.336289915161473996e+00 -3.581307163548061823e+01 -3.172568643106498665e-01 1.761518767946776620e+01 -2.152463101023681702e+01 1.153549179328732954e+01 7.428172191518397085e+03
-4.071841914684300434e+01 1.063023914181634133e+01 -2.805776557069497557e+01 9.410260775165321334e+00 -4.538508812371668810e+00 2.469127302698743165e+01 -1.950646547592001667e+01 5.187804804445788953e+00 -3.196644015464399047e+01 1.463062489094983754e+01 1.720200703109129492e+01 -1.155992100659729971e+01 1.144860930048503000e+01 5.480975354044143387e+03
-4.328636979105947802e+01 1.411647819068958931e+01 -3.690873752013669673e+01 2.072625101742857723e+01 -1.880126291961076035e+01 2.473965958391611153e+01 -2.567048508736707291e+01 -1.543652378321822782e+00 -2.766060911358102103e+01 -4.495438628845175977e+00 1.626261016996224384e+01 -2.538931329680228544e+01 8.392866370983886881e+00 7.256560253895151618e+03
-4.154191795930675823e+01 7.166104225249606330e+00 -2.465778361546153619e+01 6.741647827829429396e+00 -2.959851859581785760e+00 8.971707290110225941e+00 -1.699872286746582262e+01 -7.609638320280227575e+00 -2.094339271514426315e+01 1.354425007416971560e+01 1.544721102833400650e+01 -1.690124586234566806e+01 4.894275589271170901e-01 4.013235923067965814e+03
-4.308362344046089021e+01 1.380599665921269370e+01 -2.653028424329842849e+01 2.069821303164529880e+01 -2.313942374057269824e-01 1.591463078618376947e+01 -2.370032977182627221e+01 -1.158676491351498861e+01 -2.587074217151240418e+01 7.642692082238656148e+00 2.894840148933101176e+01 -1.369775509865639052e+01 -8.745489668542875128e-01 5.882473248249712015e+03
-4.422294138514096318e+01 9.893691258767480790e+00 -2.123240677263981979e+01 1.513705327012850432e+01 -2.808540724141638911e+00 1.001114988198819411e+01 -2.727006383443496063e+01 -6.037504128885143651e+00 -2.091206863833390983e+01 7.097732405273136536e+00 2.242929701143521015e+01 -6.661582242600147197e+00 3.942392754515472997e-01 4.657015898177895906e+03
-4.507730947278824374e+01 1.137246957874686260e+01 -2.239857215860519446e+01 2.396597896976177822e+01 -1.199180122206551324e+01 5.766201288653435952e+00 -1.635184359063968529e+01 9.775909287548381066e-01 -2.443505703647088723e+01 1.182439591072323637e+01 2.009976052431778726e+01 -1.137946821381651397e+01 6.978101374068645057e+00 5.001826842815959026e+03
-4.623049484880982618e+01 8.312183946442978311e+00 -1.260741414311103981e+01 3.508085312159366964e+01 -7.491588857604708274e+00 1.142160655378896195e+01 -1.720558148556456501e+01 6.108499899019715684e+00 -2.791732279757142976e+01 2.053763812165712821e+01 1.226578024741912110e+01 5.431416453575009129e+00 -2.175064779860123476e+00 5.501739056560424615e+03
-4.718292734501702768e+01 8.002262083902945022e+00 -1.366870951636694365e+01 3.927751739713990986e+01 -7.380680170065704537e+00 -8.824030897056415190e-01 -9.238629255544946517e+00 1.355334850382096867e+01 -2.311123080967259114e+01 -1.652595446803386547e+00 3.965637263094419218e+00 -2.953383766842769376e+00 -1.042758220220863841e+01 5.014163711612301995e+03
-4.957356513092543082e+01 9.213422422344731189e+00 -2.332181148224464451e+01 4.041720609612278992e+01 -1.055717664238760634e+01 6.596834069755364016e-01 -7.209958225975475476e-02 -1.777269279901116494e+00 -1.641896056098105561e+01 -1.330453238119043569e+01 -3.284186144078379499e+00 -8.620463704294596852e+00 1.156771625019680894e+00 5.367965238735211642e+03
-5.189846019400027188e+01 1.298035855985581799e+00 -2.745344578759663889e+01 4.071020293471487861e+01 -2.139983958351635351e+00 1.846467802681156911e+01 6.257349860556507437e+00 6.922292033569435787e+00 -2.318651737417347292e+01 -2.052372348083228459e+01 1.616824519507194680e+01 -2.224773430713975486e-01 3.487442339382952561e+00 6.771205512828259998e+03
-5.283511183846322723e+01 -2.568046933794389641e+00 -3.274262636818028938e+01 4.362703109248992916e+01 -1.672245511265182927e+01 2.597771710175688753e+01 9.463132876491879841e+00 2.896872161578262350e+01 -2.393976018631843772e+01 -3.427579846602844427e+00 5.432310335257382883e-02 -1.559838465741434810e+00 -6.314927124595732799e+00 8.283936111183842513e+03
-4.934471737061517160e+01 -1.306861771940460493e+01 -3.445609729498913509e+01 1.790316080742844207e+01 -2.159768148979074098e+01 9.107433356093407539e+00 -1.931603553165069087e+01 1.420932907204832318e+01 -3.953532486111543420e+01 -1.039149385864523722e+01 -5.170975629720936162e+00 -1.020929163579148025e+01 -3.719222118876312599e+00 7.053681452913649991e+03
-4.400614332851973387e+01 -2.084801278379894640e+01 -3.578683577306232877e+01 1.276230136875442867e+01 -3.212960074424572099e+01 2.247764866369155357e+01 -2.802738028717083552e+01 1.803597706621681951e+01 -4.511749977641154175e+01 -2.592449989070507943e+00 -9.389028627069681221e+00 -8.659367011028928474e+00 -1.439875072814290213e+01 8.875912787629646118e+03
-4.442067408562768804e+01 -4.285176230104701389e+00 -2.047934405874597275e+01 3.105082361674714519e+01 -2.010584523599186824e+01 1.163172977292583177e+01 -2.353508021822868201e+01 8.196685613739429499e+00 -2.706502809321803582e+01 -7.936317684977030495e+00 8.465701915481549378e+00 1.420058575923789590e+00 1.006978904330881264e+01 5.506330218733561196e+03
-4.369996489725332367e+01 1.371515783342827532e+01 -3.073717704098066505e+01 3.066884329983652080e+01 -2.318067421181439869e+01 1.764283308310996645e+01 -1.459615065314295812e+01 5.828854173644113956e+00 -3.553982364569268526e+01 -2.280892905247762670e+01 1.979672959706874025e+01 -5.440876530544181300e+00 3.103306189373570234e+01 8.246671739143557716e+03
-4.350478287596633464e+01 1.779474479032903034e+01 -3.649980197422695483e+01 3.148397551825549812e+01 -3.379079503839540166e+01 2.793384498707305141e+01 -2.365079619927473331e+01 8.935634245374632911e+00 -4.530046155747186276e+01 -1.926968700176793803e+01 1.431931581468486669e+01 -1.502015749572747083e+01 2.254066299753916880e+01 1.045630065857708723e+04
-4.236849573189614659e+01 1.224817189002847329e+01 -3.166683523641815157e+01 1.616894551168406124e+01 -2.955983930199486309e+01 8.461255012676751619e+00 -1.974847183087449665e+01 -1.045456336052255608e+01 -3.663529873885130428e+01 -2.655846039430510785e+01 9.821413799339335782e+00 -1.141035915803660039e+01 1.137627359347586697e+01 7.057580366952592158e+03
-4.099226841903459473e+01 1.224689882121868223e+01 -1.812602211642975547e+01 7.976643124620374614e+00 -1.637834667927214483e+01 2.414098884092596986e+00 1.119795235738092476e+00 -5.754193464569384631e+00 -2.410151930600189729e+01 -1.320203576774423837e+01 1.356595469583368718e+01 -1.798430258992236297e-01 3.848855082791518001e+00 3.485033048386566406e+03
-4.293078682257597478e+01 1.999716040835343023e+01 -3.002377554370617929e+01 2.012122321747375508e+01 -2.562061757561368580e+01 7.697301202481677151e+00 -3.308338403577769871e+00 5.250552918782884326e+00 -2.201087827705859823e+01 -7.081354968827048957e+00 1.508032233285612200e+01 -3.996665290928575143e+00 2.131229117799182404e+01 5.535635064060314107e+03
-4.350296183078911127e+01 1.337121204805929509e+01 -2.429737359159573629e+01 8.913476668032597416e+00 -2.299715853796851306e+01 -1.114785953425223353e+00 -2.550002427992433596e+00 -2.228936921332535182e+00 -3.248415778892692174e+01 -2.020122946797813057e+01 8.867752519295422076e+00 -7.803375929990659543e+00 2.508437950952157269e+00 4.891824301046668552e+03
-4.640475675898156283e+01 1.720358473127563670e+01 -3.671537052455271066e+01 1.663335182292830794e+01 -2.640704019406662795e+01 6.961022422530710685e+00 -5.692137849722250564e+00 -6.621474208826206187e+00 -4.308820437601369946e+01 -2.223133550124418178e+01 1.166854098645949556e+01 -1.893187352598513229e+01 -5.483556374496502350e+00 7.771549271050217612e+03
-4.603968890227785238e+01 1.401646590115401914e+01 -3.137767066705375640e+01 1.566444824536656988e+01 -1.864056785245426084e+01 -4.656662489326119925e+00 5.483428319732897016e+00 -1.598271957975642721e+01 -3.853795753151947423e+01 -2.650919587727827675e+01 1.681084481953096232e-01 -9.614230347914318742e+00 -1.619211345212594111e+01 6.743275873043554384e+03
-4.627974966395471057e+01 1.905446728943922352e+01 -2.596933315604719894e+01 1.504623830046225841e+01 -1.013706928285296271e+01 4.362379592808745876e+00 2.166115809522859692e+01 -1.387740201163767928e+01 -1.557781379162148028e+01 -8.895714403870167430e+00 -8.773019641017332226e-01 -4.815005484940008351e+00 -4.510704718923198797e+00 4.555364501082094648e+03
-4.591943111053345206e+01 1.617883198965876090e+01 -2.930491238214685978e+01 1.646081812891331353e+01 -1.198363026291639777e+01 3.511380792238785631e+00 1.345752669469699470e+01 -1.134242012603385774e+01 -2.641297166692295306e+01 -2.323413668136038623e+01 4.255098460374012737e-01 -8.043918708779099092e+00 -8.705362155930858492e+00 5.343917086357672815e+03
-4.611780772093037228e+01 1.515522827134755346e+01 -2.499805756344630581e+01 1.955588593266734065e+01 -1.856571467172559764e+01 1.658667491226159196e+00 1.048022164621920105e+01 -6.658894078299032238e+00 -1.314232353556499788e+01 -1.622021890998962945e+01 1.795432853524926031e+01 -4.842507609899062260e+00 -1.935720901375264091e+00 4.650852522629562372e+03
-4.436162426977173823e+01 1.429687813096336946e+01 -2.647372772177400080e+01 2.154648224501675458e+01 -1.111133912824613823e+01 1.303441778925108885e+01 8.608918022149285587e-01 -3.856803694987670728e+00 -1.637584535953217113e+01 -1.374196707012702845e+01 1.482626884358030672e+01 -1.361534386147527309e+00 1.400811581809264617e+01 4.521346865205543509e+03
-4.340475617435972566e+01 1.612472434625544793e+01 -2.899686585315655662e+01 1.651772623552664854e+01 -2.844678074784608768e+01 1.538513596468071931e+01 -1.935730547566002357e+01 6.930447735712734314e+00 -3.880661427390460716e+01 -9.249015802169944678e+00 5.402318740263360120e+00 -3.504126589283253601e+00 8.287848129657591656e+00 6.427941210017103913e+03
-4.326763602097525307e+01 1.720252109066959179e+01 -2.729114642090166853e+01 1.306378654909337556e+01 -3.078349630217489974e+01 5.492426219968171708e+00 -1.391830834046634635e+01 5.084138614705206116e+00 -3.674464547524041080e+01 -1.030770091399824295e+01 3.508204356817620440e+00 1.632764606094800008e+00 7.883006492124729370e+00 5.814375292224071927e+03
-4.254183937402559224e+01 1.762906674764511195e+01 -2.710281169025370929e+01 1.539607284565470025e+01 -2.966682908383433670e+01 6.317738779726027154e+00 -8.611318084908278436e+00 4.323439650414313995e+00 -3.381659566434809250e+01 -9.067563791367781789e+00 2.591174343283634229e+01 -6.455802415611259448e+00 1.522160957955289007e+01 6.275651139240332668e+03
-4.367609058794229071e+01 1.940487445113491205e+01 -3.622006809141230121e+01 2.221966310807342282e+01 -4.278277614464821710e+01 1.591773283883146384e+01 -1.964666144380736768e+01 1.940081645803177324e+00 -3.115787109127550991e+01 -1.026602777902789931e+01 3.102614832465337003e+01 -1.033665218044929190e+01 1.896749553925197773e+01 9.068690581239574385e+03
-4.024292487506337324e+01 1.192656850546663705e+01 -2.116583956094978092e+01 8.040004331664832193e+00 -2.104147944464071429e+01 2.444748526554593460e-01 -8.340565701900512607e+00 4.390726990769734606e+00 -1.721361791272547492e+01 -1.732035355237043106e+00 2.196171368996457574e+01 -6.899287457040447435e+00 -2.185305461839726349e-01 3.635290997028213496e+03
-4.344668572608248525e+01 1.810554713762007495e+01 -3.067512891339606185e+01 1.859000528477178094e+01 -2.919809416528774548e+01 1.001288433225627372e+01 -1.389006502821933253e+01 8.226061821434456078e+00 -1.350140342679214278e+01 1.972338682045229996e+00 1.803477686916521705e+01 -1.396288047549343680e+01 -3.016926720345798341e+00 5.430860792288362973e+03
-4.479126831820600785e+01 1.790969599061051554e+01 -3.323151526690072188e+01 2.665798353449696378e+01 -2.757364411969937379e+01 1.000122836282500138e+01 -1.216311917010360588e+01 1.208820440775034655e+01 -1.067729555207992931e+01 4.476938385719995139e+00 2.082791508098847544e+01 -2.381307630179489365e+01 3.819537619168769105e-01 6.431451349512501110e+03
-4.447168927361247626e+01 1.228847680853141355e+01 -2.740574629444024879e+01 1.878032562233937242e+01 -1.228832917329875407e+01 2.731815552067584640e+00 -1.399220245334602986e+01 -1.940636845665042687e+00 -2.599048472862389936e+00 5.532695396360092666e+00 1.217046787786140349e+01 -1.338428537650162120e+01 -8.209551268236108257e+00 4.022548907247595707e+03
-4.609678426376954263e+01 1.434459666276798906e+01 -3.613342053035652413e+01 2.464780332764023996e+01 -1.884032125883792830e+01 6.448325713471559695e+00 -2.099053521267804356e+01 -2.723997058720122322e+00 -1.647227343110512976e+01 8.802296692352959084e+00 1.215076811545589131e+01 -1.943761591471300676e+01 -6.977435215562716841e+00 6.011343498593620097e+03
-4.545236514275291739e+01 1.101031093458523458e+01 -2.969357679174385822e+01 1.747645158458230696e+01 -1.140178750618169978e+01 5.576245370121686307e-01 -1.675581674208441285e+01 -4.109388500208942752e+00 -7.366150241293771828e+00 1.551139807296698869e+00 1.282700996850404884e+01 -1.727741541190086139e+01 -8.631656031857788847e+00 4.396448436601082904e+03
-4.598661977618867525e+01 8.994592002910696493e+00 -2.369248884575164737e+01 1.731800875066691603e+01 -7.461599421229168527e+00 3.607007165165733165e-01 -1.172328927054770809e+01 -1.620061561457500687e+01 -1.380168948791667027e+01 7.742278017010069124e-01 4.384443054187046052e+00 -1.486283983313416712e+01 -4.808890514346280121e+00 3.966959205264322918e+03
-4.701606498215751628e+01 1.310534661613756313e+01 -3.093236419481596045e+01 3.211261263114730014e+01 -1.249455936589156835e+01 5.271986343572171663e+00 -2.450609725221312019e+01 -1.208131482627391762e+01 -2.039230983682609377e+01 -9.528638966733990467e-02 6.971482984534763894e+00 -1.514941807403743290e+01 3.011957478769724528e+00 6.003740056052211003e+03
-4.760436884048419159e+01 1.025337517551047917e+01 -3.052950640905705271e+01 2.508775656834091450e+01 -1.432292729329938830e+01 1.870847882941874207e+00 -2.296801945746688745e+01 -1.229595386247157585e+01 -1.776978916678844911e+01 -1.933674503459481775e+00 1.356999299461455699e+01 -1.605817346761791953e+01 -1.508956471811622180e+00 5.583911742381741533e+03
-4.728262710957422854e+01 8.960307077254746844e+00 -2.272225947504949417e+01 2.808832960482046559e+01 -8.218536366667315463e+00 -4.834446018654989241e-01 -1.602523928484385607e+01 -6.948357920312775882e+00 -2.202275615769758943e+01 -9.953141834818580724e-01 5.286258203382701026e+00 -1.305393365434301600e+01 -1.466325696150926561e+00 4.680547555358097270e+03
-5.026372113415379772e+01 5.092374051461606932e+00 -2.811889211456856330e+01 2.961915991856725938e+01 -2.453686044480423689e+01 -1.797605563849763755e+01 -1.658545069217426615e+01 -8.308181323146843766e+00 -4.134019669470044533e+01 -3.318475502126782573e+01 -7.046795824673272257e+00 -1.736211954651604472e+01 -1.424737264294447314e+01 8.853967794478528958e+03
-5.055531194462037803e+01 -7.607751180384391132e-01 -2.220218779988693214e+01 3.487371587087157820e+01 -5.722808872909215694e+00 2.588420773535933250e+00 1.636996100013238475e+01 1.333757028630203401e+01 -1.705147223995843575e+01 -1.447932725472518989e+01 -9.763361062254910516e-01 -5.391427495713669416e+00 2.129261915735849886e+00 5.285806516365615607e+03
-5.290437753452559377e+01 -3.600954771981170754e+00 -3.535014951872554434e+01 3.480514362982722076e+01 -1.670971224952767997e+01 8.402863978307973269e+00 6.569678062929248163e+00 3.555713011733440787e+00 -2.529611029026558455e+01 -1.804537896529761909e+01 4.123931597259307580e+00 -2.285942856617501917e+01 -1.197902983072173910e+01 7.327083842741670196e+03
-5.313252978980388264e+01 2.437905657491807876e+00 -3.677058256271378411e+01 4.487538232803714067e+01 -2.261237711430187147e+01 1.151506076342064055e+01 -5.545973508118525741e-01 2.121229861285576490e+01 -2.256339208613504255e+01 -9.919643177316924465e+00 -2.892663126918794347e+00 -1.694667177543692560e+01 -1.862000923311359690e+00 8.195600415621840511e+03
-5.233206500982590370e+01 2.912984741384562426e+00 -3.156613022433200655e+01 4.212619052459584168e+01 -2.050913620225836098e+01 8.999211707715154773e+00 -3.325858651754495021e+00 8.535381463767910404e+00 -2.274509337249619279e+01 -1.209565380024261927e+01 8.834880915842600047e+00 -8.816235369332826366e+00 1.628842783074081879e+01 7.188429686837504050e+03
-5.033945943119191924e+01 2.228846109807289366e+00 -2.363924622200403647e+01 4.680009660164704854e+01 -1.816282435507269355e+01 -1.035472762640282163e+01 -1.386172719527146313e+01 6.260288242225502842e+00 -2.010109003815072626e+01 -1.188135114557082872e+01 7.771669344390845779e+00 -1.714329033897505639e+01 -1.382451212392212136e+00 6.857961942321719107e+03
-5.423294701315285948e+01 3.011447873885436444e+00 -3.795172719173186238e+01 4.236792410968018885e+01 -3.778210546233452760e+01 -1.256918678702803405e+01 -3.635704349732221630e+01 -7.980754429377280523e+00 -3.110021813215144348e+01 -2.414224678257663115e+01 -2.302241670314561173e+00 -3.397764857337449484e+01 -1.866229963276894999e-01 1.186654234801546954e+04
-5.158187945279134823e+01 -1.602897904763764592e+00 -2.493599166054898220e+01 4.043697862965999690e+01 -1.266124104361087710e+01 -3.395965766566074073e+00 -8.789237423392796345e+00 -1.145427866644058845e+01 -2.442338544586777616e+01 -6.651416260646310086e+00 8.594737570487417599e+00 -9.829925525121426588e+00 1.632581702300253790e+00 6.114408660530775705e+03
-5.562658784581260818e+01 -1.048798287722113720e+01 -3.163050460259443852e+01 3.642437375500094987e+01 -5.508833546447032603e+00 4.982996791412107385e+00 1.116575896984630489e+01 8.588038202118044140e+00 -9.407104913089437304e+00 -9.182047903606902040e+00 6.419484679588880471e-01 -1.746209815736896331e+01 -1.106555887159063722e+01 6.385732152242712800e+03
-5.404966746954996637e+01 -1.279303231478759884e+01 -2.917644493452625554e+01 2.973138791612242926e+01 -4.787961000392876976e+00 2.794606093502509658e+00 1.199402946340643616e+01 7.108198653809204792e+00 -9.758284213398525253e+00 -4.507252833951034710e+00 1.127518063969885631e+01 -4.663419595897333458e+00 -6.170099083470932833e+00 5.347852962826433213e+03
-5.436155440506397696e+01 4.187483003754817190e+00 -3.546010690974902957e+01 5.177403804541818033e+01 -2.595933362985644877e+01 4.472862937977814646e+00 -2.416545650752066976e+01 -2.435289880978385835e+00 -4.522104646184452292e+01 -3.313288820939421697e+01 7.960059532913647651e+00 -2.332405477628292090e+01 6.579402635439382863e+00 1.198787118142442523e+04
-5.190610891142092953e+01 2.229909678395074035e+00 -3.032930856297114630e+01 3.419355703442658978e+01 -7.046493629353649979e+00 2.905519839018134043e+00 -1.436994749018326090e+01 -1.779185288078090821e+01 -3.754684702933856499e+01 -1.933971742728778764e+01 1.128301149513866619e+01 -1.877269486381540275e+01 -1.545399075297174640e+01 7.871760120932193786e+03
-5.357485051797379327e+01 -4.734236768346262281e+00 -2.811743383965173493e+01 4.023356007571354098e+01 -7.626557740430503607e+00 -7.266641180870969663e+00 -3.788617966334951959e+00 1.411296978300917715e+00 -2.477466255279019691e+01 -1.823563057741104387e+01 8.485829640440289978e+00 -4.681322194265575831e+00 -1.253632718801959145e+00 6.471138694497871256e+03
-5.597295911696916448e+01 -4.084947471364460014e+00 -3.871074230332049382e+01 4.759722359167172812e+01 -1.492963188445843237e+01 8.474268308257036253e+00 -7.680851713739800246e+00 1.091274154717946843e+01 -8.375479503045719198e+00 -7.128464354639779010e+00 5.582948399947126994e+00 -1.229641398915588901e+01 4.817784461923074524e+00 7.713012572065187669e+03
-5.654274728878633027e+01 -8.880763137802269114e+00 -3.972825397003018821e+01 3.590256341143118846e+01 -1.981859246014879261e+01 -8.067261836454667545e+00 -5.041190258437518779e+00 1.088308606878436002e+00 -2.019792916683130102e+01 -1.340373607073904338e+01 1.126521610055328715e+01 -1.585459284026962656e+01 -1.266748507577243110e+00 7.595228126364023410e+03
-4.979971777471501326e+01 -4.264273541755379426e+00 -2.533253569396247684e+01 3.468787165405799300e+01 -2.705328178614164525e+00 3.257688398688749487e-01 2.733438123250561791e+00 -8.707618976481890982e+00 -3.072178187892800949e+01 -1.797834726258652438e+01 -1.520561542804381938e+00 -3.030510414691541854e+01 -1.694545149255750616e+01 6.908809585116771814e+03
-5.250852043657784662e+01 -2.193254653754592720e+00 -3.084680137090322916e+01 4.597390465770086365e+01 -1.516360421472067976e+01 8.834103877078335998e+00 -1.918957435806835532e+00 9.740352616265463226e+00 -2.434466165715341290e+01 -1.362329129751027956e+01 1.367673174207828879e+01 -2.534267638163654368e+01 -2.805673408505003241e+00 7.849045957109807205e+03
-5.044735160325475221e+01 -1.219028532865301884e+00 -3.297984624469017945e+01 4.079629610116972316e+01 -1.434257079831723836e+01 9.195239321353293249e+00 -6.820368335982005092e+00 3.085942016152475986e+00 -3.043215133636714143e+01 -1.390507165106561516e+01 6.605798834398210140e+00 -2.628366633856460055e+01 -7.952503747191219219e+00 7.561908436758736570e+03
-5.120990006007044570e+01 1.222201433293312878e+00 -3.651904030447407479e+01 4.175760165467875851e+01 -1.604341704477602804e+01 7.678254293474731540e+00 -6.796079638459793237e+00 2.070388652602023427e+01 -1.975699347858238397e+01 -6.012397064625385035e+00 1.616986415690438506e+01 -2.395969829371833981e+01 -3.448315722294542418e+00 7.766379916693900668e+03
-5.147639869880364927e+01 -1.065767407066630490e+01 -3.941128932052279055e+01 1.863019804944613966e+01 -2.354082432063347241e+01 -1.078736409196530310e+01 -4.912839022898908503e+00 8.840720249639606010e+00 -2.862168183742315364e+01 -1.252022348805648022e+01 6.051874692824909197e+00 -1.302918093130338484e+01 4.010769330963523061e+00 6.634999281465195963e+03
-4.979770099270056960e+01 -7.540578623805235914e+00 -2.752029579271871285e+01 3.026695529580027610e+01 -1.756696500811886352e+01 -9.859657430580446302e+00 1.027293030485227909e+01 1.541242230396928470e+01 -9.592894545902112213e+00 -2.798492291153169109e+00 -5.501060703215095993e-01 -1.730184840166542415e+01 -4.303951186680331276e+00 5.377049331598604113e+03
-5.327299124194131963e+01 -1.444334374403579702e+00 -4.221976664207941354e+01 3.507650024429683810e+01 -3.396062941561792314e+01 5.549462291955388205e-01 -3.631517792425221547e+00 1.607570602423391648e+01 -1.002803701242544854e+01 -2.883763334759694708e-01 1.603735375739194069e+01 -1.516273631259614874e+01 -9.502963494003861200e+00 7.956272114051071185e+03
-5.236946785168192520e+01 -3.096093553558995737e+00 -2.917142376377097435e+01 4.097924578273778451e+01 -1.107518988800981674e+01 2.595610939031854691e+00 2.740370063623872587e-01 2.077383783849992227e+01 -7.628010953085965440e+00 -1.154109253537164115e+01 6.133667471400107374e+00 -1.978145406594844502e+01 -5.359480746134552831e+00 6.492477173203252278e+03
-5.338593123688133346e+01 -8.795680355989086152e+00 -3.240614305655611815e+01 4.279927269720120364e+01 -1.068034946437007626e+01 -6.603866988817410189e+00 -1.115961123930994958e+01 6.611705259006153135e-01 -2.116839849271449125e+01 -1.673352311169129791e+01 -4.709601919373322954e-01 -3.190334209650555763e+01 -2.683510683882747117e+01 8.558292381485245642e+03
-5.382964008788035670e+01 -1.057768338482248183e+01 -3.539922881011335676e+01 3.443807840920189278e+01 -1.245902054609219078e+01 9.238377096293998170e-01 -4.714340370361716381e+00 1.627802316214049938e+01 -1.196168098940928637e+01 1.061011097880041909e+01 3.972382336963696581e+00 -1.084787001251494054e+01 -1.387898187251983018e+01 6.473622405057901233e+03
-4.993889911850195773e+01 -1.052623054443263984e+00 -3.590626180651761956e+01 3.519582572601184722e+01 -2.481038438605708052e+01 2.026210332156749416e+01 -1.741963742259041581e+01 2.453596088259568830e+01 -3.788962345714758584e+01 1.338516997507573159e+01 1.308608060401786455e+00 6.155589868101499107e+00 -1.273772117705164497e+01 8.771212218131635382e+03
-4.964512475635813615e+01 -8.171692287218805362e+00 -2.292456877829560469e+01 2.706371754202507773e+01 -7.629861890415577719e+00 -1.352996006981240340e+00 6.928792953439019797e+00 1.578159458543058946e+01 -1.572768634721978032e+01 2.745634299264713807e+00 2.029076467042014897e+01 1.736586610356668503e+00 -9.975539552201494686e+00 4.915648796753916940e+03
-4.760913037148745275e+01 4.586030375451407792e+00 -2.610669051864139334e+01 2.652196491243086029e+01 -1.335259702029518181e+01 3.910080929662225202e+00 -8.206950264680918039e+00 -1.067289008228784652e+01 -3.773685612218335450e+01 -2.363985042506283207e+01 1.053486713417150078e+01 -1.509404988840552964e+00 1.142745000472560690e+01 6.274241258075831865e+03
-5.129794738420680744e+01 -1.797461148565526190e-01 -2.848671376443036607e+01 4.239372029865965885e+01 -1.449360356383784598e+01 1.503403965113815577e+00 -2.570246206306076697e+00 5.215362762544298647e+00 -1.834435442601838417e+01 -9.422816219868291654e+00 1.446223285495134014e+01 -4.122595552034455935e+00 4.165030227566820287e+00 6.155167293264034925e+03
-4.649486293640963908e+01 1.049688484312978076e+01 -3.672281295092652442e+01 2.896224205579622790e+01 -2.543715170076809784e+01 9.940947444436410763e+00 -1.083485464563766598e+01 -6.185081753908582058e+00 -3.663752854775278678e+01 -2.574812893848982398e+01 1.435277920488441872e+01 -1.433617129296255399e+01 2.131006049319998752e+01 8.231775159437946058e+03
-4.954377985002263785e+01 -2.510494489880768398e+00 -2.797807584545456550e+01 3.137677517097178992e+01 -7.033196939884319043e+00 -6.315639691339066886e+00 3.275586763115013178e-01 -5.959379728157652295e-02 -1.840593395685401035e+01 -1.744537482045054233e+01 7.486762154365690591e+00 -6.667015533405772132e+00 -1.059215192488654367e+00 5.062369610520865535e+03
-4.564018535918185648e+01 4.167343809722747316e+00 -2.642790992252948001e+01 2.009602153106601108e+01 -1.768902957868613157e+01 -1.482188873138490237e+01 -1.001344232279380897e+01 -6.720710002212613610e+00 -3.091929406842221084e+01 -1.611156228385469191e+01 6.774887026103779242e+00 -4.373277078620262159e+00 1.162796807830945056e+01 5.296524374555395298e+03
-5.238523036530084909e+01 -1.025165762088974120e+01 -3.250896807626312324e+01 2.568110930489009647e+01 -1.485083945912606573e+01 -1.835317352671817304e+01 -8.845508278249207379e+00 -2.566916524466060778e+00 -2.765182706926578149e+01 6.615402818304721322e+00 2.060273626767136079e+01 1.026365166476720781e+01 2.099808466389227135e+01 6.987001654681409491e+03
-4.850866839392504914e+01 6.418572396508091416e+00 -3.189721348144447433e+01 2.641521928766782423e+01 -3.440636580839345982e+01 -8.986050067826562682e+00 -1.507062467400303696e+01 3.003005863942958431e+00 -2.105246928121312422e+01 4.797116974328196615e-01 2.503145967769759750e+01 -1.453028763040073557e+01 5.692325569848366573e-01 6.891637739174821945e+03
-5.225400944561916816e+01 -3.348872503352529950e+00 -3.031999114098810111e+01 3.304892125088088051e+01 -2.209096695011768574e+01 -1.679168151521371888e+00 -1.074813987316253439e+01 1.350933689680386962e+00 -1.817555219730635585e+01 -2.066898906875775932e+00 1.208727254533895668e+01 -1.538805002060859195e+01 -4.215217083756255256e+00 6.096692532715845118e+03
-4.773336648998728293e+01 6.038700998729895630e-01 -2.601708062748753747e+01 1.945678100067548399e+01 -1.660942394292325019e+01 -1.466159636571981473e+01 -7.326999778100796057e+00 -4.976764952024014477e+00 -1.107998039906289911e+01 -1.125562114769991240e+00 6.647553397918288809e+00 -4.638349171313824293e+00 -2.956086516615076931e+00 4.102057786118159129e+03
-5.245439106994803069e+01 -7.985605414547211289e+00 -2.721055904510264511e+01 4.054610499146406255e+01 -5.512189015412337634e-01 1.963889909273487833e+00 -2.189531161578792684e+00 5.676402374501213544e+00 -8.955355521503634009e+00 -1.471304498966229612e+00 2.584986090568708406e+01 8.972501204275393771e-01 -8.385082300146629919e+00 6.062503587607076952e+03
-4.828346920510018947e+01 2.670693547432312909e-01 -3.124956183853798919e+01 1.742233320567524402e+01 -1.458221025452558983e+01 -6.430235720994502024e+00 -9.706435498489375036e+00 9.585449225721438815e-02 -2.569618969533494024e+01 -1.128608434304558905e+01 -7.066613862613727370e+00 -5.423498421968226069e+00 -1.555316348961545891e+01 5.068572525263112766e+03
-5.215929955538009466e+01 3.377911100897104557e+00 -3.774473148385014554e+01 4.130785110693433637e+01 -2.304671296106879552e+01 1.545396397632464502e+00 -1.076623358478597936e+01 2.425674468689635432e+01 -2.779879701679214676e+01 9.169852843997453817e+00 -2.870973746669848392e+00 -1.047684329466389785e+00 -4.926126410164211933e+00 7.991312978995776575e+03
-4.850452750106392585e+01 4.085659005530357657e-01 -2.369252127417758658e+01 3.527948228623237981e+01 1.242157621722492916e-01 -5.489204670596393720e-01 7.371238687632912345e+00 1.437604319704554534e+01 -6.836498445540169833e+00 -7.269443266841603801e+00 5.370641826198790936e-01 -2.366321271607783316e+01 -1.689162261195732739e+01 5.365301574789699771e+03
-5.100097050716325242e+01 6.437562302118234214e+00 -3.645431486577901836e+01 3.564574232931764186e+01 -2.038552230291113432e+01 3.617180294637723836e+00 -7.366458138507483433e+00 2.401123711043653941e+01 -8.802881909588785803e+00 -6.394450685071159768e+00 1.311488352465244667e+01 -2.147648674972252536e+01 -1.195806051769067579e+01 7.196149539332977838e+03
-5.184565319407047213e+01 4.611060693911627872e+00 -3.880558547921248902e+01 3.293809262939213056e+01 -2.008543508157204016e+01 1.135770057333911431e+01 9.360894735569635472e+00 2.137535146185565793e+01 -5.648769237693207934e+00 -1.674185972774876419e+01 1.935541362613514949e+00 -2.311235481177228479e+01 1.157736671417338298e-01 7.227118241285561453e+03
-7.116532490271089273e+01 -1.733537403732767501e+01 -4.342691244231676961e+01 2.605044104819052109e+01 -2.199434162038862439e+01 1.280279991838850862e+01 1.091905217883863966e+00 1.054879816780679747e+01 1.509987851366032308e+00 -1.026208942723679129e+01 8.045781667898792122e+00 -1.518692880171772153e+01 4.690021386001376413e+00 9.114637265855935766e+03
