-1.837872919722830716e+02 0.000000000000000000e+00 0.000000000000000000e+00 0.000000000000000000e+00 2.658533217257963476e-14 0.000000000000000000e+00 6.864338900890931966e-14 0.000000000000000000e+00 7.681979238110637171e-14 0.000000000000000000e+00 6.748200841563957577e-14 0.000000000000000000e+00 3.507168814121481235e-14 3.377776869050522509e+04
-1.837872919722830716e+02 0.000000000000000000e+00 0.000000000000000000e+00 0.000000000000000000e+00 2.658533217257963476e-14 0.000000000000000000e+00 6.864338900890931966e-14 0.000000000000000000e+00 7.681979238110637171e-14 0.000000000000000000e+00 6.748200841563957577e-14 0.000000000000000000e+00 3.507168814121481235e-14 3.377776869050522509e+04
-1.837872919722830716e+02 0.000000000000000000e+00 0.000000000000000000e+00 0.000000000000000000e+00 2.658533217257963476e-14 0.000000000000000000e+00 6.864338900890931966e-14 0.000000000000000000e+00 7.681979238110637171e-14 0.000000000000000000e+00 6.748200841563957577e-14 0.000000000000000000e+00 3.507168814121481235e-14 3.377776869050522509e+04
-1.837872919722830716e+02 0.000000000000000000e+00 0.000000000000000000e+00 0.000000000000000000e+00 2.658533217257963476e-14 0.000000000000000000e+00 6.864338900890931966e-14 0.000000000000000000e+00 7.681979238110637171e-14 0.000000000000000000e+00 6.748200841563957577e-14 0.000000000000000000e+00 3.507168814121481235e-14 3.377776869050522509e+04
-1.003081964042948329e+02 -1.656209767986214487e+01 -1.033186591078642103e+01 6.820776347318110666e+00 -5.539962791908431328e+00 1.129468082247618455e+01 -5.348884518370408792e+00 -2.701994633618713237e+01 1.640398061533543483e+01 2.077680831147236340e+00 2.286872306911515718e-01 1.719645635930278615e+01 1.677257454377862889e+00 1.197824779623669383e+04
-5.072221394197963207e+01 -4.576797449856201183e+00 -1.068597906322532864e+01 1.546719700861144453e+01 -1.280469617276350824e+01 1.081916183970849943e+01 -1.523152993070873507e+01 1.794737585641944833e+01 -2.965357598374673032e+01 -2.388138613285037959e-01 -6.523781261856554714e+00 5.246697655217596790e+00 -3.580125962802643169e+00 4.744533165899659252e+03
-4.332064196533394806e+01 -2.563009430103153008e+01 -7.626960577642141637e+00 5.164140187466523813e+00 -3.106309996040367238e+01 1.630471662891783424e+01 -2.294001080710091500e+01 8.784387946914018030e+00 -3.012829616093280549e+01 9.104856275296887569e-01 -1.720117715243799594e+01 1.398085003534177773e+01 1.305664735648075769e+01 6.022952073598855350e+03
-4.171703262413591773e+01 -2.279203936323106561e+01 -8.187089775311502393e+00 1.795688801176109095e+01 -2.275020300839972620e+01 2.264570983287182315e+01 -7.963558110460985162e+00 1.614914643251239923e+01 -1.893456261149953690e+01 2.314906087175501526e+01 -2.992899834184453312e+01 3.446409299103922130e+00 -2.592797971167196458e+00 5.812621195045065178e+03
-4.590046025257726825e+01 -1.102555125903676547e+01 -7.522441109875221521e+00 1.896939837961493325e+01 -2.267818426637684226e+01 2.207895242517773227e+01 -8.586877831729490040e+00 2.690628671775689895e+01 -5.781195037831714068e+00 6.021187839859865498e+00 -1.016466076469252400e+01 6.900657589732482222e+00 1.499868481639643925e+00 4.667169072910898649e+03
-4.746893819648774837e+01 -9.973119066256545651e+00 -6.963680675021601374e+00 1.774144490307062227e+01 -1.509836874102447624e+01 2.571466328854615924e+01 -1.420438455580631576e+01 2.047582111620970835e+01 -2.878763389169537135e+01 6.252230533220982656e-01 -4.809459835539624528e+00 5.545486164421497222e+00 -2.885916397867919869e+00 5.117573953993194664e+03
-4.548342209094197131e+01 -2.012522150838425894e+00 -7.868827279685530307e+00 1.864636360957512196e+01 -2.041205130609317919e+01 1.699319613953026575e+01 -2.711025168844453148e+01 1.936490854423129093e+01 -2.846108685677474881e+01 -7.240025649114356199e+00 -2.126703269279383335e+01 -6.630834339767122998e+00 -9.808565091253894863e+00 5.752697261440663169e+03
-4.445767659933454041e+01 -3.677675036375507744e+00 -3.141838560994521412e+00 2.640209856517075337e+01 -1.794051474772857802e+01 2.177441549913276830e+01 -1.814957633939329895e+01 2.876930503758111968e+01 -2.421780773276939414e+01 7.763301684489354315e+00 -2.350026264986640356e+00 5.089046799831951517e+00 -1.327943606299680468e+01 5.504555041213743607e+03
-4.568438721349387777e+01 -7.633925344431684579e+00 -1.103266183795364341e+01 1.832288070862987084e+01 -2.134345355017840973e+01 3.665329345100461467e+01 -1.763987308168120549e+01 4.357842417013144143e+01 -1.088087743277938380e+01 2.484422421207280962e+01 -1.938311716311427801e+01 1.130824821926178814e+01 -8.124451950775778641e+00 7.917256140328745460e+03
-4.592486110234035124e+01 -1.234727568973483791e+01 -1.108070549681243833e+01 1.030525931542971918e+01 -2.948283442364599338e+01 2.078089392940892566e+01 -1.468520896073351700e+01 2.726917042561911941e+01 -2.968228437983007062e+00 1.706131400134167464e+01 -2.377824933727115564e+00 1.089225425221522237e+01 -8.733886119793798031e+00 5.251349420548561284e+03
-4.583787746530944673e+01 -1.037579847968015123e+01 -8.811872923989032103e+00 2.158559347058027811e+01 -3.294841071644675878e+01 1.730182767812517142e+01 -2.815666433410034486e+01 2.669359007271906492e+01 -2.768605000956312878e+01 1.129086627824672284e+01 -2.201813476190883279e+01 1.178641222043874492e+01 -6.665135487387478186e+00 7.204794490592309558e+03
-4.484659771169388165e+01 -1.595979034993076517e+01 -8.396349934347547617e+00 1.556813383693961228e+01 -3.232318536556986999e+01 1.514951793167061034e+01 -3.733395629050890108e+01 1.207619983802827690e+01 -1.819486876451145818e+01 -5.211799265266622072e+00 -6.000607469390180526e+00 1.024824806100279773e+01 -1.120145808090191331e+01 6.017475460680734614e+03
-4.818972118507632985e+01 -2.637625234156543375e+00 -1.543806844463266259e+01 2.011467731210634469e+01 -3.720009300834107790e+01 2.689978235504426252e+01 -3.324618688779223419e+01 4.168529755575548990e+01 -3.633374315412279287e+01 1.105363665032796838e+01 -1.641128049128105104e+01 1.779478709919666102e+01 -7.445183698106239589e+00 1.000629779126546600e+04
-4.707562539635323873e+01 -1.558216186980537099e+00 -6.968681088522057365e+00 1.525405231874167100e+01 -2.776046501432729841e+01 1.786285743117977631e+01 -1.972595575380611876e+01 1.867496239131452285e+01 -1.465859434060720368e+01 4.802734730069351698e+00 -5.115767080700114988e+00 1.477263972169807316e+00 -2.023592964825474017e+00 4.597772775620685934e+03
-4.645946052997182107e+01 -3.453399407317815584e+00 -1.017758096794787015e+01 1.573337901716440435e+01 -2.413225863317476083e+01 2.121726185687032284e+01 -1.077773186933390726e+01 3.109361811947549015e+01 -7.591006610336698657e+00 1.603147754409078019e+01 7.875724628371769676e-01 3.233888087527867494e+00 -1.098105420383727449e+01 5.083334016887177313e+03
-4.678786598289852350e+01 -3.377774856241279045e-01 -1.021157940620650528e+01 2.161918904212454962e+01 -1.794992296730670844e+01 2.889037351683060706e+01 -1.530166995571569011e+01 3.534324093835342495e+01 -2.529017761352538329e+01 1.986984760211713663e+01 -9.806680044516021155e+00 1.301696802503695949e+01 -1.260502633723533528e+01 6.859926432083992950e+03
-4.778283757389625919e+01 -7.714569335666074501e+00 -9.175687151083790738e+00 1.782234961962852537e+01 -1.449052162013175504e+01 8.402707895600965315e+00 -2.593553559420508492e+01 2.669633937292879367e+01 -1.509251106703125878e+01 6.300871934991962853e+00 -1.063435398825659384e+01 -4.049763499312684978e+00 -8.540130269544745190e+00 4.880379558200495921e+03
-4.806789930488996987e+01 -7.822282591156516141e+00 -1.653763895112821913e+01 1.406787487563746986e+01 -1.982295838242361796e+01 1.719113362704027637e+01 -2.712924835247721944e+01 2.629832951561218835e+01 -2.427457210212266503e+01 6.074500317829979679e+00 -2.821764596365757072e+01 -1.783302049118131949e+00 -1.739068959390269598e+01 6.687198859344232005e+03
-4.913135031294240207e+01 1.213813847837022397e+00 -2.140377179477953362e+01 2.267829689786287162e+01 -2.888046509324450639e+01 2.792270176813314464e+01 -2.945937708292431623e+01 3.731404450740298273e+01 -2.151073078957074358e+01 2.073057301761549809e+01 -1.543556301874276215e+01 2.034792283055085704e+01 4.066005157506169532e-01 8.806668968452595436e+03
-4.819115080008520380e+01 -9.459138930824616542e-01 -1.087149315102653091e+01 2.316255655214223097e+01 -1.779890103515236532e+01 1.342613403418448570e+01 -2.443251278202587073e+01 2.089654026366063988e+01 -2.538506613778067234e+01 1.689386996998794999e+01 -9.969141501642111436e+00 2.327870657539061749e+00 -9.004570776078592687e+00 5.624339671213127986e+03
-4.740499668396240196e+01 -1.721383007222314632e+00 -4.948617349511436281e+00 2.178843099976008446e+01 -1.532652948778813418e+01 1.619268938894634857e+01 -2.288962441214383148e+01 2.921065416400604420e+01 -2.578140392763859268e+01 8.413753244118177932e+00 -8.778332690287950157e+00 1.954836160621580721e+00 -6.921206588784344582e+00 5.487979969386193261e+03
-4.717619161927354554e+01 -2.685097047636864076e+00 -2.613425003869125351e+00 3.095896811975600471e+01 -1.102474559304260637e+01 3.376435014036487559e+01 -1.015697509569995560e+01 4.275059181265422126e+01 -1.339538416650262853e+01 2.000869128283695986e+01 -1.267085481935631641e+01 7.197851031170787728e+00 -4.148891956762427391e+00 7.199801067972962301e+03
-4.870393268992899749e+01 -2.643724801645497835e-01 -3.851732502155011506e+00 3.421757839035443993e+01 -2.264798370066906230e+01 3.643682125515486092e+01 -2.187600348572676978e+01 3.718024312141029952e+01 -2.678868371992277275e+01 2.700618004159668573e+01 3.704931896369231037e+00 1.140406393619033665e+01 -1.493112776709183409e+00 8.852300498668810178e+03
-4.762676335906873959e+01 -4.959658368593282129e-01 -3.259880317987457143e+00 3.400657240190925990e+01 -2.277273404546769697e+01 3.318276243343439802e+01 -1.547349754227181329e+01 3.790544496225140847e+01 -2.673611464495076717e+01 1.997344502187600668e+01 -5.527877074162057092e+00 1.535554455825604947e+01 2.771862479539885182e+00 8.119365106565242058e+03
-4.654026695207393516e+01 -7.469492198862318411e+00 -3.858038587122292196e-01 1.838052104774324391e+01 -1.754596225097037987e+01 7.061748570100445654e+00 -2.650034936545928232e+01 2.374047863174661899e+01 -1.497239052382360214e+01 1.317624464086316216e+01 -7.531320470706296177e+00 8.510215963040659304e+00 2.026579996976716647e+00 4.714427577706685952e+03
-4.872575600541338048e+01 -3.856758694766124762e+00 -2.814153011482900979e+00 2.490455177194230885e+01 -1.498079679200874104e+01 1.672054257596931848e+01 -2.080500747331699429e+01 2.955947247471493000e+01 -1.905396513466016728e+01 7.636984250211367176e+00 -5.831190022912117188e-01 1.258566349801415640e+01 -4.745935926092927915e+00 5.430481584630072575e+03
-4.939449430499482219e+01 -3.541528294340479111e+00 -5.632968209628061551e+00 2.331853838545425717e+01 -2.506557043603610779e+01 5.719409361745641185e+00 -2.960368511384913148e+01 7.785339612559748268e+00 -4.288716557343322933e+01 -4.094073940650527099e+00 -2.118277290969176363e+01 4.138839395949457156e+00 -1.233521643676190571e+01 7.099895040109684487e+03
-4.907185288470137863e+01 -3.533573923410199491e+00 -1.752401718468812764e+00 2.345392386602314616e+01 -1.943287200723939989e+01 1.752948573556503931e+01 -2.605191813140375601e+01 2.598717466152263711e+01 -2.677348262661865164e+01 1.521275999140224577e+01 1.812763835080165808e+00 1.094172599794817202e+01 4.847226891467980026e-01 6.084135291658241840e+03
-4.727980099217199950e+01 -1.685591949642693876e+00 -7.474482834542971688e+00 2.603516710917491395e+01 -1.350800155073918418e+01 1.849409596661888244e+01 -1.459564404799161252e+01 2.120065627176121836e+01 -1.637168285210744045e+01 4.825361958147733610e+00 -5.860369784186898912e+00 2.820713148631917910e+00 -1.077675817112314682e+01 4.608671955963225628e+03
-4.883116033388350985e+01 4.790507362674516045e+00 -1.315483904655132541e+01 2.232347171463346669e+01 -1.762173526975499627e+01 2.731433367499609943e+01 -1.413929443992463675e+01 3.073909522590000165e+01 -2.324679335956013659e+01 2.413357566558676837e+01 -9.169623295390271878e+00 1.868322709976285578e+00 -2.043041146485116855e+01 6.908045570331963972e+03
-4.978668294422246277e+01 3.816712554816975356e+00 -1.228846797706831673e+01 1.707409848569371036e+01 -3.264662084987411816e+01 3.003370053543389151e+00 -2.771289893574655139e+01 1.613735182726255957e+01 -3.697202546206669638e+01 -5.433639754758336160e+00 -2.791731550082603874e+01 -1.325996836290782710e+01 -2.536042926553392007e+01 8.033863099693270669e+03
-4.954340383809910264e+01 7.894364258520565336e+00 -1.218425026027662916e+01 1.831074559471059970e+01 -2.570088806098175027e+01 6.786483790824300755e+00 -1.956055303244653132e+01 3.229246293480532870e+01 -2.115333938965734362e+01 1.492282277619244901e+01 -1.275792031650685310e+01 1.551181773406480557e+00 -8.248321836491248504e+00 6.035979532006111185e+03
-4.576912439335681881e+01 -3.333979122372296100e+00 -2.175379125907074140e+01 3.861065300238558251e+01 -2.131827620143224422e+01 2.432749028589187290e+01 -2.735865228198684918e+01 4.659421904330025654e+01 -6.308952613662670572e+00 3.063751537818994208e+01 -2.037698340568518773e+01 1.513891347928714914e+01 -1.333434255246666567e+01 9.836423987674957971e+03
-4.681459234354446153e+01 2.745807151118801470e-01 -1.221979748711127378e+01 2.224745869405522569e+01 -1.187047483366553280e+01 1.988438998033175054e+01 -7.401562133946483435e+00 2.553318249055391576e+01 -1.500002491025987439e+01 1.518482216607415225e+01 -3.023277200269980014e+01 5.182880909875770215e+00 -1.171970266261268456e+01 5.612791747133219360e+03
-4.774263631109705130e+01 -1.094974128293060150e-01 -9.588934220858892132e+00 2.038957030118247360e+01 -2.202658821896011787e+01 9.139932046646798369e+00 3.931397793489751352e-02 2.756442577823053597e+01 -1.410449743137990630e+01 -6.923850132750742903e-01 -7.986268490909904649e-01 8.089511220173903894e+00 -5.098195438199471852e+00 4.407047446783210944e+03
-4.366205193838199961e+01 -5.557736588342822692e+00 -2.378233701131239641e+01 1.911267707946880634e+01 -8.680465965168144393e+00 2.095607875882500792e+01 -6.916731759851905359e+00 2.566969527946994489e+01 -2.438903573515687739e+01 1.721205728390049927e+01 6.997989607611245777e-01 -8.315473933251675831e+00 -1.867729890457365016e+01 5.398997654342059832e+03
-4.511895309556030043e+01 -5.795665769668358891e-01 -3.271987319958678597e+01 2.739015384537011144e+01 -2.887417214144354105e+01 2.653076332908396040e+01 -2.870774036597820356e+01 2.122126006991999603e+01 -2.474222421176537878e+01 1.814912812605948389e+01 -5.919361360624332491e+00 2.213957488847373867e+00 -1.520794650851805940e+01 7.881732505647179096e+03
-4.729513096208106049e+01 -8.753704210427379895e-01 -2.794498998989581295e+01 2.268210999610670697e+01 -2.740794849729393690e+01 2.347303374270414977e+01 -1.737279000407590956e+01 2.420266910266311911e+01 -5.805396925080627213e+00 1.945404286942662964e+01 -1.840887967693452509e+01 9.376935716419522393e+00 -1.857155900370031532e+01 6.906637239281329130e+03
-4.566211797575595455e+01 -9.921021908911957787e-01 -2.464519411655347625e+01 2.286607364470102866e+01 -1.177180070427466951e+01 2.922043946011178051e+01 -1.349220006060889254e+01 2.122743072770494521e+01 -1.463322084728651618e+01 2.143604817087746639e+01 6.676985694357168377e+00 9.167039470904363441e+00 -1.248117802521727704e+01 5.799340722665319845e+03
-4.714288446765191054e+01 -1.697933061399319987e+00 -2.401968774546826424e+01 2.759830732235822026e+01 -1.226002524538575145e+01 3.775130688578433080e+01 -1.118128950743897043e+01 2.042947122626003420e+01 -2.571784620373005836e+01 2.171387949131758432e+01 3.851495364148339817e+00 7.004443355241628311e+00 -1.042998521556294023e+01 6.987381430072293369e+03
-4.899236058325184473e+01 -6.081816151313039320e+00 -2.607207715588051755e+01 1.329209282457068042e+01 -3.052289626854252447e+01 1.885489711933826129e+01 -2.842704021550080640e+01 7.914054003518802283e+00 -4.853493657006479367e+01 6.913053969709054947e+00 -1.273530274366872206e+01 -4.548433949363124285e+00 -1.773242490179003994e+01 8.352301493592842235e+03
-4.635564116496425413e+01 -1.906857605563438751e+00 -1.498456500248562406e+01 1.432876931912975849e+01 -1.176440026247927406e+01 2.566618269058833945e+01 -4.825334761594354482e+00 1.963950443733842732e+01 -2.044452890953502333e+01 1.029590380251173798e+01 -5.178379439956382058e-01 3.776106563203189381e+00 -1.436255725682940820e+01 4.533275015117541443e+03
-4.848606979774028503e+01 7.347114351526169429e-01 -1.736996427031135326e+01 1.667048365636505380e+01 -2.188541196643032904e+01 1.800155937149915886e+01 -1.593789243605647776e+01 2.051702029516516745e+01 -2.135846845000093452e+01 9.274240301462553404e+00 -3.250525787750649709e+00 4.138157109466060746e+00 -1.929810922046371147e+01 5.351354372598181726e+03
-5.009538522960444595e+01 -1.978752558665297201e+00 -1.565436517325577981e+01 2.187286040192801906e+01 -1.400785852045145496e+01 1.028908455888447548e+01 -1.919252743563471952e+01 1.050188388561783093e+01 -1.444206301599017372e+01 9.817151359149331569e+00 8.890219618967842408e+00 1.289907262463704107e+01 -4.751834028120044628e+00 4.590623941080440090e+03
-4.902249196796309150e+01 3.844753266077858278e+00 -1.644851488127224926e+01 2.671888640627717137e+01 -2.088134311438783897e+01 1.536642898923201450e+01 -1.975165712713587851e+01 1.913365341448182733e+01 -1.676549650236373523e+01 1.549854020088486450e+01 -5.646085349069219106e+00 4.509310381277285451e+00 -3.025996990001111442e+00 5.413477100408730621e+03
-5.007547605594109541e+01 -1.993467625735453330e+00 -1.502106558450071105e+01 2.155256630666166373e+01 -1.556350197127417800e+01 1.638966011608668438e+01 -1.413249937647444376e+01 2.246706349074604603e+01 -9.441154045403866490e+00 1.824870975410760110e+01 5.607004934038044119e+00 9.887975684749486405e+00 -2.462050788807649493e+00 4.974435832912767182e+03
-5.041406806724624801e+01 6.719103756456413779e-01 -1.567371828155053315e+01 2.047143584564755514e+01 -1.549111270377888694e+01 1.107622155229490879e+01 -1.021694927354411853e+01 2.583844171643247734e+01 -1.057657918585280932e+01 1.737781374745998875e+01 5.060327626592299843e+00 1.721330267241181033e+01 7.667468965758134303e+00 5.135990455299467612e+03
-5.041540870635146376e+01 5.097972231734365423e+00 -1.489164686753505151e+01 2.129440874372228265e+01 -1.880958613288987635e+01 8.960161037661483974e+00 -1.141422189261966302e+01 1.990049741713174569e+01 -2.644626395285046883e+01 1.582266389693802111e+01 -3.205725628721804554e+00 6.396384173949853924e-02 -5.822466151495548914e+00 5.197258471375041154e+03
-4.982457754128432725e+01 3.001109191418135147e+00 -1.348238247026978520e+01 1.613716490902585221e+01 -1.093542097835726246e+01 4.941052903531166329e+00 -7.311320822424852039e+00 1.656638986179427064e+01 -1.653791747595118267e+01 1.835271627241551684e+01 1.325334677268133809e+01 5.368644009635191061e+00 -8.435865801933302155e-01 4.221086119427349331e+03
-4.952084457637492676e+01 6.733709616075186588e+00 -1.033699535077705001e+01 2.585325352551003775e+01 -1.504059588961193406e+01 5.745638105714382604e+00 -1.912521665971222617e+01 1.267596233048684695e+01 -2.237176019965756524e+01 1.070594503902209382e+01 2.803904621352041993e+00 4.245262879658296740e+00 -8.062701958234312016e+00 4.764591113248597139e+03
-4.865795734121279992e+01 6.308231990696816283e+00 -6.981275368664593195e+00 2.835684158841986502e+01 -5.553356814474765812e+00 2.259841332839631178e+01 -4.648651274416333301e+00 2.846448590008688839e+01 -2.330176100502466596e+01 1.922948137059992035e+01 5.711293682819131412e+00 1.827990344241045406e+01 9.367861773550426818e+00 6.000879846530032410e+03
-4.999476603532573904e+01 3.061245053601186594e+00 -2.725524957103758972e+00 2.962575818666837790e+01 -2.667613368695224807e+00 1.631654623003083415e+01 -2.800060143526275080e+00 1.996919134024076570e+01 -1.928811145901588020e+01 1.977731043955948209e+01 8.448117782786841445e+00 1.014666623833558923e+01 3.154885671484136012e+00 5.021368753486270180e+03
-4.964143661052681011e+01 4.045908966028703979e+00 -1.563008036551144642e+01 2.740149206585736152e+01 -1.992399592311955914e+01 2.012684587495605371e+01 -2.355061579935089711e+01 3.009772821876241267e+01 -3.283179973526888062e+01 2.585302140321154241e+01 5.219850668776421010e+00 1.335176307346113234e+01 -5.483735082827922547e+00 7.720236632828296024e+03
-4.545237603891774825e+01 -1.371027663509173955e+01 -8.442034469064966240e-01 1.343584441298864363e+01 -2.333818628258973860e+01 1.831894323220146958e+01 -3.197895550306713730e+01 2.773673093734274175e+01 -2.541593750768271320e+01 8.098048168549084380e+00 -1.730625045671113682e+01 -2.365568717894119821e+00 -1.714615238005090703e+01 6.418000251010899774e+03
-4.534850765279019669e+01 -1.414338255162288149e+01 -4.247277048250963638e+00 3.322731964136625038e+01 -3.559655425252969252e+01 3.273412783559026451e+01 -2.754158018784350404e+01 2.251453872029024339e+01 -4.816558320628661960e+01 2.752321672924425044e+01 -2.806371139544389592e+01 2.468100169607356520e+01 -3.345579744971158398e+00 1.146806495261674536e+04
-4.849903445921049894e+01 -3.797755410045273727e+00 -1.083413377799593569e+01 2.388087608498986469e+01 -2.009404491106396407e+01 1.787232562420974702e+01 -1.150193168439127156e+01 2.045155537357865327e+01 -2.131234656117121062e+01 1.337769801970562078e+01 -1.799025781095901522e+01 -1.478661741338118674e+00 -7.100005719556545358e+00 5.337430018830674271e+03
-4.885911056762176230e+01 -4.590365989619251685e+00 -1.675195475124374056e+01 1.639098359606060384e+01 -2.805116550070092529e+01 2.738888964395783887e+00 -2.794893203178079588e+01 1.116076571020428254e+01 -3.073387655109191741e+01 9.138114854625632333e+00 -1.735251559572957447e+01 -7.857578445212211271e+00 -1.799611512126761070e+01 6.372439175208669440e+03
-4.983678216330719124e+01 -1.006619041194161790e+00 -9.662846827702013641e+00 2.563881886587856940e+01 -1.879784834500189206e+01 1.431550120088820499e+01 -1.167052658103453844e+01 3.347737670910839114e+01 -2.006976003981372259e+01 2.267491180650882043e+01 -1.290410108879057738e+01 1.619592157311326730e+01 5.146040394176014665e-01 6.396701810294702227e+03
-4.934333482303095764e+01 -2.127410049563880801e+00 -5.433862839225731101e+00 2.975553795344226415e+01 -2.120854304995756223e+01 3.363667012323377747e+01 -1.768114870981680653e+01 4.842759262143346177e+01 -2.575198701409011548e+01 2.676667341334229988e+01 -1.317706970132775446e+01 1.557447937589873987e+01 2.137809098704514632e+00 9.393681533595154178e+03
-4.991152827125598179e+01 -8.622709594444158299e+00 -1.225046955637819934e+01 1.222284685452610908e+01 -3.232403852956835522e+01 1.354863775262197656e+01 -2.515335402510246254e+01 2.138632865815928241e+01 -2.825184471181244561e+01 4.048076255172150972e+00 -2.382579311832950353e+01 -5.502210475433827241e+00 -6.909849179718088319e-01 6.596432937681517615e+03
-5.052464537052242122e+01 -6.007813312760461599e+00 -1.063114192332626295e+01 1.705855184747560926e+01 -3.123413095293390285e+01 2.737110257516799550e+01 -1.949706073876453871e+01 2.569379002743011498e+01 -2.353337465079913571e+01 1.137399515607008915e+01 -1.532673539172822963e+01 -4.920419865213130350e+00 -1.563043922724879486e+01 6.944520864455023911e+03
-4.863971145157275089e+01 -8.883072837342387729e+00 -3.352350862849114321e+00 2.774159438889368801e+01 -1.210653896489295001e+01 2.995884596220595242e+01 -1.488906426466974864e+01 3.166608889252401937e+01 -5.992979736990570849e+00 7.851324934762202723e+00 -1.228440439134983819e+01 -9.636518423509492504e-01 -1.320633837449167958e+00 5.745229385408980306e+03
-4.645784915508130553e+01 -9.121616766563919398e+00 -4.816897479641007784e+00 2.376086891707553761e+01 -1.690155680681002792e+01 2.209659711322809983e+01 -2.280712570208502399e+01 3.027183113495159361e+01 -2.721230931101844064e+01 1.206308591371050021e+01 5.275008536739909992e+00 1.453769116395698902e+01 3.079278260066136585e+00 6.174467956952335953e+03
-4.548987973055177747e+01 -1.378304744439743601e+01 -4.996542184043704538e+00 1.880634498144306832e+01 -2.225832632315024284e+01 1.426698641088181674e+01 -3.596510325407129471e+01 8.366174912573411504e+00 -3.052085819906378461e+01 7.364199452205746788e+00 -9.255601417037463419e-01 2.616885827735047521e+00 4.530546125346480935e+00 5.714391946796895354e+03
-4.417498016818414186e+01 -1.712601238590391617e+01 -4.996332649197831266e+00 1.915785507619756700e+01 -2.027986675619773393e+01 1.170425427821820641e+01 -2.712907084074392117e+01 1.770739441045076035e+01 -2.363160372716819779e+01 1.188167345915400475e+01 1.186471915806982125e+01 1.235605678781008976e+01 2.379990631180002936e+01 5.794022888913103088e+03
-4.454802867453463477e+01 -1.154889981111035269e+01 -1.195131015825425180e+01 2.716734171440922196e+01 -2.839580416005805930e+01 2.242452248342444676e+01 -4.554037700697453062e+01 3.506467825448643083e+01 -3.581646099686280849e+01 1.965741589958960134e+01 -2.248418114405838963e+01 8.888657264973215177e+00 -1.009830962799291143e+01 9.967196082719541664e+03
-4.417720089275687201e+01 -1.224235304090943721e+01 -3.334639210144489496e+00 2.595967236131611955e+01 -3.447932127091711152e+00 2.784062294678173544e+01 -2.188576941681347776e+01 1.615079171012822101e+01 -1.583363787513121679e+01 1.132276840251572025e+01 -1.589544615264949279e+00 1.277422820774066459e+01 -2.985278680113984784e+00 4.866876812156847336e+03
-4.520704274386096699e+01 -1.716368790761257701e+00 -7.631622800157938258e+00 1.887772494304801185e+01 -2.587465923664491640e+01 1.046456616244641502e+01 -2.402626136367187826e+01 2.306231044978613554e+01 -2.328327825742099577e+01 1.874191419423717875e+01 4.690945994623489490e+00 1.977322957442586215e+01 5.319519146018638622e-01 5.656008284082453429e+03
-4.175805552185649105e+01 1.060212474810440497e+01 2.359475460561140103e+00 1.349337876546829307e+01 -4.027283361773397985e+01 -7.666267648750636710e+00 -3.228910279712159337e+01 2.205115828055784988e+01 -2.172759290276649935e+01 6.872339779990210396e+00 -1.590745731731440848e+01 3.135054129111401799e+00 -7.414151199048339080e+00 6.090453921416436060e+03
-3.720624182889180531e+01 1.544750978116610618e+01 -1.104866016119518335e+01 8.175496873308484291e-01 -3.851731326629831642e+01 3.673344787131075151e+00 -5.405028752245848267e+01 2.894809508993069613e+01 -1.639244050763810634e+01 1.631047630120957947e+01 -1.016461718345409437e+01 1.736278248558241799e+01 -1.228203257257310632e+01 8.092551667303781869e+03
-3.553647476361331314e+01 1.369340301433989815e+01 -1.673602647861843451e+01 -1.871086504144773954e+01 -2.032499630380220168e+01 -1.749966529581432439e+01 -3.911557276268323591e+01 1.634077123911120566e+01 -7.189319772353846005e+00 6.072615993846264715e+00 8.123685988001634328e+00 4.341677683855962755e+00 -6.280753059303944674e+00 4.809789257019157048e+03
-3.574649219842382308e+01 2.336808157687380216e+01 -2.403257181403807152e+01 -4.415069881853215250e-01 -2.551971897909949050e+01 -9.410418592919095104e+00 -3.896779661748656309e+01 4.363847041311810671e+01 -1.643172880959950533e+01 1.349256015738554915e+01 8.084744579900412731e+00 -5.094107085604169249e-01 2.689450776180336566e-01 7.082001502497357251e+03
-3.605102173586151082e+01 2.293449237229841842e+01 -3.257618522947967676e+01 4.564454791601896488e+00 -3.811192579494974808e+01 -2.835951340002532906e+00 -5.323395095828378487e+01 5.244148422973254497e+01 -2.193448396988851101e+01 2.342661026763109078e+01 -7.510651123020259945e+00 5.593646904071335690e+00 -4.353656951386094320e+00 1.108881426135966831e+04
-3.443091992781749155e+01 1.530669454731955526e+01 -2.900623665635434989e+01 -1.195300574459861132e+01 -2.470992786516246298e+01 -3.120252124482168909e+01 -3.150892936541216116e+01 1.856825032651007845e+01 -8.281592025201709006e+00 2.417630739400146389e+00 -8.923937719706882987e+00 -3.521864893382771200e-01 6.779505759608757398e-02 5.479984674195411571e+03
-3.294249969790806176e+01 1.684525437665143244e+01 -2.835617729437687373e+01 -8.648208953946314281e+00 -2.156389027670537573e+01 -1.322629676378324071e+01 -2.929896239607710839e+01 4.333680119909615769e+01 -9.100295714179262418e+00 2.000088603313956881e+01 -1.885092841854765000e+00 5.830929213220517937e+00 1.001243673772392206e+00 6.145685639430609626e+03
-3.211805284635433111e+01 1.445128776654338587e+01 -3.006599381888302602e+01 -1.714341318182332685e+01 -2.276685525156384315e+01 -1.369845805179311782e+01 -2.899951610536670898e+01 2.973314632142172798e+01 -7.899161377935050687e+00 9.573104501357586615e-01 9.280826835838681177e+00 -8.651366785690925987e-01 2.419697995229623880e-02 5.019474999647242839e+03
-3.210295645329242831e+01 1.797720980175452610e+01 -3.049547693791112479e+01 -3.852494740506262172e+00 -2.350926609930342082e+01 2.444811831859845963e+00 -2.875706183405825200e+01 3.983848930510208675e+01 -1.298122125565210894e+01 4.010898102033113588e+00 2.075602546136432380e+01 -8.981885689796120786e-01 -2.523591025355655049e+00 5.893919503750821605e+03
-3.293988401561435353e+01 1.558052668918433703e+01 -3.693981380155105398e+01 2.305902666678445900e+00 -3.245895842846641699e+01 -6.356933863132190332e-01 -3.998396477729512810e+01 3.947889851604726630e+01 -1.908603808201512209e+01 4.744886404962425530e+00 1.737281470335111422e+01 -4.068836011897738025e+00 4.124575920492866032e+00 7.631117797767345110e+03
-3.163049799470207191e+01 1.126348012457743231e+01 -2.398946499751190586e+01 -6.827942136127557182e-01 -1.166228621165909907e+01 -2.964083511991106867e+00 -2.784844752064296003e+01 2.938945006647388780e+01 -1.430469445366419556e+01 2.933397205738873303e+00 2.923303783067931150e+01 3.336595892090519655e+00 5.327440379473628695e+00 4.594699638516290179e+03
-3.331642729520056889e+01 8.701619834709521939e+00 -2.789568728596392333e+01 -2.435805143221073887e+00 -1.626251034959420494e+01 -8.333494297892702463e+00 -3.112544759819378015e+01 1.150755540273617505e+01 -1.209912664521042380e+01 3.902893107894991331e-01 2.559690285415076971e+01 4.519203721534815088e+00 1.614834485948972542e+01 4.487873591960376871e+03
-3.512009516685019150e+01 1.231442516270014131e+01 -2.905255560043123708e+01 -3.028769776943052161e+00 -1.828775454492462416e+01 1.100902090184539883e+00 -4.076394280434833917e+01 5.827409484261361072e+00 -5.816388352817190466e+00 -6.209707099983947209e+00 2.042068235900959650e+01 1.573038901911331955e+01 9.254659611301901734e+00 5.092091237814902343e+03
-3.816579070600380419e+01 1.142255067971821525e+01 -2.464668620605497651e+01 -2.870105074403191292e+00 -1.174076110653431471e+01 1.498810654360214834e+01 -5.212441650881451949e+01 4.159287945674190468e+00 -1.130979720347309048e+01 6.006033417323550339e+00 1.085964639480946570e+00 2.856457185148682854e+01 9.667494595232492216e+00 6.374100656245058417e+03
-4.171775393388008268e+01 7.349738019957927193e+00 -1.914469583045833900e+01 1.731615358656123926e-01 -5.899548572720521022e+00 2.067041818303424350e+01 -4.786559589104725632e+01 -7.662873920584069687e+00 -2.378045143529084626e+01 3.727680224727607960e+00 -1.141340763066954977e+01 1.334719301981625605e+01 -6.163936756962210772e+00 5.898657795479202832e+03
-3.713726861978289406e+01 1.123461237667329726e+01 -1.891119162906817408e+01 -5.237269620363371736e+00 8.625115875599059123e+00 3.060315123512881286e+01 -5.090370834752312135e+01 6.064887550868518495e-01 -9.105126872403568328e+00 5.768998666868032643e+00 -2.440199325899807370e+00 2.041540251548723717e+01 1.910316362916467892e+00 6.035533461433950833e+03
-3.640973181399792225e+01 7.340322095014477632e+00 -2.524120852240438495e+01 -1.871938243708108374e+01 7.259183964694069680e+00 1.057489157379059108e+01 -5.986436738930628820e+01 -2.669236920914192268e+01 -2.109365690190611531e+01 -1.554656506200770494e+01 -2.108119324587256482e+00 2.549809613849838641e+01 -1.630117776811291819e+01 8.434795443397686540e+03
-3.572435534880279562e+01 1.054585455400992267e+01 -2.851524771377789236e+01 -1.041009094902922705e+01 6.826973487459144785e+00 1.904574241827985759e+01 -5.572433018027065543e+01 -1.607198412734240378e+01 -2.277041824883795940e+01 -8.110443137117316681e+00 1.194997601395998110e+01 3.830258271126115943e+01 -8.486837463419519167e+00 8.347978892523493414e+03
-3.519592693972967368e+01 1.320464132308256744e+01 -3.300507533764587009e+01 -1.964469012566869122e+00 -2.313449395086294658e+00 2.076118913161680979e+01 -5.234392271140239217e+01 -6.266622539889625365e+00 -3.002020378394563949e+01 -1.081122991829128566e+01 1.300241164777395930e+01 3.164334386476112826e+01 -1.464442724306114840e+01 8.124764283754949247e+03
-3.715080656338450638e+01 1.714001802561600130e+01 -3.368871762581957086e+01 6.930181602575659738e+00 -1.123145121068187002e+01 3.095017109197739202e+01 -6.182418406645104625e+01 1.281910617508846606e+01 -4.022036596281835585e+01 6.579961417086334308e+00 6.535568361348361499e+00 3.077728926245334051e+01 -1.355590342717547436e+01 1.076222900038742409e+04
-3.987519724802133680e+01 1.395759515051796207e+01 -2.530512003057338788e+01 2.857205721079202565e+00 -1.718148370583136497e+01 2.449530649391968851e+01 -5.697398280223452360e+01 1.156795441108637590e+01 -4.045475539861665482e+01 -1.715579701070442908e+01 1.738126113774167258e+00 1.707655330531924776e+01 -8.601289815002726158e+00 9.007954797512627920e+03
-4.529912234133961846e+01 1.251396666170941785e+01 -1.628767359471130050e+01 1.692792009695957844e+01 -2.877164209580621446e+01 1.142760674080750150e+01 -4.655260454192154640e+01 1.050972086854080167e+01 -3.210122906048308522e+01 -1.818867626769350920e+01 -1.648164374127910747e+01 -8.070813469693209896e+00 -1.562123548328836975e+01 7.938571903591762748e+03
-5.087433503861100803e+01 1.110147451771643823e+01 -1.103866341991528444e+01 3.316127000773552425e+01 -2.300903296060088721e+01 1.509882998233779894e+01 -1.660013770539668698e+01 2.945119248895881725e+00 -1.950042795301271070e+01 -1.262958783097689697e+01 4.279262356878297702e+00 -1.490245539753963655e+01 -1.608776002346636869e+00 5.757347787109757519e+03
-5.369126840325300520e+01 1.120738371753433071e+01 -6.357441881903555192e+00 3.048349153162511982e+01 -2.291177735652588154e+01 6.149337134514703429e+00 -1.355267759154524576e+01 1.416398411790507517e+01 -1.618413467270666928e+01 -1.405735549289990871e+01 4.365652742879315262e+00 -2.562879257324685867e+01 -3.564685074077674987e+00 6.073211851473567549e+03
-5.276282784023446482e+01 9.295010814375771702e+00 -6.491693995944274320e-01 3.161664738090418680e+01 -1.040427697321389466e+01 9.918510868991230467e+00 -7.510679414478461879e+00 3.473698293197275078e+00 -1.628893510193644545e+01 -6.524124547809689645e+00 7.282517376269543874e+00 -2.385217501734762280e+01 -5.722592646002439665e+00 5.108052749404628230e+03
-5.239657309092598325e+01 1.299483435005237730e+01 -5.011638914252022126e+00 4.020349492306256423e+01 -1.042709070761650736e+01 1.994422519619038425e+01 1.260484887432496426e-01 1.543705778996579703e+01 -6.898734092401050511e+00 -4.591794019362189339e+00 4.602954790250832318e+00 -1.456800437298326578e+01 6.433243622088337332e+00 5.643996772934488945e+03
-5.160157107177746383e+01 1.143565394733423624e+01 -5.288521576147872771e+00 3.877823418651887977e+01 -1.808756370404975655e+01 2.255838311247116224e+01 -1.461813891215483352e+01 2.655830546211376131e+01 -2.358497289960136811e+01 1.712872154977459971e+01 -1.288705308285263307e+00 -1.897872431382280789e+00 -2.632669908276573434e+00 6.942128089623834967e+03
-4.574580531407451645e+01 1.419119339761569343e+01 -6.445619446892883353e+00 2.860045133894445613e+01 -3.152246633890842631e+01 2.650458602980748424e+01 -3.299616120680396136e+01 3.604265238738942401e+01 -1.386489401193398407e+01 9.455420105999467140e+00 -4.209679197244939886e+00 -9.915601776714623838e+00 -5.346412009724223147e+00 7.663843845188825071e+03
-4.323374149427494473e+01 7.951535133330108529e+00 -3.336362145354923481e+00 1.513720522777450839e+01 -3.248543717919092444e+01 3.414988773739477068e+00 -4.138916482011710229e+01 1.536357398971207289e+01 -2.251390756358663836e+01 -6.801454675227275537e+00 -4.609213441207090867e+00 -1.515892491283886834e+01 -3.083150971409458041e+00 6.002397248788286561e+03
-3.903855781475698450e+01 8.216312974355133747e+00 -8.855638068653261641e+00 6.909555536053670899e+00 -3.330702452205413522e+01 7.774512932467137816e+00 -5.196840700751949527e+01 1.679998511760040714e+01 -2.669967835509242349e+01 -2.069350053256327371e+01 4.632879182501701720e+00 -1.162639358204284790e+01 -3.699898360810967457e+00 7.181856472839225717e+03
-3.677062666327939411e+01 6.932086804518553080e+00 -9.109125302791758472e+00 3.964150757256100999e+00 -3.121745158271328080e+01 1.203780128681784234e+01 -4.678844391356150823e+01 1.940408423333283494e+01 -8.916245933610170482e+00 -2.739331066616905019e+01 1.873000174888554881e+01 -1.326017696509988575e+01 1.132662291225043383e+01 6.668768935667807455e+03
-3.855031621131816166e+01 1.213224048366544316e+01 -9.254270636880987055e+00 1.195817756522229125e+01 -3.451546746769825091e+01 2.053129552137443525e+01 -4.801558347098787749e+01 2.910524837433241885e+01 -2.329365259195546756e+01 -8.451755275054425809e+00 1.218522626725516567e+01 5.349580226547752559e+00 8.585738627298672654e+00 7.492260078003752824e+03
-4.045580354030860804e+01 9.253678969505529039e+00 -7.473581454333481311e+00 9.441557954131180708e+00 -3.425856635937620354e+01 1.413641600956412780e+01 -4.519141552137924833e+01 2.676408439418658691e+00 -2.628980171884875716e+01 -1.806590423492228581e+01 1.575262142196160786e+00 3.503503278517960950e-01 1.094555170618627216e+01 6.430154745037709290e+03
-3.981880337474146359e+01 8.683818297337195347e+00 -8.844764554562607017e+00 7.692506690879412190e+00 -2.091921643546809761e+01 1.254775008462595842e+01 -3.750650269432714623e+01 1.269461204088765349e+01 -2.624909088254364065e+01 -1.445388374559601274e+01 -6.072506653621872807e+00 1.196380821708200060e+01 -1.952092151144735555e+00 5.043049124691972793e+03
-4.243584261138015989e+01 2.955464989968932255e+00 -5.000462709015097040e+00 1.434273232747517390e+01 -1.282048771232151196e+01 1.860273815760956850e+01 -3.843413381318439548e+01 3.146806428171431413e+00 -2.894017460286890397e+01 -7.731917632048115330e+00 1.095723014282172691e+01 2.760374960206013739e+01 1.368464426380116095e+01 6.004379543611224108e+03
-4.729332271167488244e+01 3.146816128489345665e+00 3.194018306846009292e+00 2.967694623498901052e+01 -5.040134830919910769e+00 1.532992488078259008e+01 -2.241789550568881850e+01 8.832887267582826496e+00 -2.942297849769507678e+01 -4.687542856477800335e+00 4.573697539401879592e-02 1.422241566010955083e+01 -1.441514987701298489e+00 5.070517094232895943e+03
-5.439908108849299140e+01 7.300525713493514202e-01 -1.065041741095974537e+01 3.076967056022506242e+01 -1.939703867718485242e+01 2.087110030383812642e+01 -2.466566616038945625e+01 2.210572272764300550e+01 -1.524285687420742974e+01 1.272081111991731817e+01 -2.426664541325451285e+00 5.459144353459355337e+00 -1.188897136138947630e+01 6.500105338362272960e+03
-5.665457569999906440e+01 -1.463354774856031382e+00 -1.754315451973725004e+01 3.732823152610552597e+01 -2.018688362629059085e+01 1.682733565769120077e+01 -1.870369748900712281e+01 1.870581358779348236e+01 -1.196005429154296351e+01 8.547154069009543775e+00 8.213770019028078906e+00 -1.905561353132536384e+00 -7.398977188653129922e+00 6.645385538703797465e+03
-5.413658603595242624e+01 3.574412190865198014e+00 -1.136402760253175259e+01 3.670207246617577113e+01 -1.633491497285315575e+01 1.970658340518919971e+01 -2.985810905077580202e+01 3.213927840157882088e+01 -3.796326650204839837e+01 1.092619581153335018e+00 -1.197904406454471804e+01 7.351627148192161343e+00 -6.537085073726976781e+00 8.682029206482189693e+03
-5.499779573919706621e+01 4.131848012406178050e+00 -5.855121868956500109e+00 3.668276424196157848e+01 -8.415771793815274293e+00 2.237475509312231026e+01 -1.477546626775864169e+01 3.407943992759723528e+01 -2.371119648751061249e+01 4.101379824748422109e+00 -5.009044036143436074e+00 -4.910694196182550542e+00 -1.905383727288685236e+01 7.364211168073184126e+03
-5.473889267286265436e+01 1.392147527292657117e+00 -1.096314644365832791e+01 2.667390854256613864e+01 -9.904657727276417134e+00 1.335708605126617421e+01 -1.213510292774813593e+01 2.380689153244520284e+01 -1.956243020475008976e+01 7.351817729477554408e+00 5.277550991778401368e+00 5.880899085295819617e+00 -3.384910614971365472e+00 5.331148260488062988e+03
-5.306446437880629929e+01 1.365471810199418101e+00 -5.553976084772974886e+00 3.338653802536467197e+01 -1.500321481829160142e+01 1.707666764731420983e+01 -2.199299086035061634e+01 3.621329008050698661e+01 -1.512990695259181351e+01 2.054406621308023162e+01 -1.296666346796915015e+01 7.496387636657741993e+00 -1.353623853024505586e+01 7.333545206602248982e+03
-5.264508585252278294e+01 -1.143305775490914833e+00 -9.072417565597621802e+00 2.390134358648160173e+01 -1.534941117126945542e+01 1.522404821001680375e+01 -1.392003552832599489e+01 2.914990089261421602e+01 -1.256419276188648837e+01 3.041677225374707660e+01 1.566355993893371990e+00 7.595360057454678682e+00 -1.454123697205633947e+00 6.082551791926988699e+03
-5.330477186893531893e+01 8.879432649152251500e+00 -1.310430830006695935e+01 3.446935644427009748e+01 -1.673315054954756675e+01 2.048109879638762010e+01 -1.050475712038875642e+01 2.976844004019640622e+01 -2.284863805382415336e+01 1.695633757599578928e+01 5.368874408606123083e+00 7.727353126677512840e+00 -9.064135843040789453e+00 6.956359139928402328e+03
-5.236568771265764610e+01 -1.443210278801120294e+00 -8.485281750438508297e+00 2.721681421616728969e+01 -1.576218083007682225e+01 1.734764074188224470e+01 -1.560093758954918286e+01 2.088601585485994505e+01 -2.499789486870650279e+01 1.483045755386701181e+01 -6.364282721632028128e+00 1.774251257774227497e+01 -1.713498275285017058e+01 6.279750683978669258e+03
-4.156655370201592348e+01 -9.632170131645102273e+00 -1.713901841839978601e+01 2.787107257038819697e+01 -1.648194408935682276e+01 1.456461233418216672e+01 -1.813418603817359198e+01 2.016611384500792070e+01 -3.393572799385786709e+01 2.480637885191617542e+01 1.996620575566567268e+01 2.439812291242638764e+01 9.855889073807073686e+00 6.968449380544762789e+03
-3.877457870206418278e+01 -9.538967943647701730e+00 -1.400957910675809082e+01 1.723193373135766038e+01 -8.796270010319686250e+00 1.602785300671658675e+01 -3.602031445046856817e+01 -3.123890266410758176e+00 -6.865077129851053428e+01 2.390813096274217386e+01 -2.799820351851981570e+01 2.887762467917070808e+01 -6.646550975806424510e+00 1.067567626469102288e+04
-3.571283975578490555e+01 3.254939734789542349e+00 -2.011898113526810050e+01 8.180023451305450166e+00 6.358793425280463429e-01 2.007116401238991443e+01 -5.343474745656282465e+01 -1.593099121043602295e+00 -5.076306379128892843e+01 1.308925952033992601e+01 -6.832348549086010081e+00 3.641760510572559895e+01 -1.242034774780894324e+01 9.294159256369841387e+03
-3.482079006403430554e+01 6.028109159555483210e+00 -3.102363988709011622e+01 4.206733745392781998e+00 2.459725711244774793e+00 1.618521611576150576e+01 -5.788157912303844199e+01 -1.041757847174679696e+01 -4.713600577856085749e+01 -1.787620323164623670e+01 1.695868279792553324e+01 1.439453987970610882e+01 -1.579706830391513250e+01 9.241511725974876754e+03
-3.364384752435150006e+01 7.718338280131958662e+00 -3.586081883464292019e+01 3.549081908288104881e+00 2.465429551982423639e+00 2.137033970656966275e+01 -5.125220607536950013e+01 2.504748693921624358e+00 -5.081042266540200103e+01 -5.421687637660430603e+00 2.447989041250976072e+01 1.621342582779279695e+01 -3.778525502573905737e+00 9.073418902525585509e+03
-3.246270126801302069e+01 7.078043422148184938e+00 -3.373113223173787389e+01 1.518339647499703793e-01 1.166651909917523966e+01 2.619953828746439228e+01 -4.690310632503478416e+01 -3.686865983873869101e+00 -4.446843636903597030e+01 -1.170354675087155272e+01 2.297444522486949836e+01 -1.378110505132140284e+00 -6.113738581552039975e+00 7.959272806633483015e+03
-3.237563761567714948e+01 7.093859673021237988e+00 -3.356753625414045672e+01 -9.473092095481259634e+00 -2.572416006587062487e+00 2.013308450184413445e+01 -4.112478819664665508e+01 -1.357838512046708779e+01 -4.365899934255855186e+01 -1.909202267501231276e+01 2.360478151428462112e+01 3.898684308561036760e-01 -1.164253514036666637e+01 7.566102768114657920e+03
-3.255102933576062441e+01 5.920817227788196746e+00 -2.146364506300369257e+01 -3.578516533348425011e+00 8.473840275529143540e+00 3.523302334447851791e+01 -2.344980276360167437e+01 -1.973580225214205086e+01 -2.662412379633202519e+01 -1.719566788564425508e+01 -2.478168269668652002e+00 -1.301659865791817028e+00 -1.769202582866252627e+01 5.146064846884554754e+03
-4.015385583621412025e+01 5.363373153179892938e+00 -1.614583797757895312e+01 1.131841348245538903e+01 -3.835500937493558027e+00 3.619971874485714380e+01 -3.766486585664570441e+01 -1.382639685918664618e+01 -3.470305668788726194e+01 -7.669031516352501576e+00 6.984838161491793151e+00 5.911424950855995730e-01 -5.865716480371921726e+00 6.311494783910254228e+03
-4.643632283766344671e+01 4.648390831433943937e+00 -1.420449206257128871e+01 2.222932268289138591e+01 -4.881141563955258889e+00 4.474084531445500801e+01 -3.313703147978393559e+01 7.916811797248556992e+00 -4.064041456361026405e+01 7.377826704744203212e+00 1.029045759211475008e+01 1.242658845939862111e+01 -4.766738466318312994e+00 8.049268581033823466e+03
-4.682063141951748264e+01 -2.217880187599214459e+00 -1.581304372032644245e+01 9.128821725101396112e+00 -6.324928534641879097e+00 2.823648829799481774e+01 -3.224937103670234961e+01 -1.036533169685942823e+01 -4.196951392499577338e+01 -6.559487018657184088e+00 -5.561891127303023374e+00 -3.519607699140068213e-01 -7.021826003727899668e+00 6.400075801428936757e+03
-4.531809800287923906e+01 4.500206758233572302e+00 -2.481464887792632013e+01 1.891345988825483460e+01 -1.508125501881948693e+01 4.845321177512747823e+01 -5.378114519127711901e+01 -8.142213665278812407e-01 -5.722678055136635322e+01 1.811266611778223901e+00 -8.387118387623642146e-01 1.919058881607779909e+01 -1.752281487059170573e+01 1.246991642679023789e+04
-4.052278021019836274e+01 1.060978933834649141e+01 -2.137780292329154364e+01 1.011718935214376280e+01 -2.052117796747258538e+01 4.581838879663473563e+01 -4.584693037069768451e+01 4.584349810661786151e+00 -3.563752615461061168e+01 5.251029134795613729e+00 1.163882273668501277e+00 2.529716388669507410e+01 -2.430244173612922332e+00 8.902245895472418852e+03
-3.994320924087799085e+01 6.013919213219860005e+00 -2.356007564202792182e+01 1.614984216796726813e+01 -1.451044083294679687e+01 3.962095010448431509e+01 -6.108446366249621917e+01 -1.282498770042356639e+01 -5.252646942945686703e+01 -6.023441571268185690e+00 6.935832190958855392e+00 1.985807126729361016e+01 -1.862984441324568508e+01 1.170851805045729270e+04
-3.573170464898743859e+01 1.179810828704676240e+01 -2.830257365258454172e+01 1.295571308771299890e+00 -2.593812824628390601e+01 4.449751497309776482e+01 -5.704496270280882442e+01 1.888372321600608084e+00 -4.488481297282999094e+01 -7.161273502884572650e+00 1.062403282447735187e+01 1.908622729982002753e+01 8.223311041107593811e-01 1.067293396037280399e+04
-3.452692955395360030e+01 4.967616914057654931e+00 -1.580236258916349890e+01 -7.471078331396562300e-01 -6.273497067005476824e-01 3.147038544648680158e+01 -3.826168039289392908e+01 -1.404105938714408985e+01 -3.605063935760656335e+01 -1.531503088481038688e+01 3.488215581003273513e+01 1.536834457280986044e+01 4.679387219554334010e+00 7.127991421457906654e+03
-3.731243857346264292e+01 1.287002899331597305e+01 -2.671571693781150003e+01 1.353686931271855265e+01 -2.220660806985592473e+01 5.138488836264177451e+01 -5.670068197726427428e+01 8.745997811094103014e+00 -5.199273959527629074e+01 2.313924300571738701e+00 2.159678817381103855e+01 1.240021664765225395e+01 -3.119004632963422008e+00 1.221834612781058786e+04
-3.838949121095708250e+01 5.858599058795205039e+00 -2.114657518704913741e+01 5.388873571320613287e+00 -1.527710621487091203e+01 3.196431407213658815e+01 -5.506905382470465327e+01 -1.822624877004419730e+01 -4.711770722803122169e+01 -1.869981207813288293e+01 9.478101413580128920e+00 1.355708371864526196e+00 -6.489730039594136635e+00 9.307748254421872844e+03
-4.128793447839786523e+01 5.909806332603176671e+00 -1.768923077048442138e+01 1.122952264013626511e+01 -1.192298025920512750e+01 2.692440998990607071e+01 -4.380404610789914699e+01 -6.471805178474784093e+00 -4.198842758693952248e+01 -1.008842086498689739e+01 1.065727021587523282e+01 4.167242248640358859e+00 -4.995051514180683050e+00 7.027088580430295224e+03
-4.937289030043214666e+01 1.359643784852085369e-01 -8.374332236100892501e+00 2.544721440388131484e+01 -8.937551219863907548e+00 1.527733248940134914e+01 -1.618910659142869690e+01 2.039157317374961309e+00 -2.091421715221369837e+01 -1.270875571613061794e+01 5.961457517904082515e+00 -1.467366423115234220e+01 -1.233959517972779985e+01 4.736950946689647935e+03
-5.236886525720277064e+01 9.888025801151590244e+00 -7.973043856600444457e+00 3.767162541947939047e+01 -2.378636819188683660e+01 2.039809161874862653e+01 -2.206962037599728532e+01 4.542077599130009524e+00 -1.048541519338261452e+01 -9.914181360136103294e+00 1.453591334928775503e+01 -2.030280640515879043e+01 9.392223891472674779e+00 6.732509476830357926e+03
-5.403795873332538946e+01 4.521114537366822006e+00 -1.064438211135462531e+01 3.725492405763999670e+01 -2.163379903717607888e+01 2.824964860589262372e+01 -1.634676943266586946e+01 2.420034084810227526e+01 -7.413285546310299345e+00 6.230656873188356926e+00 1.659022943427094532e+01 -6.395412193551563540e+00 6.568833956668689744e+00 7.013775450004019149e+03
-5.019752371541100189e+01 2.722500120068708007e+00 -1.679057331200025160e+01 3.088723148266107899e+01 -1.746638021967651966e+01 3.104518753069257997e+01 -2.097926696137135494e+01 2.440817761262240637e+01 -2.145809107787123793e+01 6.116949405147345864e+00 5.943369937794008351e+00 -6.904687773313932020e+00 -1.587016234806656101e+01 6.900641853421919222e+03
-4.780305097589891972e+01 -5.741182187190022823e+00 -9.049456280766223770e+00 3.464398920413842120e+01 -1.776842164178433592e+01 2.898179443654024823e+01 -1.282095695104080413e+01 2.639446299513134164e+01 -1.787838490144820014e+01 1.935753310791451653e+01 1.651950047293894031e+01 1.763571039264446227e+01 -8.092675127523001777e+00 6.960651635165387233e+03
-4.524446748663709172e+01 -5.092247402027092917e+00 -1.159661235773666377e+01 2.671940443361078721e+01 -1.390293208150469439e+01 2.331583005769176253e+01 -2.040705386267981680e+01 1.915720416805790194e+01 -3.937818088909928349e+01 1.240389605500834769e+00 3.177378870931257815e+00 1.244406273751319425e+01 -2.068751446099147273e+01 6.586869968834742394e+03
-4.575861824902865749e+01 2.229528398824061952e+00 -1.492596015946699417e+01 2.779043169574770289e+01 -1.516861358911602053e+01 2.468348431681331334e+01 -3.591247402239962838e+01 1.592783530028984984e+01 -4.395059601264572535e+01 2.123431268642504222e+01 4.294341853761393324e+00 1.165706612504740392e+01 -1.383539409252254870e+01 8.204974902884252515e+03
-4.577296855631990979e+01 4.145351984683944835e+00 -1.373029682368362714e+01 2.142642242365284488e+01 -8.836332185554244489e+00 2.061111858571391764e+01 -2.805313538028003606e+01 1.095268207237830715e+01 -2.693791646051844424e+01 2.308594599952659010e+01 -3.723391321636665641e+00 2.118777370358426282e+00 -2.580113524748287546e+01 6.112463533833799374e+03
-4.853499252541051590e+01 3.571496639704072162e+00 -1.590674291476607749e+01 2.801170166859521160e+01 -1.294445330271151562e+01 2.596967275123346042e+01 -2.802531147287065849e+01 2.489075661082894442e+01 -3.375820604957748117e+01 2.441295946838302555e+01 -1.443106773575216728e+01 4.930663090233649903e+00 -1.837802907676082498e+01 7.958959783079258159e+03
-4.846676367737405400e+01 4.084268932712568301e+00 -1.643853461504904345e+01 2.522662012610792104e+01 -1.526308682152855312e+01 2.355293662469981442e+01 -2.197076326371057320e+01 2.672626130197259542e+01 -2.372544870037541997e+01 1.617736432066148211e+01 -6.034434398616093098e+00 2.599609353115088339e+00 -1.379810296745837128e+01 6.315190387088387070e+03
-4.855646338756051250e+01 2.049467905704548176e+00 -1.462989614895723633e+01 2.219709575495194898e+01 -1.422681100405106847e+01 1.398475276499756070e+01 -1.487470622416887878e+01 3.615462414216672471e+01 -1.751499702710926343e+01 2.298230800503870963e+00 -1.437486884527089614e+01 -8.186822755461967915e+00 -1.205738897243474383e+01 5.726163105700278720e+03
-5.122236477266057619e+01 2.649012434034913599e-01 -1.245082338875778305e+01 1.981077091571101434e+01 -1.684421918927580819e+01 2.129355027042159776e+01 -4.182125579160055118e+00 4.437189707305338260e+01 -4.708700615309688864e+00 1.306671385951972120e+01 -1.483819903659471784e+01 -1.912878642846359334e+00 -1.166356055738456021e+01 6.447569673140739724e+03
-5.174630941288506136e+01 -1.927701618606735279e+00 -1.521699816662151861e+01 1.499625184784531129e+01 -1.727106735328696985e+01 1.483493413431080832e+01 -1.001471044573964342e+01 2.697415554456672027e+01 -1.075686932200674839e+01 8.812268417941464094e+00 -5.448458683163962313e+00 -7.984732982582805505e+00 -1.181830578477992866e+01 4.910586031745416221e+03
-5.251726938373657561e+01 2.690873713814814217e+00 -1.914738337645809807e+01 2.765858494507764576e+01 -2.944693940488083328e+01 2.416274303817671765e+01 -2.241260180111557077e+01 3.650507907460203683e+01 -1.803855689829079267e+01 2.243881038208684586e+01 4.912813458867444361e+00 -1.127774658205879188e+00 -5.275912340243523069e+00 8.064962514498168275e+03
-5.172675800113590583e+01 -4.485352342672092263e+00 -1.370294750787513038e+01 1.660764049831654177e+01 -2.204678306014251632e+01 9.654317968433781871e+00 -1.430148568603202008e+01 3.076437686122514137e+01 -8.137780093271260284e+00 5.393788569130587796e+00 -7.247378342875087753e+00 -1.462393145439145492e+01 -9.629164265997083305e+00 5.344027335958765434e+03
-5.098325866837707565e+01 -9.870552119527944424e-01 -1.569119024223971692e+01 2.405022307259125114e+01 -3.553579403747906440e+01 2.532820649173301319e+01 -2.632832202854111259e+01 4.086675855617029640e+01 -1.628156420482991962e+01 2.276114258091547882e+01 -6.268798245573452554e+00 6.954635756655527246e+00 -2.359039123304303764e+00 8.568865621268027098e+03
-4.865481517187220817e+01 -2.317010994916402389e+00 -8.433611282328659087e+00 2.834569870084342824e+01 -2.765783931509193039e+01 1.894747989820798750e+01 -2.239851052582535473e+01 3.128433092944091953e+01 -1.820435371625984899e+01 3.016144465932435637e+01 -3.997637891347761485e+00 6.557980750626323463e+00 -4.419690932285862850e+00 7.171262845347793700e+03
-4.888616644854439386e+01 -3.600649944101230737e+00 -1.357086054632647532e+01 1.846564069537477337e+01 -3.020638099704862967e+01 1.660876053259918805e+01 -2.239769932917645789e+01 3.608501286232544913e+01 -2.016809612229371851e+01 2.474913287797908268e+01 -7.124949083681094697e-01 1.225177208474970314e+01 1.021860623193437068e+00 7.090961006950015872e+03
-4.385520981161420906e+01 -8.574352820204259373e+00 -1.003872922375805210e+01 1.414671980659338679e+01 -1.612393600121659176e+01 3.616854945806466759e+01 -2.980647312919872860e+01 1.588356498782851212e+01 -1.933760711214537054e+01 2.753175808213349995e+01 -7.495224221024955336e-01 5.734530590486373924e+00 6.728418947051496346e+00 6.217222477214576429e+03
-4.126573282998692349e+01 -1.338117291022335387e+01 -1.433217138240181043e+01 2.021894290208204126e+01 -3.322629860109596223e+01 4.457515222979758818e+01 -3.063909241841573916e+01 3.590788799876425230e+01 -3.358647656350910893e+01 3.328591599979468185e+01 -5.167601036580822260e-01 8.066596451535017920e+00 2.678973024023805216e+00 1.012371233053281685e+04
-3.939621886978898146e+01 -1.807852715125168785e+01 -1.019315651835808012e+01 1.971109004951196297e+01 -2.134559803692800628e+01 2.046106271748437067e+01 -1.980642711534216716e+01 1.833057527373208373e+01 -2.255431218789181713e+01 2.480237321539010509e+01 1.361603556962578665e+01 1.592741668415041367e+01 1.314105165606898673e+01 5.709537884842557105e+03
-4.438594168211048441e+01 -4.496778621185142377e+00 -1.186158570518916555e+01 2.216861235170375011e+01 -2.362799845742389593e+01 2.716641618282713466e+01 -1.866938343142661694e+01 1.934056991301964246e+01 -2.512299006558897219e+01 6.502182940397453592e+00 -9.618931014628026688e+00 1.254446372174572133e+01 -1.365544485591779322e+00 5.566572556108521894e+03
-4.541090900387744256e+01 3.821372613053781286e+00 -9.215673303017659634e+00 2.806919832431695383e+01 -1.705084172838325784e+01 2.759900599246968866e+01 -2.274052893673329478e+01 2.029050066751301173e+01 -4.366669880414844584e+01 -1.706523838751580868e+00 -2.151932062119479028e+01 2.948699865064420944e+00 -7.692491457640941555e+00 7.371477707065864706e+03
-4.551545867703736548e+01 9.235070231770944105e+00 -1.211653797990551595e+01 3.060043880391447146e+01 -2.810514891710442242e+01 2.557724195706333248e+01 -3.334064440690266196e+01 1.536449240018937523e+01 -4.961547653037928995e+01 5.726928854488312126e+00 -2.148600591676075311e+01 4.958656061367901380e+00 -1.714367015493732893e+01 9.306537118355523489e+03
-4.443693457821803605e+01 5.859935788403785040e+00 -1.760819026910151353e+00 2.295050821990376733e+01 -1.116601720315213875e+01 1.669961705521124173e+01 -2.134949085396339541e+01 4.120082395397625774e+00 -3.538275684138164223e+01 1.188780210862769060e+01 -1.580097681327687553e+01 1.818957430086372673e+00 -1.059103046157885686e+01 5.173548023285072304e+03
-4.604157459351135628e+01 7.643050654763925422e+00 -9.507054457292332117e+00 2.219678185308044860e+01 -2.322837722679483363e+01 2.323593642341336007e+01 -3.061334527228582658e+01 1.405315086813556924e+01 -4.995206351164812730e+01 2.716090837492466825e+00 -3.181449618986686190e+01 -8.506157997085317390e-01 -2.252576215973065743e+01 8.998339706034033952e+03
-4.633252262113774123e+01 3.810508185392279756e+00 -1.406513848452225091e+01 1.959464372323797576e+01 -3.114248197926731976e+01 2.130184955437698235e+01 -3.949715350624230581e+01 3.460868693587932921e+00 -5.552412085232830208e+01 4.563672551610662431e-01 -2.267632735047969206e+01 -4.251608989217703360e+00 -2.688061821483324465e+01 1.007662243798530471e+04
-4.608758597331432583e+01 2.620490295342862375e+00 -1.100949532093726368e+01 2.216548075602023005e+01 -2.277768850998236871e+01 2.261675986930071147e+01 -2.219404338148427769e+01 1.527890190957567995e+01 -3.905533506072234218e+01 -3.520088857393813608e+00 -2.724059608660641274e+01 -1.174298006572747610e+01 -2.274000091324730732e+01 7.434576920409337617e+03
-4.608411896906854111e+01 -3.986240120057721104e+00 -1.007254379256721677e+01 1.367737077462407491e+01 -2.061583044282863142e+01 1.626191430370898772e+01 -2.293055946385045729e+01 1.361889776140785990e+01 -3.414406922188067028e+01 2.480647768882544291e-01 -9.892625539657991851e+00 -6.421038007228062838e+00 4.129825764803284338e-01 5.134053319367991207e+03
-4.945658782938912168e+01 -3.786729254257514388e+00 -1.640394576622985312e+01 1.479563466412175465e+01 -2.918442061225365691e+01 1.530069949980216215e+01 -1.464785176540341638e+01 2.413473177869562392e+01 -2.680682134879561218e+01 9.353296800227756336e+00 8.915652770760319257e+00 8.452481781795404103e+00 -6.813396768799468539e+00 5.834625811002526461e+03
-4.894877162066303100e+01 -2.764299908232455749e+00 -1.612373456616353096e+01 1.710561912063165479e+01 -2.747426172126162669e+01 6.243576318687675375e+00 -1.871555060004940785e+01 1.704976789024445694e+01 -1.897827325981093338e+01 7.173857798899241800e+00 -5.818225094366069605e+00 1.050597717000869569e+00 -9.178964235973566588e+00 4.921832315664420094e+03
-4.974834601606481499e+01 9.793907391185332489e-01 -1.677524574022264403e+01 2.642857174094076456e+01 -2.539383001015718477e+01 8.948897161804204359e+00 -1.960737604144876656e+01 3.498910517506769935e+01 -1.332486427844373011e+01 1.737841755633053253e+01 -1.153188978013527821e+00 -3.246668256620674597e+00 -5.138439731638212216e+00 6.307187117909290464e+03
-4.989238428358583377e+01 -4.973485706511119986e+00 -1.505907466184779331e+01 1.918765837897675652e+01 -2.040756434784444195e+01 1.603615147015877440e+01 -1.305482761516778467e+01 2.779778806101765554e+01 -1.125590153262114157e+01 1.981874662954958666e+01 -2.557363971489134524e+00 6.853744870770301922e-01 -1.634270847744566524e+01 5.519271921372912402e+03
-5.127718658040742383e+01 3.318469533223446510e-01 -2.105248507817768910e+01 2.597349990056700264e+01 -3.011545735823846925e+01 1.737295237964680084e+01 -2.196779226086326986e+01 3.287012527141638429e+01 -2.382091696595020380e+01 2.247573748143392791e+01 -6.789866194047551318e+00 -3.342019314751555115e+00 -2.079691326061638890e+01 8.081456927146269663e+03
-5.202983892791959875e+01 -1.838081880085637554e+00 -2.444203382006706349e+01 2.430572929113184699e+01 -3.137212177993600903e+01 1.380151757162327542e+01 -2.293160816068455432e+01 2.919755594974893498e+01 -2.668825088794130096e+01 1.885640276835832552e+01 -1.337065802596457509e+01 -3.092292619802811782e+00 -1.836464280283556860e+01 8.045135551816867519e+03
-4.992580388682031867e+01 -5.962244209117149474e+00 -1.134752620517165411e+01 1.978773781889381667e+01 -1.399815687350015025e+01 1.135732942599211270e+01 -1.259791851376282956e+01 1.568222204006664278e+01 -1.607415942854529689e+01 6.196062929673527009e+00 -1.190466285852996897e+01 -5.327101870477362056e+00 -1.415298959649634369e+01 4.445208059054724799e+03
-5.107295655775760679e+01 5.689636152395461943e-01 -1.609110650539007636e+01 2.932015926202617706e+01 -2.382340591408534891e+01 1.995599446593607240e+01 -1.605990402321546995e+01 2.525681553602738205e+01 -2.099735807599474668e+01 1.260975012049954813e+01 -1.060650216517822564e+01 -1.354066425813650332e+00 -1.414933227080942935e+01 6.503419523640198349e+03
-5.144671384406092329e+01 -2.765032835210448958e+00 -2.083703243170352692e+01 2.102150003655900079e+01 -2.548483110953905850e+01 6.825017720373628194e+00 -1.578342693331068425e+01 2.232218076696596398e+01 -8.000712184632364554e+00 1.474628154262838331e+00 -1.350177366729290007e+01 -5.063897558226444495e+00 -1.242865139180480227e+01 5.402547209513498274e+03
-5.251544166173053441e+01 -9.707766433945592965e-02 -1.605795899804628135e+01 2.188246779919793994e+01 -2.097481347384731265e+01 1.234031547112863514e+01 -7.355369237703921925e+00 3.256860033633739704e+01 -1.167789979226474095e+01 1.940134932522938627e+01 4.205651126743051194e+00 5.524593367889627515e+00 -2.795222487083405039e+00 5.770430453076566664e+03
-4.166372010791181424e+01 -2.835683292033052894e+01 -6.865767511307013571e+00 1.912094093569361419e+01 -4.045818415871273999e+01 3.597100243078578785e+01 -2.329766066708020489e+01 2.908424509832403615e+01 -4.995779565701236180e+01 2.388792571608962856e+00 -3.719689786459403535e+01 1.006925842601425281e+01 -9.960320495927998508e+00 1.135787151631975030e+04
-4.393510946296152042e+01 -2.012483158034171282e+01 4.950778545833026678e-01 2.136067231067784178e+01 -2.648061417030668352e+01 1.533381550145548555e+00 5.159210726006203451e+00 1.601005502000618819e+01 -1.153737840380175506e+01 2.285421540661368667e+01 -2.500016883303852921e+01 1.783439242177648509e+01 -6.428592502627705763e+00 5.418166674763325318e+03
-4.998215883008120386e+01 -8.132041039499755541e+00 -1.225558853375070711e+01 2.217613662416051667e+01 -2.594485593816960289e+01 4.696460259927170533e+00 3.634822330371598742e+00 1.226706951094648268e+01 -1.739515627966059341e+01 2.169372818572659511e+00 -3.078814978592611595e+01 2.696694208538029436e+00 -4.508267836296470321e+00 5.348016441249366835e+03
-4.933743933271506421e+01 -3.887388411951623990e+00 -1.539853492758454578e+01 2.205569462473052411e+01 -2.036602722422930256e+01 1.010148636575754821e+01 -1.180821789865517957e+01 2.146523234597598773e+01 -1.992104945889045098e+01 1.592999164213249763e+01 -3.843757792634831638e+00 7.622999454415660736e+00 -9.018349711520757594e+00 5.094696624606332989e+03
-4.996819433608155236e+01 -5.875655343244889472e+00 -2.216177851987504965e+01 2.916555195315475402e+01 -1.846942938992173566e+01 7.102299401241037202e+00 -3.028216655364786547e+01 2.245694657759873891e+01 -2.809109825441691299e+01 2.543557740976034154e+01 -7.356815757544548973e+00 1.133418258698702985e+01 -1.607783168109189020e+01 7.563165662241698556e+03
-4.668942642212760319e+01 -1.159397802158995638e+01 -2.318763972801077600e+01 2.374187308052028200e+01 -1.458195920843305338e+01 2.618511215109301560e+01 -2.706686477464600316e+01 1.879049835990749173e+01 -1.557185692885482986e+01 2.104335160377267044e+01 -1.284693105711486005e+01 -3.557577948422561143e-01 -5.170629055051475520e-01 6.250400599760147998e+03
-4.552855755300573293e+01 -1.180952054658423656e+01 -2.558359792695138779e+01 3.245676979146072227e+01 -2.189554201753395191e+01 2.438628684501038180e+01 -2.114153751855699426e+01 2.012146657167422248e+01 -2.732770034218774668e+01 2.646813366454236061e+01 -5.434908171226367379e+00 1.456506491258937963e+01 8.352544325679271964e+00 7.605030133680148538e+03
-4.441648281552485855e+01 -1.600451376764596922e+00 -1.412390881250038177e+01 2.571280575695612214e+01 -7.689725564066858254e+00 2.177916670477220862e+01 -2.380105468728835660e+01 1.269832261403854012e+01 -3.420820940063053683e+01 -2.150089059512351852e+00 -2.054251223410863503e+01 -9.221729431854823744e+00 -7.408036837596696955e+00 5.833958739143652565e+03
-4.540039500530608763e+01 8.169088067091312411e-01 -1.065333959528019392e+01 3.797388511056561100e+01 -1.603719989387062128e+01 2.839215491301282412e+01 -2.649261773682951215e+01 2.078658959918620752e+01 -2.426343076082317651e+01 1.232785506047596336e+01 -1.242163895224841852e+01 1.461013465325873284e+01 2.772261706779796331e+00 6.930748810808961935e+03
-4.019656913576668700e+01 -9.091061337072066095e+00 -2.750632519995894043e+01 2.663464350736144937e+01 -9.953561155629554236e+00 3.918851942200640792e+01 -4.312206617264393316e+01 2.507976107924192988e+01 -2.457794150497355545e+01 2.274948569688375954e+01 -8.701220393229000649e+00 1.625252969719114304e+01 -1.439729246008164409e+01 8.956486464413947033e+03
-4.283663251756567547e+01 1.657093369433476848e+00 -1.669399841770970738e+01 2.956167513758058618e+01 -1.513759846011294030e+01 3.440534471007019590e+01 -2.909501800014902884e+01 2.706398592832488603e+01 -3.344783118502048325e+01 2.282154061419301883e+01 -2.815243237306780699e+01 1.102058087434970624e+01 -7.061623507708386427e+00 8.585618607386009899e+03
-4.222472244595516599e+01 4.898924026682581534e+00 -1.607139203124301119e+01 1.973569716923636364e+01 -1.285605033373670025e+01 1.088236639444016873e+01 -4.134388364330721544e+01 3.630235418811884607e+00 -3.659235042372274904e+01 2.085860866173683714e+00 -2.809777015959401325e+01 -1.088993829066150809e+01 4.399769609777744783e+00 6.731697620889065547e+03
-4.229666755641280673e+01 7.811508184368341823e+00 -2.051260653812768453e+01 1.232215718607993793e+01 -1.782750869838902474e+01 9.154418314237398491e+00 -5.252180576174122706e+01 -5.890972026851411247e-02 -2.903398139784286158e+01 1.160267654677064719e+01 -3.410771981802546549e+01 -1.306903859299220017e+01 -5.098222294495042384e+00 7.920519693444454788e+03
-4.424536781285546994e+01 4.592554019966876844e+00 -8.269734681753837080e+00 1.023810433963566879e+01 -2.651207539711449002e+01 -1.339276099245705787e+00 -3.309304923084805949e+01 4.073885591117076821e+00 -3.009173197161191737e+01 1.025570376200536593e+01 -2.032267383201469002e+01 -1.017554930368296873e+01 -3.677903880473725629e+00 5.509153316007672402e+03
-4.442175349345750845e+01 8.135153777051426616e+00 -1.096090115054878966e+00 1.387824274378128742e+01 -2.363456235671678840e+01 1.081444883248822597e+00 -3.163749336158804226e+01 5.419394454487388657e+00 -2.083652395538571511e+01 2.125504185156770021e+01 -1.066974643154923896e+01 -6.305499399973456320e+00 -6.093912289381754555e+00 4.900018942134872304e+03
-4.472536676824882562e+01 3.337580538066931446e+00 7.626262937924294105e-01 1.290097455087019895e+01 -2.491768127832820312e+01 1.228256087727886303e+00 -3.228711826551693775e+01 8.292259418960687967e+00 -2.807090554107527680e+01 8.909127062031176436e+00 7.506482700693441146e+00 -1.927848331522945324e+00 -1.186525047455478443e+01 4.980329978549328189e+03
-3.813405025832489059e+01 -8.168153948472639314e+00 -1.924652351141675766e+01 4.226775687242377444e+01 -3.630886005478902945e+01 1.643341991250574097e+01 -5.369813224570749099e+01 2.633481668825769262e+01 -4.133657184500468418e+01 1.891365031223066495e+01 -1.183691766624611930e+01 9.761676095160069622e+00 -1.505578108995362996e+01 1.137183687579635443e+04
-4.633965333522200325e+01 4.430848728571323392e+00 -1.163114219178594944e+01 1.911243727635719125e+01 -2.804150685634453666e+01 5.414054321635769718e+00 -3.970219485151339001e+01 1.300745771683675578e+01 -3.791342121978239277e+01 2.615229382266289804e+01 -1.248834123099839388e+01 -7.706827821639256726e+00 -2.277513356169848890e+01 8.084091493570127568e+03
-4.741753120688484557e+01 3.467095782442693341e+00 -1.370321569941471829e+01 3.170092412757559686e+01 -2.702652171715766372e+01 2.340279859801739448e+01 -4.642520624537913676e+01 2.900207283032756678e+01 -2.904706010973043817e+01 1.960930802354787872e+01 -8.739462168691598976e+00 -1.520205962002183853e+01 -3.012699022665330872e+01 1.017108660968271943e+04
-4.836156468485009441e+01 5.981069154051300574e-01 -1.127152322978132837e+01 2.927229801307234069e+01 -1.297510741258941991e+01 2.100941584660098371e+01 -2.002194977081351368e+01 2.441294436198579731e+01 -3.241490884021905572e+01 1.232452097735873053e+01 -1.526113398524621800e+01 -8.369151750915207799e+00 -2.190556550482079246e+01 6.915151473237395294e+03
-4.784521370061961676e+01 9.634177206176713568e-03 -1.288921721343265858e+01 3.030624003790571308e+01 -1.801757326011878035e+01 2.330186730645192839e+01 -2.472610850937398297e+01 2.773453432680678787e+01 -3.488776428492548831e+01 7.473357786751758880e+00 -1.888979905447803631e+01 -2.996809486400885625e+00 -2.905186072089005123e+01 8.104782635150600072e+03
-4.025608325148387934e+01 -2.576847841346358692e+00 -1.752681772409753691e+01 1.103116448628574453e+01 -1.763849689229738260e+01 3.143777224604138354e+01 -1.475129189436046317e+01 3.275455533845194367e+01 -9.721578581877730940e+00 5.724909422982758400e+00 -2.350139997565653260e+01 3.962902443168206279e+00 -7.443209141869397527e+00 5.396685354335417287e+03
-4.453890502301700138e+01 -1.025161544521679291e+00 3.836949750018470717e-01 2.494220007731385280e+01 -1.345720544787969208e+00 3.275707564931346383e+01 -1.081632753872303532e+01 3.363984830778446167e+01 -7.575889309279315142e+00 1.900609141475809949e+01 -8.695629980104850887e-01 -6.848340891147946863e+00 -1.603857339424773709e+00 5.399348768674187340e+03
-4.774600340262078646e+01 -2.115107767642570857e-01 -5.902712098819152153e+00 2.573406214984851559e+01 -1.238518434019899672e+01 1.906449572977278706e+01 -1.508631065530789606e+01 3.852980678899773181e+01 -1.216311956040273046e+01 2.715223871261569499e+01 3.798788146090369633e+00 -5.050048570471384224e+00 -1.369775929273366799e+01 6.318548047674949885e+03
-4.782842956244583377e+01 2.237963114899672146e+00 -8.487292566329962540e+00 2.216397008467324170e+01 -1.345949214472011590e+01 2.603914539899109215e+01 -2.326488420171505211e+01 3.791512157679389361e+01 -1.854176827787526349e+01 1.855896237069761057e+01 -4.496572638126021815e+00 -4.986291748661683343e+00 -1.860351286703471274e+01 6.773254378374151202e+03
-4.853367938408749183e+01 4.169651729723077516e+00 -1.365350657949614543e+01 2.626785301303581832e+01 -1.498572493122199845e+01 3.718200699659043096e+01 -1.123617252685050083e+01 3.816024035170768514e+01 -1.776115355365860182e+01 2.170173205979889275e+01 -1.303643907259339763e+01 -8.558510173388626185e+00 -1.574584220554051761e+01 7.716403623492537918e+03
-4.974350780399962701e+01 3.731243493121060517e+00 -1.422071393123234273e+01 3.148210440762023765e+01 -1.827986603328669446e+01 2.007651083611279930e+01 -9.633307298983911693e+00 4.042745395095630556e+01 -1.253693436984879561e+01 2.767034503789381716e+01 5.869509901143717956e-01 -8.279110760347370146e+00 -9.463433276746213707e+00 7.227357255058903320e+03
-5.056299603191667558e+01 5.412524757220374738e+00 -2.140473172379669364e+01 2.232452262343145932e+01 -1.946029708483490595e+01 2.123937189768381728e+01 -1.454348931117431754e+01 3.862600629620362014e+01 -2.276236915171565300e+01 1.234299072908484973e+01 -1.084233627152040391e+01 -4.573313026934238579e+00 1.060955078111514363e-02 6.884700797446585966e+03
-5.013450417763517919e+01 1.882926678690960420e+00 -2.307209903670205620e+01 1.936444896637465618e+01 -1.353567987988495780e+01 2.027853514479260966e+01 -7.754055743711885107e+00 3.292735483876450076e+01 -1.466708820138944169e+01 2.137059318335481350e+01 -1.049752694735603953e+01 -4.232642781582391045e+00 3.052021731207705812e+00 5.972341157219673732e+03
-7.300716253665106592e+01 -1.268135101391468567e+01 -1.909286668949458488e+01 1.883187724263759932e+01 -1.361150253811431732e+01 7.585740172613326671e+00 -1.347131201946880097e+01 1.756397504785200070e+01 -1.450358050841545143e+01 1.426138785279749932e+01 -1.655440550058102644e+01 -8.079845208305508564e+00 6.940132556732205416e+00 7.744064237439497447e+03
-8.495570587947494801e+01 -1.634845958994042903e+01 -1.036852010459351803e+01 1.469056105828083325e+01 6.805551096009189449e-02 -2.987277311345336805e+00 -2.276507265925413470e-01 2.315295191671974351e+01 -8.735296105733805661e+00 1.714130283579513758e+01 -8.349224292202153563e+00 -1.969661065290756907e+00 -4.269917066147888463e+00 8.815053314117598347e+03
-1.118874088737716903e+02 -3.557901043201015767e+01 -9.786248093534618775e+00 -7.161557983147574191e+00 -8.814934338341409159e+00 -1.010105558434844575e+01 9.693140553845644991e-01 -8.498387833887594667e+00 -5.726154534514732442e-01 1.524496608268093745e+01 7.134301866403212955e+00 -3.216021392052205830e+00 -1.097608346869824336e+00 1.447979604924019259e+04
-1.837872919722830716e+02 0.000000000000000000e+00 0.000000000000000000e+00 0.000000000000000000e+00 2.658533217257963476e-14 0.000000000000000000e+00 6.864338900890931966e-14 0.000000000000000000e+00 7.681979238110637171e-14 0.000000000000000000e+00 6.748200841563957577e-14 0.000000000000000000e+00 3.507168814121481235e-14 3.377776869050522509e+04
