-1.837872919722830716e+02 0.000000000000000000e+00 0.000000000000000000e+00 0.000000000000000000e+00 2.658533217257963476e-14 0.000000000000000000e+00 6.864338900890931966e-14 0.000000000000000000e+00 7.681979238110637171e-14 0.000000000000000000e+00 6.748200841563957577e-14 0.000000000000000000e+00 3.507168814121481235e-14 3.377776869050522509e+04
-1.114670095469596305e+02 -1.613121953398245267e+01 -3.943841386484107758e+00 -1.773518579263667050e+01 7.995635295174229995e+00 3.446512242166063000e+00 7.316741480438850864e+00 -3.628097150619043476e-01 -3.525000472335412915e+00 -1.274315985362211689e+00 -1.314514130671357961e+01 -3.964761878574465381e-01 -9.570222442749971137e+00 1.342326672867160232e+04
-1.031538088223502854e+02 -1.379767196747037161e+01 4.740829436446215794e+00 -1.750099743100585670e+01 8.727323148179902290e+00 -3.263474540305205007e+00 1.256264590782576462e+01 1.621389289383983012e+01 3.577847447877391396e+00 -3.698977792572085921e+00 -7.041326555898362649e+00 -1.148000916957448680e+01 -1.334619155796440459e+01 1.205334637986417511e+04
-1.038146542625169673e+02 -1.462946581982383343e+01 2.828884283425902701e+00 -2.020820687392344439e+01 -1.517427428257106081e+00 -1.413652906822935229e+01 9.940056822186772223e+00 1.516632426943649214e+01 6.926427408163896793e+00 -8.766926817556546236e-01 -1.607347662911042718e+01 -2.467998514448571967e+01 -1.166597330791218923e+01 1.299114132033687201e+04
-1.032243857264961377e+02 -1.459606596555948776e+01 1.404461835902997890e+00 -2.554896733178936685e+01 -3.590336107793332232e+00 -9.352514761050345626e+00 3.038610346794859751e+00 1.412909053380201119e+00 5.350436025053775246e+00 -2.488401803413247126e+00 -2.569576174767633603e+01 -2.657442553644335348e+01 -2.573824971001988260e+01 1.369837977732221407e+04
-1.032244210039662136e+02 -1.436378893965373216e+01 1.758586339943858157e+00 -2.222173689578406197e+01 -1.069567753457939668e-01 -4.438595131854069287e+00 1.026192679066292968e+01 9.959103335711812832e+00 2.386017172582109680e+01 1.770146451512248120e+01 2.899041742099566776e-01 -9.030074857601459115e+00 -1.409687859991243641e+01 1.274569911148268511e+04
-1.031469747141262729e+02 -1.368821150687422872e+01 5.178018944831639381e+00 -1.928628644299961792e+01 2.691758427814209487e+00 -7.059192057221405747e+00 -8.108633717268903141e+00 -3.922819270641642042e+00 1.010130878906782748e+01 8.400632847005013559e+00 2.941985533642680117e+00 -6.023822288791059520e+00 -1.330296963509710118e+01 1.175817224605508090e+04
-1.015111450828189845e+02 -1.034068083425287199e+01 4.125445302481122845e+00 -2.531359835002442438e+01 -4.073330051743758951e+00 -8.697564549742351048e+00 1.286716478133144292e+01 9.316137597534822845e+00 1.701701790329591546e+01 2.127483919943477986e+01 1.358972625972483916e+00 -1.576586070940209794e+01 -2.553795260690496249e+01 1.305862768770648290e+04
-1.009019746921094054e+02 -9.232400656827962848e+00 2.244929734620623396e+00 -3.102491727333632809e+01 -7.690373481997808014e+00 -1.212183622327803967e+01 -5.037516866715090025e+00 -2.358715069328867209e+00 6.250650032563061842e+00 6.927344266402911899e+00 -7.395280117192413627e+00 -2.036804126475865928e+01 -2.355256502209219605e+01 1.258238110717271957e+04
-1.007458470034711979e+02 -9.939575272812803064e+00 -1.600126072635863927e+00 -3.288661715924975226e+01 6.240655132995557297e-01 -3.485197157468991502e+00 4.804276988764319967e+00 6.354645091950374081e+00 1.677064589757295110e+01 2.212161008889457392e+01 1.024356411201184258e+01 -8.422359981953922770e+00 -1.960007677868960840e+01 1.273925944515877381e+04
-1.011677597357228962e+02 -1.041927501284160762e+01 5.249988584776289713e+00 -2.640423047093386444e+01 5.736000530648750484e-01 1.737312709060410354e+00 5.992806465579467279e+00 4.328780417796266100e+00 6.053731979817809972e+00 7.079878478556460131e+00 -1.141419165638857791e+01 -1.565654807169412166e+01 -9.927043960206406226e+00 1.168695183098248526e+04
-1.024632973508188911e+02 -1.304169357674983942e+01 3.811457110344019128e+00 -1.901297919032418093e+01 8.471162126817793236e+00 6.199410624579998697e+00 1.715139082921868763e+01 1.508744982560031822e+01 1.446889354282894935e+01 1.658566678649470916e+01 7.265058880813330511e+00 -6.428976907470324242e+00 -1.067902083199209606e+01 1.236941582149040369e+04
-1.025515137498007334e+02 -1.515096824121575914e+01 -8.146640386453807281e-01 -2.881375518258178658e+01 -8.172192014139261218e+00 -1.264325060818126367e+01 4.419662731093445096e+00 -1.826627967478592574e+00 -1.232060860734090291e+01 -7.532647110942752633e+00 -7.783044308440893566e+00 -9.512012670464322639e+00 -5.185957064933260696e+00 1.221325395626778118e+04
-1.027810267384151786e+02 -1.575495720404659394e+01 3.317585784041451880e-01 -2.690845756831563307e+01 -1.027375625533266756e+01 -9.554894837555313103e+00 1.159151361312092554e+01 3.624754451239547315e+00 4.347421564957735463e+00 -8.570581829426218157e-01 -5.742607901082308786e+00 -3.917975158143016667e-01 -8.524880928459612761e+00 1.200612067062581445e+04
-1.032751565365509805e+02 -1.568038988533404243e+01 -1.012982184581744383e+00 -2.536907955027774619e+01 -1.176407487068177105e+00 5.762620671692369356e+00 1.640430955515243383e+01 2.687276076718258189e+00 4.716241818516998308e+00 3.129320408472724413e-01 -9.217926942468244178e+00 -7.382945461125770770e+00 -4.333968073387694631e+00 1.204776567442771193e+04
-1.030181833233125559e+02 -1.215178200059549951e+01 3.919857998476428129e+00 -2.096138152939334987e+01 1.872368611484699574e+00 6.245377322322084090e+00 2.103907280396985158e+01 1.437429098128438554e+01 4.496138491453185004e+00 1.079823669581622880e+01 6.654216269897365865e-02 -5.479077200695842365e+00 -4.716895611872925720e+00 1.209602102727257443e+04
-1.024643297659034431e+02 -1.269775825663806756e+01 7.585223847524667384e+00 -1.960203978497280630e+01 7.255815570982822038e+00 2.109124394409405578e+00 1.236524037098431705e+01 6.229715457528765654e+00 2.687204800960353968e+00 4.679270382628990532e+00 9.106270890763555670e+00 -5.681737162436774291e+00 -5.995096571958818288e+00 1.153101544367589122e+04
-1.025310133461260591e+02 -1.127074498825081150e+01 6.348247453530986739e+00 -1.755371277055481372e+01 1.072052174648976042e+01 -2.402274541608274472e+00 5.892647670438956098e+00 7.626025873773135011e+00 1.979345108468738790e+00 3.264068317508796863e-02 -4.237881776395781230e+00 -1.848796626414301159e+01 -1.803680533271088038e+01 1.189066130243918997e+04
-1.017207998234427464e+02 -9.916352581848780545e+00 8.993354684645803232e+00 -1.735542250815036880e+01 5.849475905755525673e+00 4.032162653590251611e-01 5.040132472884033987e+00 4.700540844910846339e+00 2.741407916885173268e+00 4.545673364943478845e+00 -1.059807321982639294e+01 -7.333838365516903046e+00 -6.544927855129157201e+00 1.114654214095695170e+04
-1.027573227004689898e+02 -1.387738995937754716e+01 1.066288437744856932e+00 -2.651311980153398906e+01 1.813350906286001152e+00 -3.096213891858010658e-01 -1.406360088691446464e+00 -1.119793152301041239e+01 -6.944137661274237594e+00 5.638008346880301502e+00 -1.144312755704049422e+01 -8.284117959186833247e+00 -8.214395879203051365e+00 1.193354370358988672e+04
-1.037680059164578807e+02 -1.681104524486967122e+01 5.428534340062329822e-01 -2.667366244307148904e+01 -8.006373291770275458e+00 -2.395744558972922267e+00 1.806982610656658217e+00 -5.558730231888303841e+00 -9.001584701002018463e+00 -1.042174920112878844e+01 -6.149165895447421981e+00 -6.910577424896831467e+00 -6.771428661367222546e+00 1.218725747651772690e+04
-1.034710805822772670e+02 -1.724718515651729689e+01 -2.885155583829265513e+00 -3.085004526682200066e+01 -1.329127367558887585e+01 -1.487912348758088221e+01 4.056173614991702259e+00 -3.210867810963296431e+00 -9.438879590891895432e+00 -2.641783035372133437e+00 9.895983688297907421e-02 9.381793808429771397e-01 3.082292786975801668e+00 1.249504978452962496e+04
-1.012057559322710887e+02 -8.629756508006972027e+00 8.459690797638550919e+00 -1.636309617626899637e+01 5.844214086774821126e+00 -9.120814043396514137e+00 7.959961170629909155e+00 -6.892259714152353389e+00 -1.596966334113811037e+01 -1.623989509361408423e+01 -1.076787843451585580e+01 1.752630446219289040e-01 -6.013282859869907071e+00 1.155550516273594258e+04
-1.017567467617789134e+02 -1.278464136533538564e+01 5.753926104457112167e+00 -1.632716866710508086e+01 4.032974958435552537e+00 -1.591147144326757967e+01 -5.206072375653217676e+00 -6.612950940545172074e+00 -1.673736129342013257e+01 -1.424854452364374779e+01 -7.087384970842680154e+00 -4.944499089801003500e+00 -1.470425716215339484e+01 1.193189534868202645e+04
-1.019226574989450569e+02 -1.322852867512896680e+01 -2.429683939913392710e+00 -1.880814275467387375e+01 1.029865435335447010e+01 -9.486167435060652409e+00 -3.295583271130239744e+00 3.170639195754332729e+00 6.558975740428885613e-03 -5.984057007730032574e+00 -1.299666542764970423e+01 -1.484636035411921995e+01 -2.326635775228509395e+00 1.157038509991164028e+04
-1.030534477977590058e+02 -1.419155223263289933e+01 2.869652160201316971e+00 -1.984017451673296151e+01 8.507267224453084253e+00 1.580132951587661649e+00 8.294198012947088472e+00 1.289338846155274609e+01 8.777725339314924824e+00 4.595462625926638900e+00 3.802204053151859053e+00 -7.751140359940489333e-01 8.034928335044064784e-01 1.164705418566621120e+04
-1.024184507903893291e+02 -1.374631540321451872e+01 5.212368573756387846e+00 -1.857102773549384267e+01 3.267247600253669226e+00 -5.989779141381595728e+00 9.515855344004402028e+00 7.710232147749518816e+00 -3.115283713064296300e+00 -9.946139577870948045e+00 -1.483549436376141983e+01 -5.584228634894127907e+00 -2.844857667656240707e+00 1.161510305324188448e+04
-1.033312226652726622e+02 -1.441746507808475464e+01 5.721855454954225095e+00 -1.417684388533353257e+01 1.188706626183718384e+01 2.293083587665538658e+00 1.703002710721719382e+01 1.539726130525959569e+01 5.650977512821689253e+00 -2.319671356844887011e+00 -1.407635105367359074e+01 -9.311447608014146837e+00 -1.169680221678090959e+01 1.225156178449850995e+04
-1.023474184085986138e+02 -1.044168538339935104e+01 9.715358340455670927e+00 -1.769813347006719439e+01 3.792209705038843470e+00 -5.262276893091602403e+00 2.360359050249249080e+00 -1.403706491346509377e+00 -2.276762637669712319e+00 -7.940391704972511455e+00 -9.987726604506777406e+00 -6.945208808960560809e+00 -7.062468449683639626e+00 1.130735160113081474e+04
-1.023218801284198491e+02 -1.151342870231070847e+01 9.464333452554065218e+00 -2.161974364226390932e+01 -9.979248247946859607e+00 -1.361633666798219267e+01 1.278355132646509018e+00 -2.458979028738796480e+00 -1.355599603017280153e+01 -9.991246787666236528e+00 -8.558505157037515687e+00 -6.964502573177922429e+00 -7.300145642366955734e+00 1.191061837967190513e+04
-1.018477102470820341e+02 -9.830502983428926811e+00 1.153526380005057028e+01 -2.262547140871276596e+01 -4.085614340678451306e+00 -5.770383835807526118e+00 1.486478810222193969e+00 5.290761708373532546e-01 -2.939098198785548011e+00 -1.120489601509847777e+00 -3.935780683248718770e+00 -7.549046079521359864e-02 3.853908201878514905e+00 1.120729072587912015e+04
-9.849244353305614652e+01 1.794577178853446142e+00 2.061292731051404559e+01 -1.153442989081404413e+01 9.497005862816818578e+00 -7.314249989598805790e+00 3.013746550460465468e+00 -6.851827925293048516e+00 -1.120529473819327926e+01 -3.975789172840845431e+00 3.682778934304194784e+00 1.752086087015970239e+00 2.183885752310702477e-01 1.061968526265643777e+04
-8.105603809737414167e+01 2.662617629075972658e+01 3.163141255600127266e+01 1.011204991587434421e+01 1.931931136021122342e+01 -3.216495481355712727e+00 -1.083603291636342281e+00 -4.704527309830011106e+00 -1.498953295289311605e+01 -6.331986390149402233e+00 -2.218708284083305315e+01 -3.746430004871587727e+00 -2.020841774344623687e+01 9.968185477867551526e+03
-6.418151632031801057e+01 2.320884871329018750e+01 1.663703230655472254e+01 8.444032284243313313e+00 9.128878748276719080e+00 -1.127918268538788960e+00 -3.171170648561140393e+00 -5.180641578674709535e+00 -1.071236698372744200e+01 -4.699631276178108052e+00 -1.407038423823046713e+01 -4.282138749341208417e+00 -1.445444960407170143e+01 5.689599096991347324e+03
-7.412647158272373815e+01 3.020821502967839223e+01 3.692124044699553309e+01 7.200394166849273248e+00 1.987780231460799030e+01 -7.404963523509365153e+00 1.625907983276156710e+00 -6.897720719972638692e-01 -1.332189904767098199e+01 6.005399045510302791e+00 -2.094425461133070598e+01 1.232548354763213538e+01 -2.172848209079392134e+01 9.551617680620323881e+03
-6.721214893758958908e+01 2.837135176745562148e+01 2.610617690302103000e+01 7.856696247604579852e+00 1.118399434379528934e+01 4.283478666515749822e+00 -1.267300149018408373e+00 5.194681679686854459e+00 -1.801249202505213631e+01 3.662117021164368325e+00 -2.257282979141534085e+01 6.353463438929141560e+00 -2.102954912138970300e+01 7.567689449470130057e+03
-7.234987799188961333e+01 4.165389197182273762e+01 3.328179750452770236e+01 -3.185851480460089036e+01 2.376376746260637773e+01 2.010541682376209494e+01 8.225455100797922636e-01 -5.624096716495638582e+00 -3.158415582525687526e+01 6.164488250958027216e+00 -2.822262530865960883e+01 9.079097512500714728e+00 -3.489205325677060898e+01 1.322540783321376148e+04
-6.715035557219972873e+01 4.016359033226351016e+01 1.990621398569700062e+01 -2.556951306267104584e+01 1.967065338704233568e+01 2.504901515070012863e+01 3.706125096322823165e+00 -1.128204842482375625e+00 -2.461435392575544867e+01 5.409606653301920254e+00 -3.564851103940617350e+01 8.555170051101718798e+00 -2.582156901222414191e+01 1.084762853295535388e+04
-6.469714444844336754e+01 4.333137148570860120e+01 7.905714872460587905e+00 -2.650705166172830474e+01 3.558473504123704600e+01 1.113448145746588480e+01 9.813763080525982119e+00 2.517758558336671837e-01 -1.355618478592306708e+01 3.060752378900118753e+00 -3.738538996507088541e+01 1.827527618512523233e+01 -4.140797523305226946e+01 1.195448761868050860e+04
-5.505467277007669935e+01 3.398879354803092667e+01 -5.678424957098341608e+00 -3.622130888256196002e+00 1.440538994459557465e+01 1.279773982165607826e+01 -4.353349785875424871e+00 7.207102001842647709e+00 -2.217066234040459882e+00 -2.077888913959561279e+01 -1.072923750117818287e+01 1.606689088768297324e+01 -2.838662511413746969e+01 6.289550422543457898e+03
-4.715584239206224026e+01 3.420798965036168937e+01 -1.232364687098644751e+01 -9.545223171609077184e+00 -7.215993233380276095e+00 -1.452741283197691580e+00 -1.341809412079907560e+01 3.169380849819904977e-01 1.075545548175662702e+01 -1.336191132434495188e+01 -1.206640534395270414e+01 -3.553293682784188223e-01 2.536199894538933464e+00 4.317547504034591839e+03
-4.549789400488118218e+01 3.053456372066893110e+01 -2.166070355006549164e+01 -6.496248548638906328e+00 -2.068001904844379268e+01 1.073863544095978995e+01 -2.915293569865334788e+01 1.289378032177403099e+00 8.996108169534636545e+00 -3.242660535757615747e+01 -9.828477111651471532e+00 -7.784532104381098883e+00 3.847266306192328233e+00 6.212756956181136047e+03
-4.278511457071304136e+01 1.971825533273516129e+01 -2.329781199649069734e+01 -1.617664361396615647e+01 -1.714392170210417632e+01 2.004173628847653710e+00 -2.465410202546513929e+01 -9.793878126012488750e+00 -5.433471491222304550e+00 -3.339071539470900518e+01 -2.596584873444278685e+01 -6.606525738279191096e+00 -3.149934357482527147e+00 5.897779079628095133e+03
-4.237258281748302835e+01 1.814854935916844880e+01 -1.832621381226769941e+01 -1.228126493365837746e+01 -1.781221936241421488e+01 1.914658065112584140e+01 -3.383692140085566535e+01 -2.805750945337353919e+00 -3.724750057931838221e+00 -2.243540798411973824e+01 3.651698086812349864e+00 -1.409263233387228098e+01 3.009888607050680509e+00 5.186379305879818276e+03
-4.353243048995885545e+01 2.379391061725528544e+01 -2.044597362380578787e+01 -9.779425884835044158e+00 -2.735023972193014430e+01 3.223058212219863350e+01 -5.177400494669769415e+01 -3.367693242550199306e-01 -9.992243390522299151e+00 -3.900019315972024714e+01 -5.103790383222552407e+00 -7.302523032939932435e+00 1.438679903140760996e-01 9.142660944860706877e+03
-4.289465929725120219e+01 2.311130304876981612e+01 -2.063983227771358031e+01 -2.210970901480138640e+00 -2.761724244212016899e+01 3.835159772511414644e+01 -3.862124881482892391e+01 -2.362574171486795649e+01 -1.535608969046404315e+00 -4.422348525920224205e+01 -2.952304428093169619e+00 4.930512789290387055e+00 7.453587283273219732e+00 9.134965617956635469e+03
-4.328714092164491944e+01 2.147724957404808777e+01 -1.817759540212848890e+01 -7.762582322939403312e+00 -3.252376294035734361e+01 4.965460152681188077e+01 -5.253576986169031215e+01 -1.344152345603406218e+01 -9.300184059882498744e+00 -4.645477448719565672e+01 -1.049495692415082360e+01 2.013603233035458828e+01 -8.808352666966145605e+00 1.202751824548523473e+04
-4.358795410179241259e+01 1.935062444849974028e+01 -1.367670665831181687e+01 -1.132579102971945950e+01 -1.963339178472237379e+01 4.241112689059125529e+01 -5.578613522319893292e+01 2.646846498300879924e-01 -2.274071565818736929e+01 -4.799747653945187409e+01 -8.113240014518861898e+00 2.311154851785935449e+01 -1.801475140859556490e+01 1.163141646454216607e+04
-4.974547830245219160e+01 1.862181841105200419e+01 -6.967490817413688475e+00 -1.469509930712423085e+01 -1.560550253197471271e+01 2.752367813630115734e+01 -2.680162363733342801e+01 -1.950679792131913004e+01 -3.191835628924847867e+01 -5.631619222538278535e+01 -1.404272600385612257e+01 -7.469939984411132272e+00 -1.161423205382669011e+01 9.763986884741434551e+03
-5.567046014092375117e+01 4.076894445305166670e+01 -2.061580169906258320e+01 -4.685117918762840006e+00 -1.215471409984557738e+01 3.392493238402857259e+01 -2.323632440758326112e+01 -4.065445129674432678e+01 1.878620013740753603e+00 -6.280792213227832121e+01 -7.515712667784573142e+00 -9.550144238169767874e+00 -1.148707971949348661e+01 1.292762635613658495e+04
-5.728914548911678395e+01 4.262093829259036681e+01 -1.525660541042380736e+01 -4.580856597404277863e+00 -2.566368146490476843e+00 3.325371507547701810e+01 -2.777700606074624901e+01 -3.220865658045066482e+01 5.818726217969745207e+00 -5.645305314328847857e+01 -4.126679188183550728e+00 -7.147822506538473064e+00 -1.539164262061959221e+01 1.179952255809649068e+04
-5.330059779356344052e+01 2.963849340575789526e+01 -6.795251246323597449e+00 -4.635796777740725183e+00 1.500001341831518609e+01 2.172389157334444931e+01 -1.299893410447393371e+01 -2.462788829324556161e+01 -2.259662016234235793e+01 -3.844970900003178116e+01 -1.826411751662651994e+01 -9.164236671166035464e+00 -5.638869415432149701e+00 7.697838540715531963e+03
-5.729081115665668023e+01 4.033113577789947612e+01 -7.127779880401564405e+00 -1.885246804306426549e+00 6.095323874206579617e+00 3.153090233945234999e+01 -1.649703372054004546e+01 -3.722427190552027554e+01 -5.451531783224121241e+00 -4.383163088779666339e+01 -1.087964197503178276e+01 -2.090684463629330914e+00 -1.256836017565363406e+01 9.883978587207808232e+03
-5.406721389812710044e+01 2.742116892357913116e+01 9.061264026753597101e-01 -4.229883001717043456e+00 9.614328704612727705e+00 2.286788233232131518e+01 -1.232093224015092403e+01 -2.321161218818945926e+01 -2.239195988668970827e+01 -3.509240638793304612e+01 -1.478065114640519973e+01 -2.118068322262138992e+01 -2.034298593935031008e+01 7.813659690233994297e+03
-5.570839318336656021e+01 2.996150324129478904e+01 1.318817060094054749e+00 -3.619781566698167641e+00 3.134931071810755920e+00 2.563726376948758912e+01 -1.164948705004296770e+01 -2.689583152975487934e+01 -1.447728845788938656e+01 -4.071058494365328784e+01 -1.692233851498957975e+01 -2.011804267011056169e+01 -2.802990315264207766e+01 8.885872493182774633e+03
-6.078738586308952563e+01 4.289108031247754838e+01 -5.193853198967221196e+00 2.326571701183663077e+00 3.778701106384951380e+00 2.752382494208469055e+01 -1.254363112075223441e+01 -3.680157436408394034e+01 5.063108472940569982e+00 -6.025957618666508608e+01 -9.989901865615378185e+00 2.563970022099900659e-01 -3.496425145422522007e+01 1.282989252430224224e+04
-6.261589277712056401e+01 4.259051892979393728e+01 -2.875096029314696544e-01 -5.309876445673715750e-01 2.245496723853757537e+00 2.392718495574147397e+01 -1.065306230019649192e+01 -3.252436400943184225e+01 -7.395407632554659827e+00 -3.796228511883346357e+01 -1.067407398136245256e+01 -2.426593653840333431e+01 -1.315492646822564637e+01 9.855592133993543030e+03
-6.165241044689683747e+01 3.373675932288523427e+01 2.501091736351183759e+00 -3.335741999601385732e+00 8.578271828462682436e+00 2.186774631276345815e+01 -3.185526915898224676e+00 -2.329487321213306927e+01 -1.992599867281754200e+01 -2.570524117606094805e+01 -9.546362077712140959e+00 -1.803949134211013217e+01 -1.405770288328950102e+01 7.733135188332389589e+03
-6.579777119364557336e+01 4.148632162763009035e+01 1.829815262944391341e+00 -8.530958723341742100e+00 1.125928007049710899e+01 2.849989099764958667e+01 5.438121133628581738e+00 -2.076554970244609777e+01 -6.511638514157946922e+00 -1.874383825824818217e+01 -8.124683519005957422e+00 2.307929533805572753e-01 3.850330281143161670e+00 8.001005147106604454e+03
-6.493366087896043837e+01 3.263170966731948397e+01 5.158306963057401440e+00 -7.942142382606726336e+00 4.366974217521656598e+00 1.864125147012358497e+01 9.751422885192326362e+00 -1.187239933083221466e+01 -1.572094502716556264e+01 -6.373608616765661594e+00 2.073465533249046366e+00 1.814044692710118811e+00 1.028271787939463167e+00 6.269923741333740509e+03
-6.856762132092377726e+01 3.357191780334485287e+01 4.500085748131382068e+00 -1.626747381594620290e+00 1.328720204782806391e+01 1.133001544007473171e+01 6.903799345923324893e+00 -9.585468285320949633e+00 -1.252686563140864529e+01 -9.152828279336866046e+00 -6.244094194522118002e+00 -9.800263772554579589e+00 -1.248940296551945650e+01 6.827667769993238835e+03
-4.833195671714346986e+01 -6.728592969135816837e+00 -2.769009660983545018e+01 3.815615499062241156e+01 2.963084997437612955e+01 1.368687117227233152e+01 -1.217236814308174431e+01 -1.364580057592755402e+01 -8.819797730587719542e+00 -1.680564159264586266e+01 3.818584020689364422e+00 4.814363882345225498e+00 -5.751074085921000112e+00 6.434630707647011150e+03
-3.800200256365326368e+01 -2.005680448897958001e+01 -2.637343974620943143e+01 3.507262272725658647e+01 -7.583864414659903019e+00 -1.450075889714713462e+00 -1.714327654830463743e+01 5.611247803352629404e+00 -7.854236657023028201e+00 -2.272157385751798131e+01 -1.768092771870548363e+00 1.069848299023943206e+01 -3.029617794188419033e+00 4.861791772789048082e+03
-3.947847242293358505e+01 -5.475014195676724427e+00 -2.702488531370124747e+01 4.420901731464365270e+01 -7.514525498405905779e+00 5.530888280323178918e+00 -2.898276698431318721e+01 -6.044541034829308934e+00 -3.950332818999898876e+01 -3.311985171750556134e+01 -2.153289411944292464e+00 1.410394422529142844e+01 -1.153496966971446902e+01 8.230954219619976357e+03
-3.657072244953771900e+01 4.030015662984622438e+00 -1.993431507749679810e+01 2.877506415094198999e+01 -7.239588940580463650e+00 2.280616776799185530e+01 -2.115224933626156556e+01 -3.875793408629563430e+01 -7.688522478305939600e+00 -4.373154866552002318e+01 -6.529810014506553628e+00 9.619302947280075955e+00 -1.136553512804290911e+01 7.337074567484187355e+03
-3.381909540025711181e+01 7.935499664483884885e+00 -2.446004010074146251e+01 1.812533652755392666e+01 -1.794495639795633224e+01 2.835167237732469658e+01 -5.317044197842410824e+01 -2.892676944006036166e+01 -1.800744281488200826e+01 -2.904191183172605761e+01 -1.284625367291468123e+01 2.013255121012007542e+00 1.111226706819547339e+01 8.383479980297814109e+03
-3.438199935100628579e+01 1.658764219194002365e+01 -2.957597562664142288e+01 9.924341686718296529e+00 -1.768591717108143158e+01 2.003882012637578569e+01 -4.813222989895988491e+01 -7.447160986920019710e+00 -7.163158017855745463e+00 -1.177244748239574257e+01 -5.126685129064695978e+00 1.670721906348879315e+01 1.553019293629909292e+01 6.253522699495062625e+03
-3.444546198733161191e+01 1.561723026412241389e+01 -2.165662938955582462e+01 -6.549687588579613085e+00 -1.707360815824361211e+01 -5.656826449871958040e+00 -3.065520779826703901e+01 -6.457246729581965994e+00 -6.525878905965989851e+00 1.527196140687299808e+00 -7.550255284761096419e+00 8.342396278043137769e+00 6.543138039253394211e+00 3.461575327647896302e+03
-3.489947277270879056e+01 2.683421310264661486e+01 -2.492033787298629832e+01 -3.436620522975518899e+00 -2.396512187169138386e+01 3.806358745238880292e+00 -4.497091533485882309e+01 -1.426265399993876137e+00 -1.123380979344557140e+01 2.406997279224952990e+01 -8.836031161860132599e+00 2.428117853551958660e+01 1.533490626582390348e+01 6.792487185886454427e+03
-3.297646189201383748e+01 2.282219803636145627e+01 -1.729467374517636102e+01 -1.746410934773327384e+01 -2.408341168658037290e+01 -1.058630670758955716e+01 -3.277368813403332837e+01 -1.024414615024602071e+01 6.193066893532565231e+00 1.608576273750811225e+01 -6.445388979442554511e-01 1.237603519562281207e+01 1.914805995751191858e+01 4.900874107900870513e+03
-3.571451182992075957e+01 2.968004569726338104e+01 -3.136539343966790838e+01 -4.271416177754322696e+00 -4.850764471271339318e+01 1.652542197753436426e+01 -4.596534802102007689e+01 1.178884724841857334e+01 -1.253829402516096714e+01 3.242508236784257747e+01 -2.565038579324726786e+00 9.865752815423856958e+00 1.091777682908712777e+01 9.468040810921367665e+03
-3.479199205653939941e+01 1.859370787478872344e+01 -2.740545701159389580e+01 -2.528734491855870914e+01 -3.491442447619029821e+01 -1.741271273988135704e+01 -1.507208095564371142e+01 -1.005451577578365985e+01 -2.882459939712101793e+00 -2.049925849097370190e+00 3.718971773561218441e+00 -2.058043567058216894e+01 -8.943749091464978207e+00 5.327084586669380769e+03
-3.504663131358799433e+01 2.310410699397861123e+01 -2.159949101095525847e+01 -2.101912713939707089e+01 -2.239263904681619977e+01 -2.977748077312282415e+00 -8.403582557211832338e+00 -3.982628019983322609e+00 1.289392941544666193e+01 1.696117855263248586e+01 6.738896339911288891e+00 -1.178982674623354399e+01 -1.257820359055971338e+00 3.907116481195349479e+03
-3.882405053478576207e+01 3.062738397630622345e+01 -3.475181867979885197e+01 -1.482586065091298089e+01 -3.695606458478499690e+01 3.396397981157875945e-01 -2.347299610486272314e+01 -6.041242644361517478e+00 2.427391064786580954e-01 2.823106198343427131e+00 -6.645494051124853918e-01 -4.411061379031166041e+01 -2.954267610394569754e+00 7.789127241232455162e+03
-3.660882848868050132e+01 2.563839448193816395e+01 -2.202130962038709683e+01 -1.924639759694635188e+01 -2.434470027431710903e+01 -3.931642773757622944e+00 -1.714089764861497756e+01 2.649564455144762132e+00 2.056098386335330819e+00 5.275609864007368977e+00 1.020692454131262572e+01 -3.203578086923022283e+01 3.159332654731697776e+00 4.934361850458977642e+03
-3.872264577978680933e+01 2.909524007755459962e+01 -3.069674565069496452e+01 -1.515425486778754482e+01 -3.755039917591380316e+01 3.105571626615493130e+00 -1.605351744175449724e+01 -7.974004864572925122e+00 4.255117275547799061e+00 2.756706901372556917e+00 1.005009549488161014e+01 -3.123466732994202744e+01 -3.229560288045543626e+00 6.371639533021408170e+03
-3.539527134285317089e+01 2.489716110724799591e+01 -2.044370106792013786e+01 -1.968533747641893328e+01 -2.818783039051572459e+01 -2.491612265261587689e-01 -9.642867752433046391e+00 -1.636722777335490520e+01 3.014921971616297380e+00 7.494289430259637008e+00 7.655484113896684484e+00 -1.905011845872088472e+01 4.689690287968499294e-01 4.320625707285355929e+03
-3.664574436957696690e+01 3.724248069183978060e+01 -3.126678691804879406e+01 1.439788612171011506e+00 -3.495619624971043748e+01 2.184322209467984521e+01 -1.380000932748045095e+01 3.100079422556821118e+00 1.942809598635837531e+01 5.553373773094542720e+00 2.613689978774190337e+01 -2.070688401080883878e+01 9.924551391822440394e+00 7.227410831698659422e+03
-3.414825178120678117e+01 2.612840764605074995e+01 -2.100703762844727152e+01 -1.478044118471896695e+01 -2.422216904316254826e+01 5.997250475584026574e+00 -2.408492613806045668e+01 -7.313884740992534716e+00 1.920004134951183516e+01 -2.364328112324567410e+00 1.609750154368485653e+01 -1.520524785724646222e+01 3.134308131690755950e+00 4.639195561930927397e+03
-3.607578239003360210e+01 3.313211654843594545e+01 -3.308001510677333812e+01 2.245157137152737015e+00 -3.409572083170555601e+01 1.557144655223832075e+01 -2.879703505040534850e+01 -1.361789613973543256e+00 1.503355270293651103e+01 -3.891832242381622287e+00 2.521194315563593236e+01 -1.631674211938188535e+01 5.250268559914015754e+00 6.905236713576337024e+03
-3.595503692200814072e+01 2.808481052444913928e+01 -2.655580958801897751e+01 -9.990093956846408219e+00 -2.078665715440826034e+01 9.228003643297029157e+00 -2.129731426033299613e+01 4.505299465555991034e+00 1.836290781615718259e+01 1.064034186468752807e+00 2.200953621861387077e+01 -8.575682074679489730e+00 1.012756634441662307e+01 4.876506907151931046e+03
-3.813093833907024077e+01 3.149510962828226823e+01 -3.022714494779839356e+01 -5.620836235251728930e+00 -2.251567873117029706e+01 5.000783551705582752e+00 -3.699676589211785682e+01 -1.489995433574934136e+00 5.039675120711995859e+00 3.507729763656990851e+00 2.496639928603644876e+01 -1.563847276068697312e+01 1.663387377021722102e+01 6.476400052136000340e+03
-3.431707993604020857e+01 1.562985719301133081e+01 -2.108627525101848477e+01 -1.668496122206923360e+01 -2.293094575924492418e+01 -8.936933251794924260e+00 -4.205861938203302941e+01 -3.344810816146569010e+01 -6.980449285831261896e+00 -1.278547378050367911e+01 7.616444012648729611e+00 -1.177588418423294137e+01 6.556000005930732399e+00 6.090231615238525592e+03
-3.794616600989827049e+01 2.075566220993138344e+01 -2.527317739552146136e+01 -1.222605029180470737e+01 -2.958702575691322068e+01 4.127234759854737867e+00 -3.721798771057372335e+01 -2.726934675266351249e+01 5.853024215819345955e+00 -1.901790522345237378e+01 1.687994417654944002e+01 -1.195733647184343695e+01 7.720102720293396281e+00 6.563589879946752262e+03
-4.229561716240151981e+01 2.521221982684100738e+01 -2.026747633887695699e+01 -1.162297083672730658e+01 -2.306152271685489552e+01 5.051414974850652051e+00 -3.220614855599711746e+01 -1.811032356487046613e+01 7.832752280728967342e+00 -1.737028844493143609e+01 5.648327630109008624e+00 -7.964052890981394128e+00 5.619900058128380671e+00 5.383001704749292912e+03
-4.631496649464271798e+01 3.154817486222505352e+01 -2.879844871477340718e+01 -1.496991795754195609e+00 -2.851247372901484667e+01 2.021511361222041359e+01 -3.712788532523246943e+01 2.489516768819531212e+00 3.557858109249799394e+00 -2.412458064432290783e+01 -7.717853451432103107e+00 -8.332748187986236843e+00 4.464706110757791002e+00 7.321831930827585893e+03
-4.183044691980351359e+01 1.260662723253078354e+01 -8.905790525200501406e+00 -1.440790764036511362e+01 -1.773040838826770482e+01 5.129777199369145002e+00 -2.494533436487656886e+01 -2.712079697628925867e+00 -2.848071231038524220e-01 -5.202701044802776842e+00 3.517101956851660827e+00 -8.712467524747761871e+00 -1.400148786479486596e+00 3.283308052162149124e+03
-4.494572803040653497e+01 2.389501203387205663e+01 -1.642247417665231524e+01 -6.927923759870013853e+00 -3.240236933824942156e+01 2.710801363531930974e+01 -5.859757199727686583e+01 6.654826173717747650e+00 -1.447820010192883444e+01 -1.016315793702864134e+01 -2.008640223395511981e+01 -6.047908234589911558e-01 -5.613548530832341399e+00 8.919753262547839768e+03
-4.236591680531343229e+01 1.509939799892216428e+01 -9.628570243314976906e+00 -9.499534562086463296e+00 -6.731161052224638119e+00 2.354530994632279572e+01 -5.125605254611184591e+01 -1.739408433644372209e+01 -2.671687871743665710e+01 -1.280594114564601504e+01 -7.285578020693237455e+00 3.201363829218615287e+00 1.131265417835387410e+01 6.804328749653443083e+03
-3.831011846752096517e+01 1.765202145699727510e+01 -2.061429011219910734e+01 -7.960368198386148286e+00 -6.900396285687349085e+00 1.712526666980476264e+01 -5.425097474226321026e+01 -1.128754874804763730e+01 -2.819047123270268074e+01 4.014256732018183449e+00 -5.614256498687383967e+00 -1.053630704654309902e+01 1.088152724154566720e+01 6.750800904587234072e+03
-3.515264175294969817e+01 1.300329831883307108e+01 -1.950065881085996367e+01 -6.491588938928002150e+00 -6.238720519783768736e+00 1.392425728510840521e+01 -4.712830468580727228e+01 -2.641319347901768566e+01 -1.636959629636828240e+01 2.009020473451364808e+00 1.322528630639093628e+01 -9.364838783296777214e-01 5.468197961185259359e+00 5.456437112425457599e+03
-3.619684516317492040e+01 1.631409927083836919e+01 -2.292374818103057166e+01 -1.245558351943904540e+01 -1.039469313142757656e+01 2.024631154054284821e+01 -6.137247377951646854e+01 -1.950191953157052183e+01 -2.890812426686337844e+01 9.485804931272852514e+00 1.734547803419450673e+01 -5.847518233932894383e+00 -3.915691819101227988e+00 8.197921269764859971e+03
-3.416181704193371615e+01 1.339088928615483454e+01 -2.002556239487546819e+01 -1.438623930838943821e+01 -3.858356346421213168e+00 1.482992885434344288e+01 -4.031128102074534070e+01 -3.130477656452670843e+01 -1.622830342597437792e+01 2.680660412962631245e+00 1.686984806692884575e+01 -3.197330952543459226e+00 -3.118804456312230244e-01 5.359590547728049387e+03
-3.601344833403560841e+01 1.792382717859110031e+01 -2.706049372048310175e+01 -5.298962213737778093e+00 -1.708587582851853170e+01 2.937896547641286915e+01 -5.755808020615384635e+01 -3.346818334414000162e+01 -1.638992731787343615e+01 -5.250459304924939730e+00 2.055081096651801431e+01 4.245025052956259870e+00 -6.126455101751762555e+00 8.740770582835413734e+03
-3.539976319011049100e+01 1.745087152304715161e+01 -1.600913078790375010e+01 -3.613698281580352223e+00 -2.893070153945740852e+00 2.805852779008020903e+01 -4.174992142871007417e+01 -2.844933159297211844e+01 -1.200482652870413069e+01 -5.509440391572778317e+00 3.018593306304273227e+01 1.736845466260653836e+01 4.601685221019140570e+00 6.583597551276438026e+03
-4.058137619279106900e+01 1.912104468066657503e+01 -1.939423613774360078e+01 -1.499948893467268229e+00 -1.653360164360239182e+01 8.433979646103797023e+00 -3.462694253835192626e+01 -3.280049952372318245e+01 -1.188730745592121174e+01 -2.941427091330746890e+01 -4.976417042983935168e+00 4.804003837313807423e+00 5.336777751907070488e+00 6.093070388111689681e+03
-4.448876179772381079e+01 2.927258468514470735e+01 -3.136816479235763566e+01 2.162733175526277662e+01 -1.440532464571580107e+01 1.344735350336496893e+01 -3.077454828831413636e+01 -4.079422592332666397e+01 3.086260895540269833e-01 -3.694628565636105577e+01 -1.601407930576589322e+01 4.218199190004542132e+00 1.846923872768518038e+01 9.267903760625131326e+03
-4.178259193516143455e+01 2.685648370673604290e+01 -1.888193879754158999e+01 2.199620207492527513e+01 -9.047336796322156260e+00 2.155495111700540534e+01 -2.626178703232308820e+01 -2.387956797437808731e+01 -3.941157778867425687e-01 -2.562471626291934612e+01 -2.002227327383767985e+01 8.440263572473002185e+00 2.557300052475156349e+01 6.896690912787556954e+03
-3.620423125733752556e+01 1.503142882927545898e+01 -1.113075200108595730e+01 3.745732962889062545e+00 -1.385602042732223182e+01 6.195132402269716287e+00 -2.263356197403405901e+01 -1.743127061049593962e+01 5.719651264050579220e-01 -1.612776881866460954e+01 -4.805230929310177146e+00 8.552571800831103133e+00 4.356516919043960101e+00 3.096758698948505753e+03
-3.332403238327744788e+01 1.757651473643963058e+01 -1.416161053537379821e+01 -1.194740508253842926e+01 -1.871791523461548579e+01 2.270822611187388063e+01 -3.537422948297938063e+01 -1.733702944619567887e+01 -4.982866854379370380e+00 7.446823446836390303e+00 1.759269080241242378e+01 5.979952271867752245e+00 5.382420630335967182e+00 4.635166483356657409e+03
-3.042408645887375229e+01 1.614337024303760160e+01 -1.592229762644568858e+01 -1.492924420011020814e+01 -1.386603831953678601e+01 1.443617155726107271e+01 -3.272097543074679038e+01 -1.877400921707324244e+01 -1.368020411341265063e+00 1.054004410704558659e+01 2.987850888082108014e+01 1.292857454616805413e+01 9.647163785666581504e+00 4.752336168353201174e+03
-3.266073694987757392e+01 1.774333961903936441e+01 -2.656956656438815401e+01 -1.607815721900639971e+01 -3.347796338622236334e+01 1.869406716205210373e+01 -4.588611350532671196e+01 -1.926571310963610628e+01 -1.110183983717855050e+01 9.058000720214751667e+00 1.528359713951762799e+01 -2.382059454211085558e+00 1.170305158814767310e+01 6.874466329778390900e+03
-3.515755340516514593e+01 1.337266052203510824e+01 -2.245259104024296803e+01 -2.531742349814772908e+01 -3.982276989005987389e+01 3.987667675476565421e+00 -4.236104527130601838e+01 -2.324933736436015153e+01 -9.383787829040885597e+00 -2.168888476434863488e+00 5.983074097930362045e-01 -1.342822902455754530e+01 -2.889957970886288807e-01 6.770235103752755094e+03
-3.757902995855796036e+01 2.296309670527715596e+01 -1.396683163371056580e+01 -1.298808585657567960e+01 -3.333107228162962343e+01 1.401864417720958578e+01 -4.082744367596278323e+01 6.025105680285670395e+00 -4.395227482289805643e+00 6.003662383629863264e+00 -1.138244698468235860e+01 -1.527029558340842641e+00 5.567198083835137368e+00 5.532162482380757865e+03
-4.105149358292462125e+01 2.034391844573674746e+01 -1.159876853723291568e+01 -1.067335214646039887e+01 -2.957220536125147348e+01 2.766191095441124759e+01 -4.131804126153449630e+01 2.266566222809229458e+01 -9.861792942431936382e+00 6.307193059182055750e-01 -1.065012579204671717e+01 -1.031755064514866405e+01 2.000546089935298699e+00 6.529693428485828917e+03
-4.461340515172716437e+01 2.101312665181762185e+01 -7.653128123824087581e+00 -5.262357916534281976e+00 -1.851231209454729054e+01 3.661799339954269072e+01 -2.522794775999476258e+01 2.289239938903557814e+01 -2.072550428037128967e+01 -1.120115299100363160e+01 -1.171485509930386471e+01 -1.580501557545049707e+01 1.930475013599094458e+00 6.308040066621483675e+03
-4.778001427546617208e+01 1.262922295773243064e+01 -1.430502649505427293e+01 -2.431662674948082525e+01 -1.476462500060421590e+01 1.890068614696658500e+01 -2.869683068127750758e+01 3.338034546737397079e+00 -3.231928921690275303e+01 -1.779492754455092296e+01 -1.833075490430865173e+01 -1.958983141753601842e+01 -2.759320683548038389e+00 6.736827632962959797e+03
-4.636031876481858660e+01 1.143109869471482298e+01 -1.824113789533042151e+00 -8.735048562165385277e+00 -2.581041005032534486e+01 3.877725004632790018e+01 -3.437916494577860504e+01 3.391904274920994311e+01 -2.873892580114787165e+01 -5.672427231731264285e+00 -1.265799184803062793e+01 -1.021540598442556025e+01 -8.019207258063346444e+00 8.048847718360002546e+03
-4.519643606766462796e+01 3.123462988228999926e+00 1.865456266941561303e+00 -3.607290474350528964e+00 -2.351355317669070999e+01 4.186293605813913388e+01 -3.822159919549704910e+01 1.470356849514270436e+01 -3.904799498571144500e+00 -1.133030127539404042e+01 -5.185182984267730610e+00 -7.285085658219532689e+00 -8.902321309681422434e+00 6.354277602305006440e+03
-4.596627151755023988e+01 2.730978626261579278e-01 -5.446007684898115819e+00 4.353573102521115068e+00 -4.015228632900757333e+01 3.237845597717879542e+01 -2.916946203880202049e+01 3.626830212039684920e+00 -2.274796441530910762e+00 -1.970538644585964860e+01 1.128025502262994273e+01 -3.826040169287352022e+00 -1.708692288629215383e+01 6.513489844369210914e+03
-4.919977394797745518e+01 -9.251458824247457358e+00 -1.018469092350458460e+01 5.113672796013781330e+00 -4.823449105256867853e+01 4.166817753014426273e+01 -3.643649239937289508e+01 1.288121292370374649e+00 -1.886829552372990548e+01 -1.051103720574741018e+01 -5.104149039644267027e+00 -1.216736938150148895e+01 -1.666197462177762745e+01 8.946378298691173768e+03
-4.854248745556520106e+01 -1.239905661203694720e+01 -1.669876227227638665e+01 4.091997108772295277e+00 -6.044026056091678356e+01 3.369339407851721546e+01 -4.536686675485341169e+01 1.302516544843802393e+01 -2.708403653054450899e+01 -7.702984801661501457e+00 -1.704245734236517151e+01 9.564481226053445084e+00 -1.726153142626937154e+01 1.129454636053242939e+04
-4.918514361569184956e+01 -2.109566171956222291e+01 -2.005477797056812150e+01 -9.645001461050082270e-01 -5.198657382490095102e+01 2.641466610751349720e+01 -3.332393905216178354e+01 -7.096465724457238444e+00 -1.784922126599915870e+01 -6.421458316039577063e+00 -2.788160319831162681e+01 -1.578782561505249760e+00 -2.430862632270850554e+01 9.559128350905866682e+03
-4.826968914171882830e+01 -1.243491168627737409e+01 -7.696082951286079776e+00 5.459121329043465920e+00 -4.225237905883749079e+01 2.820536290548228919e+01 -2.981497795469243783e+01 -2.801995960807163177e-01 -1.216681245114836507e+01 -2.659114850912788430e+00 -1.798484683259660244e+01 1.345970971667299132e+01 -1.544736296421015176e+01 6.941780812784942100e+03
-4.965541279771419880e+01 -8.634422341459389472e+00 -5.187933972818554729e+00 1.133781799195176809e+01 -4.425017276138960653e+01 2.310035063476277628e+01 -2.363058957361620216e+01 9.352493584849923991e+00 -1.577684473640536034e+01 -9.271887298116459064e+00 -2.823614786628843376e+01 1.093366014803166131e+01 -2.059631405593739117e+01 7.509161780876192097e+03
-5.013393647975632916e+01 -7.708527388558266580e+00 -4.527602351080064480e+00 2.411120664752539966e+01 -5.110773739576314512e+01 2.854137038798431547e+01 -2.467297126285790299e+01 3.404746041933151446e+00 -2.487404873739608391e+01 9.648520000914146522e+00 -2.322730271443382577e+01 1.619470688721502460e+00 -1.890380170295772189e+01 8.832937136714555891e+03
-5.266224642787144461e+01 -2.829010232335304575e+00 -6.188635364553076279e+00 1.138287761175900670e+01 -5.378662939249171160e+01 2.642519697783099986e+01 -1.618692722082702318e+01 2.194908552351705344e-01 -1.101299273588501570e+01 1.250877783898166484e+01 -2.489738192049634335e+01 5.133567042240338552e+00 -1.018680296156516718e+01 7.830301557610144300e+03
-5.590454499719427162e+01 1.709970893835128436e+01 -7.878283996349618512e+00 2.475774091335641458e+01 -5.067296791775796549e+01 2.751061160909005565e+01 -1.394918646911600391e+01 -2.326548794175173995e+01 3.182773270858334502e-01 -1.883078182751697227e+01 4.026379404591568623e+00 -5.933386217715121980e+00 3.771693093292221466e+00 8.573519568598723708e+03
-5.401074077434010690e+01 2.376492344714971239e+01 8.191782647386176563e+00 1.001679026311462906e+01 -4.024620549195488906e+01 7.938281834842082496e+00 -1.966581123115668817e+01 -2.993936472725480513e+01 9.815217919722696749e+00 -1.462304380470826537e+01 -1.851387200865539739e+01 6.267386799151584142e+00 -2.735548832337935110e+00 7.314954896583438313e+03
-5.608683282066451170e+01 3.189521036996163161e+01 2.525533016589669000e+00 2.360472320570181637e+01 -4.095053916234331837e+01 3.055175345228075212e+00 -3.092637719119056072e+01 -1.097120149014253165e+01 1.611712352162051332e+01 -1.247913181887562750e+01 -6.014877703729594849e+00 1.014624413605957365e+01 5.369540878460149713e+00 8.073134752087609741e+03
-5.456186620418001354e+01 2.767001556647396043e+01 8.846620834807685796e+00 1.452271049289015181e+01 -2.407343525775653958e+01 -1.653228175969764280e+01 -3.378029789196341426e+01 -7.900352466052035894e+00 1.350183642790879368e+01 -1.482555882334773578e+01 -2.667414617453722059e+01 9.055628636996436498e+00 -4.882891642123757592e+00 7.307623441727016143e+03
-5.826161003827265716e+01 3.296650120719547061e+01 1.161719230341677189e+01 9.496903697954877543e+00 -1.969449989776893162e+01 -1.194781664344756855e+01 -2.447794712497724490e+01 -1.475473041230823235e+01 6.004213966117199597e+00 1.966429730283793420e+00 -2.100272952945743654e+01 2.194581522335246504e+01 -1.631090890966273221e+01 7.282547990919753829e+03
-5.511982924909436576e+01 3.019241077884225177e+01 1.114051455516844591e+01 6.483272721181760012e+00 -1.314459683979049309e+01 -2.771018179792882563e+01 -2.612171377925732330e+01 -1.902297265182893327e+01 -3.965450101081196443e+00 4.882656495035923250e+00 -8.251750652329572944e+00 4.083061301619654415e+00 -2.560908880422377010e+01 6.880926492207682713e+03
-5.974962972476370737e+01 3.861957237754894123e+01 -4.390330075790603304e-01 1.405601665924333155e+01 -1.046604969859731504e+01 -3.510248444898159903e+01 -2.631389064011611723e+01 -1.322606416023489828e+01 5.040014283310942922e+00 -5.877426741814901767e+00 1.048204005221535873e+01 8.168897667302541521e+00 -2.847362357189827264e+01 8.515623382903570018e+03
-5.868063571740152184e+01 4.010300526396330412e+01 -1.822258745694701199e-01 1.730380865949903679e+01 -2.262689593917644615e+01 -3.552121534202859721e+01 -3.004961056156809462e+01 -2.819598723740989854e+00 5.238614571947390885e+00 -1.485002749783319942e+01 4.796221101652581531e+00 -4.828020141964893597e+00 -2.073377859647926869e+01 8.759954920430476704e+03
-5.989032146016111113e+01 4.018281534729135984e+01 1.520078676403943563e+00 4.202639095481380593e+00 -9.947144903329419918e+00 -3.557013600107659101e+01 -2.655789990400867495e+01 1.277815083850905253e+01 1.745560481250092622e+01 -8.758882392029159192e+00 1.817784702134671582e+00 2.186553252736452624e+00 -1.762134336528180256e+01 8.154278779886357370e+03
-5.226896492021910490e+01 2.698668258946359089e+01 5.433643403732443256e-01 1.696402711319826340e+00 -1.122522595628257136e+01 -3.892308493991764351e+01 -2.912912888705371373e+01 3.340144524975829032e+00 1.327025449141179259e+01 1.239789961268568330e+00 -2.555384294980053372e+00 -6.112256434629379953e+00 -8.634374836574444601e+00 6.260252542007936427e+03
-4.857078379904328358e+01 2.134014093682814561e+01 -5.468864617289174390e+00 -7.577348772991694403e+00 -1.046486091608426960e+01 -2.818373992983674370e+01 -2.166480966002141884e+01 2.020025717398746590e+00 5.375656133215575672e+00 -4.069228222411494400e+00 1.033512331575856091e+00 1.649642197034027147e+00 -8.015011630612935534e+00 4.392614516361726601e+03
-5.556072049896919651e+01 3.511721326370095397e+01 -2.142366833924499048e+01 1.801011342931100856e+01 -2.312343143715173710e+01 -2.109897198880801028e+01 -2.889070918141856836e+01 -1.169074160061158807e+01 4.384582264410450136e+01 -2.607182858866285002e+01 5.229293112377439989e-01 -1.753016674024304500e+00 -2.508407852114386927e+01 1.028951022428393662e+04
-4.953808045948726146e+01 2.701420676513605201e+01 -2.570102342460026890e+01 8.126856604470283685e+00 -2.119197133264092514e+01 -1.118939828533705949e+01 -3.599132801616683253e+01 -1.602047513993066019e+01 2.550939894743163805e+01 -3.889995135158907402e+01 7.396697070099488514e+00 5.103221031445352551e+00 -2.050673157054048801e+01 8.701926467093488100e+03
-4.589338217030275757e+01 1.709661501417401297e+01 -1.966683491412281626e+01 5.520341943691045028e-01 -1.721129886204139581e+01 -1.121087414285095463e+01 -1.961755555886326263e+01 -5.928067288278377589e+00 4.622255099316671334e+00 -3.489486522987824912e+01 5.381212034930303645e+00 4.296148826818448896e+00 -9.031214161306420962e+00 4.995482913257210384e+03
-4.607854821798454736e+01 2.455826045672294100e+01 -3.211548806633148700e+01 1.133944030361758770e+01 -2.149154931060699880e+01 1.692624216732885856e+01 -2.494738019099274595e+01 -6.543418482541669690e+00 9.709571451919648766e+00 -4.009841435951310018e+01 2.817561083716937986e+01 7.514820277810160931e+00 -4.062748248374126625e+00 7.868902817296485409e+03
-4.773595026980044764e+01 2.417980026424848106e+01 -4.118641794001843692e+01 1.063168324237053319e+01 -3.105701829947595982e+01 1.997220696877373669e+01 -3.460563897431465108e+01 -1.020644058499231654e+01 1.573908269347482847e+00 -5.022293610628084082e+01 4.278207238899480558e+01 5.564480509620048032e+00 3.810555545060674287e+00 1.173849650854590618e+04
-4.674480155181890950e+01 1.854083280199404626e+01 -2.948375422409680269e+01 6.316805181365901412e+00 3.718658256750812519e-01 1.843913736798855396e+01 -3.755633866754813965e+01 -2.135738920215247560e+01 -1.466596557421191882e+01 -4.972966647163773501e+01 3.466807713636471533e+01 9.812072241530227501e+00 -7.056636368178044627e+00 9.680868187111289444e+03
-4.913750035016281714e+01 2.395752551669173158e+01 -3.081058366709450169e+01 6.970878681289130796e+00 1.385330704456450679e+00 2.040948206963954448e+01 -3.226939938810951958e+01 -1.649251273607875490e+01 -3.827398178328587086e+00 -4.826763758485935085e+01 3.009190326708709051e+01 -3.084595263237072338e+00 -2.006350478360835865e+01 9.380120806986547905e+03
-5.526210090342030412e+01 3.048508055084061397e+01 -2.628739584243550098e+01 1.248399945165756364e+01 3.869478181162324226e+00 2.360607402992388870e+01 -1.670368686124616886e+01 -9.416936350817856294e+00 2.048622483372607217e+00 -4.730643383084124309e+01 9.225198349157185618e+00 -8.450932695965061470e+00 -1.034616672937107751e+01 8.275690042307700423e+03
-5.489154148005486888e+01 3.058316368259149343e+01 -2.010363657841215002e+01 6.279734651241644983e+00 1.714493022270713141e+01 5.765583679672205086e+00 -2.898984344057611651e+01 -1.896375137233433961e+01 -2.257929719729671270e+00 -2.607627254857870369e+01 3.734287365494160404e+00 -5.445533741155772489e+00 -1.645581027733894075e+01 6.918690642574195408e+03
-5.455462536270529483e+01 2.509900307687090759e+01 -1.766995092674824974e+01 9.140370396999250246e+00 2.525446466159281300e+01 2.561203077123475502e+00 -1.527629869943838159e+01 -8.388704034451542668e+00 -1.243438170993585778e+01 -3.575481537850513547e+01 -5.828883729067036334e+00 -1.701082612616365708e+01 -2.763149132629835236e+01 7.469888119740157890e+03
-5.270639975911129227e+01 1.558389143754785522e+01 -1.187867703055553648e+01 1.759372367440936813e+01 2.777121440739450975e+01 6.117368136891164099e+00 -1.909445802347638121e+01 -1.661058021449615296e+01 -1.154683762088361831e+01 -1.848687349898425580e+01 -2.270125229769123898e+00 -1.926331600933040633e+01 -1.983747540833598677e+01 6.165484767109478526e+03
-5.368024880688012956e+01 2.041116042597846558e+01 -7.093825481571490954e+00 1.657589164593238706e+01 2.423352459736522846e+01 4.474194889482659754e+00 -1.562931831645273562e+01 -1.763823629946240601e+01 -2.101661686955278441e+01 -2.578104737199283392e+01 -4.653983203603902830e+00 -9.566680404591510367e+00 -1.497951155190892969e+01 6.229859519032431308e+03
-5.418171485302338652e+01 1.991612818975833221e+01 -8.382050168740439844e+00 1.369197548356535243e+01 2.435419497485999685e+01 6.840034737160748612e+00 -1.699768897166820025e+01 -1.099126123973037217e+01 -1.022168136725512433e+01 -2.101193535911546206e+01 6.429890342713844298e-01 -1.124899326548253953e+01 -1.751631242281392531e+01 5.619440169043716196e+03
-5.775811868260850446e+01 2.601050289268382443e+01 -1.550389345771409211e+01 2.597080406017400378e+01 2.501605884636370192e+01 1.898323175574208221e+01 -3.148813105345943697e+01 -1.556355030257848604e+01 -6.262111194210125298e+00 -4.045574719170663514e+01 2.882914762535342401e+00 -1.143236357526314251e+01 -2.233133165780259333e+01 9.460872719226132176e+03
-5.417091449279799065e+01 1.164147099514230277e+01 -5.545640418249523584e+00 2.217714846480953739e+01 2.941760450481091738e+01 1.104519185241721324e+01 -3.355406416963355554e+01 -5.694550293373067618e+00 -2.281031937869870418e+01 -1.322899301008349937e+01 -1.196182984857709997e+01 -4.732205915904524218e+00 -2.168757403766471015e+01 7.069433648812411775e+03
-5.021177790741339209e+01 -1.553719387311560007e+00 -3.345310552436974838e+00 3.760904591026784516e+01 7.784754921920704618e+00 4.519570891345144048e+01 -3.616785291601968311e+01 -1.057820512153440973e+01 -2.612124207096954365e+01 7.113432996255734331e+00 -2.433463454891874989e+01 -1.114364498360818079e-01 -2.257558003058986529e+01 9.307298529814446738e+03
-4.960640939084891698e+01 -4.330532554562366521e+00 1.192549041899289541e+01 1.417224633981544457e+01 1.271828800101851620e+01 3.190797246932374520e+01 -4.791635574394460662e+01 4.098065641656972957e+00 -2.040192742488785527e+01 1.244155683028588122e+01 -2.244943476596437293e+01 5.439213355545795991e+00 -1.405332717772957807e+01 7.617353246486462012e+03
-5.211633995605608760e+01 -1.949373235517456449e+00 1.695662397612138106e+00 3.161019272164314486e+01 1.232003608731412569e+01 4.622853210358724141e+01 -6.033554105046641070e+01 9.056531095246704410e+00 -2.714911999093205353e+01 8.593514218140191119e+00 -1.527317099059055749e+01 1.118284245167575364e+01 -1.863404318442508156e+01 1.124972772597470612e+04
-5.135047415654904768e+01 5.450970746399391054e+00 -1.369426562572965622e+01 3.672702274706991687e+01 1.019824366889994494e+01 2.313316636695479644e+01 -3.460469213123089105e+01 3.677278475955853665e+00 -3.434217401722990104e+01 8.468843247819068054e+00 -1.705293354520822291e+01 -4.293172923553504106e+00 -2.612500389257244748e+01 8.296001970472390894e+03
-5.162235283964467669e+01 1.255687512122024962e+01 -2.131337607721091132e+01 2.752849202370376247e+01 1.574964173760566943e+01 1.846657336057492671e+01 -2.945148915549819435e+01 -2.025938864086298707e+01 -9.654839885741900218e+00 -1.473240312930229656e+01 -8.962619893560276552e+00 1.157196365366538338e+01 -2.191913979278171709e+01 6.906466109138112188e+03
-4.873800917433153046e+01 1.277918612893047801e+01 -1.749627034827544136e+01 1.846341640926936023e+01 1.486049422229562111e+01 1.098185304047880351e+01 -4.078560092330937437e+01 -3.307780711900803539e+01 -5.893495822803697770e+00 -2.000185197745324928e+01 6.876056444565188386e+00 -1.195493925228073406e+00 -2.277150427466998650e+01 7.286818449635173238e+03
-4.573778030017300722e+01 1.059976256656153559e+01 -1.908902975123292478e+01 1.865469476183902131e+01 1.186284554481791709e+01 2.923773341781791046e+01 -3.475876668963108784e+01 -2.932046992901414484e+01 -1.779211822687280886e+01 -2.478552050991848432e+01 1.339230992305737900e+01 3.046124064446830815e+00 -7.154638302426020502e+00 7.150825369305610366e+03
-4.172865558624324223e+01 7.068755658037463974e+00 -2.003682098436982884e+01 1.914130229837295971e+01 -1.122184446450850137e+00 1.482150764060188841e+01 -2.932275395076086255e+01 -4.763145218532579150e+01 -1.741913657685401873e+01 -4.771815463975535465e+00 1.204817112522780675e+01 7.309839155387903631e+00 -5.385658305169219062e+00 6.462421208863625907e+03
-4.073104368696620270e+01 1.335404134749617100e+01 -1.927764248403295611e+01 5.721974284569323999e+00 -4.843258299691960644e+00 2.492682391755928606e+01 -2.894661707545107632e+01 -2.697905624216825515e+01 -4.395582941769931473e+00 -2.093147570953644632e+01 8.761420567815868310e+00 9.696711973890831615e+00 3.621027760619243141e-01 5.080664303669135734e+03
-4.294848087758783350e+01 1.407746735860659903e+01 -2.164974091124216926e+01 6.772184863508061703e+00 -4.946285263431814627e+00 1.906683534455278206e+01 -3.118016543354158188e+01 -3.503788133373954850e+01 -1.579597213312450243e+01 -1.793240297843589559e+01 3.525557729251885064e+01 2.282241868027545095e+01 7.678264046154883893e+00 7.539044734678861460e+03
-4.188109387334485234e+01 1.955118121627706529e+01 -2.244892496638517088e+01 9.412141178015888121e-01 -1.545208353270248303e+01 2.062347892996220011e+01 -2.079304907362313415e+01 -2.082691814462487656e+01 4.803396674475138184e+00 -2.393626123660473937e+01 1.128575662674254154e+01 6.224278274902001584e+00 1.028586373495756101e+00 4.934506159207350720e+03
-4.138997268172383315e+01 1.645227396727839064e+01 -2.146979782326819475e+01 -2.683729792544109483e+00 -1.758193890123682479e+01 1.370435191744886971e+01 -2.316802426717474361e+01 -1.824611775997647811e+01 4.932458756319080706e+00 -9.673766991842372320e+00 2.217835159170492432e+01 1.289694463984508488e+01 1.186073419129390949e+01 4.735372173339353139e+03
-4.236077681219791913e+01 1.990109521356115962e+01 -2.539495933593975252e+01 -7.339262351418057939e+00 -3.439507272907354718e+01 1.669331194488130876e+01 -2.705329339640193353e+01 -1.989455759575158567e+01 2.564676436711889274e+00 -1.929596962965854345e+01 2.208657934329619543e+00 -3.715843427088523665e+00 -5.590851275115817920e+00 5.907474821018614421e+03
-4.353108536963925701e+01 1.974425740757729741e+01 -1.184598718614827639e+01 -1.795213584217403735e+01 -2.088389024266179206e+01 8.548441329426882618e+00 -6.352981031525383848e+00 -1.512727281815557134e+01 1.913967222832826165e+00 8.476552121433401865e+00 1.331308167956871458e+01 3.129581850657319642e+00 1.257669242715956814e+00 3.789934524166139909e+03
-4.608376765700802480e+01 2.201191999888537509e+01 -4.176784994728393485e+00 -2.946485206911854249e+01 -2.300251596105102436e+01 2.077400413051082850e+01 -2.240841416693838895e+01 2.462133774798060504e+00 -1.310602585888806537e+01 9.239429455825053594e+00 3.983932040308228117e+00 1.128944686247145501e+00 1.322184846454451355e-02 5.237016796111280200e+03
-4.798128589675463473e+01 1.177385614156235505e+01 2.272534529753493349e+00 -2.200655457338175935e+01 -1.776594923560581307e+01 2.702337893167275595e+01 -3.195009006670084162e+01 2.289141627923649480e+01 -3.243730389144093351e+01 1.078152173855216667e+01 -8.279567111743212360e-01 9.929952128713304127e-01 -6.540353421950894308e+00 6.733865167231900159e+03
-5.463511983540632855e+01 2.424428430177085048e+01 -1.909822163552450158e+00 -2.776129470901757657e+01 -1.627952226325573903e+01 4.469190833014988584e+01 -2.949660759036059687e+01 2.464347402866902925e+01 -2.721047240047376548e+01 6.330795880853641755e+00 -1.518183968358712121e+01 -1.662385822147987025e+00 5.544059505827323875e+00 9.131335895549342240e+03
-5.793958333271390160e+01 1.980156830510660271e+01 -9.687591600898374011e+00 -2.360313017197025687e+01 -1.206482841218606339e+01 3.203050805441326787e+01 1.013308550705927225e+01 2.879231404888863111e+01 1.689340163741069600e-02 9.933834521722176847e-01 1.038262594690956853e+01 -6.826184083579592610e+00 6.204188763809811213e+00 6.697119675057008862e+03
-5.823471712226492514e+01 2.077671045339780065e+01 -9.035074097189509601e+00 -2.003899652478838078e+01 -4.622487893089240352e+00 2.385236487865138599e+01 1.451954240286763209e+01 7.461271682035715891e+00 -2.116771111566241981e+00 5.374382497239709622e+00 -1.825028502805613018e+00 -1.343553284874078990e+01 -6.198849023339319864e+00 5.418573020909825573e+03
-6.637916431417467322e+01 3.126244741700974927e+01 -1.449757002638582826e+01 -1.673353869710131292e+01 -8.829158727793787520e+00 2.408802649604972501e+01 -6.891721841725974018e-01 -1.186281516194920371e+01 2.331243915236890629e+01 2.410275171076724732e+01 1.521996275037918345e+01 9.099344160064380960e-01 -2.506479318761694941e+00 8.036283478331367405e+03
-6.690621433811118379e+01 2.810422947029114482e+01 -1.276609244660637899e+01 -1.591731370817088020e+01 -6.706797673304067509e+00 5.621305530133821060e-01 1.197024035257669539e+01 -3.278738621009189558e+00 6.563814757078627160e+00 1.369269491924332272e+01 1.216410104539834336e+01 2.045768608580187831e+00 -2.430808629615487604e+00 6.270590042401342544e+03
-6.885592036769901370e+01 3.240185112067942441e+01 -2.132660185531635122e+01 -2.609036436678345794e+01 -1.345973407429405100e+01 -3.883542056793463537e+00 2.307264752074590319e+01 -9.683061869904452834e+00 1.705568371525641780e+00 -7.566447232203523221e+00 -1.172038006971897595e+01 1.167815790927116515e+00 -1.180929304764561039e+01 8.087254468439909033e+03
-6.998046626372578771e+01 2.345602450961740360e+01 -1.882446343691947988e+01 -3.163499294798917916e+01 -2.022694689809735991e+01 1.131721743998584717e+00 8.960303625917118708e+00 -1.029792330953732282e+01 -1.374151727878271423e+01 -1.508016059722529612e+01 1.655479552565447321e+00 1.178833439033938113e+01 2.505049285796504766e+00 7.963549640206385448e+03
-7.155524578004536806e+01 1.890091852146731100e+01 -1.873478204773981304e+01 -3.609577246472339596e+01 -2.098638919136456238e+01 -2.644347489400308504e+00 3.758952091156686937e+00 -1.098274818264580155e+01 -1.293841624043281335e+01 -1.248476582283698733e+01 -7.998995755572907429e-01 3.805442006615899597e+00 -5.757953699818976645e+00 8.085013602670112959e+03
-7.690223309033451926e+01 2.329610006567813940e+01 -1.125633920211214267e+01 -3.017567222233526181e+01 -2.368353332415629353e+01 -1.896707950113654206e+01 1.047614409318777540e+01 -1.150279512592367936e+01 -5.922645170869291320e+00 4.698143062015462945e+00 -1.861840818130172104e-01 2.579170484020418819e+00 -3.131963654952396592e+00 8.730308100427206227e+03
-7.935786056504426256e+01 1.722596605405612991e+01 -1.449664115233319883e+01 -3.556945013223536733e+01 -2.303681973538252592e+01 -1.186970073730126696e-01 1.842923106459632976e+01 -2.266199755193950782e+00 4.164615330907191826e+00 -1.736139772044255514e+00 9.064473305702520634e+00 1.245763918250556301e+01 5.791144046229254272e+00 9.236476700666362376e+03
-7.880132826652614142e+01 1.492028416537897151e+01 -1.464930172230112504e+01 -2.743105450434713788e+01 -1.872166356932948261e+01 -6.992055176140302031e+00 9.327597589210229856e+00 -1.018223884071154473e+01 -6.128577653960243232e+00 -1.150061999440704064e+01 -2.067991590052848050e+00 -1.598087540705205978e+00 -1.105663845223930686e+01 8.288304046485030995e+03
-7.980730591268444130e+01 1.722731598660298857e+01 -8.392148782450144395e+00 -2.360088943409400031e+01 -1.509658231097018444e+01 -5.606738142368253186e+00 1.207734901942873940e+01 -2.140869610456156646e+00 3.817238919870066471e+00 -3.463235404485958568e+00 6.881482859590405676e-02 2.027406547256212388e+00 -8.271880302417214281e+00 7.802309057469494292e+03
-8.076194969939604107e+01 1.632437980789153542e+01 -5.647958420249476141e+00 -1.960161400929358422e+01 -1.665475695409246626e+01 -1.108489435939619483e+01 -3.600674870773706848e-01 -1.678816015438217590e+01 -7.662826747628527002e+00 -1.035215020358619320e+01 -4.545603414808384313e-03 -7.440317617663081862e+00 -1.805069689455912041e+01 8.434400316464818388e+03
-8.137962807380405650e+01 1.531893799884245055e+01 -2.670169349299728712e+00 -1.537794716310261300e+01 -1.247463767090943243e+01 -7.562952267029411146e+00 3.041881881717008351e+00 -1.776398151188090679e+01 -5.546519882539378443e+00 7.544225140554574160e+00 6.997350869739024759e+00 4.561857400073497715e+00 -1.366118705274418765e+01 7.982632416300463774e+03
-8.206081879403497226e+01 1.468828227541662379e+01 -4.614123150487317915e+00 -1.512547732185065641e+01 -5.234714481149926435e+00 -7.326016509559285517e+00 5.069830356525760529e+00 -1.045680437117667516e+01 -1.086694096674546728e+01 -9.994242368281815558e+00 -4.470498923123274793e+00 1.952254005174165474e+00 -4.746248552836938472e+00 7.680213323248312008e+03
-8.293829730751869533e+01 1.137075468616564855e+01 -1.625214496810047038e+00 -1.427240134448167197e+01 -8.619756586708092527e+00 6.509166778861348313e+00 1.541214171008717493e+01 3.750881085816043736e+00 -8.758052821955672584e+00 -4.057788258729209119e+00 5.643468928825758901e+00 6.336286534961800498e+00 -1.065670732875859450e+00 7.748972718982309743e+03
-8.429706329987739366e+01 8.797034359737230247e+00 -6.000233697170481051e+00 -2.016635307398306765e+01 -5.227411103953858884e+00 4.773035286134204469e+00 6.635062150411953574e+00 3.707244201542416739e+00 -2.358419822215034323e+00 -9.834485347985367554e+00 -8.024772692276718189e+00 -7.252651950799346992e+00 -1.404236745012109466e+01 8.150407964041181003e+03
-8.442044974963583570e+01 8.084560090478616345e+00 -3.519311186791310497e+00 -7.366096393529704578e+00 5.813758656140156411e+00 1.280174750360862745e+01 1.261606430938292078e+01 2.956771553809374176e+00 -3.049292372622224523e+00 1.233377814141249029e+00 8.778729888903084699e+00 -3.443455187336302625e+00 -9.236458363476097944e+00 7.809464530629379624e+03
-8.606916942211802279e+01 1.874898937497736728e+00 -7.684666183811097895e+00 -1.071085742056796875e+01 -3.478262412616598631e+00 8.196200538134492675e+00 6.795385088824033915e+00 -1.751016711857848573e+00 -4.060934738056924509e+00 -4.591840924193138385e+00 1.811641567269223785e+01 -1.298145044329156228e+00 -4.747029680905359150e+00 8.103713244975521775e+03
-8.560750712745891633e+01 1.658559873405104579e+00 -1.360006466598775221e+00 -5.180781526209206511e+00 -2.659505615326313244e+00 1.271377078283919282e+01 -4.183972506325029928e-01 -1.389359735030890386e+00 -2.446076993232451091e+00 -1.201404703738528923e+00 7.408833665476056929e+00 -1.395975235832970540e+01 -9.855574855781517041e-01 7.789068018277237570e+03
-8.659682092252644736e+01 1.457437123804091295e+00 -2.515717370935036112e-01 -2.740265451806726649e+00 -2.141256859899582032e+00 1.339793252340543184e+01 2.091195735168177450e+01 1.043010019680187739e+01 -3.631830466070815167e+00 -9.253588303208376331e+00 -5.015049854223518899e+00 -1.584372969550536681e+01 6.029773852320052807e-01 8.614249553630144874e+03
-8.665779036889360043e+01 3.712897628968004682e+00 -9.896679296304160545e-01 -5.144035155047628649e+00 5.830847206506324376e+00 8.471263816457236473e+00 1.085288502782743869e+01 8.343908528243362710e+00 6.233947405388901686e+00 3.128925852388336093e+00 4.663963381014847975e+00 -4.499519853728754626e+00 5.601280985665226808e+00 7.965990652715003307e+03
-8.761090105355935975e+01 4.878792242819105951e+00 3.018639350350860617e+00 -4.983966419419200378e+00 1.684718131845710509e+00 3.490357962728432017e+00 7.903309228938875108e+00 7.842168347619771218e-01 -2.236423853239828841e+00 -2.346699108696318703e+00 2.631579433985773431e+00 -4.745596321349513147e+00 -3.405073174644494660e+00 7.863071875111813824e+03
-8.921210970733952195e+01 1.165004797373873968e+00 -2.187536462201930210e+00 -1.409737785678244570e+01 -7.489748332060449876e+00 -1.185711942012559206e+01 -4.282844887200051076e+00 -1.523312400698054958e+00 -5.172172601154898963e+00 1.871708436622801786e-01 9.746645817403177148e+00 -5.744578042153761999e+00 -3.245451962403172796e+00 8.546346627194725443e+03
-8.917200955298896758e+01 9.458170794823539396e-01 -7.118289882499320154e-01 -9.406219321712450565e+00 -8.108781395533220859e+00 -1.344581318801743031e+01 -3.140078215033683229e+00 -1.050442937183128533e+00 -5.582853423031292728e+00 5.252621381619387853e-01 -4.356661820384244876e+00 -1.081889766442191458e+01 3.735342887995428907e+00 8.480457257709445912e+03
-9.157378055746949030e+01 -6.105196467370989311e+00 -5.749870360170568517e+00 -1.323822109671062641e+01 -2.730011892459955902e+00 7.563642310239380162e-01 7.454049325212748212e-01 -2.496101938309172485e+00 -6.068373153725459268e+00 -8.332024331127335870e+00 -8.897576957750498394e+00 -3.548707770462169009e+00 8.734118250966933061e+00 8.920446228008200706e+03
-9.207352569463955660e+01 -1.040435856986703200e+01 -1.193568075193429401e+01 -1.749066503612838730e+01 -4.741106654954377220e+00 5.904502572769382063e+00 9.080856360739362643e+00 4.313518644470859975e+00 3.547531189739791646e+00 -8.386265005037957465e+00 -2.514801930298575794e-01 1.603390406218240249e+00 9.339152828343884494e+00 9.365346584706330759e+03
-9.295633010497012094e+01 -9.809273233989751262e+00 -1.049517288116642533e+01 -1.649165097260330626e+01 -4.939800641948228765e+00 2.394481474767315543e+00 3.130401677267793392e+00 -3.252740579409684418e+00 -3.411825155046649183e+00 -1.657639176505069400e+01 -1.375530846421802877e+01 4.276640714692609979e-01 -4.601646991654412266e-01 9.645759735315377839e+03
-9.287774267685838936e+01 -5.223634496722184828e+00 -6.187604748292567791e+00 -1.231438737748738177e+01 -4.355013438071694942e+00 -9.956429429906563655e+00 1.298043073728093910e+00 -3.882101770765599813e+00 -3.753246093418660667e+00 -1.279450680605475910e+01 -1.117823871407257563e+01 -3.826539163949818079e+00 -3.538347833644501783e+00 9.308245878888144944e+03
-9.656167208579572048e+01 -5.169775114656621540e+00 -4.646710887425217429e+00 -1.549121902048639399e+01 -8.535247989969803939e+00 -6.796712271628838842e+00 3.601646866391998714e+00 2.554293336303002926e-01 -8.187561783467101506e+00 -1.107457108526999967e+01 -7.462382734810378615e+00 -7.297199687732831563e+00 -8.526588311625630467e+00 1.011585702008130829e+04
