-8.734468689706854150e+01 -2.822720346417291193e+00 -2.665459544774324030e+01 -1.847182838094657242e+01 9.560612047849451400e+00 -2.282288021547435974e+01 1.603025547236076065e+01 1.214582359193745020e+01 -2.793819755979401465e-01 1.576456940008392316e+01 1.039141796102966353e+01 -7.558124395341966562e+00 -1.387318202325757710e+01 1.031168896053906610e+04
-8.898774104148293418e+01 -6.499114242229534710e+00 -3.251215467977665696e+01 -1.609172290185445320e+01 1.395621585489764982e+01 -2.399430376403813980e+01 2.280798598473634087e+01 2.604386831843951455e+01 1.103276760235235621e+01 1.673214847680373296e+01 1.037144063412453754e+01 -3.448316541624456111e+00 -1.631810844746322076e+01 1.203345524996785025e+04
-8.825625729860755087e+01 -4.972416405041999887e+00 -3.278578175353397484e+01 -1.432226845442871799e+01 2.070563504016699952e+01 -2.215581369702048420e+01 1.086289268423223220e+01 1.626185345005109539e+01 8.742872770204803690e-01 9.514426718163628394e+00 1.261833211755976514e+01 -1.500367540193864979e+00 -6.247333857077530084e+00 1.068777173675255472e+04
-8.880908703466072041e+01 -1.442178100933477314e+00 -2.871974630778134241e+01 -8.466743818642727959e+00 2.860988107293898608e+01 -2.291939453276903293e+01 2.010757586859207890e+01 1.886145333381316647e+01 4.162546409008724524e+00 2.750275434233176952e+01 1.497506670785531568e+01 -2.978021842967889743e+00 8.140304643981163268e-01 1.189704853803051265e+04
-8.926940244490928933e+01 -4.195565146290525682e+00 -2.912665741628745053e+01 -8.482776811112580972e+00 2.130439978906383303e+01 -3.508209569539297235e+01 1.209964648188830871e+01 1.928091628135438285e+01 -5.091305968681815175e-01 1.425122765776631972e+01 4.242193281848209097e+00 -8.818576134942583522e+00 -6.353021600617918985e+00 1.144921579689351347e+04
-9.011046063001593609e+01 -4.979323751941020504e+00 -3.010609141997820259e+01 -1.490057326391752568e+01 1.717898273687866961e+01 -3.889509124531017648e+01 3.247266391585666767e+00 1.466923018757618813e+01 6.520141778204214811e-01 2.723804367417110583e+01 1.307580949175313378e+01 6.579444438774196158e+00 6.411213057237450386e+00 1.230447490986771481e+04
-7.600920278167107824e+01 1.287458053233006616e+01 -2.093325173562051233e+01 1.071154281426560750e+01 3.167554323586313103e+01 -2.540144929452690548e+01 -3.404792276507320992e+01 -2.889949917937560642e+01 -1.175415002721637947e+01 1.588638570863265898e+01 -7.754358837715170871e+00 -1.451256299123522631e+01 1.016118978103358650e+01 1.090363930913249351e+04
-6.600603675327676001e+01 2.010322315400292936e+01 -2.535833125185979142e+01 1.388004320072863784e+01 3.356453324229072877e+01 -3.153229663908106772e+01 -3.493738533908406652e+01 -2.255277822354803519e+01 -1.722946744750960235e+01 4.602906844834787847e+00 -1.976699395004288107e+01 -1.643246431817218678e+01 5.196792746103863436e+00 1.045255724340974666e+04
-6.424994694160336905e+01 2.068727395823018256e+01 -1.013774866072667713e+01 1.471646628638230325e+01 2.040646007521398175e+01 -2.072595200631213785e+01 -2.551476830740326562e+01 -2.391805779279463451e+01 -2.458001915529052184e+01 -1.186439107378675928e+01 -2.855828248219905774e+01 -2.612498679079383024e+01 2.243314733822338702e+00 9.192496914790612209e+03
-6.454838294191662840e+01 2.860184951529021191e+01 -1.760953626206330336e+00 2.624046049457706431e+01 3.041861962847746526e+01 -1.837945724223236255e+01 -2.197191289247239609e+01 -1.812133429170807020e+01 -1.380484357003373397e+01 2.116972015863272105e+00 -3.313389231852234929e+01 -1.796382457455082715e+01 9.852605206030311535e+00 9.463149761415617832e+03
-5.239182815537849791e+01 1.038734514880364834e+01 -2.388552876770086186e+01 2.597542915257881191e+01 2.456007144726023839e+01 -1.580021793707086175e+01 -1.845826322931641528e+01 -2.633751631376365054e+01 -1.003751226543751862e+01 8.690898054935431105e+00 -3.317976944317725696e+01 -2.292068037412033732e+01 2.563827095804354173e+01 8.445117232563488869e+03
-5.115458127765297291e+01 2.521204029986566297e+01 -3.076373844185981454e+01 3.030480884158109234e+01 2.507583123614754683e+01 -3.006957071092614342e+00 -6.177239135006944437e+00 -2.272843332283132867e+01 -6.372923563973239780e+00 1.059455981357234933e+01 -3.335138208637179247e+01 -1.905088422882366928e+01 2.565258513996054290e+01 8.595971125000321990e+03
-5.007676379654051857e+01 2.528784928088273887e+01 -3.118641901466523336e+01 3.084497467550333383e+01 3.275781888077668924e+01 6.718117167493694808e+00 1.930836713078423861e+00 -2.799773025465690068e+01 -1.905873844613727286e+01 -9.974600442148704449e-01 -3.632771733995350871e+01 -1.781590781543612678e+01 1.735791957989214751e+01 9.279609041464671463e+03
-5.548712919577475589e+01 2.731399949834564467e+01 -3.018204076740920883e+01 2.438198633968171691e+01 2.904446278187731778e+01 3.687715789089053953e+00 1.984119897984127334e+01 -1.613070339361220817e+01 -3.117650678718329260e+01 -3.080797248609874472e+00 -2.229606529129192793e+01 -2.179336398174640976e+01 1.924727453729946092e+01 9.165354458064439314e+03
-4.862044126130161459e+01 2.478327638816905676e+01 -3.730840944229272083e+01 7.446635700283230186e+00 3.931548681103970466e+01 8.141289526400420584e+00 2.956053919420847720e+00 -3.798617136020389085e-01 -1.368600544982827394e+01 -9.555728285979247616e+00 -6.857694966676600501e+00 -8.325095464592010330e+00 -3.344389513973137884e+00 6.452537367600165453e+03
-4.561646272191462259e+01 1.380874151997914723e+01 -3.973806596514709355e+01 8.366481224010728468e+00 3.591026314732082625e+01 -8.843544085828186851e+00 -3.605561604572268930e+00 -3.718013591533978479e-01 -2.964359978203492929e+01 -1.021725987123883961e+01 7.056573517683372820e+00 -8.494580271121851212e+00 -6.337164102321795944e+00 6.446796670357024595e+03
-5.164244857858808047e+01 2.601337066429573852e+01 -5.321559725003964303e+01 2.511417593732896236e+01 2.562485254191945572e+01 -6.721247150286556504e+00 9.574834352538605486e+00 -1.071817893686689116e+00 -4.070213291056963101e+01 -1.841877173413686819e+01 -6.712421153569262167e+00 -2.959324381204330479e+01 -7.737635450160450290e+00 1.057749650481124445e+04
-4.549074187465478758e+01 1.743187789594039216e+01 -3.910448917888439979e+01 3.559490679178571426e+00 2.237980433456736762e+01 -9.440185841130860567e+00 1.175476542076071551e+00 -1.089182037558783023e+01 -4.187441088202447759e+01 -2.179984370529313153e+01 -1.209318637613417735e+01 -2.060062200461239712e+01 -1.826285195229772729e+00 7.427760831696712557e+03
-5.237072994331651188e+01 2.055823959404118995e+01 -2.104117952414079440e+01 1.395781735062590734e+01 1.883959513585958945e+01 -2.840654185850286950e+00 1.083908937194249944e+01 3.198515611569806349e+00 -1.735361770882880350e+01 -1.302514947082023333e+01 -1.010898607227238344e+01 -6.978718362427104971e+00 6.349763012227427339e+00 4.955618658603763834e+03
-6.695622003432782776e+01 3.293531132222784663e+01 -3.045056953940946798e+01 9.395560351236900587e+00 4.136641487638446080e+01 -8.077549377128644181e+00 2.943083476784601871e+01 3.934059228650958140e+00 -2.151663454876513981e+01 -1.543310128990726775e-02 -7.160814989841533418e+00 -2.162443895476048539e+01 -1.069158807206119022e+01 1.033763130099271257e+04
-6.949019539622162256e+01 3.231875283691832124e+01 -2.852545258599121070e+01 9.695577234353523366e+00 5.067560903679790130e+01 -9.413812428819289480e+00 2.852907209984486414e+01 2.624900840565307814e+00 -3.180929675212252761e+01 -8.868911076486863720e+00 -1.523149320688691510e+01 -2.180037816508716730e+01 -7.819486619873271316e+00 1.211741816727600781e+04
-6.757843445281237393e+01 2.445772964496702073e+01 -1.813479386082178380e+01 9.074032436120671008e+00 3.520873014849581750e+01 -2.618457756406039394e+00 -1.519330925524730924e+00 -1.230101312774480871e+00 -2.143715568145198702e+01 -6.662645943820713512e+00 3.248176571989775940e+00 -1.796538090059664938e+01 -2.548841213381337667e+01 8.313473880631243446e+03
-7.189652834492831346e+01 1.930301972030704505e+01 -2.215419808385905398e+01 8.020442697989503600e+00 4.013355717209019957e+01 -5.461101087045732605e+00 -8.095364566158389508e+00 -6.277707217302011422e+00 -1.646200031571621025e+01 -8.171755493864955255e+00 3.575719050468220583e+00 -1.154809788163211337e+01 -1.863651194040882686e+01 8.673562874882574761e+03
-7.209676979089960014e+01 2.059272550521124501e+01 -1.379551623691234319e+01 2.130251563169494844e+01 4.753326234595100885e+01 6.576597128993447172e-02 1.735407813447454040e-01 -1.220593844329417443e+01 -2.662147411935887220e+01 -7.096838086851583682e+00 4.817574400167301540e+00 -1.515242784506672891e+01 -1.615488977271121840e+01 9.947401953980963299e+03
-7.444396746053527636e+01 2.454438660542674100e+01 -1.986760886979175211e+01 4.653648538987664729e+00 4.187508733202037803e+01 -1.410057343673713603e+01 3.395654538472475448e+00 -1.927802805763973337e+00 -2.179788373209827412e+01 6.998093897035523980e+00 1.041047509431845208e+00 -1.985448373975150460e+01 -1.049197390380356865e+01 9.557792410017893417e+03
-7.422910353282441065e+01 1.545576309264695247e+01 -2.454029946035273824e+01 4.322406261877406841e+00 3.694377673752836699e+01 9.573817865027631768e-01 3.397772142103464343e+00 -8.897504868876408679e+00 -2.317220006324371795e+01 -7.142846417794618041e+00 3.696242562540476229e+00 -6.512048273784202479e+00 -9.414060261196460999e+00 8.558884208619967467e+03
-6.230555078493409837e+01 3.052170301700174093e+01 -2.892795637505084727e+01 2.404562100555250836e+01 2.631621108135813003e+01 -7.562989217215192461e+00 1.538395853788732559e+01 -2.022247368010459212e+01 -2.977712791650701973e+01 3.334456635135170099e+00 1.334288273537117764e+00 -5.416909144734537662e+00 1.224255101826922854e+01 8.702730190189589848e+03
-5.278557080427416537e+01 4.017074030881913416e+01 -3.263899383821544120e+01 1.520209102618977681e+01 2.586339764063992064e+01 -5.262659857132828911e+00 3.697908868566155860e+00 -9.513943739756818729e+00 -2.777207562920179029e+01 -2.078878506431864537e+01 -2.268680105039349826e+01 -1.529588369631449396e+01 9.705781189254537367e+00 8.543531891854010610e+03
-3.878030293186005650e+01 2.453540700443177514e+01 -3.290664776910802658e+01 -1.000816062153635322e+01 2.257757727590171903e+00 -2.872468756339837626e+01 -1.041554222467865642e+01 -1.428835132113790252e+01 -4.243434083878619134e+01 -1.854991541611515160e+01 -5.934469906336653722e+00 -9.506402878810993329e+00 1.196244999697272782e+01 6.845216970729098648e+03
-3.501151594472927542e+01 1.522977666124326390e+01 -3.247108169035081460e+01 -2.155500796949624487e+01 -7.111052926121648632e+00 -2.515577617743121408e+01 -2.934328349943188030e+01 -3.058688928361749859e+01 -3.177679691236937032e+01 -1.953478319632228732e+01 -1.713517133487536626e+01 -1.725683984009983618e+01 -4.342269281157523864e+00 7.458348588979049055e+03
-4.427979077029139177e+01 3.821219370956283967e+01 -3.511996933373192320e+01 -1.269242771290416405e+00 1.832774674195093922e+01 -2.366388906578459839e+01 -2.915869871886093989e+01 -1.186270307967907733e+01 -3.137887970186070064e+01 -1.263966121960791966e+01 -1.678764910941548649e+01 -1.526212840733903420e+01 1.617512757089032505e+01 8.463521828829309015e+03
-4.207339395687249350e+01 2.348785322329585767e+01 -2.777520221950352308e+01 -5.061311958720781767e+00 3.034274072743879458e+01 4.740945608346531337e+00 -1.721148239442554484e+01 -1.516401870036231792e+01 -1.806619503801957549e+01 -1.003249736008957171e+01 -1.103890536341802786e+01 -1.007605660258367664e+01 9.406008038349161993e+00 5.327165276569946400e+03
-4.286345160510611407e+01 2.532851369810916609e+01 -3.762644744175054967e+01 -8.483461950360107195e-01 3.323695980083217449e+01 -5.120650400022790372e+00 -2.904808365174688589e+01 -3.202238189457258244e+01 -3.452580827179025391e+01 -5.471277247873397087e+00 -4.861934903576653255e+00 -1.494758650503736064e+01 6.459144768925786373e+00 8.406174607395798375e+03
-3.965922761095407623e+01 2.897731498152459295e+01 -4.269062791673613333e+01 5.020070271444114773e+00 3.661367317390541842e+01 -5.170705429476255333e+00 -3.514256598864943015e+01 -1.121787452704219135e+01 -2.834370816096185663e+01 -4.180275895837930911e+00 -1.077817766370766428e+01 -2.803126093535199459e+01 8.028268110713367989e+00 8.775582137899251393e+03
-3.481242846913030320e+01 9.856655863033523701e+00 -4.107115868654680213e+01 -7.922863920520750725e+00 2.111890950977003456e+01 -1.180265293537213367e+01 -3.370228564014902162e+01 -2.625282814415935206e+01 -2.509295977903760644e+01 -1.110840167593701011e+01 -1.869059006065326756e+01 -3.066194336392289443e+01 -5.283513156245461140e+00 7.539498344617233670e+03
-4.093461710194297609e+01 4.007071893875976798e+01 -5.170847534450156502e+01 1.335034581954469957e+01 2.834455029731301678e+01 -1.651855973650359743e+01 -2.681729113546167298e+01 1.766328541305867805e+00 -4.298808849356782247e+01 1.626671779977235133e+01 -1.690467650198645444e+01 -3.832736619270906431e+01 2.080595649910030076e+01 1.223209169024894254e+04
-3.634551766728630184e+01 2.892134131516443318e+01 -2.696894316224983967e+01 6.731255088845445655e+00 2.679745241173469950e+01 -1.345733060040481632e+01 -2.153602976719221473e+01 -7.876371440478750152e+00 -2.639675633324317428e+00 -8.401952480961477621e-01 -1.685773597077547237e+01 -1.853680726418617297e+01 -3.815173213554522436e-01 4.990731192761130842e+03
-3.435309300339464755e+01 2.195544981452914968e+01 -1.688205677429439788e+01 -9.482292409051800153e-01 1.492671601363773348e+01 -1.239936672513098159e+01 -1.884132224218639351e+01 -5.299871487819324045e+00 -5.149564892801972604e+00 -3.674823672217794712e+00 -6.509722278825010200e+00 -1.678761576246512277e+01 -1.840628556666389670e+01 3.410729185943629091e+03
-3.963918420730340131e+01 3.669033395055456026e+01 -2.394510169679054812e+01 -1.874910612590364067e+00 1.753307100346555103e+01 -1.815207588146291329e+01 -1.239385000283274074e+01 -1.018488594280956683e+01 -2.023317303627839436e+01 4.294089622143258289e+00 3.218118700490710804e+00 -1.818096293184537160e+01 -1.318622447356776028e+01 5.331175286044185668e+03
-4.614685250319000431e+01 3.820938224898315383e+01 -2.002743410801296875e+01 2.537028224732366333e+00 1.844519366874180122e+01 -1.074352573556958568e+01 -1.204044984654704109e-01 1.923237784365894598e-01 -1.554461622294299339e+01 -2.914031250271829077e+00 -9.432943869375478130e+00 -2.304312345972189746e+01 -7.785267728744879712e+00 5.383426551428367020e+03
-5.044444599865201440e+01 4.274645286075310935e+01 -2.262327379260311133e+01 2.076181864695660018e+00 2.408457173612164581e+01 -9.530103546705237960e+00 -4.948981474271709202e-01 -2.578154875498395171e-01 -1.541148595773790397e+01 -4.888925263656904718e+00 -1.729327597552864759e+01 -3.142976387651063064e+01 -5.206464591998367197e+00 7.134635489349057934e+03
-4.680814696124868135e+01 3.375188858146957926e+01 -1.165036843907615172e+01 -2.565172977794849096e+00 1.253005187349500993e+01 -2.452081352331689335e+00 1.051296405686658719e+00 -6.477529618208857087e-01 -1.298477410930818188e+01 -7.625981939699898682e+00 -1.635138761682297925e+01 -3.133924394548974846e+01 -1.260910731632449000e+01 5.272309147476592443e+03
-4.745588821257592826e+01 3.650551666128267669e+01 -1.813133130171528506e+01 -6.711292187833025835e+00 1.301526187731637840e+01 -1.367697633728472972e+00 7.823524167778388438e+00 7.741893846477909236e+00 -9.250082441714939208e+00 -6.570754154038413120e+00 -1.720933353066733673e+01 -3.453520351811448563e+01 -1.712884017666428349e+01 6.161890223377477014e+03
-4.834037587618273335e+01 4.342084521012701259e+01 -1.578272548669933961e+01 -1.282240324388143371e+01 1.342596180725393751e+01 -7.920586497935899750e+00 -2.998462342796992974e+00 4.726426965926065371e+00 -9.289983110882019446e+00 -3.678360022318564404e+00 -1.369511603260626131e+01 -3.365850574445629206e+01 -1.071229047190852768e+01 6.445030714461133357e+03
-4.569113244222491943e+01 3.252947548763113872e+01 -7.506672203742548177e+00 -8.890938417059913945e+00 3.971735276595583564e+00 -4.651536281675834772e+00 -2.083365498280918438e+00 7.123084257319248103e+00 2.452881063193676603e+00 -4.691258527516079191e+00 -1.628245804858589096e+01 -2.627353652785181026e+01 -1.732671732073862003e+01 4.657392311866396085e+03
-4.639148326242091969e+01 3.411561707751710770e+01 -1.200639211400763706e+01 -9.704793821112319918e+00 7.527976788488589754e+00 -7.020237740828539685e+00 -1.096644025159325686e+01 4.731017505567441717e+00 4.361385753097279050e+00 -7.637009162192578415e+00 -1.137325358517996321e+01 -1.303458352889836291e+01 -1.108687295991058086e+01 4.302496645012955923e+03
-4.471757578516902498e+01 2.311218349189621790e+01 -1.795061929205112605e+01 -1.842762656121581699e+01 -1.019094897073671113e+01 -2.589134326329547164e+01 -2.349211903431330484e+01 -6.796284839245397613e+00 -6.803424230218070967e+00 -1.401159062808246958e+01 -1.973723070900858545e+01 -1.990352771589395076e+01 -9.214338556241296274e+00 5.681146984565969433e+03
-4.571365794297160079e+01 2.623527575724833838e+01 -2.036959035692444075e+01 -9.673588583329857826e+00 -3.445269291765182817e+00 -2.989530892129523920e+01 -2.493054852186766013e+01 -1.442316702607892687e+01 -2.398663519340916750e+01 -1.473114783301670094e+01 2.853584031024027023e+00 1.475702431362824418e+00 -9.748182378529042680e+00 5.919399200183132962e+03
-4.787151178490827164e+01 2.691287696383434636e+01 -3.471843615791195248e+01 -2.414307535313810504e+01 -1.444306687491872943e+01 -4.589964017542656194e+01 -3.613386641956675049e+01 -1.826788323729558883e+01 -3.269056105153329383e+01 -2.587397161834123693e+01 -3.343490979197465851e+00 -2.244664830436230218e+00 -6.231767747979423788e+00 1.055218106375145544e+04
-5.046774683889826463e+01 4.723405533197264816e+01 -5.024487282998359206e+01 -1.002814054916598785e+01 1.274544126989942017e+00 -5.207417722801927340e+01 -1.332140478192640742e+01 -1.930794209870871114e+01 -2.825778503334014502e+01 -1.284932372595275574e+01 -1.720736248908025701e+01 -1.139513329848595546e+01 4.719524174022241780e+00 1.207858498318669990e+04
-4.101509835572258567e+01 3.075563147365808092e+01 -2.350289633771092923e+01 -1.903101530226396321e+01 -5.822946294139967449e+00 -2.770466683933893393e+01 -2.036440336188841016e+01 -4.126091044108874506e+00 -1.839323885886995669e+01 -2.432973923339831757e+01 -1.909722315214708743e+01 -1.814356570403013080e+01 8.274874784095553881e-01 6.400726750973320122e+03
-3.328161715490673345e+01 1.892952061396393404e+01 -1.414487616950579252e+01 -1.273454866877610492e+01 -1.074187327338781195e+01 -2.278455069908872588e+01 -1.278323721565481463e+01 1.164377321469010074e+00 -8.127850706199071240e+00 -1.880374862609879116e+01 -1.861414978177789337e+01 -1.574997944247194148e+01 -5.794527029478902413e+00 3.675297450535554162e+03
-4.080872229698766063e+01 4.419683117823547036e+01 -3.350881063138143645e+01 -1.431190400804716312e+01 1.722278537417023969e+00 -4.084258051852639682e+01 -1.189424936867551885e+01 1.425297529182091161e+01 -1.674196537374469429e+01 -1.317742085397973284e+01 -1.495144139938873096e+01 -2.250434510209466410e+01 4.460172068858642369e+00 8.165907895677618399e+03
-4.089991882464018857e+01 4.535273273699846186e+01 -3.630997598403764925e+01 -6.073367797463066431e+00 -3.634468564706106797e+00 -3.512073005796750635e+01 -8.321856531921953959e+00 9.809269962292464839e+00 -9.878130821604170109e+00 -5.625215497984861202e+00 -9.171534285085581217e+00 -2.164666699785740889e+01 -2.626193815497873452e+00 7.185936638966588362e+03
-3.288787178946248702e+01 2.426792973540950626e+01 -2.158220748730478533e+01 -1.598158692970024930e+01 -3.480510152403016200e+00 -2.367867477822287370e+01 -1.450692884191070853e+01 1.010603011012440611e+01 2.704638951322409834e+00 -6.958433758744685171e+00 -1.958686840815865082e+01 -3.062345548548228891e+01 -1.269981624977180346e+01 4.815585389404021043e+03
-3.404862191179353204e+01 3.511084527851888026e+01 -3.496101940436792432e+01 -1.568048459442663400e+01 -4.173295043091343359e+00 -2.281328416937052239e+01 -8.187670929556778887e+00 2.070034252238798089e+01 1.341773318334250753e+01 1.424578209042797106e+01 -1.362833825784250052e+01 -2.477280884400936145e+01 6.510483736732120441e+00 6.118422978402620174e+03
-3.778641928503546410e+01 3.413450441138527935e+01 -4.707161307819588103e+01 -2.092272233603209131e+01 -7.595881427526722796e+00 -3.739555504143931586e+01 -2.003059546776567501e+01 2.652036364991268513e+01 6.049368075242044007e+00 -5.256466368214346652e+00 -3.145988987778682144e+01 -4.010849267000912732e+01 3.976829396392735028e+00 1.048561065618529574e+04
-2.966631182615656215e+01 2.193105831086725388e+01 -3.005994896120907001e+01 -2.404058830830082982e+01 -6.689133429917734297e+00 -2.546147323177186550e+01 -5.715403395141271936e+00 2.965376486983152304e+01 1.457769019893042994e+01 -4.922666269643910297e+00 -1.606367901346177263e+01 -1.143262623731012795e+01 -4.867063242371614251e+00 5.096831251334137960e+03
-3.058451833935324515e+01 2.601677018293590748e+01 -3.702566945141322918e+01 -2.174375704084381056e+01 -6.815086044613919647e+00 -2.933977499805015299e+01 -1.357142687356378374e+01 3.426388482310150607e+01 4.694694636473493610e+00 5.317173544544040453e+00 -1.931470453689259514e+01 -1.028531737935666257e+01 5.454415735552978539e+00 6.280350194855787777e+03
-2.925078979924816025e+01 1.920186153893446601e+01 -3.348750323029051401e+01 -2.710403967457547836e+01 -1.254615524680119520e+01 -3.118838115000165701e+01 -1.054140569201936550e+01 2.358321527846554488e+01 1.041027768743521431e+00 -1.268577213516495839e+01 -2.331595899382459791e+01 -1.676374718778919615e+01 1.321577099767871522e+00 5.866188719877768563e+03
-2.565804298870981626e+01 9.370188082226013293e+00 -3.610908927394920198e+01 -2.944687654490344997e+01 -2.040975538791481725e+01 -3.820912299273673085e+01 -2.123417367198587868e+01 8.631119725536947840e+00 -5.284845014658730911e+00 -2.533104241990685068e+01 -3.168401770111355020e+01 -1.948045643302567242e+01 2.910641371619527185e+00 7.380430305894556113e+03
-2.810268729268145904e+01 2.491464862571691441e+01 -3.656559598937756306e+01 -1.975367734620533611e+01 6.151567257217236406e-01 -3.430732681039843612e+01 -2.810410430939434878e+00 4.230890801473846352e+01 9.046213247930577239e+00 5.029388642950018529e+00 -2.303225168132827250e+01 -5.318968221651086736e+00 2.134044034576364623e+01 7.234383681687116223e+03
-2.941913448126176078e+01 2.161778882863199769e+01 -4.350813714858047376e+01 -2.368075204477318252e+01 -4.375845929710800775e+00 -3.711158934161497314e+01 -1.109271918348558295e+01 3.453703242247717498e+01 -4.334012350361987842e+00 -7.654393516615708437e-01 -2.716369338480159001e+01 -1.614388596821232369e+01 1.708976886644796167e+01 7.808744454328685606e+03
-2.958852211008532507e+01 2.548419978922672868e+01 -4.002119543590324469e+01 -7.030195544903942384e+00 -8.199611575974847355e+00 -2.766684487268558357e+01 5.524209042980612772e+00 4.359994468380052268e+01 1.729034008949385992e+01 1.128456568786654790e+00 -2.566128012809422643e+01 -6.175405020884765506e+00 1.901700611906716176e+01 7.298717531616830456e+03
-2.870120520109521323e+01 1.787635427022311063e+01 -4.406025609529172726e+01 -2.357894904509689482e+01 -9.908929327255307840e+00 -3.724839977676930403e+01 -9.424829293150581933e+00 2.796993184207853744e+01 1.098868850162279198e+00 -1.479935255069856126e+01 -3.599179616601730913e+01 -1.649919632808319747e+01 3.048971545632849889e+00 7.794528334926558273e+03
-3.064208574542836772e+01 3.158676970819492169e+01 -5.062484169553997759e+01 -6.269132549475049387e+00 -4.048122145034836805e+00 -2.471809690196855414e+01 1.445254895919357407e+00 4.484609567022063459e+01 4.401271651717848066e+00 7.078579794842317696e+00 -2.430966857004520421e+01 -1.370236311387653672e+01 2.165927878926206418e+01 8.496787307608194169e+03
-2.788985432945194276e+01 1.879435697692121110e+01 -3.992093220049670066e+01 -1.803578451427296159e+01 -5.362662777962264649e+00 -2.851976013101015184e+01 5.914235800628651063e-01 3.176466424041428738e+01 6.768429729347457346e+00 -7.456016977585639971e+00 -1.773087099971299097e+01 -1.089759424589267667e+01 7.486482880794654626e+00 5.492113328505913159e+03
-2.596367524427747142e+01 8.328025188085202757e+00 -3.727707069178813271e+01 -2.466671562636871329e+01 -2.054151630441228704e+01 -3.755413737712626698e+01 -1.325240548836986143e+01 1.531865054305931828e+01 -2.558485649773475923e-01 -1.982013449669097938e+01 -2.700449712049877604e+01 -1.748392911024991037e+01 1.215006834551285664e+00 6.413359800215853284e+03
-2.908632362658331161e+01 3.055491806225277074e+01 -4.616093243387426526e+01 -1.445907787504701858e+01 3.146265983751817874e+00 -2.412568020670135382e+01 7.105137321828458141e+00 4.390870309347765499e+01 -2.646183721322043425e+01 1.210685234316161818e+01 -1.630019108169694775e+01 -2.328217903204038652e+00 1.051291346203926125e+01 7.918361354575502446e+03
-3.228414162444500590e+01 2.905902254764477988e+01 -5.477315902726907382e+01 -2.613116853985451016e+01 -5.083033328894693170e+00 -3.085910090771885095e+01 -1.177028093575898993e+01 3.146386019973266102e+01 -4.909100615355865926e+01 7.078065298942030736e+00 -2.121083529196607387e+01 -5.822100837710270760e+00 1.669797381419425264e+01 1.089890947455869900e+04
-2.701711524826405153e+01 1.257209324156328911e+01 -2.805532679982725952e+01 -2.375035612224710846e+01 -7.643615883866250016e+00 -7.880179151939850968e+00 5.674707685216262565e-01 1.813758378385153414e+00 -1.011665094381754848e+01 -3.082705480475836257e+00 -8.070030172869779861e-01 2.659467149034065336e+00 1.106846856827409553e+01 2.605381367598231918e+03
-3.156640682396274045e+01 2.120153659016278525e+01 -3.350993884677069445e+01 -3.514037916283728435e+01 -1.055943739580545326e+01 -1.360782877954667569e+01 -8.601468288485577318e+00 8.954040805940035597e+00 -2.322945191450623170e+01 -8.853080404071102194e+00 -1.324251013695832979e+00 1.024189922271765951e+01 1.528379201610997029e+01 5.212769176180458089e+03
-3.443520788126744492e+01 2.863800711354834405e+01 -4.124073058993791818e+01 -3.293198475730962116e+01 -4.778989475571651546e+00 -3.406863375569912478e+01 -1.739214162533600572e+01 1.117548278951431584e+01 -5.367292560761175224e+01 -7.427924088210441367e-01 -1.405788917565977059e+01 5.105518277392215865e+00 1.033180704798983029e+01 9.613892510866960947e+03
-3.253742922570405938e+01 2.566197092987509265e+01 -2.883990347248626662e+01 -2.049451057676669663e+01 -2.452955142101725938e-01 -1.566422573870336876e+01 -8.047630117972724761e+00 5.148117840733910100e-01 -1.899669565007164351e+01 -1.989552334407613898e+01 -3.528496472137152562e+00 5.600281402205969705e+00 9.998202354682044657e+00 4.179927352497131324e+03
-3.234062263828959516e+01 2.378559643338661544e+01 -2.456099889507570211e+01 -1.427388319824719787e+01 9.023256233067325383e+00 -4.485698002280660290e+00 -3.506575754282474033e+00 6.028968040512177051e-01 -2.018040074813967877e+01 -2.442424956058046703e+01 -8.780370496640287570e+00 4.458120394039984724e+00 1.593045651067398794e+01 3.887398805394940609e+03
-3.314260216770791345e+01 2.347750530423805770e+01 -2.290550743556454805e+01 -1.968434219052959833e+01 -3.909964654514920479e+00 -1.144104782747300852e+01 -3.687707900546604467e+00 -4.221068452211015121e+00 -2.332739448922201575e+01 -1.896711804198909235e+01 -8.160067448843324911e+00 -9.679310890862351968e+00 -4.963975729313983148e-02 3.803560064211812460e+03
-3.857927545639982725e+01 3.377701237300630055e+01 -2.200920103643052173e+01 -1.562440908825586838e+01 2.486446056847727348e+00 -4.365495015655535660e+00 1.149731720676648372e+01 5.438276849216394204e+00 -2.276097777026890867e+01 -1.520655382656798160e+01 -7.706391781764687643e+00 -1.709610837852170917e+01 -3.032917622231859234e+00 4.654942641599679519e+03
-3.990822834547819298e+01 3.102965385354666594e+01 -1.641598512407212240e+01 -2.715628006156696728e+01 -1.429258159405266326e+01 -6.929345839074817270e+00 7.098583282875551070e+00 1.513756843930786911e+00 -2.310172185591335037e+01 -2.354972232180066527e+01 -1.372546007173051130e+01 -5.404839132924014855e+00 1.644016367587982197e+00 5.176011593300648201e+03
-5.172002092280345664e+01 4.365386059849781475e+01 -1.752341713283487223e+01 -2.381698376668849804e+01 1.372356176187006449e+00 -4.631142088253907829e+00 -6.285432265506137206e+00 3.284545716141529681e+01 -3.095904958557006026e+01 2.007527643401125772e+01 -1.070430427203757162e+01 -1.131192388322071807e+01 8.150953428486381824e+00 8.267059795410137667e+03
-5.278575625985291708e+01 4.119105339325084714e+01 -4.023652569500940857e+00 -2.612882804504193146e+01 1.574153126671321168e+01 -3.780362230954503744e+00 2.001559766686009212e+00 4.094674826446359361e+01 -3.640873399640311447e+01 2.542586690464798593e+01 -3.789843750026857805e+01 -3.679561748086634942e+00 -1.997470535209177811e+01 1.094556397132511484e+04
-4.849512901278075105e+01 2.755182258893186997e+01 7.026642623305551227e-01 -1.663161692770559696e+01 -1.665921690864343274e+00 6.260597656439534475e+00 1.205486967808697507e+01 1.823693863848627572e+01 1.124978441163278653e+01 8.592428995234207889e+00 -2.251977629833901773e+01 -1.472621749719947282e+01 -2.055385188299029053e+01 5.254711195465526544e+03
-5.107095913199673021e+01 3.318932338854985176e+01 2.930736559088499060e+00 -1.762352940210003283e+01 -1.810046790050558130e+00 1.971702894463973399e+00 4.345402033937981301e+00 9.050957933381765130e+00 2.043402247942733396e+00 -3.513984705123187613e+00 -2.501099787296370280e+01 -1.094319091384424780e+01 -9.496307045580593353e+00 4.988925169788812127e+03
-4.655200707176789621e+01 2.258935677702976363e+01 2.447168123053510946e+00 -1.235217127657814551e+01 -5.468542212955759929e+00 3.899892033259640733e+00 1.197331105510805216e+01 1.361580762800303468e+01 -1.023812956830583820e+00 -1.984982551974615594e+00 -2.178999925434156637e+01 -1.290737105500917181e+01 -1.614387015167410411e+01 4.116814863101626543e+03
-5.210356963475708625e+01 3.228468198062044792e+01 6.273790078494261735e+00 -2.108650332763988189e+01 3.241550065410093939e+00 8.970057659691384799e+00 1.947199015419453394e+00 2.007827071616254599e+01 -2.055967488588831410e-02 1.552167091957151968e+01 -3.496036665330683491e+01 1.012574725906827400e+00 -2.045832164802286712e+01 6.621700003610128988e+03
-5.215797974875644627e+01 3.478620584454706233e+01 8.043322841643108845e+00 -2.164230255187584362e+01 5.769201790085871195e+00 8.718345265043877745e+00 5.314271025620804778e+00 1.890519314081121038e+01 -3.444231438170287873e+00 1.688349539053695736e+01 -2.732193170282160466e+01 5.972567453600652776e+00 -1.836245217778924399e+01 6.374814619038105775e+03
-5.166825346283094689e+01 3.096760052266287389e+01 7.631387648485290498e+00 -1.293112048014624982e+01 -2.136887350102756322e+00 3.779001441812630535e+00 4.890447482028751125e+00 1.531782497101946561e+01 4.709221918033284382e+00 1.169872188183064132e+01 -1.882531511352158660e+01 -7.479142419826008137e+00 -1.902763295119610376e+01 5.062869771132180176e+03
-5.005458274232568527e+01 2.492759368691192279e+01 4.804511551077414566e+00 -1.186522905221967505e+01 -6.798825877497858272e+00 -2.245133364493796524e+00 9.544868565850686437e+00 1.251056271278642740e+01 2.401493806700526701e+00 -1.126696440484653117e+00 -1.500676471389321875e+01 -5.739826509494371010e+00 -1.624744310969334293e+01 4.118761145213587042e+03
-5.189692499065418474e+01 2.596548290559920957e+01 5.090092566104935656e+00 -1.260799102456007681e+01 -4.931596999640024848e+00 -7.471176358577665821e-01 4.824439724111666550e+00 1.635367630591365895e+01 -9.075981689655256979e-01 -3.131185119306918896e+00 -2.216383296794968061e+01 5.202259825232895540e-01 -1.888356531270474647e+01 4.726687607623242002e+03
-4.978371249890123806e+01 3.863128837344194011e+01 -1.529841829001392206e+01 1.250297994642438226e+01 9.597763818223313592e+00 -2.403330615959674788e+01 3.817098027579574726e+00 -1.069391932745706875e+01 -3.207458782620393123e+01 2.429634288400754727e+01 -3.861514125331255798e+01 -1.846142902584414269e+00 7.026836312608091717e+00 8.322812872440194042e+03
-4.422104273183483514e+01 3.291483799813289579e+01 -4.798822768856824794e+00 -3.080146302306174366e+00 -2.426698363580639395e+00 -1.468822916249083299e+01 -7.441896861310925537e+00 -1.262222196362028548e+01 -1.290347651295100206e+01 3.036579037149905069e+00 -2.206130300977975356e+00 -1.030252405871440757e+01 4.480132712561920444e-02 3.794469977428874245e+03
-4.492011068049860967e+01 3.645085652887125605e+01 -1.400839593919258697e+01 -7.434931495299361259e+00 -4.049638388644103415e+00 -2.375162858955461331e+01 -1.525004063706818513e+01 -1.574203697154874604e+01 -2.586753998005321975e+01 -1.499531043137374198e+01 -7.139240913358047003e+00 -1.762368598616161908e+00 2.757998732415699372e+00 5.614579768003627578e+03
-3.704854438237025249e+01 2.139076725711436211e+01 -4.749787725480862477e+00 -8.227001855008181153e+00 -7.103580512404152003e+00 -1.357445025767000146e+01 -1.285276831562852706e+01 -8.024717097290494650e+00 -9.012257229070547382e+00 -1.147651334276183199e+01 -7.242543681226315755e+00 1.615574482734825068e-01 8.571714690439080186e+00 2.723605872808244385e+03
-4.882048045171630690e+01 4.662203969329064535e+01 -3.910053113953497927e+01 -1.308868200742585586e+00 -8.161932428616657020e+00 -3.956818291145370381e+01 -1.224786999899155404e+01 -1.379949044365787003e+01 -3.804153450210975507e+01 -9.835675079133766374e+00 -2.352780119737156284e+00 -8.991530828851477253e-01 1.518516383888612786e+01 9.841145166869811874e+03
-4.302728974299320441e+01 3.787860763731289637e+01 -1.933607572523996154e+01 -9.062187784594810225e+00 -1.829417298835585681e+00 -3.270621487277886530e+01 -1.557992293369686543e+01 -3.965270105788826438e+00 -1.921821329334317952e+01 -6.405918305797305479e+00 -2.346296260337635609e+00 -7.676706921240212367e+00 7.312407523760094286e+00 5.601928026272332318e+03
-4.637945840232916339e+01 4.585553068158708356e+01 -2.909237058839649137e+01 -6.595541731609873892e+00 -1.369979605300031933e+00 -3.297486994025064178e+01 -1.043019011199830892e+01 -1.987646704648853069e+00 -2.546102764662860451e+01 5.206043443092884360e+00 -4.819193201336233301e+00 -1.273699729640275002e+01 1.209722632083716398e+01 7.352774974911360005e+03
-4.743927683371163084e+01 4.383829747666344900e+01 -3.497923192621531996e+01 -1.023590865514326431e+01 -8.458131101812139008e+00 -3.866363419473715624e+01 -2.537187655685151455e+01 7.185985729925027377e-01 -2.827890286709406453e+01 -1.311595566806638580e+00 -8.561468079959984934e+00 -6.971916927847841450e+00 2.436861271540918139e+01 9.228419176411463923e+03
-4.679375841508161216e+01 4.122137811037256938e+01 -3.956251284712902105e+01 -1.718342531773477333e+01 -5.953318449670360835e+00 -3.818290649872622566e+01 -2.277442959020194380e+01 -3.819252811462162445e+00 -3.937735725370423978e+01 -4.191439730176149681e+00 -1.692216963290793075e+01 -2.031514998132734462e+01 8.248712992791787713e+00 1.011120889399106454e+04
-4.960804905015491073e+01 4.591340155578864568e+01 -4.146737396920188701e+01 -1.118544169077782513e+01 -8.665035104520605103e+00 -3.658275782354725436e+01 -2.095057666201247315e+01 1.369902578052851183e+01 -3.363732676931204679e+01 9.899271573521103207e+00 -9.481757371940176427e+00 -2.779031931710672154e+01 2.514624865624355010e+01 1.117763187781095985e+04
-4.619803975098953686e+01 3.512656430972097610e+01 -2.250433037327160690e+01 -1.158401625918182809e+01 -4.320948333209031489e+00 -2.853330124323921879e+01 -1.649363163981121616e+01 -5.502554112111758267e-01 -1.217710658973900451e+01 -5.214022788220495919e+00 -8.830360315634656843e+00 -1.576819337791584630e+01 7.244652376505146485e+00 5.668495387601997209e+03
-4.691804815456797684e+01 3.144967986128717996e+01 -1.570326496803552985e+01 -1.018220748082478977e+01 2.234903903814549953e+00 -1.596047074834626400e+01 -1.382741024451197021e+01 -1.906407323394762487e+00 -4.677164818349323738e+00 -8.911143971788950680e+00 -1.419242114955959799e+01 -1.647087248164214301e+01 -4.575555860166098832e+00 4.590153098217977458e+03
-4.945242001391243036e+01 4.082564101030904880e+01 -2.548883428137624918e+01 -6.296990350726511920e+00 2.658364610624461388e+00 -2.217405749240889179e+01 -7.736388634112390861e+00 -2.933668988105362918e-01 -7.426438370264462741e+00 -7.315713441475992340e+00 -1.950608377032632035e+01 -2.188693448396328023e+01 -4.148652129047966097e-01 6.328670039280951642e+03
-4.928689779510932567e+01 3.604657142837009332e+01 -2.354791316971675386e+01 -1.148937153334645167e+01 3.569673470263012294e-01 -1.985141735498012139e+01 -7.003000705913823509e+00 1.882927866080875035e+00 -1.122049487922277500e+01 -1.685459048833661910e+01 -2.101613933455069372e+01 -1.900959556282624874e+01 -3.592914647579865228e+00 6.087785709330731152e+03
-4.618839933626141914e+01 2.425908739007725856e+01 -2.065350289978916365e+01 -2.105435164808361392e+01 -8.348985260066630332e+00 -2.055051659654573726e+01 -1.668039332985855339e+01 -8.050359814002909786e-01 -8.690166301123209536e+00 -2.401156215578193454e+01 -2.211798207306927466e+01 -1.357333370086134039e+01 -4.177676590658549571e+00 5.705604959363816306e+03
-5.256732113118676608e+01 5.254175003545266520e+01 -3.535754163349092494e+01 -8.334078244363903210e+00 1.329464572697183478e+01 -3.106473185571684681e+01 -5.421599519863042893e-01 1.955261241911785675e+01 -1.157540153952334272e+01 -1.289049561765029317e+01 -4.846294464189196738e+00 -1.627320898962381079e+01 -6.883251122107757247e+00 9.003772963277051531e+03
-4.585651223910833352e+01 2.659099111281585692e+01 -2.233579367212082545e+01 -1.955762427897295552e+01 -3.094623890276074096e+00 -1.767575742668778105e+01 -1.542924533621093985e+01 5.742910571367825234e+00 -5.605185087117441345e-01 -2.161237130014028196e+01 -2.424048864520035096e+01 -1.931624472313173868e+01 -1.351770971505825969e+01 5.895196450719777204e+03
-4.618698706119484854e+01 2.195696732183807498e+01 -2.200251009776127731e+01 -2.190092636066998466e+01 -5.600876919666784914e+00 -8.351047955957367819e+00 -5.128094420972069578e+00 3.477010749301552295e+00 1.524860477464779818e+00 -8.239930286381328628e+00 -2.276694885525270706e+01 -2.663255544649175377e+01 -1.164474552348092118e+01 5.152052712888878887e+03
-4.982354698715289487e+01 2.434280095370298724e+01 -3.759603418641557937e+01 -2.926530058015764624e+01 -5.601123993045693972e+00 -2.964018798676446664e+01 -2.407815580071044437e+01 -5.331477459465436830e+00 -1.718058360929170902e+01 -2.135625925475923381e+01 -2.876291159380658868e+01 -4.270845194570934211e+01 -1.873053189440269506e+01 1.061638500829770965e+04
-4.766279555997231654e+01 1.878089795136270013e+01 -3.813080426659614375e+01 -2.475941692544606099e+01 -5.657754069196748503e+00 -2.500753322341590490e+01 -2.104102349172161368e+01 -1.565971091676511762e+01 -2.650411915261131313e+01 -2.559304803834669784e+01 -3.345520502971736221e+01 -4.337025421522580615e+01 -1.770792442819226764e+01 1.070806200533758965e+04
-4.972006230419292194e+01 3.588321645283107131e+01 -3.890024159021611183e+01 -1.414015072472527912e+01 2.840002207227814601e+00 -2.643908869978062981e+01 -1.788104741608567139e+01 -4.430694079556080744e+00 -2.834245729941832437e+01 4.786058005175338970e+00 -2.810786067312571390e+01 -2.511766435992193536e+01 -2.666073360877486920e+01 9.477261255437375439e+03
-4.445656723904249930e+01 2.195081603255332681e+01 -1.868309557782371755e+01 -1.793649461784622545e+01 -1.760582613877829994e+00 -1.562242591737612862e+01 -1.254900211706617341e+01 -3.325405788691616071e-01 -1.514934777645744823e+01 -5.894920010843380798e-01 -2.071927804219082603e+01 -1.972797977719265106e+01 -1.746938345416611682e+01 4.887259740594574396e+03
-4.522385406833465993e+01 2.540759930235170216e+01 -1.968909856180997409e+01 -2.040954057389677345e+01 -3.273359804969584452e+00 -1.855122827035250310e+01 -1.558741582064677722e+01 -6.788845069290826650e+00 -2.233437942322537140e+01 -1.085611706476619531e+01 -1.959181564894661776e+01 -1.504815968291005746e+01 -1.948185400910375975e+01 5.745380699650399947e+03
-4.669510288117595564e+01 2.737067599995073763e+01 -2.460355436313624367e+01 -2.369687261277345769e+01 -1.015640916241264158e+01 -2.134157809902346159e+01 -1.556009619156389334e+01 -9.863875385297426135e+00 -2.322605275065447117e+01 -2.444889792558550923e+01 -1.783436608296738513e+01 -1.643346892387938141e+01 -1.247549462066170634e+01 6.875451047277602811e+03
-4.441729448737016384e+01 4.149476967920818282e+01 -3.313022318811760414e+01 -2.058113338002742765e+01 -5.143025067184511911e+00 -2.088403733452234334e+01 -1.687159118794368196e+00 7.317039802283264116e+00 -2.178271115515028811e+01 -2.184934619138378054e+01 -1.967897892982889374e+01 -1.584286490595982499e+01 3.049439958736762879e+00 7.334324098071731896e+03
-3.843115580765069694e+01 2.097583651136137917e+01 -4.159816582761734338e+01 -3.657606168782805156e+01 -1.791092366490462595e+01 -2.460744773648531591e+01 -7.670057244119238504e+00 -1.352182909492743779e+00 -2.203086580789389615e+01 -1.892360873756160800e+01 -1.431954156024473512e+01 -1.949149766026366848e+01 -2.408767879900455711e+00 7.406372920392353080e+03
-3.331342919527230606e+01 1.807898443597374794e+01 -2.763357483759010336e+01 -2.411637462311779956e+01 -1.108760526524853596e+01 -1.310432213816501168e+01 4.898587953231122505e+00 8.347037923764723644e+00 -1.589029291549234912e+01 -1.605858989858195685e+01 3.559657620943364464e-01 3.029294184719625527e+00 5.272255807217166357e+00 3.717655416156010688e+03
-3.890338624883556662e+01 2.517477677009492965e+01 -4.842739750284689393e+01 -2.618528465866353727e+01 -6.730553914697484430e+00 -2.677390202735261582e+01 4.651768219812378646e+00 7.811892571504720273e+00 -3.012730718316421274e+01 -1.468876301128691431e+01 5.420831553680605985e+00 -6.060331407169032403e+00 1.435449435742310653e+00 7.214519550983855879e+03
-3.892827041816778433e+01 2.532483050947544001e+01 -4.717480139611718215e+01 -2.660075952957661016e+01 -3.739556505335864589e+00 -2.495316443905049653e+01 -8.566360937014378507e+00 -3.092998629053528070e+00 -3.036546530988749737e+01 -1.285065175337708254e+01 3.163906101202201171e+00 -8.799362749954951823e+00 -2.288375754023269870e+00 6.989289935185216564e+03
-3.850206506910558346e+01 2.066061162908692239e+01 -4.776340781635056487e+01 -2.779598883396335296e+01 -5.308834327027113886e+00 -2.441139006507628650e+01 -1.795428327727842444e+01 -7.893782386467057322e+00 -2.592495700965385552e+01 -9.990652174983717160e+00 3.001964968914865750e+00 -1.919832871800151608e+00 6.561910460086994412e+00 6.799670531799562013e+03
-3.776719806706708482e+01 1.440590394918748096e+01 -4.346876137805730167e+01 -3.257907215134530077e+01 -8.294084747072879793e+00 -2.466128746023127860e+01 -2.412426587643402698e+01 -1.393618052904223070e+01 -2.860152381355343820e+01 -1.609017859612883683e+01 5.616634536881428552e+00 -2.035665263190552743e+00 -3.733806564291238139e+00 7.164561588974844199e+03
-3.993544154196328577e+01 3.087215970749142713e+01 -4.491326713544416549e+01 -1.930945972817667666e+01 1.173873879062716341e+01 -2.258243786472549530e+01 -1.772977418796394744e+01 -3.453908944794153779e+00 -3.054171393859352790e+01 -8.589245873379738327e+00 1.531708638858068383e+01 7.495164335172127545e-01 4.119838336658780520e+00 7.170744817213962051e+03
-4.072645191381199226e+01 3.391558492594553087e+01 -4.672994795469260509e+01 -1.347968602463292065e+01 2.101876714289895087e+00 -2.477106488949792862e+01 -1.051918997101782161e+01 -5.456537581356029065e+00 -4.595604624717319808e+01 -8.944398406017276315e+00 2.098233709213058518e+01 -3.858154877220643098e+00 3.804727550039566086e+00 8.594331689185268260e+03
-3.994640018385424440e+01 4.221510004465869770e+01 -4.370490713676425543e+01 3.998186870343714006e+00 -2.637394575064599955e+00 -1.877910007023535499e+01 -6.773704412208956249e+00 4.925939527168957000e+00 -4.389617779387551622e+01 -1.661489757213928087e+01 1.638541532713263393e+01 -4.629720726943322706e-01 9.927114622214755713e+00 8.303865396343873726e+03
-4.303521698475194768e+01 3.106187552769852545e+01 -3.062460410410518463e+01 -1.068666196591207118e+01 -5.152724633690644040e+00 -4.325933956901241828e+01 -2.212712126174945837e+01 -1.134650312351095458e+01 -4.179029674712865727e+01 -2.265286756562415604e+01 1.732839763912105591e+00 -1.155292874008602411e+01 -3.734760098821852559e+00 8.795217432566973002e+03
-5.209798623131443662e+01 3.733247557154979290e+01 -1.539197331258301205e+01 -6.403681298242569486e-01 5.293052150444416348e+00 -2.035097847209221555e+01 2.832968809940256349e+00 1.055523788421764309e+01 -1.342562148317390225e+01 -4.501293855785443859e-02 1.785124179405858058e+01 -3.924168701021379935e+00 -1.658435379716089741e+01 5.696210363192479235e+03
-5.222633178221775552e+01 3.363302151570151466e+01 -5.662286651733378307e+00 -1.172908616662758519e+01 -7.543374147365460303e+00 -1.455057494056022271e+01 -6.079086990630883092e-01 1.849513997041095648e+00 -1.577433756993915104e+01 -4.336410119211753234e+00 1.025604939531184279e+01 -7.089671813316487992e+00 -1.577069784225541227e+01 4.972613884315875111e+03
-5.395088102332753266e+01 3.325739299786191339e+01 -5.068990382176065346e+00 -1.299336166064689557e+01 -4.229517136945272426e+00 -1.016323336253190490e+01 -1.586082409951196537e+00 3.184819486465622962e+00 -5.425306524627547589e+00 3.507025788427480251e-01 1.201975685733089705e+01 -2.037673696585593497e+00 -6.803761771942189007e+00 4.569587509549387505e+03
-5.533499519903735120e+01 2.833413589540439759e+01 -7.580296993394925131e+00 -9.636601207519163381e+00 -5.652712400943021187e+00 -1.519150332814459503e+01 3.492802769375476402e+00 8.723669983395588190e+00 -1.059170135160606563e+01 -3.770707552798230999e+00 8.371362485576522516e+00 -6.590269663459510596e+00 -1.854902713098809386e+01 4.950127100557828271e+03
-5.949864784288226360e+01 3.597222527855205954e+01 -3.023983516977528208e+00 -9.590482697103691834e+00 1.663227669271827480e+01 -1.998874860647206475e+01 5.764366559855693684e-01 2.788008518118310874e+01 -3.335417518959583560e+01 1.767400946405730267e+01 -7.842159953032189712e+00 9.528885655517422393e+00 -2.933147653936427801e+01 8.826532312718865796e+03
-5.679778143279489910e+01 2.964455887070233686e+01 -1.363700557198499652e+01 7.227965175983490198e+00 1.708541980778053926e+01 -5.968982175384828004e+00 1.828952734255738832e+01 1.978712480051318678e+01 -4.053087687481099977e+01 5.848227264274344250e+00 -8.789007380037178407e+00 -1.137589120766044903e-01 -2.521909689850839342e+01 7.786792866953528574e+03
-4.777800706506047845e+01 2.799922863731064382e+01 -4.517873351257274095e+01 1.782224920916118904e+01 1.561754778206666039e+01 -2.027002262158907797e+01 2.075008572622534686e+01 8.894481928464175624e+00 -3.501591184344401597e+01 -1.269224661653173136e+01 -5.853877575406383649e+00 -1.649466816660986979e+01 7.655239829763961446e+00 8.342056638141548319e+03
-3.961500831259608191e+01 1.989220183687530863e+01 -1.918240802942305834e+01 6.302109066141396099e+00 1.403331791706626852e+01 -1.836591145908494482e+01 -1.148324833424331715e+01 -3.614314346831190239e+00 -2.844013425106837545e+01 -2.147475828733669800e+01 3.970907561327550184e+00 7.453578351637651700e+00 1.220242151359437877e+01 4.542128417621239350e+03
-3.769205228744762337e+01 2.768791888052499317e+01 -3.372277670542057848e+01 -7.072047897582911524e+00 1.629881857035967485e+01 -1.157692910439065592e+01 -1.196743733855383773e+01 -1.215012180152304566e+01 -3.971198378331076384e+01 -1.961004887479723635e+01 1.165752677260393710e+01 3.045638260959028898e+00 2.530262414762712297e-01 6.171906516312572421e+03
-3.883182270950819515e+01 2.267112067716504598e+01 -3.343265143311612775e+01 -1.563766155920404799e+01 9.132839600516044598e+00 -1.318269102093745637e+01 -1.387514193489948156e+01 -1.490273533303411746e+01 -4.104175167469296071e+01 -2.355578520631668127e+01 1.204831115297012722e+01 3.953554704204533810e-01 -7.284411635811665953e+00 6.493653152112049611e+03
-4.179858456323909621e+01 3.256093015961270254e+01 -2.787668123209182980e+01 -9.729517276535821324e+00 8.770441570257643704e+00 -1.232173116350549336e+01 -3.827146760488107979e+00 -5.434330818121544837e+00 -3.829941658004140947e+01 -2.282552635753058823e+01 1.750408176827966855e+01 8.423899207034803993e+00 -1.245887693408827523e+01 6.472461949999134958e+03
-3.882583198331012397e+01 2.013172611228327469e+01 -1.885190327901129592e+01 -1.245594410833261101e+01 9.475342925157397289e+00 4.778153569398316591e+00 -6.041275400942439866e+00 -2.050032315461322696e+01 -3.560186733829841188e+01 -2.092372729838245959e+01 5.297606930393610192e+00 -8.491233991383233537e-01 -1.459339828812560924e+01 4.939697804685666597e+03
-4.222269865544534184e+01 2.413244774196035181e+01 -1.445674487568233957e+01 6.885223023205955251e-01 1.599660216603343343e+01 -5.755729219440199884e+00 -1.074498847843729443e+01 -1.735597751672973743e+01 -3.753809424484897761e+01 -2.261154563036689780e+01 8.845019384273305363e+00 8.660728076146913423e+00 -6.415326163614803789e+00 5.395096787629214305e+03
-5.231881350894263250e+01 3.754938464627063865e+01 -2.503987890498527591e+01 7.935689256015296955e+00 2.501834512793753973e+01 -7.943209812782273893e+00 2.836508232234279614e+00 -2.448483590719007008e+00 -3.162998644585487895e+01 -9.416184646433229943e+00 2.748086560260417244e+01 1.307951764608174727e+01 -1.657759077271115800e+01 7.830447107568219508e+03
-5.201755393483536949e+01 4.040201315094699197e+01 -4.368439672988117906e+01 6.127124516940527954e+00 3.752936201681783501e+01 -1.479660174040851750e+01 -1.039704243907466186e+01 -1.860911336211906786e+01 -3.013915496502010072e+01 -2.391999306155469240e-01 1.099327751515434271e+00 -1.076812976851261716e+01 -1.047381565471535936e+00 9.392490811543068048e+03
-4.625398883329650346e+01 1.647623537532211913e+01 -1.754580380410654783e+01 6.095147167523054854e+00 2.441058555438812405e+01 4.139751034211996306e+00 -4.364596984057816265e+00 -5.068556899396244653e+00 -1.261249069959255920e+01 -3.323346848924075836e+00 8.907588061005125013e+00 -6.164712831912911639e+00 -1.595297846342399772e+01 3.955623954013267848e+03
-5.042547615052290411e+01 2.889289558613844022e+01 -2.546965356298820282e+01 8.934849336143164678e+00 3.123030068804068549e+01 -1.932569421062495518e+00 5.780427627895467602e+00 5.949918571779659604e-02 -3.107456373061096855e+01 -6.617978556258337974e+00 1.265079324029118091e+01 -1.689980608868418699e+01 -1.867223955336460506e+01 6.922270931584622303e+03
-5.475933954446269070e+01 3.822619698074800709e+01 -3.432369108036593275e+01 1.072566152353633129e+01 3.011000945866669554e+01 -1.274678380828569502e+01 -1.045785841489180301e+00 -1.351369081629868063e+01 -3.033875607828090892e+01 -3.414277998277096327e+00 5.498688259781683740e+00 -2.281526498611692588e+01 -1.536187051276964333e+01 8.724646031258551375e+03
-5.226841224068619596e+01 2.461505399129175231e+01 -2.986399580167690715e+01 1.124409866787932799e+01 2.963196958841306383e+01 -1.040431101063676245e+01 2.055385076627036511e+00 -2.247984497044995145e+00 -2.593115095779669588e+01 -2.026168897839727701e-01 3.086876827342539542e+00 -2.225282261227310698e+01 -1.426993035979427304e+01 6.732570631492895700e+03
-5.379251445573459733e+01 3.374639721588592778e+01 -3.419924457043519794e+01 2.106375573364225673e+01 2.793295204485225014e+01 -1.223273804881299043e+01 1.100038841002418888e+00 -1.033891922388296791e+01 -2.070253076600561215e+01 -2.289484081857559028e-01 -9.071112753170175180e-01 -1.751100512155990430e+01 -1.062900179638846687e+01 7.532798125510094906e+03
-4.819963989054022591e+01 1.126936128213994692e+01 -1.920770991160029695e+01 1.386134407367556065e+01 1.224349961750246507e+01 -1.112885466251806577e+01 -2.450447561911811345e+00 -2.549252696960887299e+00 -1.415723862178598935e+01 -1.025250829255768537e+01 -7.133123281815916705e+00 -1.035515123265222570e+01 -3.867619319638865072e+00 3.776145256101515315e+03
-4.401291683133543131e+01 1.107605589551467062e+01 -5.960726439920642861e+01 2.077759817372333373e+01 1.740649868934000466e+01 -3.498269858065903293e+01 2.886185824472471406e+00 6.430687161810450192e+00 -2.169436273219344358e+01 6.761778836063395914e+00 -4.572331892750914228e+00 -3.820367994649058119e+01 1.443913687879001984e+01 9.826292701401533122e+03
-5.233084974240925646e+01 2.209099241594282859e+01 -2.835099318161361381e+01 1.091719647663408566e+01 2.858274541649459266e+01 -1.975418785602617078e+01 2.932262807772149094e-01 9.014401543898015845e+00 -2.396323296165038386e+01 -7.734218407777518678e+00 5.629668185642970890e-01 -1.535147160991203208e+01 2.188788471727741047e+00 6.312870539775116413e+03
-4.782168040996835146e+01 2.937145550498358304e+01 -6.088569352966476345e+01 3.782569022488304711e+01 2.062781705972721369e+01 -1.826342923357215753e+01 9.400549380996286786e+00 1.383241862916827714e+01 -1.638767251628180688e+01 -1.868069939657322820e+01 8.765721413802330275e+00 -2.258107396944711454e+01 1.783598573731179826e+01 1.084860135229349362e+04
-4.664488916908134541e+01 1.668242058705258657e+01 -3.173624331028191392e+01 2.360106457998459462e+01 3.124743323459791000e+01 -2.117522072654840670e+01 -6.009160392885705804e+00 5.997235728675732958e+00 -1.761036101975967938e+01 -1.599288826384707640e+01 -1.210767429197141354e+01 -1.257583915846472067e+01 -2.228644420827316175e+00 6.390728786099339231e+03
-4.943070721445764804e+01 2.642251143892844922e+01 -4.238216064795155091e+01 3.267578907989119585e+01 3.653788310596955569e+01 -2.884048898258565075e+01 -8.757057716221238408e+00 -1.464558151689228926e-01 -2.280531138035815886e+01 -3.054235474724437349e+00 -2.203782586538342514e+01 -3.016711374729628758e+01 1.327257329721143542e+01 1.035028917955050019e+04
-4.430369939081226960e+01 1.752534321428545283e+01 -2.790576372314647102e+01 2.693558012140405467e+01 3.976623433624956050e+01 -1.197948381149377894e+01 -1.154557765378192791e+01 -7.323106828766896115e+00 -1.629901462480675889e+01 4.561574942770901808e-01 -1.761670166182838670e+01 -2.759768946463410444e+01 8.213576773860017610e+00 7.091311684646597314e+03
-4.075031393868871987e+01 1.185226253043196287e+01 -2.106418259424456352e+01 2.099495732485528166e+01 3.718774542550148254e+01 -2.651468936597412007e+00 -1.375459721617712461e+01 -1.070368180378470413e+01 -6.179009299251385201e+00 2.213120543038923138e+00 -1.871305954757676560e+01 -2.202029356908990465e+01 7.637081150022954290e+00 5.315743674168073994e+03
-4.347461235616839303e+01 2.795127614053117426e+01 -4.179189628082028918e+01 2.872514301252329005e+01 3.041860993506888278e+01 -1.343529091634993655e+01 -1.443138387783582921e+01 -3.033973168334132442e+00 -1.429025931569167973e+01 4.834727486911780225e+00 -3.034544217677581557e+01 -3.537449283627199748e+01 1.764885871995405964e+01 9.277549819071366073e+03
-4.008184158332122848e+01 1.918008377192543890e+01 -2.928640345116990318e+01 1.695998430016045333e+01 2.628926625860586697e+01 -1.213562242291153481e+01 -2.006079354059724196e+01 -1.639456394817614182e+01 -2.561835408433061900e+00 1.542661194695370774e+01 -1.172573203422559907e+01 -1.937630411929884389e+01 1.035342601867871437e+01 5.494050889519644443e+03
-4.318400629109210342e+01 2.640661216960860713e+01 -3.052565597051016510e+01 2.183212923785798409e+01 3.573659591532428692e+01 -9.214560244295951108e+00 -1.369160010921030413e+01 -9.803621056010214829e+00 -1.396175524080648422e+01 2.298438505448641322e+01 -3.522049464026113075e+00 -2.623233898643029249e+01 1.492086321359814960e+01 7.262593578487017112e+03
-4.591462286356210143e+01 3.364087760750785350e+01 -3.590068042035930773e+01 1.850205277425645534e+01 2.850976339372942903e+01 -1.047387597543889548e+01 -9.937935195890613471e+00 -1.539001137680903319e+01 -2.783437058422903476e+01 1.671009894478482849e+01 -1.743951943161617990e+01 -3.125635048617911949e+01 1.140140409633433904e+01 8.594237634917137257e+03
-4.696976004198285182e+01 2.851829327451782348e+01 -2.196074765924869610e+01 1.061064431368305350e+01 3.397022260552592599e+01 -3.185168062286809931e+00 -1.192264686887764924e+01 -1.650577896387988019e+01 -2.283845850842518033e+01 -6.597544925445788522e-01 -1.852679722228263870e+01 -3.089165874267477818e+01 1.828635968084918240e+00 7.015934354940682169e+03
-4.884542038987415680e+01 3.322060816525313243e+01 -2.096033371136889301e+01 8.463573464080651476e+00 2.656214172942507901e+01 1.273833668433424382e+00 2.722261939264482011e-01 -1.544961136325789397e+01 -2.127875655897299723e+01 -2.012400976159745447e+00 -2.698106091692667974e+01 -3.219588412361935070e+01 7.687504518984607849e+00 7.226871755670648781e+03
-5.295826607871055103e+01 4.023527643366239204e+01 -1.642556560383247444e+01 7.848761054890221800e+00 1.647751544152653835e+01 -1.053669970812964607e+01 3.956434176704191202e-02 -1.146427819575309037e+01 -1.675692202412058762e+01 -8.212284334106015882e-01 -2.525544211049504995e+01 -3.043328881833603816e+01 -6.238725719344039300e-01 7.114699960356238080e+03
-5.463589070075540377e+01 3.587677245570875328e+01 -1.474899623792754966e+01 1.034116095579853223e+01 2.282750042834791060e+01 -9.993081434821721842e+00 -1.847074259225385617e+01 -2.198459454894124221e+01 -8.152552264481611743e+00 -4.464963680202521656e-01 -3.335761626841098604e+01 -3.956289933572129769e+01 -1.526174578792157632e+01 9.019680955089443160e+03
-6.057663119082691594e+01 4.137844075685540446e+01 -1.971468591762795342e+01 1.104740413363382956e+01 2.878524218844036753e+01 -1.241139000393596348e+01 -1.633912504082806905e+01 -4.309430723866351798e+01 -1.008498358651407933e+01 5.382286378595368959e+00 -3.650673466111344823e+01 -2.223244588079729311e+01 -1.019761306795012423e+01 1.106082721632233552e+04
-5.849928677111248021e+01 2.765612393177989858e+01 -1.337568831020456273e+01 1.004314582021908819e+01 2.453680720115619707e+01 -6.898775120450982179e+00 -2.814850798838914869e+01 -3.490814405174786117e+01 -1.320632231608537133e+01 -1.704443592899697879e-01 -2.494546711377343939e+01 -2.215073959915631008e+01 -1.668335031089793308e+00 8.417517524781895190e+03
-6.150253167965106371e+01 4.174088334782278764e+01 -1.792271252765601020e+01 9.184910235391006594e+00 2.529591412655142690e+01 -2.304582142745184825e+01 -1.735343909346237368e+01 -2.642345168668632027e+01 -9.861219848433957935e+00 6.171688595943603417e+00 -2.343951044029734732e+01 -3.088118427824891654e+01 -8.280223754600614328e+00 9.807736444775913697e+03
-5.850902740564276883e+01 3.628337597778331514e+01 -1.339077859070979848e+01 4.039926840063015057e+00 2.375638876657821186e+01 -4.845556433568855681e+00 -7.926558143490627373e+00 -7.239165740110802716e+00 -6.240214804382721248e+00 -5.205078056100066242e+00 -3.130919382343925150e+01 -4.010931514301064027e+01 -9.228519551255001119e+00 8.378726360030406795e+03
-5.869632755695454307e+01 3.105597715891167354e+01 -1.442416954292026254e+01 2.598970738036105566e+00 1.750089940619794504e+01 2.232657005081342405e-01 4.605746646090754126e+00 -4.697924486228718166e+00 -7.704225758089950915e+00 1.650583682885305103e+00 -2.028351450723087623e+01 -2.875214107763782323e+01 -3.886782390390512987e+00 6.289451801802896625e+03
-5.729802647413168870e+01 2.492712186082617976e+01 -1.274448448485827079e+01 -3.691198509860162957e+00 1.359517955620460228e+01 -7.081587390508510271e-01 -4.817932366096386865e+00 -3.896044694239621631e+00 -1.305338280506880055e+00 3.807510611400680922e+00 -1.816572059977327669e+01 -2.637347419799195691e+01 -6.721950240481811001e+00 5.391133312126863530e+03
-5.718961280003060921e+01 2.491825702534104181e+01 -5.997355583610365137e+00 -3.157132106336220545e+00 1.596505891952467415e+01 -7.613136440110681136e+00 -1.025141146949811954e+01 -9.783947528850216457e+00 -2.493223929164226860e+01 1.487101483703837879e+00 -4.153208663649193255e+01 -1.684070334811532632e+01 -1.395744953787749054e+01 7.278329055816628170e+03
-6.249070386330578231e+01 3.734136019845485066e+01 -6.079043177427952749e+00 -8.171233736879974785e+00 4.910621338881277609e+01 -3.392502778702144184e+01 9.679863895863825007e-01 1.060670408553037802e+01 -4.838241202619487069e+01 5.466172836516235378e+01 -5.771593651965251581e+01 2.571784563774596410e+00 -1.518855745454722594e+01 1.797615397355650202e+04
-5.984120938404164036e+01 2.780308328011647490e+01 -6.609710611939213720e+00 2.654299393452316469e+00 1.315261360829316040e+01 -6.979493358285119520e+00 -5.805479566317143236e-01 1.134861609612597633e+01 -8.570738137153993463e+00 9.999460851372672821e+00 -1.070779649354132523e+01 -1.670726227323257262e+01 -6.219740211221283843e+00 5.361469511806631090e+03
-5.910327489170224879e+01 2.861422256948042531e+01 -9.338730185774867465e+00 2.068514598720375020e+00 1.440838666402827251e+01 -8.053711791026540112e+00 2.652784493305573865e-01 3.789335814010464265e+00 -6.132418630542717963e+00 4.185260544701475460e+00 -1.355446975245609664e+01 -1.259148950303869263e+01 2.016579398416299629e+00 5.091813603480555685e+03
-5.796893701368093588e+01 2.392586691438381052e+01 -3.400612295460775369e-02 3.365130064679290545e+00 1.746645779378422958e+01 8.391137620476410985e-01 1.650727187172919219e+00 1.029107221939359995e+01 -1.573034922002803881e+01 1.342775972345579660e+01 -1.941238599590609581e+01 3.573885160096033076e-01 -6.175475741949341568e+00 5.201435925328199119e+03
-5.562883416687417792e+01 2.690156453984600304e+01 2.051487266448510649e+00 7.355371420896700485e+00 1.129686397502120698e+01 -7.690120806190190450e+00 9.642330417317641622e-01 8.689567788713368657e+00 -1.661341338584297844e+01 3.167739301762283244e+00 -1.996333837195395944e+01 -1.328999227370307779e+01 -1.180844932322492724e+01 5.140405207218400392e+03
-5.258264533144395614e+01 2.806568231077410758e+01 7.101647674698665647e+00 4.392137228110495784e+00 -8.755926478125161339e+00 -2.124568515842531014e+01 -1.484159826035317842e+01 -1.299978308508022984e+01 -3.919289633118240523e+00 3.575194075298404162e+00 -1.534186292377953365e+01 -1.867123051681445034e+01 2.618134527919112386e+00 5.158639247564616198e+03
-4.225800344001648057e+01 3.146780368315409859e+01 -1.878577223793791973e+01 -1.683270651049172528e+01 -7.860628523729487505e+00 -2.343199951410788628e+01 -1.735229962131717940e+01 -1.475248882998902111e+01 -2.398307518083955969e+01 -1.294347274460078800e+01 -9.887993132784060890e+00 -1.352152475576664870e+01 4.418993304965698421e+00 5.584646004830289712e+03
-3.672027080188084369e+01 2.814473112926053844e+01 -2.446633668308922793e+01 -2.022854286469060980e+01 -4.364741018666390637e+00 -1.748226468897982500e+01 -1.361721956114296006e+01 -1.540820208889146059e+01 -2.241759705780180312e+01 -6.808609961972700297e+00 -1.343539781982451276e+00 1.534347121828215643e-01 1.615404961216574620e+01 4.707509445914028220e+03
-4.533947488835035244e+01 4.103272521691986441e+01 -2.947172097855836270e+01 -4.546996571554700495e+00 -1.184325059755988896e+01 -3.139852317491502021e+01 5.775610296173782077e-01 -1.677433074144510483e+00 -1.743116532515559669e+01 -4.290750178038694962e+00 -2.459702424827259648e+01 -2.725150215487703775e+01 2.364375156163920799e+00 7.433391541011484151e+03
-3.641217107280537135e+01 2.289285384426757375e+01 -1.610091623976046193e+01 -1.308231877340787364e+01 -1.074275502123906278e+01 -2.143647267676880475e+01 -1.034650588986354869e+01 -2.621670298596830317e+00 -6.663020383208190900e+00 -5.051802051210775524e+00 -7.309140328226032324e+00 -3.442254318163576965e+00 1.515856207870688266e+01 3.334139209185113032e+03
-3.066052491314933803e+01 1.943921047499182819e+01 -2.448927149598173614e+01 -1.832029564307571690e+01 -2.926356199528926894e+00 -1.122199508254723099e+01 -5.007300067077749439e+00 -8.082065307148591504e-01 -1.123086718735852152e+01 -1.322267966304357145e+01 -1.139971945693238276e+01 -4.106511622489303903e+00 1.330562340706480207e+01 3.038359619596354150e+03
-3.200335178217964938e+01 2.712817098174215857e+01 -3.889210494327390677e+01 -1.757437189344114969e+01 -2.222149948873337610e+00 -1.896513508927150937e+01 -3.723258928592799166e-01 1.946432150210664247e+01 -1.808838641172110329e+01 -1.754424240246188660e+01 -1.649499106056099151e+01 3.857703828852274697e+00 1.670264051544492645e+01 5.526154271497032823e+03
-2.772208740935066729e+01 1.171554773789053350e+01 -3.518699996070931491e+01 -2.986666634946701038e+01 -1.131753252879856753e+01 -1.715018797100900727e+01 -3.255060466035478495e+00 7.628743116945218894e+00 -1.916473033094531431e+01 -2.597937455245941507e+01 -1.129334810057769189e+01 -3.280215845143227282e-01 1.085606903584966920e+00 4.697960186983726089e+03
-2.915259865688696550e+01 2.157847983098161393e+01 -3.733609633751046886e+01 -2.599768412435380682e+01 -1.450848169957540179e+00 -1.463978139494276753e+01 1.038378572749488171e+01 2.617740770406474482e+01 -1.018926091244914822e+01 -5.859081092614251141e+00 1.561727703296011605e+01 5.790827197649250024e+00 -2.542499681852400606e+00 4.816923505043756450e+03
-3.124700179651241783e+01 1.644903846866053243e+01 -4.940839867134116048e+01 -3.716682807660929910e+01 -1.395919962933962211e+01 -3.208164722324627149e+01 -1.049086687566551923e+01 1.366416920652737055e+01 -2.469526353986178080e+01 -2.219900968046335166e+01 -3.201787309619046340e+00 -1.058513904286831231e+00 -8.400854185665771467e+00 7.774966423920228408e+03
-3.259915870242476643e+01 2.627693801773506266e+01 -5.713932098878352406e+01 -2.320219629965319541e+01 -1.289479363493665609e+01 -2.223481284686373627e+01 -7.228628393982255318e+00 2.540986884134116863e+01 -3.413853516434936353e+01 -5.667934026515164092e+00 -1.057532827548387289e+01 1.872094346219988825e+00 -9.804420628003166271e+00 8.324037672618407669e+03
-2.659882366872243153e+01 6.826955451262108454e+00 -3.738100644722711507e+01 -2.469671328009426503e+01 -9.973546106111099263e+00 -1.643558638059480970e+01 4.595989483399517184e+00 1.217639849807197727e+01 -2.375894766728071517e+01 -2.445284770165527277e+01 -5.677855720637999815e-01 -1.685220690970800628e-01 -1.123388709636878602e+01 4.589340306874719317e+03
-2.903889705888535744e+01 2.473120353318848785e+01 -4.496963652917953169e+01 -1.360904050553458866e+01 1.614549752370268987e+00 -1.649925688461662077e+01 8.154405185407117784e+00 2.408880481426106357e+01 -3.987564090339655110e+01 -2.439506392306356908e+00 9.945995717929183577e-01 8.362181660042551812e+00 7.603676229760183425e+00 6.308710385124662935e+03
-2.935466205529972683e+01 2.271380370526056325e+01 -4.854014350312434090e+01 -1.907984058994523480e+01 5.733699189140268437e+00 -2.075981679965985194e+01 3.756885127642149325e+00 1.760071057235657932e+01 -2.994859425154661281e+01 1.774310816825460879e+00 7.044763343892535445e+00 6.031796206630968271e+00 7.502065502526566121e+00 5.927902129217192851e+03
-2.993884425275209793e+01 1.797603033594770494e+01 -5.183662571696658716e+01 -1.857577749657730948e+01 -2.122577937910816281e+00 -2.345467487190513367e+01 1.377447853958602941e+01 1.844986784958070558e+01 -4.335307274697107971e+01 -6.239514029392282168e+00 7.675603179726788738e+00 -1.403056368928854658e+00 5.711191851194764579e-01 7.315958410704266498e+03
-2.605614083554920768e+01 1.004056849453781908e+01 -3.932778913309589797e+01 -2.163860327089592062e+01 -2.122201026010277561e-02 -9.319164879499284737e+00 1.152789788340790444e+01 1.135047503497503385e+01 -3.135820279160755319e+01 -1.472634833845115487e+01 9.477872799548880067e+00 -2.304212470425829995e+00 8.747436140771988056e-01 4.439319500111498201e+03
-3.324450415208784193e+01 1.931141656335136503e+01 -6.333996598964866820e+01 -2.838646973806081419e+01 -7.978618469616628239e+00 -3.918486320773996567e+01 -1.056172719370543689e+01 1.765923040355252027e+01 -6.410974365112352302e+01 2.258807551958594839e+00 -8.105278911645793727e+00 -1.840560061550390358e+01 1.936336740899898823e-01 1.283804179563647995e+04
-3.132735061946592126e+01 2.189915137150875779e+01 -5.174545235540526988e+01 -2.174901236413058214e+01 1.428053724715189654e+00 -2.162235746915811418e+01 1.865650496753225696e+01 2.448098599944981402e+01 -5.080601912912073459e+01 2.490275686618022011e+00 1.333952275810792720e+01 -1.256417243693555719e+01 1.083472052258796126e+01 9.069182156967035553e+03
-3.063284546945176245e+01 1.361729691549164123e+01 -4.590757933982312267e+01 -3.021510901039269825e+01 -8.970711118319947275e+00 -2.176435874345050436e+01 5.457954399336619744e+00 8.134319324575736143e-01 -5.227432715727998414e+01 -1.541410180111695816e+01 1.303833446887128877e+00 -1.195836597550680835e+01 -4.693678103711921956e+00 7.865805484092159531e+03
-2.778128492504234615e+01 7.019556535689677190e+00 -3.640412489281585096e+01 -2.686685612391811873e+01 -9.705308429726269281e+00 -5.181643874716951537e+00 6.638028756286576737e+00 -6.250758505193474868e+00 -3.111498491057088955e+01 -1.032880300242442573e+01 3.471504034416347029e+00 -6.171285962248980184e-01 -1.961080613586500432e+00 4.163444568445401273e+03
-3.127224603722682161e+01 1.691507869886356019e+01 -4.162120189247127655e+01 -2.259984974801556135e+01 3.610202966077552755e+00 -6.998319870753469729e+00 1.050483347944638268e+01 6.863273501280244382e+00 -3.283621651724419621e+01 8.533484849014531193e+00 1.196898831120331863e+01 5.429948895129250275e+00 1.028628286524082114e+01 5.156203131479144758e+03
-3.420544709635462510e+01 2.323771981029057088e+01 -4.718074154615744931e+01 -2.541453691530238501e+01 2.932637232849923059e+00 -1.212428849656810215e+01 2.097141376942258884e+00 -5.179363439359229382e+00 -3.434213035081291565e+01 -1.870471309704840879e-01 -2.835373599723193028e+00 -9.711322882447870342e+00 1.320123482759844924e+00 6.052256598035354727e+03
-3.610088385645080677e+01 2.239100164452264252e+01 -4.595423106665266744e+01 -2.968994885390112515e+01 1.320874179395119308e+00 -1.119024283106068118e+01 1.052014582502446061e+00 -9.693649034732573000e+00 -3.784683309457457767e+01 -9.795139429854751612e+00 8.908083458300723123e+00 -7.308389088812297985e+00 -3.056922895723903189e+00 6.690393806545606822e+03
-3.716699287352540892e+01 2.491283025064386081e+01 -3.037965955577216448e+01 -2.526598066385675878e+01 -1.277374870894513847e+00 -1.432463432841042827e+00 1.075307597291302564e+01 5.837242186001534883e+00 -1.526476167213546198e+01 1.723640997874868186e-01 1.556130030497783068e+01 6.023425242201220442e+00 1.025659684929292759e+01 4.333389797302589614e+03
-4.625738401673676492e+01 3.669498017365726383e+01 -3.277219051190989063e+01 -2.452130253355934997e+01 -2.025143742182454076e+00 -9.402325271977680643e+00 3.369723131599037913e+00 -3.825733808115280077e+00 -2.970650328204277812e+01 -1.937807524100016465e+01 -6.727631684822817704e+00 -1.237713809164386625e+01 -9.113121102002690321e+00 6.819563784696877519e+03
-4.689486655688685346e+01 3.585747993817307844e+01 -2.143134822894145941e+01 -2.471578513914069930e+01 -3.569363661661682507e-01 2.982055402573458469e+00 7.966137989029302702e+00 1.686295980385942084e+00 -1.861640096846796411e+01 -1.820959984051098246e+01 -4.686556372072280041e+00 -5.642504389635892181e+00 -6.537136363332683331e+00 5.405078835065051862e+03
-4.551583523805943798e+01 2.625818728225508281e+01 -1.613349211589454058e+01 -2.611435599124637008e+01 -8.054756117721325381e+00 4.575031267007100944e+00 3.211956442109419108e+00 -8.966990198886932717e+00 -1.803081374848477481e+01 -1.616365881283048367e+01 -1.260755831173127639e+01 -1.308778130057149447e+01 -1.038059712936079215e+01 4.904337851449862683e+03
-5.036418932377338820e+01 3.668870713949399232e+01 -2.334638879264547029e+01 -3.336153374802944427e+01 -1.095491158629418038e+01 -1.351139128422833480e+01 -1.146332416880743743e+01 -1.048628352563641286e+01 -2.361621702117554733e+01 -2.047890531017776894e+01 -9.911713058352935590e+00 -1.569019092392726122e+01 -1.611512971111070769e+01 7.665829148645784699e+03
-5.647055474897288008e+01 5.310221683872265430e+01 -3.509528652287710315e+01 -2.730032588410172067e+01 1.235450391205120191e+01 -3.537315235607707109e+00 2.312680065788967454e+00 -1.233260203750586115e+01 -2.184671823841830474e+01 -1.382252799661924847e+01 -4.866659076152217267e+00 -1.417222094387623699e+01 -9.728467844095760597e+00 9.295864526080906217e+03
-5.126774833185465496e+01 3.270231368062876243e+01 -1.677228131338053885e+01 -2.149134967079433522e+01 1.157558947055798315e+00 2.266050927378430835e+00 -7.521438138556944430e+00 -1.899640761203094996e+01 -2.465418510037504873e+01 -1.411552026561970230e+01 -5.739309106829730389e+00 -1.550983561913587927e+01 -1.851442304060720545e+01 6.288276619383696925e+03
-5.569112779380632361e+01 4.623778176588395894e+01 -2.350216740745366906e+01 -2.697189663774298296e+01 9.026091441984476660e+00 -6.748267385257094908e+00 -8.443239277658609154e+00 -3.833937155307914235e+00 -2.148294342307045213e+01 -2.311492869563025110e+01 -2.588711338368029580e+00 -4.528319713199559615e+00 -5.923478415394547447e+00 7.790377550772193899e+03
-5.357754417425285709e+01 3.481092453076203697e+01 -2.543164047940706496e+01 -2.584529057717396938e+01 2.231842289312767402e+00 -1.039757456469406094e+01 -1.929727442571632778e+01 -1.168375985630262193e+01 -1.975323966508117479e+01 -1.948812218802097007e+01 -1.152838234678645435e+01 -1.520682977828257698e+01 -1.818951152861757592e+01 7.484073795167133540e+03
-5.225459070894801528e+01 3.802094892174995522e+01 -1.689046406606773587e+01 -2.409456412777717205e+01 8.475297400408477344e+00 7.236503007368128015e-01 -8.479216676046403833e+00 -5.992486050304387524e-01 -1.462801073486222059e+01 -1.570710705994140532e+01 -1.466030084199481642e+01 2.241931848900870161e+00 -1.216930886726014016e+01 6.015315821809180306e+03
-5.529366364660565836e+01 4.091850805573763239e+01 -1.810610230092275685e+01 -2.521894554473561811e+01 1.740557794004281433e+01 3.223238468574711302e+00 -1.428833560291234228e+01 1.453848838834549362e+01 -3.312029177463232799e+01 8.284853055313297077e+00 -3.444036791204258208e+01 1.595945023950603492e+01 -1.945949259129486819e+01 9.409514647622652774e+03
-5.672255464353308696e+01 3.719417956269897019e+01 -8.541493180072491143e+00 -1.681466848351090704e+01 1.191216914303564778e+01 6.014868932798672851e+00 -1.521865737911233296e+01 1.064374632559878542e+01 -2.737718068345107980e+01 4.429047091402958714e+00 -1.936625046436668640e+01 2.760703357005051650e+00 -1.828965832426798599e+01 6.965831892828655327e+03
-5.472857482545524732e+01 2.941258308436152191e+01 -6.421387053220749763e+00 -2.217215256626771236e+01 9.080264953294719943e-01 1.814609249404458557e+00 -8.496732433763662939e+00 -1.026580707402697001e+01 -3.547877610599683607e+01 -3.612968961092945186e+00 -1.032033243594834104e+01 1.049309112789947207e+01 -2.344215181158406835e+01 6.612799886262921973e+03
-5.488983059753755356e+01 2.945262509594365241e+01 -1.057197427791644806e+01 -2.475143847034190614e+01 3.707343237936434832e+00 8.578415022203019547e+00 -4.596064186013849806e+00 -1.307161176510534872e+01 -3.086419273254787043e+01 1.422749648051837568e+00 -1.445060599980118710e+01 -6.615325913857191154e+00 -1.964883901550224365e+01 6.477357447827314900e+03
-6.227719539322074382e+01 4.200234893272867254e+01 -2.004295649871330198e+01 -1.870658201091359274e+01 1.477839224317874489e+01 -4.943989594032963453e+00 -1.827723740180091427e+00 -2.180761149695466727e+01 -2.999189326807905687e+01 -1.788048558251249176e+01 -1.564903796362876776e+01 -1.455467498485819888e+01 -1.622364335016013470e+01 9.055222084449545946e+03
-5.296137651696309945e+01 3.149632570170658141e+01 -1.775112097509655840e+01 -1.753752156603799151e+01 2.875159353905720749e+00 -9.814795126121550695e+00 -7.001906187677336746e+00 -3.342274334413547265e+00 -2.643754372239044059e+01 -2.470456479213840595e+01 -4.927543413262218230e+00 -1.266395729047125052e+01 -1.354937888656069411e+01 6.261888532695188587e+03
-4.821409353625817573e+01 2.025721107590039338e+01 -2.925957779311627860e+01 -1.197284127065930726e+01 3.662647376786150488e+00 -2.159234611617241484e+01 -1.033355002537564005e+01 4.147136199581427540e+00 -1.869929914669965498e+01 -2.260064032801235001e+01 -4.281503973299201959e+00 -1.489927342253508424e+00 -8.858425107600902848e+00 5.297526215172029879e+03
-4.710558483190991552e+01 2.121238089704448271e+01 -2.046355383795092919e+01 -1.806173709524154702e+01 -4.078538179616192139e+00 -7.863114888228540877e+00 -5.841254970361219989e+00 -3.365392523692033677e+00 -8.734871542547553602e+00 -1.197285853876025641e+01 -1.020389265608752716e+01 -3.702137386838385780e+00 3.740697233061660132e+00 3.889259168960650186e+03
-4.776844722200607407e+01 2.405109590778102913e+01 -2.222591046864565456e+01 -1.504073149581014057e+01 -9.771826629260921271e-01 -3.308563597058770345e+00 9.235899057869046302e+00 7.582403004832581672e+00 -1.258870493212082131e+01 -8.725029381272886297e+00 -1.973103609147559334e+00 -4.927764795162984157e+00 6.363210208663000245e+00 4.038458687684105371e+03
-5.384418987744983554e+01 3.829672283265962562e+01 -3.978794771349305393e+01 -1.635847492954282245e+01 -4.529329127311224390e+00 -2.617120913883689326e+01 1.522224961543786925e+01 7.881537690273718866e+00 -2.571915241517065809e+01 -1.465710387704121409e+01 -1.366858182683693634e+00 6.308958552175472079e-01 7.383460288984146302e+00 8.148886090130576122e+03
-4.756443763939345359e+01 1.522542354257761232e+01 -2.811705153623148945e+01 -2.392636335751343779e+01 -8.836828879020950822e+00 -6.822502135272264567e+00 4.986306787261722384e+00 7.465397467043819457e-01 -1.922157594645707235e+01 -1.558586806930982327e+01 -3.343684503127949625e+00 -3.840254245006171629e-01 5.182958287309428869e+00 4.657864381132938433e+03
-4.858152089537367146e+01 2.359839038877813877e+01 -2.420696286842069611e+01 -1.853795760742244880e+01 -1.180589758056669325e+00 -7.316279111266428270e-01 1.287903236003694651e+01 5.009444360041045208e+00 -2.162776681830789016e+01 -1.473401834335954774e+01 3.079879150609602600e+00 -1.149205035979256939e+00 2.249794779472494843e-01 4.735282741573021667e+03
-5.149459371544555353e+01 2.478819073002127737e+01 -2.908864810482508645e+01 -1.724335757519312295e+01 3.456828536981634947e+00 -4.028783505053763925e+00 1.311762091770649441e+01 1.431797551677814972e+01 -1.349945496822426882e+01 -1.149902800639352130e+01 1.640537854940349982e+00 -7.963047744470892475e-01 5.585575208157262495e+00 5.163874617807644427e+03
-5.740831221476957325e+01 3.255368266235975483e+01 -3.366087488164097863e+01 -6.300717251977102862e+00 1.000191528833690136e+01 -5.471941517071751804e+00 1.322740514144158119e+01 1.037858178464517245e+01 -1.222218482632737491e+01 -7.194287379573052199e+00 1.760594978938411659e+00 -1.301069153201155348e+00 4.037847367246625296e+00 6.163106021765905098e+03
-6.256801296299354931e+01 3.697592992834503178e+01 -3.687379368400137025e+01 -3.832247743163838649e+00 1.953249154775813068e+01 -1.963817802794216050e+01 1.633640997703783881e+01 7.652734231707644774e+00 -1.945396408803962629e+01 -1.693905263106974246e+01 -5.418380436659549382e+00 1.991642410146696296e+00 9.124080763202837119e+00 8.530919876694502818e+03
-6.332184800606513875e+01 3.230915815793687784e+01 -3.490497839492010712e+01 -1.228410740441785087e+01 1.268211580856973875e+01 -1.901087339435063939e+01 1.610024982689439454e+01 1.363875928424597639e+01 -1.843213995032382613e+01 -1.369523829330628217e+01 2.974681663080742222e+00 6.138119369562765826e+00 7.747954600906541422e+00 8.024137491099076215e+03
-6.559026077764814033e+01 2.739518322255942095e+01 -3.302127128985037530e+01 -1.049429798004361025e+01 1.594452698605169694e+01 -9.155422966225184922e+00 2.075216337573759873e+01 2.028219644325821847e+01 -4.642922086532186299e+00 -1.042430074624023462e+01 4.776123278477627743e+00 1.719177773269094445e+01 1.436875102188525233e+01 8.088234860865034534e+03
-6.374848480147903729e+01 2.412858249650265918e+01 -2.877619062724585675e+01 -1.499773901381169772e+01 5.254827243747144827e+00 -1.253042674434423454e+01 1.080833953756297383e+01 1.614184681999975979e+01 -1.318180515192759295e+01 -1.424996182823693402e+01 -1.563346364076511064e+00 -2.597760453705861394e+00 -1.618910646880179494e+00 6.649698038474613895e+03
-6.351228637109062447e+01 2.003495768049025472e+01 -3.408094962299207964e+01 -1.982868671826915374e+01 6.404742208702064232e+00 -1.116428523141202511e+01 1.076079992865547474e+01 1.179858512038902951e+01 -2.002729346837734781e+01 -1.585817534441378385e+01 5.679844536316436265e-01 9.332734183150073193e-01 5.901096212913438777e+00 7.099152158004163539e+03
-6.606040365040863094e+01 2.347167926611411914e+01 -3.482537828244892353e+01 -2.393983226787106489e+01 3.913898207302467291e+00 -1.042743204785435651e+01 1.249062816715115787e+01 1.644622640710483452e+01 -1.578872024805733432e+01 -1.772958222650521876e+01 2.450618811183148171e+00 1.105098401122584306e+01 7.245747806259306145e+00 7.995615707333076898e+03
-6.892930978285968990e+01 2.666911266808960335e+01 -3.764119530430700422e+01 -2.862461233604278732e+01 1.508480475201879667e+00 -1.835423333079114627e+01 1.689550148067663926e+01 1.396097983547972987e+01 -1.698116871406012507e+01 -1.091371842699645178e+01 4.500330523083982959e-01 -4.051791496763012645e+00 -1.083509619824578607e+00 8.943502533702618166e+03
