-5.724153325195966602e+01 -4.199180705861142116e+01 -4.934457640758957098e+00 3.784597153501708533e+01 -5.429386772907825076e+01 3.916995993683174504e+01 -9.969572253122542804e+00 8.002832754467283927e-01 -1.104816922588025285e+01 2.208840114045934655e+01 -2.075329770597964085e+01 1.306670623779070795e+01 -5.586783702113885752e+00 1.232132391928493598e+04
-6.125160435353893007e+01 -5.879788126369140144e+01 -1.031899357804397788e+01 3.144514237395497602e+01 -4.945062807825983242e+01 4.784306311265701339e+01 3.154721444817201181e+00 -4.381609523183837673e+00 -2.748759641870554216e+00 1.722510234011132013e+01 -2.138298741538501702e+01 1.318511874058554412e+01 -7.496495837966947740e+00 1.405923934616233601e+04
-4.852351720498022303e+01 -3.299933396427850596e+01 -1.862630086730957757e+00 2.957321479849339951e+01 -4.728634283891832979e+01 3.252750484542126941e+01 -1.259227410477581799e+01 -4.577628948934357567e+00 -4.086558941673996692e+00 1.955024652766655890e+01 -2.137136117866950258e+01 1.186673672652625733e+01 -2.953941738013293961e+00 8.800281427092097147e+03
-6.122742831630547755e+01 -5.868159685702534034e+01 -9.043722237734439062e+00 3.713646078760991287e+01 -6.072812208018261515e+01 4.537452223329647438e+01 -4.460667820653157811e+00 -1.014177970434342058e+01 -1.534828203529705881e+01 1.872501707751195710e+01 -2.249246945509761630e+01 1.059726277445833276e+01 2.778964976313985091e-01 1.572722516487582834e+04
-4.922527768884718569e+01 -3.128609746254519663e+01 -6.345746175614755735e+00 3.596289042717275208e+01 -5.511435574945038951e+01 3.863103265361293381e+01 -2.069779294410196258e+01 4.132230703212313117e+00 -9.391524713735119434e+00 1.733941502220973518e+01 -1.983109308000701887e+01 1.526887866194847376e+01 -7.781235689967870073e+00 1.078678328425029576e+04
-5.658018733071573081e+01 -4.370441731695246546e+01 -8.304476995614798795e+00 3.911865685480316301e+01 -5.620609476806771454e+01 4.463573139090915731e+01 -1.013676072611611190e+01 4.627370320098560974e+00 -2.219246558147879966e+01 2.157192863802830374e+01 -2.774957464227447801e+01 1.608133160913087067e+01 -3.530373216654151047e+00 1.398523271161218508e+04
-5.399110014562233317e+01 -4.272375707448630067e+01 -1.334719668946311266e+01 4.815715919818617152e+01 -5.453271436221028523e+01 3.414179142885690510e+01 -4.654254770971774313e+00 1.706360274463565929e+01 -3.199112063082090529e+01 2.395845675857264823e+01 -1.462021711469481211e+01 1.733052855777357237e+01 -1.152749110807096855e+01 1.393434590807024142e+04
-4.578629104598088873e+01 -3.402446746807089539e+01 -1.382514556863937116e+01 3.518048315283270000e+01 -3.321446082231978636e+01 6.271557693475351414e+00 -2.331117346274431235e+00 1.766879602282294570e+01 -2.690348706561013259e+01 3.936961660539662233e+00 -1.462755542161968458e+00 1.437179685372953308e+01 -5.988075240588684345e+00 7.126845710766088814e+03
-5.166393037824224166e+01 -2.714352111197657891e+01 -2.011664506772656580e+01 4.844672891272760751e+01 -2.414008276766253758e+01 1.990757074071778376e+01 -2.141102378036552878e+01 2.635752394803725362e+00 -4.915815567778601292e+01 -1.327201808938478500e+01 -4.611734584991530106e+00 1.990212512719309323e+00 -3.468950442500100451e+01 1.142339298323151706e+04
-4.837801626212481665e+01 2.576877826561387863e+00 -5.120880279630988241e+00 4.824519726666542851e+01 -2.572551459463257473e+01 5.542416727299648294e+00 -1.373101568750400148e+01 6.293412943359319556e+00 -3.361445341170114176e+01 -1.498320867039922000e+01 -4.537154253640633073e+00 9.723447558607736241e+00 -2.452689755913764458e+01 7.692691478803949394e+03
-4.638324668943457141e+01 5.773862130056221176e+00 7.541289131023757975e+00 4.365993552609157291e+01 8.278598684419943288e-01 2.120003143461776673e+01 -2.392420950803536073e+01 -1.374014002942189627e+01 -3.549744192170064139e+01 -1.042936448928965909e+01 -1.382387668294911087e+01 2.239569349235899409e+01 -3.148436418027732842e+01 8.411861870673432350e+03
-3.991538922330040862e+01 9.913208295476980680e+00 -7.982832971450229742e+00 1.704579303528766943e+01 8.419204232617465422e+00 9.688947901904677806e+00 -3.497724015446455326e+01 -1.975113457164975372e+01 -1.379773777337210561e+01 -1.923777465016026866e+01 -1.164576576471353242e+01 9.948899039152539814e+00 -2.684915363455548132e+01 5.340019079438743574e+03
-4.006815754739825053e+01 1.889853161058098152e+01 -1.266717205550431480e+01 1.451221415939404835e+01 1.269935907906173433e+01 2.852974695268689231e+01 -4.530606519030535395e+01 -1.166446004622417121e+01 -7.143500958618802521e+00 -2.901619947194929239e+01 6.409408713022751058e+00 1.629193097443722849e+01 -1.518785953391578936e+01 6.927740757262669831e+03
-4.607693863027343184e+01 2.633950489293494002e+01 -2.461534607348895065e+01 3.674012566803120450e+01 1.101912742806391066e+01 4.667304130282537500e+01 -5.492234444138972549e+01 -3.567507562365508988e+01 -9.223917133709157667e+00 -5.639265310662889874e+01 2.309677871386638515e+01 6.373181952922438498e+00 -2.019029674493447057e+00 1.520494186906956202e+04
-4.919573117993611788e+01 2.785192459098219686e+01 -1.820941973162656780e+01 3.412438229544163448e+01 7.098039657380770251e+00 3.432998781198444505e+01 -4.368530431076189302e+01 -1.954062415821188026e+01 -1.111496439593668129e+01 -5.759042882131380736e+01 1.980762525442359845e+01 3.492262081846651878e+00 -4.015282760988186261e+00 1.207203847278783724e+04
-4.770766375314641294e+01 1.806162032985438159e+01 -7.979265272697266376e+00 2.468771616620453813e+01 2.284765549267148188e+01 2.600514385133033457e+01 -2.882615480341071645e+01 -2.066057751759216998e+01 -1.430717573252813146e+01 -4.881118518138679008e+01 2.331320556471769834e+01 1.161643725029410135e+01 -1.469938550977383329e+01 9.213231024579885343e+03
-4.425406645928070759e+01 2.434170154281705223e+01 -1.381583730923724929e+01 9.590872270732303306e+00 5.637676181324659197e+00 2.074591878539257550e+01 -2.855030764796579845e+01 -1.283339125278463833e+01 3.768363899690313268e+00 -4.049844266391720282e+01 2.181212421364604737e+01 7.855846327130432627e+00 5.980394659560421822e-01 6.467960720579884764e+03
-4.340192560070055094e+01 3.081097717838378713e+01 -2.878005595178961684e+01 1.324136398536504799e+01 -5.470167838365155966e+00 2.930780435413611684e+01 -3.010113585537560255e+01 -6.611293582350007192e+00 3.869307531960786140e+00 -4.798798663340606652e+01 1.872718115496222069e+01 -4.067736308470741413e+00 1.205807380757095970e+01 8.505795854712399887e+03
-4.049423455214701306e+01 2.929562649716446998e+01 -2.914745476268631208e+01 -3.721552403627292449e+00 -1.083579715734612758e-01 2.163326303272955542e+01 -3.001403020933682697e+01 -7.982406521780785802e+00 -1.147419033618075090e+01 -5.203904428466315579e+01 1.729654955303625741e+01 -2.997437331912222169e-01 3.447216004619000795e+00 7.944874414301433717e+03
-3.561831100836469233e+01 2.402711916812821613e+01 -1.935063806247735840e+01 -1.513541650395061922e+01 9.173561895320927473e-01 1.417145452218342250e+01 -2.355989920915610014e+01 -3.840288411945028013e+00 -1.128395306709142254e+01 -3.986239157894943475e+01 1.348885318943785094e+01 8.062138314849468301e+00 2.771281838940143682e+00 5.191947989085017070e+03
-3.585530281404653152e+01 2.887222271808252572e+01 -2.406411237608559972e+01 -7.144939565127589098e+00 -3.484732694070692638e+00 2.516923752722112440e+01 -2.312703118368174060e+01 6.041472465173567841e+00 1.946975676109506725e+00 -4.221004123418681786e+01 1.932010262423117553e+01 1.615298851890656806e+01 2.144556874091074405e+01 6.845908608375968470e+03
-3.937487327683022897e+01 3.523010408151611017e+01 -4.017129581699040841e+01 4.722882397133118637e+00 -2.984831687085400986e+01 3.159245223259584989e+01 -4.555356884586972654e+01 -1.021684324481451078e+00 1.140661642382118757e+01 -4.422055861964702927e+01 1.261971650343106965e+01 5.308293008632415599e+00 1.919880666683191706e+01 1.103435413605692156e+04
-3.453526323020065547e+01 2.347977230556316286e+01 -2.873524133089243904e+01 -1.230716880244585454e+01 -1.541271728610697345e+01 9.603647316743364470e+00 -2.613064380938205744e+01 -1.195808588365799530e+01 -3.054229682133450918e+00 -4.548379048618469511e+01 9.756128403441008956e+00 1.049668667004221234e+01 1.030272382703399181e+01 6.266364978668430922e+03
-3.768474735188290481e+01 2.680228349376335117e+01 -2.708572915682501403e+01 -1.808234214876807044e+01 -7.655982346677421724e+00 1.321526574661409725e+01 -4.060133676987091889e+01 -7.236778918963704399e+00 6.375335248779980368e+00 -4.472983260378521919e+01 -2.867196261567568349e-01 1.279382955975591152e+01 1.160398648450712500e+01 7.473026845643714296e+03
-3.982257352471567913e+01 2.758026314412288116e+01 -2.568589035213774352e+01 -1.351828251523772195e+01 -4.419469907748212911e+00 1.522548473437801597e+01 -4.050881002918854534e+01 -5.691110384175439130e+00 2.534888888240578453e+00 -5.314010516042941390e+01 2.287066115976313707e+00 4.403646645350750788e+00 1.028524254391352422e+01 8.074422157142606920e+03
-4.362049645505796747e+01 3.175546442387522816e+01 -2.791526277512329912e+01 6.090788337597335733e+00 8.705734573247599917e-01 2.353842310655111802e+01 -2.171437289937575699e+01 2.019798703154646446e+01 2.537175694788443181e+00 -3.729083807332639111e+01 2.857521443591453991e+00 -7.842178474546278366e+00 1.915633665875753522e+01 6.995479052094761755e+03
-4.696300373467803269e+01 2.966141462751242841e+01 -1.330402529720493909e+01 -9.575252064270328489e+00 2.125742402754506433e+00 1.276140709707976661e+01 6.915768085091137784e-04 7.712738916623774976e+00 -1.007919288949748449e+01 -3.920135760252043156e+01 -1.358619523489880265e+01 1.923679909041538405e+00 8.707034293792858648e+00 5.483298671357025341e+03
-4.691180006575157080e+01 2.935856304575946041e+01 -7.518570426748265589e+00 -3.868611560404509930e+00 1.030256270647418226e+01 1.566448023560469771e+01 1.325637219128687150e+01 3.144083815231343504e+00 -1.409985575269326930e+01 -2.572924357401694806e+01 -7.702157652060852122e+00 6.976668627561665836e+00 7.995484671321670511e+00 4.703997492174949002e+03
-4.882588174113717372e+01 2.621477656641413745e+01 -1.567069922080092104e+00 -1.652054694326364759e+00 7.252690731386571166e+00 1.179407356604466450e+01 1.285605181604415392e+01 -2.071988101527986181e+00 -2.274222424521953911e+01 -2.186360127502107886e+01 -7.921954679195964744e+00 6.276012693012109622e-01 2.096246256432051425e+00 4.500410450189385301e+03
-4.786770688336937951e+01 2.311268535382956912e+01 -1.795820736614086588e+00 -1.405169675538874841e-01 6.015530206737763841e+00 1.334565856707325793e+01 2.130077550126938135e+01 1.772406607509548371e+00 -2.291505686557749399e+01 -2.410766101476489709e+01 -1.109575681291798332e+01 2.586198770842499162e+00 2.280618622116195926e+00 4.741200587457144138e+03
-5.971502375646650762e+01 4.533545633517535833e+01 -2.214665551665578747e+01 1.499826751717793094e+01 1.866886977402868197e+01 -5.501973366667031407e+00 4.207557497468793883e+01 -1.416445600691865003e+01 -1.832849573951247280e+01 -1.467361710057146773e+01 -1.253882269078828671e+01 2.684738886298928406e+01 1.206686326286211086e+00 1.011710352544302623e+04
-5.499477794063795244e+01 2.804691409464158980e+01 -5.728823639021788594e+00 -1.221618612023273709e+00 6.631134564191773606e+00 6.354871625750607933e+00 1.867519927821864201e+01 2.259026610365417742e+00 -2.110882848096245468e+01 -9.684093374766471030e+00 8.637400256821033961e-01 7.225792534671393597e-01 4.615228942240396037e+00 4.845522181716932209e+03
-5.953731526349935166e+01 3.089964832814833073e+01 -8.355449671413827772e+00 3.064273875994484975e+00 -2.825984891695746626e+00 3.391065107213030227e+00 3.898191614633103086e+01 5.561722640843149712e+00 -2.415037555390246382e+01 -9.192613771798640698e+00 2.253617083131611021e-01 4.874735285588382538e+00 4.230502843598791252e+00 6.858147321195709992e+03
-5.732654086150187567e+01 2.761669024161976793e+01 -1.381021832905600766e+00 2.107240440268358661e+00 -4.022273209338398381e+00 2.082295508905525949e+00 2.434622783982108984e+01 -1.025119945901807439e+00 -2.760025383099486262e+01 -2.373796255234557862e+01 -9.236603241738931658e+00 1.144381240984041881e+01 2.032775389566579349e+01 6.624424005943601514e+03
-5.894224108276453222e+01 3.054119677642366781e+01 -3.662802635704423881e+00 1.202387433117673332e+01 4.783132968566708776e+00 3.674079710209438243e+00 3.200293924000610701e+01 1.462637720910129557e+00 -2.686621743001229845e+01 -2.222580363376984991e+01 -8.003658045049455438e+00 8.191215191515968996e+00 1.118392597956275303e+01 7.099661548184873936e+03
-5.788357820650497132e+01 2.344499754934556179e+01 -2.206659654999223452e+00 1.414560650027612709e+01 1.029808376058123009e+01 2.626335396936050337e+00 1.558924134967699082e+01 -1.265923542669631452e+01 -3.560719118970229857e+01 -1.430374740538356093e+01 9.171261992308218369e-01 3.933867063398430286e+00 7.508278308328382167e+00 6.166532848325351551e+03
-6.410470730955746888e+01 3.075822497014923229e+01 -1.326273681352586031e+01 2.701908262995723575e+01 1.130223109714118479e+01 3.146237440649688910e+00 3.176901760324919977e+01 -8.516108600494671776e+00 -2.698256080148674485e+01 -3.138098966564272985e+01 -3.117448297497833920e+00 4.187589408700977955e-01 4.480275183415612261e+00 8.923638547943126468e+03
-6.053446269396688706e+01 2.190647421382898230e+01 2.026762982551269243e-01 2.171756316022933575e+01 6.124328470156436666e+00 8.301378497995676398e+00 1.954153430873332553e+01 5.293623000366136644e+00 -2.534534114106359937e+01 -1.819819065721508977e+01 -3.634866903505748592e+00 -2.032751466179132382e+00 7.462053986704542119e+00 6.178909751598799630e+03
-5.771101584137834095e+01 6.777382354244256391e+00 -3.588190112182801705e+00 2.475348011999215103e+01 -8.078994786477284862e+00 3.018547870702865055e+01 -3.298677919559091176e+00 3.164338612638492165e+01 -3.520544198646202005e+01 -1.868481590378996637e+00 4.506701964600884125e+00 1.392560883212419753e+01 -8.495414438324170092e+00 7.520041969782027081e+03
-4.783503683332480705e+01 4.576521697804144750e+00 6.793168186818852483e+00 3.331212068081458000e+01 1.214675004735785019e-01 2.159076269491519895e+01 -3.381829367050944768e+01 1.908412439548595785e+01 -2.851946872449311954e+01 -2.476234126480460063e+01 -1.906352601263627022e+01 1.094277588820803260e+01 -1.222522433436060219e+01 7.498188516234024974e+03
-4.442035628424375915e+01 9.098387939950132619e+00 -1.188303686074166521e+01 4.247075209200844625e+01 2.813346468506997766e+01 2.843531542669011358e+01 -5.174276677150156445e+01 -1.060126018251487334e+00 -1.825057140639247066e+01 -2.421726108900364238e+01 -1.149761882808198976e+01 1.393761154258681145e+01 -1.436231425833713971e+01 9.731704259161537266e+03
-4.118016530005508002e+01 1.101264935418623692e+00 -2.900534591395190631e+01 3.441402041255562949e+01 2.263738447150126376e+01 2.668650555332010654e+01 -6.227353043222120732e+01 -1.505309001801149726e+01 -1.079682343328587635e+01 -4.360573863141801354e+01 -9.004259353383490705e+00 9.307088901211017173e+00 -3.135065651791363095e+01 1.222045664934606793e+04
-3.605873492198721664e+01 -4.395364197808347306e+00 -3.011713807709483248e+01 3.777179602016608584e+01 2.619880133695383151e+01 1.848503651557183147e+01 -4.451895510678320989e+01 -1.524542562344360519e+01 2.968687125873843355e-02 -2.319003961770093980e+01 -8.025279738828206888e+00 -2.250843099716571594e+00 -3.387247413223929726e+01 8.650331036030347605e+03
-3.479252005743270360e+01 -2.351904803154603929e+00 -3.283824186609307105e+01 3.241840249622923409e+01 1.969264893961353735e+01 1.223471952233687254e+01 -4.277185517520619129e+01 -1.674841617067712107e+01 1.715267191670769353e+00 -2.621292323107323341e+01 -1.485434786688299447e+01 3.551082620099233367e+00 -3.103568318768898493e+01 7.879318635926336356e+03
-3.281899769389991661e+01 -7.907986633670805787e+00 -3.521134777941080785e+01 1.586581822297171307e+01 1.168521224868700870e+01 -7.836080017010508492e+00 -4.840419500809321818e+01 -5.685504259520858028e+00 5.616533985444803534e+00 -3.273804847118429961e+01 -1.488195379260687012e+01 3.230869982272928986e+00 -2.198737676263719010e+01 7.023106529094991856e+03
-3.472635788161731796e+01 2.085429208380226829e+00 -3.482624764032790665e+01 4.273210092472398713e+01 1.337970877481836318e+01 1.912167677454386094e+01 -5.486481804047588184e+01 2.385430047169600165e+00 -3.934088616219289403e+00 -2.472411704072076333e+01 -2.599580205816967293e+01 1.224401168801728801e+01 -2.248317446986625256e+01 9.767612283334936365e+03
-3.286941312805886639e+01 -6.694635899464121742e+00 -2.614814199029450847e+01 3.236450382301197237e+01 2.779084225598472102e+01 -5.825682729328297782e+00 -4.183161505005699610e+01 -7.394234267000602934e+00 8.985365275552117836e+00 -2.542370332665785426e+01 -1.867396647670106447e+01 -6.478602878449619240e+00 -2.563218916629828570e+01 7.242031037778543578e+03
-3.400020241707294133e+01 6.229198879741208117e+00 -3.416538537806826525e+01 3.965836031890779623e+01 1.805015143158794189e+01 1.718902512424838847e+01 -4.191778275018476307e+01 2.843215935529529670e+00 2.776326576833637372e+00 -2.618213814238484360e+01 -1.314485461443937098e+01 8.767836260385474034e+00 -2.530528134553673780e+01 7.904562489743182596e+03
-3.401548348987007842e+01 -3.663968372377329974e+00 -1.911513057581250052e+01 3.858870630750585917e+01 3.372580522678610748e+01 -7.093879137942409763e+00 -4.419549557045327504e+01 -6.444696479494221641e+00 1.074207417246557128e+01 -2.936899867772462613e+01 -1.063991642719216557e+01 2.973683087741547215e+00 -2.537225557155008460e+01 7.951215459881268544e+03
-3.251448411647902503e+01 -8.511433900857133139e+00 -1.997714605957715150e+01 3.943359675186201230e+01 3.805993236433498339e+01 -1.039490159668489966e+01 -3.670341071693871271e+01 -1.447514179090068609e+01 1.288161577510967826e+00 -2.392425315884524295e+01 -1.015984859475406310e+01 2.055523634950131129e+00 -2.059006017021548729e+01 7.302441148942606560e+03
-3.235388307344680925e+01 5.142992857390476402e+00 -3.266024332910684791e+01 2.791288675414011777e+01 9.233754531792312648e+00 -1.581532259561113563e+01 -3.026064813138728127e+01 -2.477727049085589606e+00 3.918347656313170724e+00 -4.304840976318919843e+01 -1.282574489813334573e+01 -5.109695609445328301e+00 -2.191303156437044208e+01 6.715586180194854933e+03
-3.185540750893161643e+01 2.350984588739103653e+00 -2.567537253356949023e+01 2.409097013816288779e+01 1.844605185287372251e+01 -1.688050834572758063e+01 -3.007625879942521152e+01 -9.210282698168041626e-02 2.843712776728821723e+00 -4.188177694625054670e+01 -1.648073274252438480e+01 -5.404958939770270199e+00 -2.643810446095180566e+01 6.551663373193173356e+03
-3.157021661382479394e+01 8.653413115594535299e+00 -2.778340471990071237e+01 2.424241906783632672e+01 2.087766878791160252e+01 -1.973577556016796741e+00 -2.519963288881000452e+01 1.319618753846164161e+01 3.865685875562416385e+00 -3.537020146203803961e+01 -8.345592338633707641e+00 -3.909115936246068568e+00 -2.491283106064666697e+01 5.651679450447431009e+03
-3.261865394464081191e+01 -4.224488896527501147e+00 -1.825778813120459532e+01 3.476954517654912280e+01 3.259660273551369869e+01 -2.309379423486026539e+01 -4.121422280795812298e+01 -1.222894676792833835e+01 -1.324768246096459379e+00 -2.134687568569740179e+01 -1.077006575007775169e+01 -6.030652156741808767e+00 -2.902024428749481189e+01 7.520093906249938300e+03
-3.377949002200422512e+01 2.049623846349853284e+00 -2.671145143276795508e+01 2.858673606954111790e+01 2.167905775702642757e+01 -1.965046101159065017e+01 -4.118607106787292338e+01 -4.069033200184716925e+00 7.480065447679598911e+00 -4.248337426094055758e+01 -1.766931763762540086e+01 -4.922742410308686090e+00 -2.519829971108574185e+01 8.077110619849523573e+03
-3.394677207634948957e+01 5.440364719708399299e+00 -2.836812678387569520e+01 2.703881861469677617e+01 1.979711576754577251e+01 -8.851389617649941144e+00 -4.116749977500480639e+01 -6.021310640080711707e+00 1.119395864274390284e+01 -4.606045295319795940e+01 -8.753085886075016475e+00 -3.182848862015829283e+00 -2.539153004444692741e+01 7.897468216172723260e+03
-3.506497474343820642e+01 4.969373957857528445e+00 -3.135309491091807743e+01 2.630055100838899662e+01 1.500646107333837342e+01 -1.195064559402497473e+01 -4.081480613991816853e+01 -5.234968075207145688e+00 5.836044906344515226e+00 -4.875047117747195102e+01 -8.585805289249522687e+00 1.645743619639528310e+00 -1.829002974587243102e+01 7.811865342981829599e+03
-3.915027953410703532e+01 3.952741030464455019e-01 -3.257471190596145050e+01 3.732132207662452572e+01 2.146252270695263675e+01 -1.645382553827585781e+01 -6.492868024062403265e+01 -1.548741011079506791e+01 1.937460844306516705e+01 -5.207363584518873978e+01 -9.714166222802482764e+00 4.766242815402090827e+00 -2.703951735819308411e+01 1.310911180944147600e+04
-4.003817333881407592e+01 -4.357039320913973057e+00 -4.173471492766485369e+01 2.616263809259756101e+01 1.025184632219392178e+01 -1.642372792981172935e+01 -6.666799843542565895e+01 -4.279915322019967050e+00 1.322126962505709935e+00 -4.375025952964106324e+01 -1.262273395199130022e+01 -5.230982242228163770e-01 -2.666862643243971220e+01 1.167274396927043199e+04
-4.073578867722316943e+01 -8.753832184285643692e+00 -3.780714020618986382e+01 1.980432686519278818e+01 1.644369538126702324e+01 -2.225316862895833836e+01 -6.859809805910349212e+01 -1.762189111486825865e+01 7.634652882144727037e+00 -3.813997461417501711e+01 -8.298698143298869345e-01 3.818470804166102628e+00 -3.057581997609944580e+01 1.180254976443392297e+04
-3.737801568152473664e+01 -3.863893360577860925e+00 -3.125258882346102851e+01 2.666471958757206195e+01 2.063785065070803526e+01 -1.516493325128352332e+01 -4.749195652889054031e+01 -5.714339970158869519e+00 1.872233756469352173e+01 -3.141532092944954613e+01 2.249384436912049701e+00 9.065454638084595729e+00 -2.318017391287855133e+01 8.005823977033929623e+03
-3.663612502404617999e+01 -5.730784136957838726e+00 -2.961185456419649142e+01 3.035851016490178722e+01 1.905660888835946309e+01 -2.707062922243788350e+01 -4.860045188248700754e+01 -1.126920579995118743e+01 1.205349402551711258e+01 -3.716527168045278273e+01 -1.386503096452500827e+01 7.658150117432781734e+00 -2.022786140380926057e+01 8.945117706276847457e+03
-3.512469251922036761e+01 -6.939895167816801269e+00 -2.574151781696288310e+01 2.989367603735081147e+01 2.904747242760519654e+01 -1.202700582072525570e+01 -3.849822260060385304e+01 -7.624244906075384520e+00 1.225541375210041473e+01 -3.064417372752633284e+01 -9.545171431505362847e+00 8.175534553094607304e+00 -1.684588696643726635e+01 6.897804673544505022e+03
-3.317564644290141018e+01 -4.478750947579570152e+00 -2.688172122299261346e+01 2.692672226922425693e+01 2.552721622868195439e+01 -9.923664495242256578e+00 -3.119784687904627418e+01 -3.850642298722294576e+00 1.239352459411608720e+01 -3.131329230094123517e+01 -7.874291308452348481e+00 8.666075311751420429e+00 -1.884226702696885880e+01 5.932867094654672655e+03
-3.833048502640346555e+01 -3.609202790689791107e-01 -3.844421138190943310e+01 2.813546830296448320e+01 1.887998584138703961e+01 -5.253318899801800335e+00 -5.677168797050160265e+01 -1.162031542227239811e+01 1.795229931239194698e+01 -4.193476541426456095e+01 -3.815100049679220895e+00 5.292384789561204173e+00 -3.865657832876692623e+01 1.109873079576736563e+04
-3.739166674639754717e+01 -8.065983367670731541e-01 -3.645810158239679311e+01 2.889680058657102180e+01 1.778073597535805561e+01 -6.588695178037379918e+00 -5.344810876489107443e+01 -8.958020032083421569e+00 9.133633697976778265e+00 -3.023977896468051441e+01 -2.522878182398735625e+00 3.376678426567614633e+00 -2.175872697966430636e+01 8.348594095153053786e+03
-4.068476752162844434e+01 3.406721982131692972e+00 -4.595418035139057622e+01 5.125068266368455738e+01 2.836260237314589983e+00 8.263070682512484666e+00 -6.192041861128441127e+01 -2.761104039367839658e+00 1.305903156416894006e+01 -2.000255341947536181e+01 -5.692323635973275842e+00 5.236388138064588915e+00 -2.528470247731962317e+01 1.159313881113382376e+04
-4.103141326602955274e+01 3.540142587294770937e+00 -3.566997545598778174e+01 4.100763907689262311e+01 5.841961312137887496e+00 -7.693377519137835741e+00 -5.408324579553212885e+01 -2.388276965169457711e+01 2.290874779568420649e+01 -4.542619235249158294e+01 -1.917128418296552894e+01 1.319685578908686097e+01 -3.197400017322333809e+01 1.239116533170898037e+04
-4.017581122166195229e+01 -5.461338229592135329e-01 -1.122281509132513655e+01 4.496873723189359140e+01 2.646590936508526326e+01 -1.066603484734598695e+01 -3.987218320042587294e+01 -9.530271711098015075e+00 2.352059310156547767e+01 -2.309130378713400589e+01 -1.678980744575019202e+01 -3.377963883238031872e+00 -2.120061246662922727e+01 8.086559559678895312e+03
-4.731837261120885785e+01 2.180365769577595714e+01 -2.928052444716276881e+01 5.948462323915853034e+01 7.068745940833292885e+00 2.647475586118398283e+01 -4.237288581409131183e+01 -9.150924882808102012e+00 2.250706788646976619e+01 -3.683264312825108533e+01 -1.211897513283479988e+01 1.989248693207933183e+00 -2.084111408767341800e+01 1.218866854451184554e+04
-4.749326306759135008e+01 9.197875472422836651e+00 -1.516486597377719292e+01 3.706714993942950542e+01 1.216510386951310885e+01 1.135333875342484156e+01 -4.553019064312138653e+01 -8.250223034729222249e+00 1.502167814437008886e+01 -3.402408904407285917e+01 -7.955312140148449451e+00 -5.823122742590794765e+00 -2.807190705275340648e+01 8.630627372629167439e+03
-5.154848081258665360e+01 1.142105804633928834e+01 -1.772745789871435917e+01 3.472685836658778413e+01 1.624424785394570137e+01 2.325723339140632007e+01 -4.583179358886125954e+01 -6.393614003513489408e+00 1.726619683104691561e+01 -2.172394979940055748e+01 -2.433203185773477628e+01 -2.234687305974937388e+01 -2.213322613978294839e+01 9.605471750632350449e+03
-5.391638367373929697e+01 2.138274869208186146e+01 -2.486719481610815308e+01 3.041193532491322671e+01 1.194211631243342886e+01 5.629010729065922369e+00 -4.156232577422206020e+01 -9.611137079882118073e+00 3.343129858167479540e+00 -2.350656193358061685e+01 -1.345467846449168192e+01 -2.198732833538901232e+01 -1.521597250554063230e+01 8.361294112236304500e+03
-6.055176223823163184e+01 1.586611963778712031e+01 -3.338836166856388843e+01 3.497654529401400936e+01 1.345466528181462884e+01 4.647391181652343328e-01 -3.263461029121358337e+01 -1.948107733317530332e+01 1.059226695821018360e+01 -2.442160397153434914e+01 -9.356587166565630831e-01 -2.389382598498945498e+01 -1.209806897627263567e+01 9.308929751591223976e+03
-5.393037606115769478e+01 -2.389915155881243702e+00 -2.206916330159841522e+01 4.116943502644622299e+01 -1.116765718936161278e+01 3.822861474969040074e+01 -4.366624275123744070e+01 2.526379591359805943e+00 -1.203469911178561880e+01 -1.694080431269344800e+01 -1.119356919053875288e+01 1.248898447795266797e+01 -2.523220232046593381e+01 9.945194000335612145e+03
-4.586857773271416505e+01 4.046956407930352717e-01 -2.403621646272151580e+01 5.367695407992676415e+00 -3.418425027870291899e+01 5.112535524130190367e+01 -4.496539995805253653e+01 1.667775434370713938e+01 -3.589326838152042853e+01 -1.220780443044540320e+01 -4.052261929905936455e+01 1.947783611200043552e+01 -4.026143288089973282e+01 1.387285061282799688e+04
-4.571767523100078989e+01 -9.639728301684456824e+00 -1.229365869810423817e+01 -9.107181817627715503e+00 -3.140137700050406622e+01 3.697361397377564174e+01 -4.078248268732043158e+01 -8.557648478281020488e+00 -3.412046090836347645e+01 -3.871556416760588348e+01 -3.372588706604754805e+01 -8.139440916241783341e+00 -4.382503485067717008e+01 1.229406424243036236e+04
-5.099568823393268957e+01 -5.106814146461381654e+00 -8.088521691815138581e+00 2.009132839607761412e+01 -3.272407585773472238e+00 3.888755491274798715e+01 -1.889671483382002037e+01 1.017850239525965073e+01 -3.138198174230970139e+01 -2.936516224603037273e+01 -1.856178116630977826e+01 6.809621921355073937e+00 -2.353737440445614837e+01 7.871423946521062135e+03
-3.916590926660457228e+01 1.393227771798310677e+01 -1.351934151154991781e+01 -1.435322166886070505e+01 -1.057221814545830085e+01 1.647508802668428274e+01 -3.270330211815073085e+01 7.974060864767828605e+00 -1.950151655881705182e+01 -4.359001202260127883e+01 1.058547410533741662e+01 1.674103307337493352e-01 -1.682719105660509129e+01 6.308789259713933461e+03
-3.751105958308750843e+01 1.852879893083562024e+01 -2.344865695365385960e+01 -2.364679854333129683e+01 -1.162655871717839418e+01 1.652278711284350621e+01 -2.208378771594325229e+01 1.496687306256131045e+01 -9.301132960343334588e+00 -3.783594961911232701e+01 1.234459232860649180e+01 7.616278667980639128e+00 -7.940160413755928737e+00 5.770799871708320097e+03
-3.515874426376745987e+01 2.252545554823296925e+01 -3.049941071238136914e+01 -2.853204740330517808e+01 -2.786736250371501455e+01 1.691153682757897769e+01 -2.390640937123409770e+01 3.857917915143382448e+00 6.392250452455172649e+00 -3.846986165992029072e+01 4.026584517721752299e+00 -2.438312870690992007e+00 4.391024217610281610e+00 6.699046107330124869e+03
-2.942249455660385138e+01 1.274774906191254686e+01 -2.823281860621901984e+01 -3.332606454509571137e+01 -2.863611156238615152e+01 6.885590361355802713e+00 -7.615484112823529550e+00 6.742871593544015774e+00 2.978509916794804813e+00 -2.232849506535676554e+01 6.184223502562764985e+00 -5.777668993662912200e+00 3.518953459510490767e+00 4.498249398220230432e+03
-2.897145505839166191e+01 1.707924025312379257e+01 -2.223275301146848548e+01 -2.692993462515606495e+01 -2.766496769200560379e+01 -6.492232742589138184e+00 -7.224204117331924024e+00 5.332889134964857725e+00 -8.863496515855928237e+00 -2.179777269514970328e+01 -7.310090611433182062e+00 2.909825930474694733e+00 1.476752097002912478e+01 4.072379348496115199e+03
-3.342765465015144599e+01 2.246681597833704203e+01 -2.345258838705193938e+01 -3.507125552776756905e+01 -3.135816192621725307e+01 -1.529778096756200245e+00 -1.722420872354104660e+01 1.196493264785844524e+01 -2.436213273021319736e+00 -2.331283278093315658e+01 8.066835241398073730e-01 -6.146178328044035410e+00 8.348701180268395916e+00 5.485240666925826190e+03
-3.836587665368403322e+01 2.674675377999239601e+01 -1.044702521890455493e+01 -2.145579016931455385e+01 -5.151653438593007728e+00 1.739565321341537185e+01 -1.912879867226073005e-01 5.491536724900430322e+00 -1.268500602178048720e+00 -1.335347888011789408e+01 3.331565252827941137e+00 4.836144431384726161e+00 1.860788242305052975e+01 3.676827847699506492e+03
-4.460478548259663256e+01 2.872625405293199208e+01 -1.768433428455253065e+01 -2.693816237741607011e+01 -1.294628471364872624e+01 1.376642232630597285e+01 3.238842950382937680e+00 4.680976739068737125e+00 -1.110213253250790899e+01 -1.122338380464274188e+01 2.366251629968772363e+00 -1.838758935018488927e+01 6.814749071228135335e+00 4.882072234250762449e+03
-5.217376099453013438e+01 4.058954704671960911e+01 -2.654225519322281102e+01 -7.861606243386095372e+00 -2.244716800174453653e+01 1.788135797991052200e+01 -1.259274585676631375e+01 8.521972158809552056e+00 -1.563460761256544274e+01 -2.336193478317223082e+01 4.941070446826630658e+00 -2.454221381073131880e+01 2.052537167079950109e+01 8.028974671562007643e+03
-4.749396551615597417e+01 2.212700769325065053e+01 -1.120127054290390589e+01 -2.011484243823387530e+01 -1.801891850075525170e+01 -2.728791898204479427e+00 -8.769744105447342397e-01 -8.836151615493559319e+00 -2.186363817610094884e+01 -2.021657041737582716e+01 -1.354282537564350974e+01 -1.055729479232514834e+01 1.668292729567942279e-01 4.867951784876312558e+03
-5.368384485908195103e+01 3.017479974653085861e+01 -1.418609564343741702e+01 -1.879889798757197639e+01 -2.608877942797998983e+01 -1.111574652701420085e+01 9.313231024776147393e+00 3.275218351398249794e+00 -9.199195962550589911e+00 2.438568200475612346e-01 -4.808841512667866858e-01 -1.168343366905213898e+01 5.779024248222939697e+00 5.503580839647639550e+03
-5.454760730959142734e+01 2.955127750464347969e+01 -1.736772920856614633e+01 -1.753824974008547599e+01 -2.104426956046130570e+01 -2.005957751373426490e+01 8.830267240550945473e+00 -6.087781715562272211e+00 -2.215591003523844194e+01 -1.031840736570698169e+01 -1.592925584966531538e+01 -1.117951113258266815e+01 5.680717778047591482e-01 6.394629570970913846e+03
-5.634518848564761839e+01 2.632066786516125134e+01 -1.443433712163686700e+01 -1.169356643054353739e+01 -1.908111202714058408e+01 1.008552079281785918e+00 2.584760043400564200e+01 -8.353092168338844825e-01 -2.092534484983431398e+01 -1.428932775889907170e+01 -1.222574678917061952e+01 -2.024125944923416398e+01 -1.461326422456090768e+01 6.661329514357226799e+03
-5.336540512999943786e+01 1.765340311817921659e+01 -1.531587292985105009e+01 -1.470150082522393298e+01 -3.277720478452059183e+01 2.046840509829063404e+00 1.217724173861691206e+01 1.004348089060307458e+01 -1.943025584130131733e+01 -3.594032765086257797e+01 -6.999038252268258375e+00 -2.021298402654916515e+01 2.135484941399401038e+00 7.069264180137984113e+03
-4.658548315589205657e+01 2.890678046320613248e+01 -5.365878848370472909e+00 -1.323085793607074123e+01 -3.034047357269546197e+01 5.000394560892175377e+00 -4.255481157758983501e-01 1.540215697053104549e+01 -2.017643791584240986e+01 -3.673006927878653016e+01 4.050683933194491715e+00 -9.180925274661126068e+00 8.916052010855311849e+00 6.328993316961653363e+03
-3.664198299955513960e+01 2.101709559473656697e+01 -1.844038632983966863e+01 -1.942474784706839230e+01 -2.350260031058227383e+01 8.046657884196077859e+00 -1.895164874763990781e+01 2.040424363976144306e+01 3.448678412747857580e-01 -3.632716575187144059e+01 1.153565580564740856e+01 7.032226896495989976e+00 1.465205558755991433e+01 5.611329183845853549e+03
-3.700124750919538030e+01 2.743636103499229151e+01 -2.773294516210948046e+01 -2.396674477726239516e+01 -2.035288629087384393e+01 1.109612187838179942e+01 -4.490889446198541179e+01 2.755597445773422294e+01 -7.930932875684557626e-01 -3.031901066915061094e+01 2.782764259866586443e+01 -3.808534899712222810e+00 1.038595802462173312e+00 8.488704474725529508e+03
-3.615323964663949852e+01 1.920239391737383272e+01 -4.140120295529148819e+01 -3.428276091247158064e+01 -1.404582339766546539e+01 7.060489188738496402e+00 -3.317400090629703868e+01 2.941455984226394094e+01 -2.532558442940930021e+00 -2.669623457258451893e+01 3.497170379434363241e+01 -8.483017376021519951e+00 -6.330171337370003926e+00 8.832177812243111475e+03
-3.706681672355807677e+01 2.110707997259175883e+01 -4.944290449212992655e+01 -3.161087797492608331e+01 -2.659648381025643360e+01 1.522153799759747805e+01 -4.575599320234021405e+01 4.495894514602282754e+01 -2.698398175755059114e+01 -1.028851580923095099e+01 2.766798543442384073e+01 3.650515542554820136e+00 -1.519586896754480421e+01 1.216103891506134096e+04
-3.431737806694800241e+01 1.029037108367621123e+01 -4.345344406521295610e+01 -3.829185677871048199e+01 -2.178684325825168244e+01 1.130376645363448951e+00 -2.474988299794705071e+01 1.632671570534616734e+01 -1.077231067640303586e+01 -1.768100515487011037e+01 1.247074755222617704e+01 -2.931517396518859009e-01 -2.654668131445450996e+01 7.282097307635260222e+03
-2.912542573911482791e+01 1.739450860091632833e+01 -3.042903096017294118e+01 -1.983809085563189001e+01 -7.406289256020521350e+00 1.051875983390091029e+01 -1.839471138013872675e+01 1.985341270167095118e+01 -1.031483942943340182e+01 -1.734215825379611786e+01 2.517875487192993234e+01 1.157786566426887020e+01 -1.388094895073001744e+01 4.736199738940186762e+03
-3.157341941924651252e+01 1.895390444703816968e+01 -4.277179235847494709e+01 -1.597228195893534064e+01 -1.661636991411917208e+01 9.646116685314352068e+00 -2.839647403678105420e+01 2.712288779171238318e+01 -1.669209655616375798e+01 -2.432805238176566220e+01 1.925972081067180497e+01 9.057236657096545684e+00 -1.768407908673179563e+01 6.988010671099969841e+03
-3.448305525768737567e+01 2.314613591932855385e+01 -5.123406666673794518e+01 -1.075965255775802376e+01 -2.786092575546685168e+01 1.793332289044436578e+01 -4.534284723343436951e+01 2.588836042365195311e+01 -2.590299679608013150e+01 -1.832120449585354649e+01 2.175363387312825125e+01 3.464914920350379290e+00 -7.337333281407863339e+00 9.835235131750674554e+03
-3.391100482390847759e+01 1.544488168747152024e+01 -3.758409873053982864e+01 -2.372443630548147553e+01 -1.320934969680388882e+01 1.265846310701094657e+00 -3.344272887053656973e+01 9.820253910274034936e+00 -1.212363828602847171e+01 -3.800618242897886034e+01 1.850687350279159560e+01 -6.678644691441840919e+00 -1.385023382313097740e+00 6.735336221019875666e+03
-3.869590719760039121e+01 2.410308339728022275e+01 -5.312014326068954517e+01 -9.186292161863255146e+00 -3.537170082840388119e+01 2.458875028761438486e+01 -5.254778466061546993e+01 1.280606495841352555e+01 -8.982022767291629961e+00 -6.420679731377802568e+01 2.732027604256637687e+01 -1.533434713081494749e+01 -6.750799577864745160e+00 1.499580081367469938e+04
-3.574839853733920592e+01 1.594403274487224920e+01 -3.795510258941708059e+01 -2.027450722930575466e+01 -1.090233042677832920e+01 6.591033501784052895e+00 -4.013100616747373550e+01 5.024182263249649116e-01 -7.382463913599699445e+00 -5.393055285002119348e+01 1.190921119290187846e+01 -3.879356400790025639e+00 -1.082429461515349445e+01 8.393907620944259179e+03
-3.562275171843978683e+01 1.371202319474113018e+01 -3.729241936771401811e+01 -2.363760589221677932e+01 -2.512393457907163175e+00 -7.195098580469793781e+00 -2.586991371724990785e+01 -5.936846288452795939e+00 -1.103443885624207788e+01 -3.263423475803439544e+01 1.571166113393029384e+01 1.200661615466886722e+01 -1.691184521201774871e+01 6.032818873423524565e+03
-3.792545465233951063e+01 2.305732712396432760e+01 -3.411887751641896926e+01 -1.249067005065416858e+01 -1.154045764482739500e+01 6.307893720153445294e+00 -3.669121312573258820e+01 5.295780116867540022e-01 7.930107794667556886e-01 -5.239010955727790275e+01 2.177988314277581949e+01 4.331705973479269112e+00 -1.411197376785940349e+01 8.247219580826400488e+03
-3.994332506827438323e+01 2.860793409061912485e+01 -3.960560771079930475e+01 -5.691893403395215323e+00 -1.974013662902929767e+01 2.778379339901815825e+01 -4.331042278679744584e+01 -3.080548336202868054e+00 1.568439904259763651e+01 -6.290334465542996156e+01 3.174246542214842393e+01 5.716863189891341790e+00 -1.003659146251215439e+01 1.240561053905612061e+04
-4.064404844214250545e+01 2.236184350196141679e+01 -3.694908353538579604e+01 -1.470739564646680897e+01 -2.553777752024283743e+01 3.205874533810214189e+01 -4.779138465577287320e+01 -1.274432181225068916e+01 -8.782475369834685353e+00 -7.085793093893795458e+01 2.007279990813446702e+01 1.423535769193589218e+01 -1.363679581392380058e+01 1.374941155388609150e+04
-4.078427616678092704e+01 1.717299360237397821e+01 -3.241866559624383370e+01 -1.396767357137090748e+01 -1.266394055202528257e+01 1.119807790822287430e+01 -2.278468387912978343e+01 3.338867147359159127e+00 4.927298262364050996e-01 -5.070755194243522368e+01 1.252383227536587640e+01 1.479515809202221455e+01 -1.476319936504124009e+01 7.185590608194148444e+03
-4.352203381528684645e+01 2.139797207240354382e+01 -2.773437031342155024e+01 -1.148819988252505020e+01 -3.987028357875666895e+00 9.736482003003755992e+00 -2.388500055582099080e+01 3.551641960625619987e-01 -1.794451846296975406e+00 -5.278265886887484726e+01 8.789819653729162852e+00 1.460630680044511642e+01 -1.907673852413864779e+01 7.378285754841095695e+03
-4.708818939018923544e+01 2.398289985081666487e+01 -3.789076335987525823e+01 -1.617655986061676998e+01 -1.113889805330826377e+01 -8.192788671415900836e+00 -3.894526077507320849e+01 -8.200113736730292757e+00 -1.348434306455247089e+01 -6.182119506123214592e+01 1.134267356208461841e+01 1.596144004344385614e+01 -2.626014062025532425e+01 1.134174660428256902e+04
-4.424200294899831931e+01 2.836034415224503391e+01 -2.469925013182839635e+01 -8.568985597804310572e-01 -7.652476520830385764e-01 -5.112570248190523969e+00 -1.824898420315659564e+01 -2.255333939996312154e+00 -5.212141925809421927e+00 -4.657619723688711844e+01 5.483710286950572943e+00 2.770820307576767050e+01 -4.730282420194579451e+00 6.753986852207175616e+03
-4.735256838136238855e+01 3.085517427551782887e+01 -1.738987254791003423e+01 3.628874159430088842e+00 9.871725800264211870e+00 -1.133404742056020176e+01 -2.286630435720106647e+01 3.412355492283364988e+00 -4.396042962013042121e+00 -5.422634156250904169e+01 -1.674483574302475830e+01 1.937444549552055051e+01 -2.947092325725627404e+00 7.894572881424578554e+03
-4.639327537772737031e+01 3.206764493515878911e+01 -1.371139124308504620e+01 4.779021974236467685e+00 1.500409759770088414e+01 -1.206165571736946873e+01 -1.959624530788110874e+01 -3.005692597657609433e+00 -1.070682500413102822e+01 -3.901490660981749414e+01 -5.225702119145964275e+00 2.662156069646036016e+01 -8.809375652518731670e+00 6.605584249718620413e+03
-4.317510105581825997e+01 1.680492325304597401e+01 -1.184045819535934285e+01 1.107065876264277549e+01 2.144798646719425506e+01 1.507469582934689578e+00 -1.017941196343878474e+01 -3.108177130598697602e+00 -1.394116460163064275e+01 -4.685545076142302179e+01 -1.745477076062880073e+01 1.957292520483448683e+01 -1.567884895709071458e+01 6.308204577978122870e+03
-4.760750709681163073e+01 2.360156514950713103e+01 -1.600590596561716339e+01 1.664830120814909264e+01 1.121864009715319632e+01 -1.915348111784610508e+00 -1.590096823318563146e+01 -8.883699584999286358e+00 1.717582087296069426e+00 -5.466008707499126018e+01 -1.628868648212537451e+01 3.965194630180339885e+01 -1.153785300816449677e+01 8.779546333609214344e+03
-4.878049349439194771e+01 3.308902318701338885e+01 -1.674368363549283245e+01 3.267370280639787694e+01 1.004079926914631216e+01 -7.312638227279789904e-02 -1.655418243960527747e+01 -2.117323459995967738e+01 1.342914459193066712e+01 -5.509381494639528398e+01 -2.355036747539072550e+01 3.886475681230293588e+01 -1.050125585170622067e+01 1.103654748948015731e+04
-4.196147621463048694e+01 1.893699440091654296e+01 8.992105982677901510e-01 1.635484806025203497e+01 1.076690935043440334e+01 -5.853553947303448801e+00 -2.472928895185633991e+01 -1.007325684450304060e+01 3.331866413011417283e+00 -3.161356740503438800e+01 -5.506552721675761930e+00 2.663752473073341065e+01 -5.101399587265747826e+00 5.027286646392296461e+03
-4.356848112833095144e+01 2.379990212328298327e+01 -8.675137377814039485e-01 5.531382187694933172e+00 8.052184223349511782e+00 2.313177806617922272e+00 -2.488575264751546712e+01 -1.162248449777649562e+01 1.383107191732787022e+01 -3.253070916919092070e+01 -1.692454514818318856e+01 2.819035302905905382e+01 -1.350039285544966550e+00 5.653072378846498395e+03
-5.083616077149370938e+01 3.304615272037653284e+01 -5.223413970588873134e+00 2.781508484071816767e+01 2.617728667675064713e+01 -1.223152964824707700e+00 -2.937978448327304548e+01 -2.060544305533410636e+01 -1.149784387440077188e-01 -3.789403638383364381e+01 -1.602286288035595252e+00 4.245955890744208716e+01 -2.344133141690722955e+00 9.698676548180461396e+03
-4.570975686311764008e+01 2.118443867830519878e+01 2.309270674092877229e+00 1.438156648654900849e+01 5.451369374710838933e+00 -1.245174074131984909e+01 -2.060039707671112197e+01 -9.459917692098368747e+00 -2.977277224485360918e+00 -3.719541590355986216e+01 -2.017327082988334297e+01 1.410194354861674881e+01 -1.081685562901617459e+01 5.564147355694891303e+03
-5.466773811418563156e+01 3.787044995913588252e+01 -1.486257736726380863e+01 3.707981083761369234e+01 2.537903002229314975e+00 -8.241955967574392972e+00 -3.044243198699961894e+01 -3.968500543076332576e+01 1.218468043885479446e+01 -5.513565739803473775e+01 -2.111497028801937148e+01 3.106311416993824892e+01 -1.288687616931655633e+01 1.335979102323501866e+04
-4.836701346763009468e+01 2.069888896963544411e+01 -1.352845360249175899e+00 1.744215574274885228e+01 1.715669808779173855e-01 -1.839837802235229702e+01 -3.075713311612793888e+01 -2.110905838379181176e+01 3.853337338032549297e+00 -4.479305297539674058e+01 -3.306831174972074905e+01 1.836456430889264624e+01 -1.557514254238465590e+01 8.498615649279259742e+03
-5.090319128830272177e+01 1.599928458478037641e+01 3.121403522264609709e+00 2.998461157070285310e+01 1.018997401553047943e+01 -1.399843057179761807e+01 -3.403533305359252381e+01 -2.475615220572713682e+01 7.456248769802015230e-01 -3.796944837376539539e+01 -2.465298825375100833e+01 1.588667444370807758e+01 -1.597194924097832391e+01 8.384489062107330028e+03
-5.583226102133991731e+01 3.735292076707162323e+01 -1.574268534196024483e+01 4.390429100424024966e+01 1.363387975730631041e+01 -1.860917836019467941e+01 -2.592225533501937207e+01 -3.819230138153514531e+01 1.553863573810207832e+01 -3.172102600782906379e+01 -2.489685027848614851e+01 1.923936084168015626e+01 -1.194081447247976158e+01 1.173096227514002749e+04
-4.877429947755909012e+01 2.507236786000522244e+01 8.193310923987202621e-01 1.177718904585593584e+01 1.045862103606699378e+01 -1.687762678068703792e+01 -2.975429520196543365e+01 -1.210074924642542271e+01 -3.204783890155568304e+00 -2.878786248780295765e+01 -2.354967519852916524e+01 1.438227462396528988e+00 -2.399859334814449685e+00 5.974339351325599637e+03
-4.629447377720519086e+01 2.374091037126678927e+01 -1.944680708329269425e-01 6.525241983532131584e+00 7.828034677346474624e+00 -1.205034184112667361e+01 -2.638407760032818672e+01 -1.709741127047395892e+01 -7.915794719578005179e+00 -2.497559629536877424e+01 -2.128222936110450547e+01 -6.666488486939703417e-02 -3.114625416929369006e+00 5.093434455333755068e+03
-4.872050765145308304e+01 2.920051471592712389e+01 1.907300536821722181e+00 1.297977703273653205e+01 1.502058020884342326e+01 -8.184494623726948248e+00 -3.048503643226851878e+01 -1.012993886816002664e+01 4.672212307573201606e+00 -2.822297142541733805e+01 -1.847878554545695096e+01 3.445532283872409618e+00 -1.605826494264141757e-01 5.894755901121657189e+03
-5.516916755126935357e+01 3.841104472183971552e+01 -8.570427849472073589e+00 4.204902369971853915e+01 1.551765373363932454e+01 -8.424472870794540214e+00 -2.671753684817366192e+01 -1.826115198979112364e+01 1.451932675166165687e+01 -3.835287654934223411e+01 -1.935941620409364106e+01 1.729436876069110340e+01 -3.332898697487343131e+00 1.008642818957376221e+04
-5.505214611730482943e+01 3.714207528985107132e+01 -1.621485056747935261e+01 3.862554523057978173e+01 2.220726951092373724e+01 -1.646072841562425637e+01 -2.168586082598179843e+01 -1.504953783121575484e+01 5.655717619743461100e+00 -3.995291347966768569e+01 -2.082040691623985396e+01 1.574194880817532827e+01 -1.147086733523902780e+01 1.006711175121184715e+04
-5.509977941138022572e+01 2.693160081380801785e+01 -1.006563676522522321e+01 3.349543838653884364e+01 3.004640362063101122e+01 -1.054054426364218955e+01 -2.306970671910839954e+01 -3.173902232500596110e+00 -1.487628734649518503e+00 -3.461696256925812065e+01 -1.900312129331195976e+01 5.476370379940722621e+00 -1.368855322492592386e+01 8.319765594759575833e+03
-5.681124460046881808e+01 1.959440250348038504e+01 -1.146177370300938136e+01 3.832478885816671976e+01 3.908080490079071723e+01 -4.720314520001926972e+00 -1.514990615351971037e+01 3.577420365305845618e+00 1.481021307023506539e+00 -3.685984294161380603e+01 -1.325214115338299159e+01 1.606847348804693354e+01 -1.144670070896696146e+01 8.929211582054935207e+03
-4.873990119953494116e+01 1.824019074711679522e+01 -1.179151964126210927e+01 2.051339306204879520e+01 1.900727390861683830e+01 -2.318730446962983649e+01 -2.997856863567616159e+01 -3.118873190851257249e+00 -1.780387311668371453e+01 -4.859384498456735457e+01 -2.388346950197744434e+01 5.546062533185265320e-01 -1.851229196219697570e+01 8.667263580809938503e+03
-5.102689190748104409e+01 1.973684780757170287e+01 -1.670040776535757843e+01 2.868221718617692062e+01 2.389545741296812409e+01 -1.230254031991440816e-01 -6.616796036060851804e+01 -2.487493490311821986e+01 -1.259715228326071212e+01 -6.358665966253514057e+01 -1.302807763509062688e+01 -1.363040177589829405e+01 -3.946115650236581729e+01 1.577748251093278122e+04
-4.823364238982681229e+01 1.130617710438665391e+01 -1.688697169430325573e+01 2.972209709965264324e+01 2.872030268249731222e+01 -4.132635604629997239e+00 -5.660809506833328442e+01 -2.835801530098761702e+01 -1.652049475246682775e+01 -6.586091948023236853e+01 -1.966342158187681477e+01 -1.129081762296526215e+01 -4.393445918858333954e+01 1.552843156694517165e+04
-4.774694271333027729e+01 1.768116965199888924e+01 -2.016284500677232572e+01 2.979877149407655779e+01 2.266205080225715207e+01 4.534674509990106905e+00 -5.624733604423740019e+01 -1.773648303885592270e+01 -6.719768650482355055e-01 -6.435264426149137762e+01 -1.292277062747443672e+01 -1.969892386400653894e+00 -4.507304527887863088e+01 1.424355112596213075e+04
-4.071050603186036199e+01 9.203976089292178031e+00 -1.695797158951337735e+01 2.633287115699493341e+01 2.244522317315542281e+01 -1.599065726083027350e+01 -3.972207063192194454e+01 -1.165886301714046880e+01 -5.348848505039857315e+00 -4.384780046531151498e+01 -7.290507705456406029e+00 1.783501320341022378e+00 -2.960114950968759828e+01 8.080112743923474227e+03
-3.946592237414679261e+01 9.406025533948298545e+00 -1.782259153328194756e+01 1.939504486251279403e+01 1.568101308148953166e+01 -1.728615834234548387e+01 -3.998634715578085519e+01 -7.736064553964344448e+00 1.979844931706556954e+00 -3.661638960703212575e+01 -2.354696863330291823e+00 1.103660511382292242e+01 -2.108381302506851540e+01 6.459863169753042712e+03
-4.066098477964886371e+01 3.933852458623958714e+00 -1.601398525291174479e+01 3.049029233454192322e+01 2.946810037062573784e+01 -1.267606211180049058e+01 -6.240552353079548453e+01 -2.642234507998662707e+01 1.302745636436810184e+00 -4.456814532845885424e+01 -1.459363736662771238e+01 -1.098397146786673062e+01 -4.069531028394932548e+01 1.245428458965175741e+04
-3.995728762315101790e+01 1.157098048351649311e+01 -1.709858994734124593e+01 2.353183209832980438e+01 2.523018607141293401e+01 -7.683246706124634784e+00 -5.907468296664984564e+01 -9.409062813928679603e+00 1.255488859407767777e+01 -4.874523008787721778e+01 -3.338362049045674684e+00 -6.551540410304104167e-01 -3.130621497500935035e+01 1.037590019141165794e+04
-4.493998907252128561e+01 1.536525682117661695e+01 -2.439424141586676953e+01 6.012859085837414597e+01 2.413605892688416787e+01 3.522695142585762440e+00 -7.124493768143445038e+01 -1.308061226564830193e+01 2.903836837718476005e+01 -3.494981102549562024e+01 1.480719633065534424e+01 4.119305581632264346e-01 -2.512613796956492251e+01 1.522358415990559479e+04
-4.368583939257724325e+01 1.582173628580527591e+01 -2.115625496299876929e+01 4.042573015240942880e+01 3.060770155053050345e+01 -9.866869660964603383e+00 -5.160501241122754124e+01 -7.081070199162430967e+00 1.276240656868737844e+01 -4.494542342136933399e+01 2.556536048374098868e+00 2.587182347365423407e+00 -3.220378954492005619e+01 1.122129561525698955e+04
-4.622402973087815781e+01 2.448672208711763076e+01 -2.667854009155146500e+01 3.114588596355864425e+01 2.262899325492698210e+01 -1.685594140805225294e+00 -6.266588093818221950e+01 -1.665957890923423390e+00 1.461680373212410444e+01 -5.856170267120541695e+01 -5.155257213161149821e+00 -7.257835454752886051e+00 -3.290033751528099515e+01 1.366758084193179820e+04
-4.179395715266104361e+01 1.445612496150442894e+01 -1.517357328390917992e+01 2.264825644513465264e+01 2.247448018324088892e+01 -1.244131653169275253e+01 -3.800866309330930903e+01 -5.847036581634281305e+00 3.435762203974639384e+00 -2.854882374543625190e+01 -6.627426716321752620e-01 -1.737596462407501541e+00 -1.100189012665505395e+01 5.788970027908375414e+03
-4.841245809372883002e+01 1.652050035790774629e+01 -1.458627373595304988e+01 4.085032290964446844e+01 4.564261941381279541e+01 9.769682634654136777e+00 -5.439272692051208224e+01 -1.406925531317321010e+01 -6.324090194227937722e+00 -4.506928818400137260e+01 8.673119630037280814e+00 -1.091589268390059653e+00 -1.855404425856788819e+01 1.232531137052172926e+04
-5.332640431626784761e+01 1.916773863395873434e+01 -1.479429175192344914e+01 5.526564861560568431e+01 2.974422839229712778e+01 1.462036516893378568e+01 -7.111113623965705699e+01 -1.962428581499695568e+01 -1.612965616312711514e+00 -5.604543562022250569e+01 1.729514297140221402e+01 -1.724398688301348415e+01 -2.371264535939367235e+01 1.732711019425938866e+04
-5.401197172865704488e+01 1.261812211262978778e+01 -1.162066413060661141e+01 4.509496402097710188e+01 2.839848056667852916e+01 -9.740834144679084705e-01 -7.287076930992903101e+01 -3.077138777857897978e+01 -1.529311724922221316e+01 -6.095801971532007002e+01 -5.251746905046790204e+00 -2.889408275066315568e+01 -2.720670896694284835e+01 1.786196905237157989e+04
-5.587133673306323800e+01 1.417760747083708139e+01 -1.050670728338366011e+01 4.515274630770583997e+01 1.963537935947447721e+01 7.164281548895926832e+00 -7.688258885345838678e+01 -2.004791683448429751e+01 -1.270458159136396148e+01 -7.127295639237394198e+01 -9.341141024523098579e+00 -2.040235835538834053e+01 -2.752384842832223910e+01 1.872381479064570158e+04
-5.458314313837386322e+01 1.687514970813777637e+01 1.623993881214875201e-01 3.536551348685800633e+01 1.501888674472192875e+01 1.144027865519061660e+00 -5.152485599060613453e+01 -2.180170951704489379e+00 -2.196329964753988406e+01 -5.372960830474769978e+01 -3.922715479073958900e+00 -5.939373463056418778e+00 -6.235925809244392326e+00 1.086008376387695898e+04
-5.688426043808141230e+01 1.836435370570682224e+01 -1.439829713723826510e+00 3.804847498148808427e+01 7.548706868586888774e+00 1.162355090626336818e+01 -5.528044480890856960e+01 -4.259934198528739557e+00 -7.447393208030037570e+00 -4.965986918217159030e+01 -7.755016856084088417e+00 -1.757208008507215169e+01 -1.483983920135074719e+01 1.139969804460384694e+04
-5.794958690886629427e+01 1.629851156939653833e+01 -2.760401249029458715e+00 2.252092702385255052e+01 8.179651362614720256e+00 -5.580978844823332174e+00 -4.988738452275583768e+01 -1.378223033481657644e+01 -1.596165565992169810e+01 -4.439877969736978969e+01 -2.500404664462646309e+01 -3.304850787951664870e+01 -2.963015410225901647e+01 1.173674144397309647e+04
-5.512968835670263701e+01 2.325901864279210329e+01 3.591740721681613735e+00 2.581258741631826936e+01 1.314326163957380444e+01 5.159281408476925179e+00 -3.802378875451329066e+01 -8.458228647386238919e+00 -5.151188763890368172e+00 -3.039156524464699771e+01 3.385587234033974546e+00 -1.155722049702532317e+01 -7.923020352066327376e+00 7.134156193083465951e+03
-5.777789892408920736e+01 2.439829971043898738e+01 3.050363579511194523e+00 2.510962679367118611e+01 4.257687064650008679e+00 -6.084826457651323572e+00 -3.738744196755283866e+01 -1.149726545714354131e+01 5.062908742760368064e+00 -2.961069568976381206e+01 5.868483027709896049e+00 1.199715676369642825e+00 1.424542997538954039e-02 7.096826608408950960e+03
-6.044640636770465392e+01 2.446816218335775872e+01 7.403488492328214043e+00 2.602674619265860301e+01 1.350280710430110354e+01 -4.453498365879520193e-01 -2.021737792873999595e+01 -1.049842336324372738e+01 -1.059905217003216471e+01 -3.931567358575815518e+01 -7.713584524501297501e+00 -1.113154954180410172e+01 -1.946764758801164774e+01 7.906607742668432365e+03
-6.088428033514596649e+01 2.225281624070221298e+01 7.333570272874609941e+00 2.281973941551493112e+01 6.448644535524143073e+00 -1.034103379501057063e+01 -2.039970447122731656e+01 -1.689833975924049625e+01 -1.330312800926755479e+01 -3.003654489833697028e+01 -1.861748443658267504e+01 -1.508225081020443348e+01 -1.508834871379749920e+01 7.507739535355772205e+03
-5.994023509049726073e+01 2.114211359435618220e+01 3.521930644249255948e+00 1.681470002523027674e+01 5.382441078210989716e+00 -4.739570589078708096e+00 -8.976495817495646179e+00 -6.015336006659615542e+00 -2.138836114998643179e-01 -1.019867205993681125e+01 -6.003872192617916159e-01 -5.046626663903982291e+00 -3.058825654816967443e+00 4.642398805975776668e+03
-6.869756543482907318e+01 2.550151502330676578e+01 -4.047653147590449585e+00 3.456085279005699107e+01 1.305974120834029151e+01 -1.038008392965625637e+00 -5.585731462442769413e+00 -2.331600865955258328e+01 -7.698793811717516533e+00 -2.781492532255001038e+01 5.664894191120409594e+00 -8.194282387822624969e+00 -1.510002550475732086e+01 8.487179321517960489e+03
-6.520236816397390101e+01 2.265501450152241603e+01 3.674730604031210657e+00 2.364852255069586562e+01 9.116486789917399136e+00 -9.362848462298803298e+00 -1.093956164076513415e+00 -1.161380117857219751e+01 -1.662208286334628227e+01 -1.283451724415542650e+01 -2.903694753747952717e+00 -9.691067919137468678e+00 -8.518990901903364943e+00 6.260145058950061866e+03
-6.804997715475589359e+01 1.398897260223359318e+01 -4.922541112617829562e+00 2.234103945270744518e+01 1.478883675117318575e+01 2.893908944839901576e+00 4.689005390611302282e+00 -6.719284659464010545e+00 -8.072101722853817662e+00 -7.730590284692911318e+00 2.278521077707105214e+00 -5.620778100639670427e+00 -1.244645591744872348e+01 5.960684081420718030e+03
-7.087439766080714776e+01 1.712428157122083050e+01 -9.969618826084328589e+00 3.038639572908392950e+01 1.685466616386560190e+01 1.347705621315342883e+00 4.224666021049183762e+00 -1.816323658974223676e+01 -1.032610253138977896e+01 -1.944601504389084212e+01 3.173047120144966815e+00 -1.901511778052852764e+00 -2.030300661894138869e+01 7.883466603809538356e+03
-7.051724991863011383e+01 1.695281382816567017e+01 -1.674279905467992080e+01 2.609541874926852145e+01 7.568595771525175486e+00 -2.879633200093350442e+00 -2.392814029392837938e+00 -2.627604212635062808e+01 -1.283864265634974622e+01 -2.855383795367955813e+01 -7.220863204683677594e+00 -2.506582350589494723e+01 -1.589901489924569589e+01 8.896471966147189960e+03
-6.983559012496688467e+01 1.333120634986133979e+01 -1.077062480820805668e+01 1.856160553200865237e+01 -6.043132932569121873e-01 -3.181382267346698267e+00 -5.736953223987995898e+00 -2.447561190680578491e+01 -1.738768364121699150e+01 -1.811676311642026604e+01 -2.762013831698276078e+00 -2.069193483541240752e+01 -1.412718487426626801e+01 7.423635756058905827e+03
-7.209095119198522639e+01 8.713710039837494037e+00 -2.038121966412969854e+01 2.545709421193457089e+01 -2.904710686388407126e+00 -7.957162230703501926e+00 -2.256060669562902632e+00 -1.981744194617632004e+01 -2.183634889833982484e+01 -2.790929038430060416e+01 5.921473039696749652e+00 -1.471228230919360591e+01 3.410441293422998843e+00 8.324967163594943486e+03
-7.319124002379854232e+01 6.203384983458534840e+00 -2.497871075364444948e+01 2.245057592945216030e+01 2.223771794360748899e+00 2.036904721071154389e-01 1.346200790122507129e+01 -1.918146583038934949e+01 -2.692125819073485005e+01 -3.231721486021416467e+01 -1.247048711654994646e+00 -2.506555916372803594e+01 -2.068117650436587240e+01 9.904249858067261812e+03
-7.379648473750462756e+01 5.455146594086907719e+00 -2.569274963023692138e+01 2.484445028090478402e+01 9.538772557624122683e+00 7.624996456552774582e+00 1.576624297739450320e+01 -1.789119818882785395e+01 -2.156104340600724356e+01 -3.430698433566593764e+01 -1.200785541603012874e+01 -2.734633025702037301e+01 -1.470466727330104462e+01 1.022092739722096121e+04
-7.263642769008758648e+01 4.461952083553336834e+00 -2.041534758440103303e+01 2.142514823771521648e+01 -1.420010540827568279e+00 -6.521079887206836290e+00 2.511696731267144767e+00 -1.266958355670468350e+01 -4.017940229202355340e+01 -2.433341745054394423e+01 -1.433313033160601080e+01 -1.911456666870230592e+01 -1.049794344039573346e+01 9.270662592654325636e+03
-7.223971079342540236e+01 9.629084078037627448e-01 -1.715980219529167528e+01 1.999807133154414629e+01 5.975159416808264901e+00 4.468774707123373879e+00 -1.108070508703182355e+01 5.551538797936795611e+00 -3.359637755852131846e+01 -1.262698487646366274e+01 -1.917763897646436178e+01 -1.754904395194468236e+01 -1.449389162212572835e+01 8.297139768990669836e+03
-7.275293006342306512e+01 -5.830012405844974266e-01 -1.684214118303643559e+01 1.670879656859640860e+01 6.964308578651043469e+00 2.175353320249359790e+00 -1.071963509676288595e+01 2.521466116424238457e+00 -4.208522280510779012e+01 -1.623442439212736943e+01 -2.676106766836667106e+01 -3.498297017056028579e+01 -2.279823585585361911e+01 1.052511746643414517e+04
-7.324161087276851845e+01 1.848433464724118735e+00 -2.050451543155587686e+01 2.395353549076276423e+01 5.318630307130602475e+00 6.785828515544713113e+00 5.774860056458464008e+00 1.029201494737931455e+01 -1.425705681756103971e+01 -9.274611613377102159e+00 -1.292510997501186942e+01 -2.042470142557277768e+01 -2.308893298265668026e+00 7.454407136567643647e+03
-7.420865297674596661e+01 -1.075664718640810147e+00 -3.294550517059059302e+01 1.974104523105867415e+01 1.145349239785587514e+01 1.462981586546287893e+01 2.765709139482309098e+01 3.309912378623898643e+00 -9.936830985468094735e-01 -3.185155453532134029e+00 1.658662985794961031e+01 -7.964514879982350415e+00 -9.004859214869291861e-01 8.454773917287393488e+03
-7.431613462542244974e+01 1.295428614584267502e+00 -2.773590165412371888e+01 1.561371656042935818e+01 4.351291220206040755e+00 1.016140670824955095e+01 1.302809419840095551e+01 -3.085888669950112018e+00 -9.077003325854285931e-01 -1.572044933128012545e+01 1.544023288572300423e+00 -1.880835510321189830e+01 -1.550592267426062953e+01 7.683604569910723512e+03
-7.465927692209554323e+01 2.102664079026332900e+00 -3.004853737435158934e+01 1.757692914637154402e+01 -2.408776387804803520e-01 4.513888050071321878e+00 5.664192394244951245e+00 -1.428581514537760810e+01 -1.667522760907633028e+01 -3.000500602079238988e+01 -1.321992217512865997e+00 -2.533024663487089967e+01 -1.220285575271898004e+01 9.017535009176615858e+03
-7.485671533391676746e+01 1.264092347183715992e+00 -2.269862770045251565e+01 2.042655300104360450e+01 7.411195410846933562e+00 3.941685199889193747e+00 3.070838474400452434e+00 -3.576975115681181983e+00 -1.306591974172568804e+01 -2.126243189904644382e+01 -8.117113648717474206e+00 -6.990028791911663042e+00 8.914215902433383576e+00 7.447305577192246346e+03
-7.578203144848370698e+01 3.350596189465520486e-02 -2.872832371130984797e+01 1.789149356480984920e+01 3.290568739469299953e+00 -4.557474132160961311e+00 7.545811372749263057e+00 -1.012528570478624701e+01 -5.361590691954886800e+00 -1.863300411050918726e+01 -8.930737443103266671e+00 -1.447103754762077621e+01 -3.085602095690104907e+00 7.754024067526579529e+03
-7.564787440200247204e+01 -4.060918437694195582e+00 -2.783084937890806643e+01 1.889570982365298235e+01 7.335284969412524170e+00 8.201146770161326316e+00 1.360760935408322148e+01 3.988963292136011862e+00 -1.324537026388473571e+01 -8.576066104880515795e+00 -1.634349310123790389e+01 -1.757403323854126853e+01 -1.472549283991814661e+01 8.234625355058195055e+03
-7.737818348468272234e+01 -7.050856401535497753e+00 -3.077199758544089647e+01 1.463598243831566137e+01 3.836669865825673043e+00 -2.773707760567640790e+00 -4.835823241541754580e-01 -1.259482646266168082e+01 -2.146381332582833323e+01 -6.175433411865368427e+00 -1.069456079155074768e+01 -2.537703622054846164e+01 -2.067328075025383072e+01 9.064086063758937598e+03
-7.651858445806674069e+01 1.941798190092345888e-01 -2.976581973190786456e+01 1.845262858449424925e+01 4.932338427065325881e+00 -9.517586521282839218e-01 9.493524979002652131e+00 -1.232651282334392917e+01 -6.794466632855388433e+00 -1.307458352929688417e+01 1.082443145941673990e+01 -1.537422202427714346e+01 -2.123708988134655939e+01 8.370597258249466904e+03
-7.712057152437486707e+01 -8.178870204787801468e-01 -3.333252794720848300e+01 1.554853781804306223e+01 4.883146847233833299e+00 -4.242373045885675431e+00 8.613667136155322979e+00 -1.827558725850529697e+01 -1.007475243933135545e+01 -1.517625511167431540e+01 1.212131637798254680e+01 -2.404355372190860862e+01 -1.958607142582519955e+01 9.191553478562280361e+03
-7.909035045001400022e+01 -5.081580969935250991e+00 -3.403723707167590362e+01 9.981367214149056366e+00 -6.925005138051832709e+00 -6.483532536920650458e+00 1.755289620476843737e+01 -3.762002179366059185e+00 -1.275124514696345468e+00 -1.381411482817978431e+01 -9.053224382055119479e-01 -1.548794607948655866e+01 -1.846183877270945572e+01 8.725507198651313956e+03
-8.049027536747486522e+01 -7.445232683144332952e+00 -3.877074088619316683e+01 7.231642801046642255e+00 -2.633528474995451951e+00 -7.790685783231327655e+00 2.465602178910229725e+01 4.413494859849222962e+00 8.755217128539133142e+00 -1.029787704445941010e+01 -1.070728629776648066e+00 -1.602721499335495636e+01 -2.181675771988600943e+01 9.701300625689329536e+03
-7.841508555374828404e+01 -7.478562829206683915e+00 -3.618227691182886474e+01 3.745016470293174748e+00 -9.958098314202496582e+00 -4.982801003891434100e+00 1.205218892380051621e+01 4.644756559935003359e+00 -4.033907108360162752e+00 -1.185638303457125531e+01 1.261574265015371621e+00 -8.891321107093933307e+00 -1.198581762742830392e+01 8.200011114589751742e+03
-7.916076232440366311e+01 -8.246082064963088598e+00 -3.466286359129914985e+01 8.719030103486979044e+00 -5.693603353811187873e+00 -2.456852191721534240e+00 1.439955214963098840e+01 1.304341103456997608e+01 1.258653055717864788e+00 -5.519893448826602267e+00 -1.326100181759539032e+00 -1.855671550471792131e+01 -7.158872305563994232e+00 8.457303790770076375e+03
-7.911522726801619854e+01 -6.224191876011140323e+00 -4.208944719971320580e+01 6.911998880497908893e+00 2.013403295943071214e+00 -1.712277954074805209e+00 2.702425415519768492e+01 -6.539854345138346403e+00 4.733938833917708422e+00 -7.758432842476895352e+00 9.434406082526020754e+00 -1.346107207130133787e+01 -1.176316364911556356e+01 9.388506695934320305e+03
-7.870590441364626599e+01 -4.833193611236271892e+00 -3.780076464699844507e+01 7.483157924324675747e+00 8.890716911071637085e+00 -5.575957075395990836e-01 2.816343662521169477e+01 -3.751494864350925162e+00 -3.538698428520284711e+00 -3.508339128092396564e+00 7.371308513841670074e-01 -3.654798136962267741e+00 -1.405213635905005098e+01 8.825677524470373100e+03
-7.865421583266922312e+01 -1.518464766037950442e+00 -3.553158728692825719e+01 4.285304590391198154e+00 4.930449841161790303e+00 -3.595571853430171494e+00 2.351731536015222090e+01 3.005160201468021430e+00 1.256153121538760686e+00 -5.211574724634957079e+00 -7.683354826704980489e+00 -1.432556360015781394e+01 -1.605138839302138010e+01 8.619622731207617107e+03
-8.185722427878961582e+01 -4.125642068437349153e+00 -3.702908531661466895e+01 4.707810764700179007e+00 8.239162679560880775e+00 -4.517258831316417478e+00 2.461205509617357023e+01 -1.386039737079034317e+01 -7.330414841866471631e-01 -1.377578633962311905e+01 -4.346401522164541120e+00 5.705182157390888520e+00 -9.170149339212962047e+00 9.322937618665786431e+03
-7.975943071396903861e+01 -3.052578977410664418e+00 -3.492804367067070359e+01 6.620638584264635362e+00 2.710120256344247025e+00 -2.568167198530871165e+00 1.834422531726037064e+01 -4.176763964978625232e+00 -9.736840648252387709e+00 -1.280226861904611191e+01 -1.831535941510866516e+00 -1.112153324959050416e+01 -2.091016935142199529e+01 8.825564666062122342e+03
-8.073991905006994330e+01 -8.265343889748608674e+00 -3.778641151732622916e+01 5.032337370242958574e-01 -2.399263187261158503e+00 -8.376234541255950461e+00 6.315557587481490209e+00 -1.385675323606732867e+01 -2.361462379194701455e+01 -1.729863340308628494e+01 -1.882177186094737165e+00 -1.968715343595224709e+01 -2.592758606473621086e+01 1.024338971916083574e+04
-8.140023137811212450e+01 -8.575066731419795474e+00 -3.965211785998743466e+01 7.277340191177303019e+00 2.201628020588046741e+00 -5.506516367365033027e+00 2.365061477841045701e+01 -6.864155494983867900e-01 4.507914917014423928e+00 -8.388257373102876002e+00 6.588210887123054915e-01 -1.771034108773166693e+01 -1.878261990858047881e+01 9.677332399004797480e+03
-8.311757748826774161e+01 -1.415536475581825471e+01 -4.495751333465281618e+01 -2.387732312407443214e+00 -1.231526517216357242e+01 -2.280758077715447740e+01 5.077687113822340059e+00 -1.330110904537923311e+01 -1.424174662300338845e+00 -1.974413233373589804e+01 -1.276288697686355711e+01 -1.756822105280897262e+01 -1.875304779006876288e+01 1.122540872659170236e+04
-8.165480673041551540e+01 -8.733976791932336781e+00 -3.723194136455046532e+01 7.384199118108241144e+00 -2.896114222140603323e-01 -6.822262179918382685e+00 2.079652366981629541e+01 -3.373153236359216933e+00 7.573214461922221918e-01 -1.148894697126510067e+01 1.272762026371551158e+01 -1.234068653563507567e+01 -2.142020756230128953e+01 9.580713954746948730e+03
-8.138394996636907308e+01 -8.102388811751540132e+00 -3.542070171095013364e+01 4.325666622362416724e+00 -4.168926487726286823e+00 -7.168358251095459543e+00 1.043399371581448420e+01 -1.231219884986859192e+00 -6.543485582661492828e+00 -1.490927438389943482e+01 1.851873517990521378e+01 -1.177538808174186968e+01 -4.454199378472744719e+00 8.908029828819318936e+03
-8.209185783718828588e+01 -8.978223050638520775e+00 -3.808726038674878112e+01 4.060489049057242283e+00 -1.513740873174757917e+00 9.609904214256830279e-01 1.436959325501972806e+01 -1.102424981517035540e+01 -4.629899050728954357e+00 -1.252747169610598377e+01 1.569621261196463280e+01 -1.851377061485408149e+00 -8.073187434664230722e+00 9.111391350772537407e+03
-7.978032554452980207e+01 -4.202777934135168536e+00 -3.395418438567297414e+01 7.777303582267646398e+00 1.238868723326685961e+00 -9.661564141506390202e-02 1.709895213274112891e+01 -9.685202405013903615e+00 -2.315877603018377862e+00 -9.747267961373077938e+00 1.620238452734427170e+01 2.412209241024515727e+00 -9.582840906831966876e+00 8.444197594044533616e+03
-8.065820644127957451e+01 -9.604090596046908956e+00 -3.786410392992132756e+01 4.474598018356924278e+00 1.310877495568648632e+00 -6.183766479000732952e-01 1.975097732588239907e+01 -1.031691505112320861e+01 -1.743762519648090858e+01 -8.629550487936526793e+00 1.223558810710113676e+01 -1.038387205967369553e+01 -1.196199113624535038e+01 9.329501408668296790e+03
-8.092052714423012105e+01 -6.174034085411583384e+00 -3.571796460928483441e+01 1.114682419692939597e+01 6.500918671433824514e+00 2.856148908286096355e-01 2.758105061223202981e+01 -1.108438344185905144e+01 -1.140330739824396389e+01 -9.157893918312165482e+00 8.124380001677208085e+00 -8.083748285651963794e-01 -1.446681534691451532e+01 9.402046731489142985e+03
-8.069793396117331952e+01 -5.292778233267126708e+00 -3.626651474479724868e+01 8.809224784339592773e+00 4.529967116075716227e+00 1.402913256612880577e+00 2.315944261909409718e+01 -2.479239705690239770e+00 3.278545542628507281e+00 -7.119757478871747480e+00 1.252377431773226135e+01 -7.604698117442166172e+00 -1.413044575355361054e+01 8.973813420933825910e+03
-8.066765481326670795e+01 -9.653502050729482420e+00 -3.310670009596044849e+01 4.576628113074376891e+00 2.158494159182299921e+00 -7.207866051233141391e+00 1.206108273811201226e+00 2.978544442618466626e+00 -6.242100510538613894e-02 4.294168006448541242e+00 3.892092595251715803e+00 2.432703986545418307e+00 -7.788465868478078313e+00 7.884569014547691950e+03
-8.130730960311402100e+01 -1.315800963810357160e+01 -3.282923113221961842e+01 -2.005235979276084546e+00 -5.076828324470555209e+00 -4.065138430316395990e+00 9.607237102140951945e-01 3.588870205783474265e+00 -1.384670164804145109e+01 -7.503153403611554140e+00 -1.887084194306819640e+01 -1.144662295610706160e+01 -2.087788166767815312e+01 9.092941969490566407e+03
-7.976145713044031993e+01 -9.784136202152380335e+00 -3.119372664414062157e+01 3.879961880928123552e+00 2.777338866130921957e+00 1.164926992250548299e+00 1.739459336213732144e+01 8.431008384900247066e+00 -8.654850034375867196e+00 1.276098444281577038e+00 -3.776888863003430519e+00 1.529970206474848826e+00 -1.617050444391643893e+01 8.183072266279061296e+03
-8.077839263111296475e+01 -5.981491757850682767e+00 -3.673117513347483509e+01 9.721071768002490288e+00 1.464141455936635472e+00 -1.189007244215841119e+01 1.983238200675092244e+01 -1.688174404127526840e+00 6.358702300636864813e+00 1.290476524033424555e-01 1.145454572465003018e+01 -4.346301330779356320e+00 -9.168275584063710681e+00 8.818900242929437809e+03
-8.176990634714937300e+01 -1.141098476482464363e+01 -4.034106640427624768e+01 9.652395917981344553e+00 5.290352044801233333e+00 -5.708658155276779667e+00 1.429847348526671347e+01 -9.029555458416954394e+00 -2.780645519171649038e+00 -1.312677740867770204e+01 -2.490665312206520987e+00 -2.626735234886267278e+01 -2.425754098370510548e+01 1.034830414372669657e+04
-8.260901075510966507e+01 -6.552189739189845596e+00 -3.557209576582052790e+01 8.861670947317202618e+00 8.027925056381052471e+00 4.463996073041201496e-01 3.143887998742098944e+01 -2.828287256393232418e+00 9.269324418596797122e-01 -1.394711762104861741e+01 -1.527211532525827309e+01 -2.209461381546672598e+01 -1.167847450923829733e+01 1.032530982116847736e+04
-1.043487657276656932e+02 -3.169307195883804695e+01 -1.479774563761475115e+01 -1.112856056299602159e+00 -2.235689506164836304e-01 8.550050729485819900e+00 2.219081723256121919e+01 -1.515139009443651119e+01 -5.375542472882001377e+00 -4.223744265355893646e+00 -6.949527599692190805e+00 -1.700650103687559422e+01 -1.801697393887454268e+01 1.361734261921522375e+04
-1.837872919722830716e+02 0.000000000000000000e+00 0.000000000000000000e+00 0.000000000000000000e+00 2.658533217257963476e-14 0.000000000000000000e+00 6.864338900890931966e-14 0.000000000000000000e+00 7.681979238110637171e-14 0.000000000000000000e+00 6.748200841563957577e-14 0.000000000000000000e+00 3.507168814121481235e-14 3.377776869050522509e+04
