-1.837872919722830716e+02 0.000000000000000000e+00 0.000000000000000000e+00 0.000000000000000000e+00 2.658533217257963476e-14 0.000000000000000000e+00 6.864338900890931966e-14 0.000000000000000000e+00 7.681979238110637171e-14 0.000000000000000000e+00 6.748200841563957577e-14 0.000000000000000000e+00 3.507168814121481235e-14 3.377776869050522509e+04
-9.784229426158985632e+01 -1.595740934354874163e+01 -1.461957873652024276e+01 -4.435258465517770254e+00 -3.258313466731663777e+00 -3.772471395499534363e+00 -2.841204149421842295e+00 -7.350162084895722536e+00 -7.915182583161645802e+00 7.959577110891774332e+00 2.970411928369181886e+00 -1.359372346773973916e+01 -3.132577819874862612e+00 1.047753322183681848e+04
-9.090772571426720106e+01 -1.299091142175933911e+01 -2.875839305554239900e+01 -5.634575588897875242e+00 1.504422947529871024e+01 -1.352372557232099126e+01 2.085771006493210677e+01 1.153972895080627126e+01 -7.672937428747278688e+00 7.265607384188008666e+00 -4.374545462523495409e+00 -7.423802911219435252e+00 -2.824928592281694684e+00 1.046309413325069181e+04
-9.072047245995912590e+01 -1.339320144177198735e+01 -2.714321307053997501e+01 -4.522328196521983479e+00 1.711814660641427821e+01 -9.853255869916402787e+00 1.409352359613291839e+01 2.955657814719052645e+00 -1.223538029736989685e+01 1.655160401168139472e+01 4.473889012977187996e+00 -3.911733255377471963e+00 -1.309026097230298902e+01 1.039460074994251227e+04
-8.965021561869680511e+01 -1.334959121290196826e+01 -2.888143600088627494e+01 -2.432238340105624452e+00 1.896902168398749922e+01 -7.685132602324946660e+00 1.383901515813375660e+01 4.402502772056206659e+00 -1.753417624090929650e+01 3.673733890404866198e+00 -3.200830695756198274e+00 -7.412384228950521958e+00 -5.814535645233855909e+00 1.010515253182967353e+04
-8.771612287077418557e+01 -2.944351551371434184e+01 -3.052394434817298929e+01 -1.069040635874244494e+01 -1.782450073056227424e+01 2.940279421091262613e+00 -1.662013940940976298e+01 9.387523451528286600e+00 -1.543256713411809677e+01 -2.038444941809035349e+00 -5.219475114447347686e+00 -8.412854920324594588e+00 -2.592153405909207109e+01 1.131001184636889593e+04
-7.313320903166430753e+01 -1.143612982258735045e+01 -8.306576868042641948e+00 2.309320848083152811e+01 -1.780283329328299402e+01 2.301719233442367596e+01 -3.733705382507547199e+01 -3.075117289697626877e+00 -1.313374113595000736e+01 -4.497090647171892996e+00 1.174011878663521635e+01 6.191209315516749356e+00 -2.882474932106491750e+01 9.531537392552392703e+03
-6.092992741188523098e+01 2.930072443804743543e+01 -1.097254672839428657e+01 -7.931800188126848505e-01 6.945336329466917036e+00 1.715455768246205182e+01 -4.564273787518077086e+01 -4.963942428904572068e+01 -1.588721005328213032e+01 -2.950213446241869875e+01 1.801393183039925683e+00 -3.345188408090434251e+01 -3.755358074198427687e+01 1.323718730738436534e+04
-5.536903912481781731e+01 3.204032276972997551e+01 -1.949781635065631846e+01 1.116801716670710576e+01 1.749915832419204165e+01 3.028940974839208877e+01 -6.065677799844552709e+01 -4.606538105021765261e+01 -7.310285875985178983e+00 -2.651152667622867654e+01 1.401255054308412085e+01 -2.412608146004619414e+01 -1.751992383193456959e+01 1.346380359679853063e+04
-4.896952778049563193e+01 2.655797099809686301e+01 -2.309018728681219557e+01 1.943541604266112088e+01 2.956699891675652836e+01 2.721794834298079024e+01 -4.155377060425405489e+01 -3.494482777500169135e+01 -2.053781149066106426e+00 -3.136658928952296677e+01 5.109887470560750877e+00 -1.118003596120881582e+01 -2.312078528646658526e+01 1.025086940385651178e+04
-4.593228851186861306e+01 1.845966498603796069e+01 -1.925727325690726488e+01 2.077368106600117770e+01 3.649952048194760579e+01 3.242885775472664989e+01 -4.727036727686127193e+01 -3.812305903291824194e+01 4.032245150651827537e+00 -1.848652875396969719e+01 2.219641759822279781e+01 4.194972497012137147e+00 -1.085179114836434877e+01 1.031067468676196404e+04
-4.447135700903536559e+01 1.283755781853987799e+01 -1.192968526490760084e+01 1.577580937658659366e+01 3.948043000787929913e+01 1.488502693468030635e+01 -4.761899453409924377e+01 -3.876935120151846093e+01 -1.347596006795514256e+01 -9.050134759268907203e+00 1.208750540031066834e+01 -7.772445055297829697e+00 -1.790306675040466189e+01 8.875142577377713678e+03
-5.120613554005021939e+01 1.661868715801498197e+01 -6.296367897896439025e+00 1.237683839874427072e+01 2.635709822270944613e+01 3.075310379697794971e+01 -3.589682788827855120e+01 -2.012344462856367144e+01 -2.895317052899625310e+01 -6.190295873646105562e+00 1.311037058710995495e+01 -2.791104402040839005e+01 -1.540292053978839348e+01 8.489828756365057416e+03
-5.612130886206123392e+01 2.334875795179046776e+01 -9.865899361032871795e+00 1.130277742740081770e+01 1.381277071816457358e+01 1.632795981945308483e+01 -3.244987868627595162e+01 -1.754123996959367204e+01 -4.644358463107625568e+00 -1.773039183766413274e+01 4.992555986818932645e+00 -1.314311531092047858e+01 -1.119664836202610481e+01 6.396908077412200328e+03
-6.436584875313455711e+01 1.982306681962959871e+01 -1.334621125576663658e+01 2.583273161054334111e+01 3.106069691241985353e+01 6.434786161305045660e+00 -3.159203103541154789e+01 -3.570057120446880106e+01 -1.547378712352139019e+01 -1.068402118940672807e+01 1.945424666015844295e+01 -4.901774777444970255e+00 -8.986901694062710888e+00 9.496974323949070822e+03
-6.674660223385559732e+01 2.331814046058634915e+01 -2.402061495876779418e+01 1.185785278027008083e+01 2.071235444055266939e+01 -9.670550715385157758e+00 -2.278635232829757129e+01 -4.765565929351438967e+01 -2.353823462653132026e+01 -1.149518361536992295e+01 -3.963806715149036375e+00 -2.398082526974987871e+01 -2.957536573894729770e+01 1.118092583116940295e+04
-6.476609351242468904e+01 1.965616980644685441e+01 -1.307201976744368466e+01 5.272725521578877306e+00 1.666114028494036603e+01 -1.068527014187015212e+01 -2.636123068717669327e+01 -3.889979485946501114e+01 -2.654097192635193636e+01 -1.038856565359874917e+00 1.533011208760275190e+00 -2.084912541799621977e+01 -2.659005442046070655e+01 9.229137894499946924e+03
-6.945343468874257553e+01 1.783001763665200912e+01 -1.497254312877370452e+01 1.552579059042152920e+01 1.773159115416482479e+01 -1.751658258932345902e+01 -9.898424052375631277e+00 -3.105864661923552106e+01 -3.315192256995978681e+01 -2.894844605100276969e+00 -1.197313964090826799e+00 -1.863922919661597177e+01 -1.625314536135826060e+01 9.011223914475922356e+03
-7.139297613752766836e+01 2.024757108659237304e+01 -1.837250557249036831e+01 1.921791534054127837e+01 1.886435404711978592e+01 -2.004692563179749243e+01 5.144325277278445352e-01 -3.639604722954673832e+01 -3.459609257406630434e+01 -6.339623818546927581e+00 -6.778298715542530495e+00 -1.217739552445706153e+01 -2.105208637293617002e+01 1.017098347083430235e+04
-7.067313516119725136e+01 1.680289697061048670e+01 -1.791489177813331324e+01 1.744859081822681901e+01 1.050242045305797589e+01 -1.736697759243590511e+01 -3.239768932446245753e+00 -6.054267697837253159e+00 -3.940496211984577712e+01 -4.413940801895188670e+00 -2.235763818879205544e+01 -1.630954677739489256e+01 -6.080791870249830033e+00 8.736564299547020710e+03
-5.383560913449784380e+01 5.088921305486361568e+00 -2.265842003438737606e+01 -7.525756888333977601e-01 -4.561368680417407973e+01 1.208794704582493829e+01 4.894626603648998042e+00 5.313977678362281409e+01 6.794155576260578755e+00 -3.891427877881150010e+01 -1.637104840874509293e+01 7.956359802913990364e+00 8.841601877999451631e+00 1.048263088736580721e+04
-5.423375929300269149e+01 5.559226945093235450e+00 -2.128347124051155248e+01 -4.095292037921794970e-01 -4.748441513630331912e+01 -9.651645214735804501e+00 -2.374973925351676485e+01 4.956802172478184332e+01 1.733878734667516142e+01 -4.329319850113205348e+01 -8.673467929344143457e+00 4.075283595430160277e-01 3.143232971618977079e+00 1.105453196390996163e+04
-4.757764604387198659e+01 2.168173255951028366e+01 -8.424520260958709983e+00 5.877043284765781195e+00 1.114159671695288845e+00 4.575036843090590111e+00 -1.934570369864350781e+01 8.321963514306963461e+00 6.401224737923201680e+00 -3.538513027865177207e+01 -2.608907629457963839e+00 -8.390552907586728892e+00 -1.381109947840087848e+01 4.865963120374142818e+03
-4.967980873817634802e+01 3.730112425721018354e+01 -3.013347461321138709e+01 1.318659550205101727e+00 -9.568085933604001170e+00 -3.692246186769612137e+01 -1.922989864141857907e+01 1.010711208423522223e+01 2.482004573801433978e+01 -2.460310301739066219e+01 -2.304931036383979759e+01 1.743769280968951207e+01 -5.850653734316762389e+00 8.786902934048897805e+03
-4.295471653566902859e+01 2.622305770178610018e+01 -2.044110439983952787e+01 -1.526924135434729202e+01 -1.122100913640267272e+01 -3.849937570532306097e+01 -3.295242936442863169e+01 1.125050352412016608e+01 1.429859930095039289e+01 -1.533738674530127177e+01 -3.474589681165767985e+01 2.536481017604736365e+01 -5.019612808992083508e+00 8.319827142225640273e+03
-3.755684629748692061e+01 2.727880502802597107e+01 -2.164602594217384279e+01 -1.682784902743426902e-01 -2.366791747224617026e+01 -8.007430735345716144e+00 -4.057234917784656147e+01 2.382064472259822097e+01 4.595779143369307818e+00 3.955251728346621309e+00 -4.626910654809852019e+01 5.298323452623973395e+01 -2.725636599929556869e+00 1.045330422023934079e+04
-3.148318862622464565e+01 1.181168525551990989e+01 -2.430729789750304803e+01 -8.076301748660956292e+00 -2.069514929620303434e+01 -2.204748035335753897e+01 -2.669742045225237348e+01 1.144417745382664897e+01 1.341480396256673657e+01 -1.779645304087926760e+01 -2.776796660756979307e+01 1.669832379359161223e+01 4.816417261479844392e+00 5.114643074847862408e+03
-3.236782897705920448e+01 9.206294085755679646e+00 -3.213678102768581368e+01 -1.180742640249556175e+01 -2.514660354631063299e+01 -1.778000547648757390e+01 -3.990997773613941746e+01 -6.888394013327688192e+00 -1.232400030705287186e+01 -2.247952153982024015e+01 -3.953011689209675694e+01 1.792236488542318895e+01 5.310527415822315911e-01 7.434689970025498951e+03
-3.417325103536558828e+01 1.109987246353520796e+01 -2.626779737341310650e+01 4.735420961914428517e+00 -2.185107946659642053e+01 1.270530639075876600e+00 -3.694721450329246437e+01 1.207572450704108746e+01 -2.053355102482895944e+01 -3.086259714348113548e+01 -3.917517026781377609e+01 3.585921541916128064e+01 -2.313153430840632740e+00 8.193497944367378295e+03
-3.758552858842408284e+01 1.355200424411467530e+01 -2.016734681672977914e+01 1.185944938608141364e+01 -1.786991347690615584e+01 1.868862186117522839e+01 -2.716159110480274208e+01 2.111438336624015832e+01 -1.958366459235026724e+01 -2.247425032890462759e+01 -3.890415675811432550e+01 8.318960068610651959e+00 4.893123533558064508e+00 6.491157821003874233e+03
-3.739160504322281042e+01 -3.306733624593544363e+00 -3.446481657148788624e+00 4.208218093688892658e+00 -3.883140332447359810e+01 2.226813170228617267e+01 -2.803416530198527568e+01 1.034092304631874804e+01 -2.413240452931740165e+00 -3.958911791204919695e+01 -3.338562743357309159e+01 -1.119111404278514321e+01 3.007859521929793445e+00 7.157260995690156051e+03
-3.750173661917241930e+01 -8.220248943879958858e+00 -7.714660433386116845e-02 7.215960845779921584e+00 -3.802422947163696421e+01 3.084451719289097582e+01 -3.534114365847977268e+01 9.988390399010077303e+00 -1.574280547536171415e+00 -2.464439551416030127e+01 -3.933502527840560248e+01 -7.389450710292783775e+00 7.148432764226967384e-01 7.484203216169335974e+03
-3.885616138531310071e+01 -1.733327888854662291e+01 -3.018103376384995151e+00 2.379792029275323628e+00 -4.118845239270692105e+01 3.806001003235306257e+01 -1.027964835051794346e+01 9.285719092067674652e+00 7.325339571905938207e+00 -1.985469429036756850e+01 -4.096528546677294713e+01 -9.585159765901106965e+00 1.606769999623376188e+00 7.382446012310400874e+03
-3.972171215634531904e+01 -1.139734357991089908e+01 1.449822899915216012e-01 2.153971790282093579e+01 -6.074540355462445973e+01 2.514252137655335773e+01 -2.788902877150401949e+01 2.212823224084030649e+00 -1.694228094000720386e-01 -1.125811599960537102e+01 -3.758500200685555370e+01 -6.974433691790287604e+00 -1.201060522561393462e+01 9.008842890142026590e+03
-4.026438875350538638e+01 -1.666102372318849234e+01 5.395301355468878901e-01 2.993056607256545476e+01 -6.533204601662599487e+01 2.617599875604709680e+01 -2.780743699025687476e+01 -1.044998983508023471e+01 -1.276534787657643122e+01 -7.982432873494619940e+00 -3.683120980230389563e+01 -1.282371475857072340e+01 -6.238668774626280111e+00 1.041743558328480322e+04
-4.399648520392229756e+01 -1.116099124336796145e+01 -7.078917460346645818e+00 3.597458384977253587e+01 -8.775779425510968679e+01 3.128923119120518948e+01 -3.211112747790843258e+01 1.266334020142068795e+01 -2.538980672352742474e+01 1.004052332287985827e+01 -3.696542484269684792e+01 -6.500054903297423969e+00 -7.906509372737105856e+00 1.549313195748996259e+04
-4.122880898524989846e+01 -2.760788538828262695e+00 5.580310479291267001e+00 2.384497039252029182e+01 -5.272300703961219881e+01 1.263388399996873090e+01 -1.251581518455772368e+00 -8.619844581488164792e+00 -1.766601479947721742e+01 -2.391893524869000842e+01 -2.958120250327637279e+01 -7.314040134931564019e+00 1.742969193584126586e+01 7.438898222833757245e+03
-4.274258402967416970e+01 6.181664566730296073e+00 -1.304073284159444457e+00 8.700814667166421046e+00 -4.618803192129735180e+01 1.395999842166394167e+01 7.865260823140860502e+00 -2.299862606504390428e+01 -2.528598062788785228e+01 -4.603494721383062682e+01 -2.887393740986365742e+01 -9.169095339886705887e+00 3.948821634034429540e+00 8.553528171235722766e+03
-4.595178961456027622e+01 2.371375727947196310e+01 -2.176798104542005063e+01 2.289577331859057452e+01 -7.919406488853033466e+01 1.637076230275476263e+01 -7.590593155019022653e+00 -3.455712740897518387e+01 -2.861795913707781480e+01 -4.305484979463253836e+01 -8.068624794460069083e+00 3.589853008544772628e+00 2.334027943224310420e+01 1.475895068956953401e+04
-3.785788780977372880e+01 1.240231595257931474e+01 -1.038716523069159692e+01 -3.968946577072591353e+00 -3.443550946022756420e+01 5.886814358577207029e-01 -1.251526809100330162e+01 -3.346411549822966691e+01 -1.929735515128995260e+01 -2.475376675283857963e+01 -5.960848610160217831e+00 1.985454858309309856e+01 3.206950598413678133e+00 5.598468899974520355e+03
-3.963987452382564669e+01 1.455291857258314003e+01 -1.466078229729300020e+01 -7.249745437774008927e+00 -5.520637507587935033e+01 5.890050300736615618e+00 -2.636695062910365195e+01 -2.208436780960564505e+01 -2.853772426397133799e+01 -1.799806219745845581e+01 -1.624970757797600740e+01 3.311204137759977328e+01 1.669302049017502299e+01 9.093425528994492197e+03
-3.770992397582955391e+01 1.491014459309487172e+01 -1.998258365807634718e+01 -9.574860856635348583e+00 -3.789490092021733147e+01 -4.506499083858654053e+00 -3.984152410554369794e+01 -1.332348444119652342e+01 -1.618214512147470430e+01 -3.002850086766364512e+01 -2.273201803442571389e+01 3.392636857181928178e+01 1.518131533227089847e+01 8.418314867277091253e+03
-4.072918558156165147e+01 2.119715502879024882e+01 -2.655472268056875507e+01 -1.010655271858250615e+01 -3.956159589530631138e+01 -1.610372264772411555e+01 -4.195753762514071639e+01 -1.550683662961795939e+01 -1.067601007914626754e+00 -4.771162569064949110e+01 -1.716960960115090273e+01 2.244960134648393790e+01 7.740918902097636334e+00 9.877069260545940779e+03
-4.509209460942695102e+01 3.090027155971857908e+01 -1.431424713064773435e+01 4.480637257934402484e+00 -2.704169375374184270e+01 -6.479042704899646843e+00 -1.757169999977205421e+01 5.434456422678565768e-02 1.684939436050308004e+01 -4.364029090898328178e+01 -8.025083665239808539e+00 1.387386083004226478e+01 5.726548333715502537e+00 6.773152768461337473e+03
-4.902706945048109333e+01 2.394059387785783954e+01 -6.784758022492118457e+00 2.434999377176348290e+00 -1.459759894066754526e+01 3.085803018901465133e+00 -8.276835265888289328e+00 -1.727129289542625790e+00 -5.946210954895066791e+00 -3.951250211604256890e+01 -1.220348255284062944e+01 4.920035267382106170e+00 -3.642449089529792072e+00 5.105863207232897366e+03
-5.528637558003355679e+01 2.576888427877792509e+01 -1.995181458649553718e+01 -1.240596936907744752e+00 -4.108737742814908245e+01 -3.202061864319300621e+00 -2.410266785566667380e+01 -9.874364601663667695e-01 -1.080583730747086513e+01 -4.970467354338369859e+01 -1.688731649142060220e+01 -1.183824057223860393e+01 -1.648049326700427308e-01 9.413245371196204360e+03
-5.653093285870082951e+01 2.688049203653567787e+01 -1.634035713447857319e+01 -5.670735329516809031e+00 -2.716806567400853112e+01 -8.329907235172345992e+00 -1.440076720710422542e+01 1.031365488095734761e+01 -8.124397869761274649e+00 -3.014350018605492210e+01 -1.115444830845780366e+01 -9.614788466553303437e+00 -6.596118612375899026e+00 6.573727551915483673e+03
-5.823433013067575104e+01 2.964739980849349266e+01 -1.960938646559146648e+01 -2.236327866671649289e+00 -3.237000140324389008e+01 -1.836790501078608528e+01 -8.697863061882232572e+00 -7.723075640386108942e-01 -6.547938273190126779e+00 -4.334341122049282546e+01 -1.291996016739737918e+01 -1.611835560063763140e+01 -1.100876025672577541e+01 8.590627279449419802e+03
-5.630738001306445994e+01 3.161628796976116718e+01 -1.015069573984788498e+01 -7.728677960450314188e+00 -2.504188970877991238e+01 -1.156309406621356928e+01 1.012888283448194748e+01 2.105097754153457235e+00 -1.533450704360315875e+01 -3.815779860741207585e+01 -1.497809617985615027e+01 -2.756594037230406968e+00 -5.596193756734484381e+00 7.155131145798000944e+03
-5.312961131435304196e+01 3.594247868849842575e+01 -9.696274361246516094e+00 -5.792901559087737517e+00 -1.589690933095279313e+01 -1.310443856507886196e+01 7.547992176434868306e+00 1.184023315662882325e+01 6.999682947074233885e-01 -1.714184506082780857e+01 -1.100469243128894448e+01 -3.607574757385660469e+00 -5.840846215734440072e+00 5.326360304486833229e+03
-4.466282905482665200e+01 2.798136561554542112e+01 -7.045091562082540726e+00 -1.355547871605086208e+01 -1.136950660145413217e+01 -2.075494881935532376e+01 -1.322256718832027111e+01 1.480453914237111412e+01 1.725682592476563215e+01 -1.292394046178895195e+01 -1.985830985834090257e+01 -4.223124761769459390e+00 1.234957242620793039e-01 4.842182464787931167e+03
-4.080420126689210036e+01 2.578231042613245805e+01 -1.309993612858674794e+01 -1.305570490383781390e+01 -1.643076685112734125e+01 -1.556638546816244251e+01 -3.772270809481928922e+01 3.079415184277540263e+01 2.040549272731106711e+01 -2.198303852124072932e+01 -3.679123249309719057e+01 1.512565775503405874e+01 6.283014266641054668e+00 8.076829773859087254e+03
-3.992777198250004034e+01 2.553787624462276185e+01 -2.423879346461346174e+01 -1.449527800247733422e+00 -2.687424864859015727e+01 -9.261367902901499471e-01 -4.605934088034761231e+01 4.457815796179983892e+01 3.276836179752180556e+00 -5.063292602644211549e+00 -3.540309927359560760e+01 2.035860125146335164e+01 -3.213369812324315511e+00 9.382340773387712034e+03
-3.427568941859743745e+01 1.390937483975389988e+01 -1.638784488501771008e+01 -1.592602231713467198e+01 -1.204436932872740584e+01 -9.983749894809724523e+00 -2.899961686232797220e+01 2.894817630047115742e+01 1.886766849528669354e+00 -1.736854975084381181e+01 -1.783745618986099402e+01 9.078616181455060996e+00 2.449052593002340128e+00 4.526030407438779548e+03
-3.570674314328659449e+01 2.290479076604893294e+01 -3.069179679039780595e+01 -1.158398294244113380e+01 -2.300766887148617812e+01 1.377782613121332389e+01 -5.759711061528383169e+01 2.796399691355594186e+01 -1.269409500395093104e+01 -2.820799107201095168e+01 -1.792481462595419117e+01 1.506695688029837399e+01 -1.219607708484462627e+01 9.348256864938519357e+03
-3.679986518760549075e+01 2.450557449297935975e+01 -3.768285463973127491e+01 -6.915850904574138980e+00 -2.036624761760026914e+01 1.980068252404545603e+01 -6.765894196450614118e+01 3.611350059130800361e+01 -1.996267317221624893e+01 -3.105397832580800355e+01 -8.300008392405363367e+00 1.230209636063976220e+01 -2.162326187595459359e+01 1.216200326812162712e+04
-4.463863852743078553e+01 1.906599761827345674e+01 -3.511378979309107962e+01 -2.144620061776264919e+01 -1.732237041938326172e+01 -8.476986574474860703e-01 -5.439602810682211498e+01 7.155967413951882961e+00 -1.228552633498504498e+01 -5.895035269176502624e+01 -3.045744945967578055e+00 -6.112582630104775205e+00 -1.253375785414656463e+01 1.118977047716446214e+04
-4.567311553983866190e+01 1.966660028987457309e+01 -2.965122299244663751e+01 -7.741169962965045670e+00 -8.348351647250513707e+00 -2.039008928362753181e+01 -2.970678980812601822e+01 9.121792400617225738e+00 -9.083376521312103158e-01 -4.696072143442628288e+01 -1.610661196625200375e+01 -1.575367562413415712e+01 -1.713798283520138099e+01 7.870526696238615841e+03
-4.900359802231135120e+01 2.232360601796828092e+01 -2.976305032834331854e+01 -2.219713950785857648e+00 8.487524997619907197e+00 -6.522640006219786457e+00 -2.519904481441449562e+01 -2.867426336695932942e-01 -1.631188739824892764e+00 -4.134126098481771550e+01 -1.650764741173540173e+01 -7.483262501016926471e+00 -1.093465925352970736e+01 6.699948344021199773e+03
-4.782038323332054119e+01 2.331785691823707296e+01 -3.232868677971428895e+01 3.843063166167755007e+00 1.115995277098117811e+01 -3.710974950284681828e+00 -2.241594369152459265e+01 8.160895020603074812e+00 7.167931877273022501e+00 -3.934955216728587857e+01 -1.249308698126105099e+01 -5.132526242358252055e+00 -1.907283646463207560e+01 6.743774889211754271e+03
-4.476293793767153772e+01 2.510661948411119937e+01 -4.186300230092760444e+01 1.019258827075606710e+01 -1.463141881858870441e+01 7.586835019339151387e+00 -4.497648122225780298e+01 6.459046839238317267e-03 -1.621218964680124941e+01 -6.399934306997537448e+01 3.483150862527466529e+00 3.881515045633116223e+00 -1.966608685759443276e+01 1.155768963695073217e+04
-3.912843183906425537e+01 1.966357916508636450e+01 -3.743275739864678542e+01 8.418968045036159253e+00 -1.379048775792839443e+01 1.255981318752563247e+01 -4.788575668874617008e+01 4.024704634190739427e-01 -1.452934219269860883e+01 -4.535744776474991369e+01 3.805693111002236861e+01 2.894681586308205112e+01 -2.036242667893554170e+01 1.100019143587378130e+04
-3.476138781905873287e+01 1.365100041289756483e+01 -3.651442384939753794e+01 3.400861510635543095e+00 -1.375850783823718260e+01 1.349485757475824599e+01 -4.259756204808360280e+01 -1.042871168058564635e+01 -9.375307767725365338e+00 -3.936335728095273367e+01 2.826586548664452891e+01 2.091603936667008767e+01 -2.036237951646166167e+01 8.322727588339965223e+03
-3.530468424327559518e+01 1.207165155619965624e+01 -3.495042000436133378e+01 7.460615529620258535e+00 -1.855670776969334668e+01 2.568110297879502824e+01 -4.864647561327307557e+01 -4.102329055434249305e+00 -1.501737749962211410e+01 -1.760608328069864825e+01 2.085532547679703796e+01 2.528579769925707410e+01 -2.328056064267675396e+01 8.208313755424163901e+03
-3.538107124635789091e+01 -3.823233504284045958e-01 -3.863574562023412540e+01 -6.457675687424575983e+00 -1.878005537968872574e+01 -5.891365486627017312e+00 -5.591923080872700780e+01 -2.814263493784196513e+01 -2.950698874674253602e+01 -3.489509277142033028e+01 1.460474989718116667e+01 1.118842371996558427e+01 -2.561758061176444201e+01 1.017582559716842843e+04
-3.617976408195352178e+01 1.027128047179578729e+01 -3.655143265062061886e+01 5.672388826436717935e+00 -2.606161131113102059e+01 1.122941718865575034e+01 -5.309364975430118250e+01 -5.147185502531910650e+00 -2.402237653210688606e+01 -1.417951369036644493e+01 2.563609659897347015e+01 1.369423613078716073e+01 -1.690161493484906075e+01 8.341933634915654693e+03
-3.678895780127409409e+01 3.609664006291585014e+00 -3.982392443747463062e+01 -4.222132494364861266e+00 -2.305730672495629818e+01 -1.776026697389574194e+00 -4.310023825181111334e+01 -6.174050439068019536e+00 -2.179904569596541108e+01 -2.782249599724112343e+01 1.594295602981573978e+01 2.652254027430027605e+01 -2.751352555811460832e+01 8.364678306148327465e+03
-3.547058909361444989e+01 5.868588697912903385e+00 -3.134718897160643536e+01 -7.142003710929912152e+00 -8.184331220684534003e+00 -1.451895383121257765e+01 -3.817797030947962611e+01 -8.484065481475516535e+00 -1.528589038819457180e+01 -3.223360264605545922e+01 1.686902047241184022e+01 1.185992882863148523e+01 -2.149730563953350782e+01 6.293597077092144900e+03
-4.178088823507959404e+01 2.510098371076527712e+01 -4.043510656577165463e+01 8.676972439464064379e+00 -3.195307010894906696e+01 2.022701355731428308e+01 -7.066349442249405399e+01 -3.962642828476969026e+00 -1.717691688340953249e+01 -4.690582701409490340e+01 1.267773535760173154e+01 9.179994094976610342e+00 -8.471579401915590779e+00 1.333712045211987061e+04
-4.311560309529478729e+01 2.024416091051967470e+01 -2.408219613176892793e+01 3.861020962378181931e+00 -6.138265364924006207e+00 8.117630962146650475e+00 -3.375660322336955232e+01 -4.402681149130955318e-01 -4.117640904214421305e-01 -3.992762902478094134e+01 2.593935318288124403e+00 3.024386560238674804e+00 -3.998833300840673566e+00 5.733168457439574013e+03
-4.910802590648650323e+01 2.489813265742493442e+01 -1.642293268472857193e+01 1.147278131340948271e+01 5.610745227992349093e+00 5.434300305686957877e+00 -1.489067222393046919e+01 8.009672135556034078e+00 -1.143580567296109685e+01 -3.861030924616554927e+01 -7.748250486391613734e+00 -1.035154799054804720e+01 -1.083772882911502755e+01 5.685931625164973411e+03
-4.996527777132865111e+01 2.410013052816108825e+01 -6.624416171178511448e+00 3.279182994952933416e+00 8.473723941454132103e+00 1.746216232836604210e+00 -7.029133276527846697e+00 -1.202760841509929080e+01 -1.581799379017686746e+01 -2.213195260783988161e+01 -4.416842826778713871e+00 -7.275640518920763355e+00 -1.322068792805007398e+01 4.388168840927406563e+03
-5.530981525747151295e+01 2.819311188523281686e+01 -7.816863585348658106e+00 7.001717074711086397e+00 4.501115333182077904e+00 -4.154066338277709214e+00 2.677610170240010135e+00 -7.311537261772221186e+00 -1.838537104206577411e+01 -2.890254183723267190e+01 -5.739435741454771644e+00 5.366359938313782330e+00 -2.150356298116370635e+00 5.302040866468702006e+03
-5.339899210801894469e+01 2.810074159434666541e+01 -5.542263401270928647e+00 -4.824387887539994146e+00 -1.930972736640975684e+00 -4.380438356767786701e+00 -6.770138891479968724e-01 -6.785867089991741707e+00 -1.945666452276054059e+01 -1.793509808917743698e+01 3.020457102260272197e+00 3.081366246927800479e+00 -3.681508537560724381e+00 4.496919696265346829e+03
-5.365960853591292334e+01 3.603383020439566309e+01 -1.642011521671458141e+01 -1.327321372756991202e+01 -1.667321023093059296e+01 -2.287071350199851949e+01 -8.860365910234987652e+00 -7.159483845155546256e+00 -1.341830164796190417e+01 -2.010559280134523519e+01 -7.051159831183024806e+00 4.736698685274912002e+00 3.684298598947632453e+00 6.224433568877556354e+03
-4.172230638916230561e+01 2.221179648644909221e+01 -1.303368015540111458e+01 -2.012381784806222385e+01 -2.425309686844919455e+01 -3.541868649273252601e+01 -2.524955780253235815e+01 1.489451430847863689e+00 -6.388705855988592752e+00 -2.963100013742244343e+01 -1.212691184290613045e+01 1.125180474672884756e+01 2.567862689486163585e+00 6.490485063485434694e+03
-3.686780820795733149e+01 3.016907807423127963e+01 -9.840800988849190745e+00 -1.387713016828191570e+01 -9.258975406954762732e+00 -1.527542451529151180e+01 -1.449236926608551634e+01 1.125218593467248240e+01 6.306713852244632434e+00 -2.135289936747097528e+01 1.218063423470702594e-01 2.315805018434741669e+01 1.309485038758621833e+01 4.418038517489840160e+03
-3.500636030160960388e+01 2.288043116584846359e+01 -1.797757307662424608e+01 -2.454208897473095874e+01 -1.337965235588930923e+01 -1.368388239761298486e+01 -1.436520562767631404e+01 7.111388883371446035e+00 1.902390293018758172e+00 -1.819604641912333420e+01 -3.915174579706560465e+00 1.211775983535173751e+01 1.193371948944634608e+00 3.795969402221568998e+03
-4.003165232029690657e+01 4.125019061572068324e+01 -3.018043651952095630e+01 -1.198539829719679162e+01 -2.095852815870904351e+01 1.496764115417039953e+01 -4.157055109291235340e+01 2.247038693399656495e+01 8.418879775258428566e+00 -3.768144305605051159e+01 2.523761705153841106e+01 -1.011013450658652246e+01 1.897594702938997457e+01 9.844946512909300509e+03
-4.217537395443285675e+01 4.129254590125727731e+01 -3.495996357476303729e+01 -1.830516892087690550e+01 -3.495050494130764207e+01 1.420191918101144068e+01 -5.681370584383036260e+01 2.982316608372154398e+00 -5.943561136233798337e+00 -4.876215472234748205e+01 1.440817439983676174e+01 -2.540535709512395712e+01 1.510943753638544962e+01 1.319543487919161089e+04
-3.575666459499570493e+01 2.193985064951758801e+01 -1.443841782990915412e+01 -2.401448777242797661e+01 -1.279039819812085099e+01 -2.011656928755293450e+00 -2.249849652754110352e+01 -1.335264391840182308e+00 -1.310158573694882378e+01 -2.613979096834289351e+01 7.409302745694063219e+00 6.418548725546211475e-01 3.417258993702020575e+00 4.142593593122776838e+03
-3.972741748908990189e+01 3.503981445833853314e+01 -1.864844106036198568e+01 -1.741188070253829423e+01 -1.330589647084068616e+01 1.706643310984345163e+01 -4.166496039042264954e+01 1.900360930201039267e+01 -3.038171791437053737e-01 -3.575494186984688127e+01 1.962590902585192509e+01 -1.262581734331049788e+01 1.297105244756017406e+01 8.013754295302376704e+03
-3.767927245609160991e+01 2.319834048993037356e+01 -1.013590974834691849e+01 -1.563133008466956397e+01 -1.915846719616030924e+01 7.141314670729443037e+00 -1.678911406632908054e+01 3.907808491167057863e+00 -7.467129089670455855e+00 -2.897133202186539336e+01 1.998427942973404114e+01 -2.078862011837290691e+00 -2.682429043982715644e+00 4.326140892947148131e+03
-4.239025162757534559e+01 2.985825335352432930e+01 -9.744223510207923766e+00 -5.242766276878382037e+00 -1.538222123320439749e+01 1.986109720382884447e+01 -1.867948494278918403e+01 2.339737371353061590e+01 -9.096131697663693672e+00 -4.152872054458440232e+01 1.831119496803081859e+01 5.618374873512642864e+00 7.740206589646675406e-01 6.513160730337435780e+03
-4.888501259814316313e+01 2.546184597871657473e+01 -5.394184960878404489e+00 -3.280078583953796034e+00 -8.845638242422166897e+00 2.539404441706292204e+01 2.033075205388029938e-01 2.805730419914036844e+01 -6.385546078260140312e+00 -5.255914814931439594e+01 -5.813412848328491478e+00 -2.423225737641048383e+01 1.842902786960991302e+00 8.015896274999216075e+03
-4.864837134699613586e+01 1.677846265411826110e+01 -8.507994681269606119e+00 -1.214982642356420151e+01 -1.521041422102226726e+01 1.573112820942385959e+01 8.309330900359546135e+00 6.923280981604969853e+00 -5.993472317867049703e+00 -3.313164882583581772e+01 -8.756714537135996679e+00 -1.750665345137408835e+01 -1.383211337973197708e+01 5.172105183893160756e+03
-5.135114816256808723e+01 2.254267014614265108e+01 -4.114816937029580401e+00 -1.202918522649124533e+01 -9.575072423553825374e+00 -3.191454066480667873e+00 3.277164200850377185e+00 6.318903075905721867e-01 -2.019102689707724707e+01 -2.509877480149799212e+01 -6.514174503238304936e+00 -5.472960834223397519e+00 -7.951904514471999974e+00 4.592998510958900624e+03
-5.919880093464310988e+01 3.690594667836797527e+01 -1.351503812936146254e+01 -2.724305757576977793e+00 -2.335027325169201973e+01 -1.853206042446518964e+01 1.001579043816860448e+01 1.152977767382808061e+01 -8.959578604014797776e+00 -1.601252652379879748e+01 1.654996114625399883e+01 -1.214369639708551318e+01 -1.357627588970220600e+01 7.120910283236124087e+03
-5.836490673484011182e+01 3.216795551229117933e+01 -5.182485983738594371e+00 -1.227394604213544582e+01 -1.860068675835644214e+01 -2.286860257433977139e+01 3.887416083451437743e+00 4.781093882049032295e+00 -1.709281141011211602e+01 -2.053417180494979632e+01 -1.233845277086321524e+01 -1.365182964609048177e+01 -1.078943017859434761e+01 6.694515093184982106e+03
-5.978872140597561469e+01 3.677305056323942978e+01 -1.168622850159746918e+01 -9.346186610851651366e+00 -1.597500211246281587e+01 -2.078589692418130852e+01 1.266923130015745436e+01 5.194211641465525275e+00 -1.946887592022529745e+01 -2.219860086056206327e+01 -1.207488576101814814e+01 -1.329747779693111553e+01 -9.786860147735298554e+00 7.315834478809968459e+03
-6.002243606049586333e+01 3.307362168932839808e+01 -6.752093616630615358e+00 -4.353087972288164131e+00 -2.155778654695812335e+01 -1.300398796381004018e+01 1.054373171315591939e+01 7.779170600821824877e+00 -2.232044344830525162e+01 -2.816843382290323916e+01 -1.469652582444077149e+00 -1.132902039406546990e+01 -3.943417902006113085e+00 7.004345049146548263e+03
-5.257906500669641048e+01 1.833724849962250047e+01 -8.005101233973153541e+00 2.022925321956878797e+00 -2.424088624781761681e+01 1.873313518260286870e+01 -4.035785160815850703e-01 1.888419854930221575e+01 -1.520441998030359443e+01 -2.250822509107950964e+01 1.760701072615423968e+01 -9.857243096322548581e+00 -1.607358628084121577e+01 5.867640210243816909e+03
-4.955395349400559724e+01 1.677461728117505402e+01 -5.927010068358788075e+00 9.293075465557802062e+00 -1.678453112975095962e+01 1.265779109132675195e+01 -2.292973363641734252e+01 1.842907030795231904e+01 -1.879041924793331475e+01 -2.608648540892799872e+01 2.951891992707953705e+01 -5.528236764619783195e+00 -2.020997312467446605e+01 6.509771894975102441e+03
-4.201758163058810425e+01 7.133764016839561073e+00 -2.981590467553359147e+01 -1.790873047527772144e+01 -2.703424169695467327e+01 -9.053197240189544415e-01 -6.709934091237418841e+01 -2.037440744266636017e+01 -5.173218785780391471e+01 -6.310837550346195712e+01 3.253280121341784081e+01 1.617093568305998019e+01 -2.201230540449305551e+01 1.713849663555375810e+04
-4.056398906630462875e+01 1.460040743114352324e+01 -2.568430391375251176e+01 -1.834606710182966793e+01 -1.562107735123062469e+01 1.327606233325359497e+01 -6.442078433144580174e+01 -1.059716618145465006e+01 -2.871438832812807362e+01 -4.301259651840565112e+01 3.756531441660838766e+01 2.014936293244012688e+01 -2.207060671030170695e+01 1.251634093608744843e+04
-3.700794633673661593e+01 1.097017449311663562e+01 -1.487782870441894545e+01 -3.606526037780858118e+00 8.725196766806336157e+00 1.482130386158282498e+01 -3.734149706663183821e+01 -1.230303783752147417e+01 -2.557140863892027127e+01 -1.750265607206807061e+01 3.933156954694459273e+01 8.677119249084746855e+00 -2.111116802371398293e+01 6.594027973647252111e+03
-4.047704080104811908e+01 1.077470006038753958e+01 -1.027164313496656511e+01 4.487163387945043880e+00 1.024203306683579484e+01 2.718214967645658575e+01 -3.781747531652303707e+01 -1.119219669758420288e+01 -2.964047078745030817e+01 -3.987613414413552704e+01 3.103530768228740300e+01 3.338952104985886571e+00 -1.369148757620620138e+01 7.909780828897773972e+03
-4.996092432329462696e+01 1.546489051518670976e+01 -6.272371595188558580e+00 8.105971148854820285e+00 6.293890267197443045e+00 2.345541571997087971e+01 -2.891135778354958319e+01 -1.436576288136841306e+01 -2.348654068569071285e+01 -3.324243879198874652e+01 1.526536463898209561e+01 -8.633455109794798688e-01 -1.703496435938071940e+01 6.652961608900683132e+03
-5.871637142837667511e+01 2.251870799873174533e+01 -2.357335781057880553e+01 8.094893558316741178e+00 -1.104306771433522094e+01 2.042670246981808191e+01 -3.795030156792553555e+01 -2.169796736776346080e+01 -3.004004606947373901e+01 -5.228646022594374188e+01 1.659753815405968780e+01 -1.368318016697649142e+01 -2.431583623764973368e+01 1.171640755416508000e+04
-5.972754560761433851e+01 2.924042443850757778e+01 -1.258610023874769190e+01 2.498751428917802642e+01 5.716690170870249332e+00 2.370710292070367231e+01 -2.288959893649472477e+01 -1.875483612938967326e+01 -7.084198925803501190e+00 -3.574363221546478542e+01 3.406121098243173861e+01 -1.616143186439577661e+01 -8.401670328327737636e+00 9.495291964519710746e+03
-6.211866923591390588e+01 3.010048797213302763e+01 -1.051357125290571837e+01 1.976163970975636275e+01 5.532496406097896724e+00 1.820191532521299393e+01 -1.171638250981149554e+01 -2.143833132122352580e+01 -1.386848738580547824e+01 -2.251161893656755453e+01 4.307906092039593915e+01 -9.279356167981131165e+00 -1.633731365388442924e+01 9.132547622870333726e+03
-6.135383566692595991e+01 1.863026812781995289e+01 -8.110227369536625375e+00 -2.875937543536908336e-01 -1.294703194296252846e+01 -3.241254747985700124e+00 -2.239580568149856887e+01 -1.484866697316324569e+01 -2.130217813163161722e+01 -2.233798133460678059e+01 1.685280139316611425e+01 -2.096591621010545126e+01 -2.951014119500827704e+01 7.624628125121522316e+03
-5.504889307108852847e+01 4.533692525433050236e+00 -9.515614556124623036e+00 2.400137693332940003e+01 -2.215747447208071819e+01 3.685454559983254796e+01 -2.741996063054110166e+01 -3.634615378735332314e+01 5.421597568753962371e+00 -3.825212237605713739e+01 1.467293755316907600e+01 -5.784658159815106337e+00 -2.326187087656239427e+01 9.922146943422545519e+03
-5.240416668359356578e+01 -5.371722368329182373e+00 -2.685042125934053558e+00 1.776364390454139652e+01 -6.231843508391679443e+00 4.719314840484720719e+01 -1.844108766830683521e+01 -1.157942200057245330e+01 -2.719864935096555314e+01 -1.023052282318390027e+01 -2.164076638332617097e+00 5.900997061342273753e+00 -3.139559226600427877e+01 7.707612772622394004e+03
-5.316462006983532973e+01 -4.468716415906359707e+00 -1.019273227417910554e+01 1.965472016935029842e+01 -9.316705037150976310e+00 4.176454616823971122e+01 -4.550904502089273507e+01 7.258251761988185891e+00 -3.590342188244692068e+01 -1.293094673502004177e+01 1.023452360996137500e+01 6.413712452642898576e+00 -4.628291708036756091e+01 1.103573445721574899e+04
-5.124202743660279680e+01 1.124643714906167702e+01 1.005747312600626220e+00 1.686899008910218711e+01 -1.405350660753767578e+01 2.289082244922200005e+01 -2.847127885402858993e+01 -1.175853934841971515e+01 -8.716124676260292858e+00 -2.807753000194174575e+01 1.815073015105793885e+01 -6.924214633645682682e+00 -2.310240514967092551e+01 6.483603243597391156e+03
-4.869540067221117852e+01 1.291686306966511744e+01 1.140949890786843834e+00 2.065480221458674137e+01 1.522956074859324893e+01 2.700455065927606313e+01 -5.619974496670999287e+01 -5.274844940312770802e+01 -3.124643149734800573e+01 -2.451607086091215493e+01 4.390136957767071380e+01 -1.458858725615122864e+01 -3.232417918186913397e+01 1.463039244550959847e+04
-4.255851691714351404e+01 1.419636384373562343e+01 -3.296584181450917583e+00 6.767890404309159891e+00 4.735812029157909997e+00 1.384010482006723564e+01 -4.746180444940841170e+01 -2.689407216739450135e+01 -1.778751211663906417e+01 -2.490115179451524696e+01 3.411441963186756254e+01 -1.389637159702915703e+01 -2.295935756306193554e+01 8.079824150788989755e+03
-4.714935375231144121e+01 2.201454811234762232e+01 -8.207439881213275612e+00 1.811475344021556921e+01 -4.510306608441577048e+00 3.498794697072072779e+01 -4.757431428843114674e+01 -2.396812212672497111e+01 -1.565740773954776799e+01 -3.605959964107746885e+01 3.260399974050190508e+01 -7.158914780106534259e+00 -9.125400223541154432e+00 9.928486739223675613e+03
-4.974752444933804441e+01 2.064772541583079501e+01 -6.431411959981335080e+00 2.338851669869671213e+01 -3.759326157827567183e+00 3.541755626104554011e+01 -3.440820402914901877e+01 -2.313982518335190264e+01 -1.821730677300451973e+01 -3.978094347980843537e+01 4.999634756810200287e+01 7.697434045714768303e-02 -5.326310436875253629e+00 1.091984637381710672e+04
-4.957749185296282946e+01 1.566629779985702342e+01 4.025633286230558383e+00 1.140452347637583230e+01 -7.387808034272657309e+00 2.137798892218351554e+01 -3.050151143133617637e+01 -1.224586853351121718e+01 -1.169728621018304082e+01 -3.952421150506196312e+01 2.507602441074787336e+01 -1.015862293136471450e+01 -7.624285889986995635e+00 6.930655233129190492e+03
-5.480768635086608498e+01 6.637064575478831330e+00 1.359262784626376330e+01 1.007664470997210415e+01 1.424528134399203338e+01 3.073998113415591860e+01 -2.561479264618659002e+01 1.008521804415252454e+01 -1.820604111963764637e+01 -8.168062656882355554e+00 1.597557609666590395e+01 9.997974543568414418e+00 -2.267413838331868448e+01 6.507407374531788264e+03
-5.345561586669082033e+01 -8.720950396796234294e-01 1.782852932708371796e+01 1.251358230230895074e+01 -7.925456254058705241e+00 4.177271277296534890e+01 -4.834551946027301028e+01 2.828733881741678147e+01 -4.183128255098640835e+01 -3.032627194767208323e+00 -2.171705558301419003e+01 1.143738289625981785e+01 -3.484074032123751863e+01 1.185331924035760858e+04
-5.496158362885645232e+01 -3.863302335009872301e+00 1.594714585849263067e+01 1.462651083970424359e+01 -1.545516428573222534e+01 4.428379616478395775e+01 -5.703055371908389759e+01 1.595863251354963630e+01 -4.267126180991089512e+01 -3.793186743742086531e+00 -1.945568265007911890e+01 4.247110780136676311e+00 -2.124488359999287113e+01 1.189415724202989259e+04
-5.901220023759199051e+01 -7.423254126175190315e+00 1.169081086227704169e+01 1.630089414570161921e+01 -2.181355678779497609e+01 4.087813011576849931e+01 -5.161266890287470233e+01 2.933159127855078818e+00 -2.707277099696973721e+01 -4.544641719501492538e+00 4.305912223354412482e+00 4.840710859656686793e+00 -1.375649569583133136e+01 9.744065715857934265e+03
-6.099868970524699563e+01 -6.812628821392073597e+00 -4.855902953959922108e+00 2.422294575155575558e+01 -2.622523406690422121e+01 3.732273858353308782e+01 -3.996388366818513305e+01 1.633686214994463626e+01 -3.394957025752960078e+01 -1.902011191435633464e+01 -1.623549900717411631e+01 -1.080268266068175542e+01 -1.538750880511788388e+01 1.045374051739785500e+04
-6.042588311109957999e+01 -1.165879462505376196e+01 4.373370401899938642e+00 1.002346808899840624e+01 -1.670212806366476954e+01 2.345899385531027903e+01 -4.048430458037427826e+01 1.588088998273856944e+01 -4.050479381097275677e+01 2.453345275899718292e+00 -3.630486470303816304e+01 4.637462736740280533e+00 -3.188896520727170980e+01 1.063039077007108062e+04
-5.494543644243970704e+01 1.275059502478615769e+01 1.691015940187921274e+01 7.811104728638828654e+00 -1.796864164426678556e+01 9.752962514773754199e-01 -4.243571240143364065e+01 1.523311314478142720e+01 -2.961396793893223389e+01 9.119305453339302758e+00 -1.556662976350356864e+01 4.810566514343749489e+00 -2.174108597876416482e+01 7.583491376790483628e+03
-4.938487317020091893e+01 3.857949056808811861e+01 -6.340338146315680490e+00 -2.185630471916739026e+01 -2.941491539120907461e+01 -2.611059950979215394e+00 -2.625347194179738963e+01 7.721519491032995397e+00 -2.890589054911719558e+01 -7.355487482556771539e+00 -5.369737687137337012e+00 -8.048916920041417455e+00 -2.625997339135297537e+00 7.056230981088626322e+03
-4.578800844723919994e+01 4.437591185518538595e+01 -1.707968807313793747e+01 -2.350535195365382179e+01 -2.072416756856785014e+01 2.159432524309203671e+01 -3.710783168082548400e+01 3.340290563569629967e+01 -1.823173042733776228e+01 2.686301232491684843e+00 1.653832133588874242e+01 3.601709458572224243e+00 9.448553672326623243e+00 9.013907625577405270e+03
-3.852926276238061831e+01 2.408871448530564408e+01 -1.326001245028023590e+01 -2.589062341405769985e+01 -1.231937996422956516e+01 5.163273955204416232e+00 -1.659529566879428586e+01 6.728320563073495464e-01 -2.560205776503693187e+00 -5.900454519744338988e+00 1.843270391376205453e+01 9.774574481409715077e+00 1.746980072640121051e+01 4.147076461910361104e+03
-3.808732750475270024e+01 2.471571142846693192e+01 -1.458833173410811135e+01 -1.900627238602707081e+01 -1.174797390013016418e+01 1.154210378194437858e+01 -2.842014805447511705e+01 -1.628546111952655551e+01 -1.240621004854564546e+01 -2.116290844122634240e+01 1.660029144748627417e+01 3.834031874605371204e+00 2.022432478927164823e+01 5.280800361650281957e+03
-4.168852066910152843e+01 2.655170840963570811e+01 -6.936947367901241890e+00 -3.237924441643317408e+01 -1.074592852427750245e+01 1.531655288990922514e+01 -3.725641917904101774e+01 8.510773854017047668e+00 -2.024769468344825896e+01 -2.288399017676468716e+01 1.915396814661339064e+01 -8.541074553908263312e+00 1.747839029697524893e+01 7.028973220804178709e+03
-4.199226276134267266e+01 2.053059287177307368e+01 -9.223416094305374457e-01 -1.182602265725017965e+01 -9.822735976341771647e+00 1.726025198534530603e+01 -2.010008159428527819e+01 -4.900550399307020299e+00 -1.465770002784239168e+01 -1.468213115775968269e+01 1.867916268529413770e+01 -1.305507951187557936e+01 4.036496515498214421e+00 4.114044685634613415e+03
-5.046712189200358978e+01 3.371716278219927432e+01 -9.287331564245281612e+00 8.621524922124863544e-01 -1.486149722344373636e+01 3.365733568065751058e+01 -2.930063833979746946e+01 9.382479906241343315e+00 -1.476596983695777077e+01 -5.143309928522262453e+01 2.170475036236245003e+01 -2.342826120146840552e+01 5.614238883250395773e+00 9.985910830565664583e+03
-5.121091325913628367e+01 2.735568693270918672e+01 -5.033548084897642383e+00 -1.192668043892222052e+01 -1.840612973130716412e+01 1.399744304220497426e+01 1.325140932200094879e+00 7.158749436539369349e+00 -5.245081399758991125e+00 -2.940061216020539447e+01 1.017535418146958648e+01 1.776432817567796807e-02 1.271774580985593950e+01 5.283377353459879487e+03
-5.704365592176591093e+01 2.671172708084448999e+01 -6.130026202921830425e+00 -1.013896244488747023e+01 -3.191717223377246171e+01 -6.593089417094832871e-01 -7.084019648259950230e+00 9.192617781088182838e+00 -8.057201482454763308e+00 -2.631198237886972890e+01 9.881243427612691477e+00 -1.791704801139188419e+01 -4.964103327839582747e+00 6.462239768399264904e+03
-5.927590284492222139e+01 2.936983599378404008e+01 -9.468868790147382697e+00 -8.277056952587818373e+00 -1.808969888642203472e+01 -6.807897561851194990e-01 1.292924133901990658e+01 8.169242165925341581e+00 -3.821682389753813247e+00 -6.971760347136077840e+00 4.962427286908784652e+00 -3.998468637744482912e+00 5.236184167441679804e+00 5.227233311291843165e+03
-6.367462321543111869e+01 3.106045129202221844e+01 -1.894463506797388419e+01 1.719941337440107076e-01 -2.181579183325939653e+01 -1.460242953046841663e+01 1.360922018386478705e+01 -7.730268773601661536e+00 -1.411847590382938122e+01 -2.264992834444673875e+01 1.344155331478584969e+01 -1.554873080078458036e+00 3.895415947043751270e+00 7.222883573826838983e+03
-6.669158999584051628e+01 2.173213505725303563e+01 -2.385780213368968816e+01 -6.310563564181395968e+00 -2.966173407171399745e+01 -1.200872657547971478e+01 1.016391460068595975e+01 -4.557181874348954498e-01 2.292147791046374561e+00 -2.542879836045263886e+01 8.454374791243701281e+00 4.028682960982257200e-01 -3.063712305863722118e+00 7.389515443270426658e+03
-6.686642167675671544e+01 2.135063656735793813e+01 -2.797909504098754851e+01 -9.582305770507044684e+00 -2.922413198733064021e+01 -2.080640912976729240e+01 7.873760099689184777e+00 -1.048342453583228462e+01 -1.903605335028285239e+01 -3.941096082470286177e+01 -1.783400980537471980e+01 -1.803238730828961778e+01 -1.091216346462935682e+01 9.938362581805718946e+03
-6.619589547340233082e+01 1.694549820177041610e+01 -2.156988165205040175e+01 -3.739098676727629300e+00 -3.098835155096875127e+01 -1.928161338247869949e+01 -8.014985187427010160e+00 5.592772807574010407e+00 -1.684844042165677536e+01 -1.278768036841731970e+01 6.034314072869042533e-01 -5.324126329707372207e+00 7.072663790091031188e+00 7.101992519511773025e+03
-5.563585994357269726e+01 -1.954238535111364694e+00 -1.696029446587937173e+01 8.028754922876341737e+00 -2.060833533828602881e+01 -3.259193024675884676e+00 -3.816388248122002125e+01 2.722154600621612275e+01 -1.171697492909435034e+01 1.424373601935869704e+00 -1.423445664406616018e+01 4.534893108780606497e+01 -1.514317210313375028e+01 8.711878081240587562e+03
-4.388618050527992409e+01 -2.515532939999139117e+01 -2.908266972057719357e+01 2.661721972761987942e+01 -7.850896105347317189e+00 -2.551934434095272053e+01 -4.079502176783736189e+01 3.201923164064884730e+01 -4.356975603781237716e+00 -1.316261226008423080e+01 -1.382994242284240727e+01 2.241086783859564235e+01 8.347726711426428636e+00 8.470840445681647907e+03
-3.804790073503123438e+01 -1.916124857388046721e+01 -2.961340477539213722e+01 2.954892159723385703e+01 5.922838885490131627e-02 -4.044876161335935194e+00 -3.142125536782420880e+01 3.319619094344091081e+01 -1.966671155916066338e+00 -1.194228785554924244e+01 -2.545864757182869642e-01 1.866728097798375074e+01 -2.557569986331451606e+00 6.172095012689426767e+03
-4.645744650826186017e+01 -2.773104722334292305e+01 -3.991152424241114005e+01 4.548537335634917866e+01 -1.084175442066412387e+01 3.311591467736569872e+00 -4.495609320279412913e+01 3.095458779462062537e+01 -2.016119048756318932e+01 -1.043662511539379878e+01 -6.269897433115223073e+00 1.402952499449265744e+01 -7.773125546891614057e+00 1.050885878328639956e+04
-4.957720860379799888e+01 -1.152528134987146657e+01 -2.071700721333268547e+01 4.583865371122223564e+01 -5.667900066592624242e+00 7.252294060344367743e+00 -2.128712005763710025e+01 1.203504261220786731e+01 -1.196465611094242654e+01 -2.517437624828926701e+01 8.464410244110732506e+00 1.674281845856081574e+01 1.910326243075099795e+00 6.936332648816780420e+03
-4.630852360938209245e+01 2.404851467510694718e+01 -3.006265795852774403e+01 2.875085703949626037e+01 -1.228628223016240106e+01 1.373667062744200784e+01 -3.124408166061110848e+01 -1.249400006406351871e+01 -4.046314113612447017e+01 -4.354777171323762275e+01 7.236079610059615419e+00 2.236713367434522937e+01 3.265746347548552198e+00 1.002211595630416377e+04
-4.354439409543595474e+01 2.337407109314328935e+01 -2.925368065555506902e+01 6.692038195132720801e+00 -7.863718848581088494e+00 8.535830641165425448e+00 -3.763498814175791551e+01 -2.581305065838312274e+01 -2.789085233265247510e+01 -3.579014774925727238e+01 4.621052939366878221e+00 1.888559457613106574e+01 4.771529939010425103e+00 8.020048689771753743e+03
-4.084631355968270583e+01 2.964255827076891592e+01 -4.319823703920617675e+01 1.390259829526110558e+01 -4.701905004704990176e+00 3.093863245077779567e+01 -4.511029430700899923e+01 -1.406928403346680234e+01 -2.073920322034026853e+01 -3.580261942375849316e+01 2.594720164791583628e+01 9.838633291941237147e+00 2.479399450585061970e+01 1.091540305896772588e+04
-3.729959722905849873e+01 1.797657489318645574e+01 -3.658088792588603866e+01 -1.637751271369041461e+01 7.904506890551311615e-01 8.943586892507403574e-01 -4.388162768449871720e+01 -1.222035641315241072e+01 -2.745704646220670142e+01 -2.676763539183089335e+01 2.176624416160666087e+01 3.557943010186823241e+00 5.380239159912772351e+00 7.382931553018010163e+03
-3.504593011930155910e+01 1.551177230174661759e+01 -2.673606813096171564e+01 -1.445055226827775385e+01 1.357907577409824817e+01 3.585523629499550502e+00 -2.605278885527721755e+01 -1.161053084668056634e+01 -1.607942566479221114e+01 -5.450467798252424778e+00 2.947517434614098875e+01 2.696678209431766149e+01 9.569531183531184482e+00 5.379092305345395289e+03
-4.145330204738576896e+01 3.523796912407409820e+01 -5.346338649432340162e+01 -3.584988481176639930e+00 -4.177995217117770110e+00 2.285558523134569242e+01 -5.753294332701379687e+01 8.549910620366109271e+00 -2.718199389542782285e+01 -2.113722566321917995e+01 4.320887908071317440e+01 2.876929739621432169e+00 2.816760535514827524e+01 1.360859156471047936e+04
-3.361821287285263082e+01 1.328935697546740435e+01 -2.419128737010785812e+01 -1.742916485937687554e+01 4.739391881500308656e+00 -8.545847180999124326e-01 -2.196288950404151308e+01 -2.348708251864909968e+01 -2.023931133303239349e+01 -1.195798635573420121e+01 1.323527055929952745e+01 1.973261458269235291e+01 2.037137262126086146e+00 4.374310683146752126e+03
-3.552008362925799645e+01 1.374223049187802204e+01 -2.234159786611228071e+01 -1.710617192256787078e+01 3.965138019493974930e+00 1.944599215535758763e+00 -2.840447805478046206e+01 -1.656709595378445243e+01 -1.612615913966481429e+01 -4.009955142866250988e+00 2.877448472572403304e+01 2.241904691476002398e+01 4.719906081612634807e+00 4.972075078567986566e+03
-4.245025017503848375e+01 2.804541106244419169e+01 -2.671977759318351175e+01 -2.042721439304574815e+01 -3.811208533960946943e-01 1.921835647526404856e+01 -5.437505694577073712e+01 -2.523972086721376407e+00 -2.575643512453365247e+01 -2.777967292061352467e+01 3.676343569077406670e+01 1.300956996233345597e+00 1.209191127023930790e+01 9.986855344702693401e+03
-4.528603305635930809e+01 2.894689399914885186e+01 -2.938205607201822289e+01 -1.231756621543086005e+01 -2.323573872792812356e+00 2.421874213823439348e+01 -5.970441368856904063e+01 3.265822569520181240e+00 -2.439799931190359317e+01 -1.446129674207433879e+01 4.539618472969753782e+01 1.425224365357841982e+01 1.785636911629597279e+01 1.145818562499954533e+04
-4.302667323116094877e+01 1.963558680063015061e+01 -1.757625902029239384e+01 -1.403508860013589121e+01 2.762045343081700466e+00 1.970837824227839619e+01 -4.623216394764934023e+01 -2.403157778570064451e+01 -3.234525906404648055e+01 -3.101354592727216541e+01 3.605080327747759839e+01 1.637593628409803515e+01 1.408687945308481737e+01 9.628065946839989920e+03
-4.863515442740943939e+01 3.226408263983788771e+01 -2.941973697732100490e+01 -1.777003729508895624e+00 -1.488031488578901929e+01 3.460535404326889619e+01 -5.978831868968955376e+01 6.335127071528516396e+00 -2.657189572181165715e+01 -4.453175898263108223e+01 4.114780150291214511e+01 -2.696656077952883024e+01 -1.183002722355951608e+00 1.441963879172836641e+04
-5.087330627451534326e+01 3.067120332619694523e+01 -2.141703544148051108e+01 5.209987815625860996e+00 -1.603920550317266347e+01 3.759679671290638936e+01 -4.122663374391704849e+01 -1.480494968275957390e+01 -1.491673381723845004e+01 -2.796705745046798697e+01 3.422012088117764250e+01 -1.934239364137684447e+01 -9.738321123600102158e-01 1.015500495022246650e+04
-5.132015652550989415e+01 1.503312260793590127e+01 -1.044464933532758621e+01 -1.347788310058852801e+00 3.183033203035320891e-01 3.080154765453339749e+01 -2.171445671919731879e+01 -1.243142924119599257e+01 -1.148888136174224783e+01 -1.696938161996322236e+01 1.800654051885623375e+01 -1.049604535797866411e+01 -1.068742493756073442e+00 5.401054180361775252e+03
-5.093767879600312654e+01 5.387899666568596757e+00 -2.086643161221834131e+00 1.217993664123229181e+01 -1.899169448392250459e+01 4.474470017011911693e+01 -1.407449912387506963e+01 -9.618073993113513964e+00 -1.700136999629147283e+01 5.705012444555679352e+00 2.534029686766922396e+01 9.233553896952338746e+00 3.898874081307807105e-01 6.478887969661865100e+03
-4.868445481313811030e+01 -1.552764690676727177e+01 -1.389556700346470564e+01 1.538137303255047605e+01 -5.364481546086764041e+01 2.965775711489570909e+01 -2.028432685512187916e+01 -1.551566789934063939e+00 -4.270456220566296679e+01 3.379251653779835607e+01 1.384406368722507219e+00 3.437504020453621933e+01 -1.506471890511079081e+01 1.158828696889566709e+04
-4.743254792153059185e+01 -1.846504577736235575e+01 2.237518906526270723e-01 2.434943015423053225e+01 -5.241095793833389394e+01 3.139484688388806433e+01 -2.307353889939714264e+01 -1.079775159726351674e+01 -4.731819254272149777e+01 2.531702818099426366e+01 -1.186032484854496083e+00 1.949411193227962258e+01 -3.243853749504272965e+00 1.083718681306635699e+04
-4.894016337140653405e+01 -2.511776218975356301e+01 -1.521169779769231178e+00 1.487779671481935928e+01 -6.128060520508185505e+01 2.422902532923354713e+01 -2.691920150266146194e+01 -1.767130135145325198e+01 -4.295122535193812041e+01 1.434802673230099579e+01 2.720073647371474834e-01 8.344075774112216237e+00 -6.015907235741145165e+00 1.078554326327129638e+04
-5.104009993296777736e+01 -2.335115142604624694e+01 -5.617024073184506250e+00 2.967088447184197264e+01 -5.519511480920728275e+01 4.083483788877926912e+01 -3.035605880852148175e+01 -1.665106216574392306e+01 -3.345405523852397778e+01 2.266772280502228654e+01 -4.223101643621517631e+00 3.281203955739611544e+00 -9.350545755615444321e+00 1.172404634259486556e+04
-5.106415176057495131e+01 -3.349451461647839068e+01 -1.457224166453420677e+00 1.975778817240798446e+01 -6.501287527683463452e+01 1.678240110772684446e+01 -4.002653704703975279e+01 -1.797094950708567751e+01 -2.571082907315124544e+01 1.360930374521509378e+01 -1.030086774362160362e+01 -6.269560654951812140e+00 -1.247761559981500312e+01 1.170269147121648712e+04
-4.957589660462330983e+01 -3.389943086316071685e+01 -2.966386460960675375e+00 2.496442459324577356e+01 -5.787605795782379658e+01 1.426667995168229375e+01 -2.948352846628847246e+01 -1.093901046376406061e+00 -2.843410098749941994e+01 1.462493045003175851e+01 -9.741334673874419536e+00 8.882654403763282858e+00 -8.280950151768864398e-01 9.859481774283824052e+03
-5.089485227370939668e+01 -3.865002999128884653e+01 -6.420670253346014711e+00 4.769510381059510706e+01 -6.788599274052130284e+01 2.609607286983383645e+01 -3.454542466083798757e+01 -7.566846896894580121e-01 -4.410097983019094414e+01 2.819743286780025571e+01 -1.333727286574482207e+01 1.517015991639690320e+01 -9.519633784488066297e+00 1.612226237569907607e+04
-4.661561024379567186e+01 -3.947149804349091795e+01 -4.605597703818253841e-01 2.103952363565225170e+01 -3.535810396301216940e+01 1.841444181977326622e+01 -4.938877502586370483e+00 -3.130941907200985863e+00 -6.713458148274377812e+00 1.234097446558623012e+01 6.729716315652635394e+00 2.099060277026667531e+00 -1.914561173644226511e+00 6.048101289213113887e+03
-4.869608929204427028e+01 -3.679957940566673358e+01 4.272299747828884442e+00 2.324962029887118575e+01 -3.835114609960096743e+01 2.833169748569679669e+01 -9.588300815666444876e+00 -1.395684082773262702e+01 -1.530743275949446591e+01 1.687808980496791733e+01 -1.133497776756701469e+01 4.663207168064799291e+00 -2.575006153003593923e+00 7.520585245868595848e+03
-5.084892014853555509e+01 -3.986830257466875338e+01 -8.456150186001474278e-01 2.751876399663163042e+01 -4.441775351356726986e+01 2.836627001595801190e+01 -9.549222002489630157e+00 -5.890258818270962315e+00 -2.057467040348871734e+01 1.572832119789760519e+01 -2.268761202996970994e+01 1.499487787918862836e+01 -1.829735711731819237e+01 9.581621088358093402e+03
-5.462915827140469105e+01 -4.179848771834262777e+01 -4.552284856168332006e+00 3.773601337098575925e+01 -6.310636290396273296e+01 3.356003794082636915e+01 -1.629441968241630789e+01 -4.423712066334200443e+00 -2.481411163124273500e+01 2.591832528907594124e+01 -2.199821343192133583e+01 2.100715220203565536e+01 -1.926647126013781985e+01 1.415387351281013798e+04
-5.437589142977392243e+01 -4.774224009547976522e+01 -3.331742209792090126e+00 3.657747099079415420e+01 -4.314433391485034974e+01 3.839279024526372552e+01 -6.342425502524079661e+00 -6.217053858053941617e+00 -2.197655333431787028e+01 2.042926975359280561e+01 -1.610648676060166196e+01 9.148875107877781687e+00 -9.183045217653090120e+00 1.132716207015345208e+04
-5.435026875364491161e+01 -4.386192077145960866e+01 -5.525560451644690119e+00 3.857422803275161982e+01 -5.625026635336638492e+01 3.852911238281590300e+01 -1.875461671954226972e+01 -1.484696276737496712e+00 -2.966978219301241282e+01 3.539123623017249542e+01 -3.298568182419839445e+01 -3.559367122011428464e+00 -1.524504349569018302e+01 1.486481885932880868e+04
-5.536896970309971522e+01 -4.309559606256639341e+01 -7.728757661959740899e-01 3.845927737807613056e+01 -5.809694184572587972e+01 4.637730382841098731e+01 -1.296435564962389897e+01 9.510230606904388040e+00 -3.396190412481888643e+01 2.904265517769865568e+01 -2.998491226324536996e+01 7.619990169383596523e+00 -1.677004706890649643e+01 1.542257496905273001e+04
-5.579343365873203453e+01 -4.378939344657031540e+01 -6.236447120961042145e+00 4.022926631640405049e+01 -6.301958110431581161e+01 5.000647847525474532e+01 -1.532067997098294754e+01 7.231556014976084690e+00 -2.256862613390546812e+01 4.065081349572783154e+01 -3.011953728457878299e+01 2.563517994536110933e+01 -8.202785742303730032e+00 1.724030568256790866e+04
-4.774824125580903456e+01 -3.585720185594523457e+01 2.560332403201040385e+00 2.673418186195208790e+01 -4.414180501332466378e+01 2.714564777479808200e+01 -9.558629527195446229e+00 -3.891468677573969082e+00 7.393718542303671093e-01 1.642041343615625237e+01 -2.335719564036645579e+01 1.364752766373395687e+01 -6.581697183018043518e+00 8.124110305135054659e+03
-5.093138807685405567e+01 -3.611591669489799727e+01 -4.251920766690944653e+00 3.445493577550097797e+01 -5.476345382609737555e+01 3.885238876585230372e+01 -1.911121432586006108e+01 6.419545680632847251e+00 -1.585241866295961621e+01 2.956671801619436124e+01 -2.437843496081130468e+01 8.479963076804384770e+00 -9.332403258666486678e+00 1.189738183439849854e+04
-5.598920328723760065e+01 -5.617495879923561120e+01 -6.757096508590088035e+00 1.832182765572700234e+01 -4.707874135495094947e+01 3.753711823353641108e+01 -1.400243277434320976e+00 5.172359029421859766e+00 -1.402454683220210363e+01 1.302284764069637824e+01 -1.764957653252107406e+01 4.415111239755294292e+00 -5.609211419113258046e+00 1.105466820102056226e+04
-5.414986940041062979e+01 -4.640988913640360636e+01 -1.561724366415483845e+00 2.845516167853121914e+01 -5.960525186801149289e+01 3.515154282335662828e+01 -1.364139218114775609e+01 1.796120007408009034e+00 -1.653657989779076232e+01 1.655079310772597978e+01 -2.649165220523763153e+01 5.310405268185236949e+00 1.049236973947471840e+00 1.215444818182896779e+04
-4.887560400545292794e+01 -4.463773426756765872e+01 1.783269550752230703e+00 2.678980591810931244e+01 -3.615321278736121968e+01 2.253170981421337871e+01 -8.570830255412944521e-01 2.274543800687469197e+00 -2.290848132993410571e-02 1.192435742085152661e+01 -8.472385698593390302e+00 1.605985385329807613e+00 8.378367207636363556e-01 7.140119925227506428e+03
-5.448495350600994414e+01 -5.135492554309410451e+01 -6.817988143285037772e+00 3.360294323648465564e+01 -4.896748375453116608e+01 3.220299173618590771e+01 4.902925234434734492e+00 5.151096918684913817e+00 -1.516816030595405884e+01 2.155754553561464704e+01 -1.450329752867694211e+01 -6.671677700464058169e+00 1.198607017671009523e-01 1.121667305561570720e+04
-4.468539981809833961e+01 -3.209071412390358802e+01 -3.843890129300927327e+00 2.753293960702774967e+01 -3.945146978277595906e+01 2.049318369372606696e+01 -5.034576871592964409e+00 -3.180706173374250767e+00 -9.173408645248281701e+00 1.013415747765421493e+01 -4.395537842330622169e+00 -4.083317640163725004e-01 -1.521521691326650050e+00 6.019945136543841727e+03
-5.069730490563017611e+01 -3.516781071013519266e+01 -9.713365567219520713e+00 3.925885529132627028e+01 -4.678962466251743990e+01 2.049630865095862120e+01 -7.405546081143960180e+00 6.558233876139072827e+00 -2.713523117138558405e+01 3.084075393130935083e+01 -6.777036654071796562e+00 -7.117320089805819094e+00 9.581229004522863468e-02 9.933885537817201111e+03
-4.881140057760956097e+01 -2.250360383931716513e+01 -4.787513850324837783e+00 5.285106859753206265e+01 -2.902615618597373626e+01 1.170290562754848196e+01 -8.821251425816024394e+00 5.570600748541784775e+00 -4.250123575841455903e+01 8.507800271246175328e+00 -2.385811960516330643e+01 -3.531050302534627150e+00 -1.045007979251322006e+01 9.363062626800801809e+03
-5.132573401984152639e+01 -1.107000472662979185e+01 1.586402396561358286e+00 5.828671815419993862e+01 -8.355304363915438515e+00 1.918873110051793418e+01 -1.299299967838575043e+01 -3.179202726843869620e+00 -4.261117586282266245e+01 -1.042605107110479778e+01 -1.996989251972801682e+01 -1.114326978927422473e+01 -2.093749439286379754e+01 9.659440635603561532e+03
-5.026622594815385270e+01 5.426682902479486259e+00 -3.495444676020231789e+00 4.814180178934878995e+01 -2.379574998063366209e+01 3.045836208858558436e+01 -4.467953671058606346e+01 -7.726741138972831102e+00 -4.048823375763505084e+01 8.671684577932976978e+00 -2.189192859325900642e+01 -8.317598663043654916e-01 -1.941407844176243103e+01 1.100725662894701236e+04
-4.833968837295478949e+01 9.190680212664599225e+00 4.820210080290271981e-01 3.241857970861957483e+01 -7.407260011118143694e+00 4.011170086277950908e+00 -2.737836957492513434e+01 -2.667989847097533840e+01 -1.411802399441866029e+01 -2.087545880265504650e+01 -1.384814405864341857e+01 -5.831958132868110489e+00 -1.490332040189495366e+01 6.087734988940581388e+03
-4.883136605174333056e+01 1.562724781931320273e+01 -7.058356979931539321e+00 2.968591250928838221e+01 9.336399904028978014e+00 1.051438646362655938e+01 -3.793741300491021917e+01 -3.020399674239649457e+01 -4.661167252391132720e+00 -2.625899521797122560e+01 -6.844771487092947027e+00 -6.286325265958367936e+00 -2.912272286779118957e+01 7.754799479551441436e+03
-4.960389336567607188e+01 1.867512326879048956e+01 -1.625903473383890230e+01 3.257506462369833145e+01 2.485583416306487337e+01 8.426727463786878758e+00 -3.354053718876092915e+01 -1.622679146740091838e+01 7.010839086078671789e-01 -4.082210052206774265e+01 -1.327482161662537230e+01 4.649974471382907204e-01 -2.403474300520968399e+01 8.632937528366333936e+03
-4.914481016949886794e+01 1.527035896782555646e+01 -1.962575289153627267e+01 2.393687520113353528e+01 3.301920613282401717e+01 -3.957380738328721392e+00 -5.106430808745619032e+01 -2.194129168631822679e+01 3.347627800236826268e+00 -3.878238848147013584e+01 -1.488531767585428867e+01 -9.965988418743787491e-02 -2.351129360504419452e+01 1.009109688742416984e+04
-4.756334891963624045e+01 1.773643412386633145e+01 -2.375473672781372869e+01 1.838241156188347247e+01 2.540315445576812436e+01 -1.777886213839297369e+01 -4.055346876745228712e+01 -1.352642810194634571e+01 -1.234356132287988750e+01 -4.124589854932952449e+01 -1.821365527063153777e+01 -1.512401437545157545e+00 -1.768407429775916384e+01 8.768348842696608699e+03
-4.990978358737555709e+01 1.499499410690089363e+01 -1.623274946721618761e+01 2.864007041721437119e+01 4.167436052026462079e+01 -1.507225707052811003e+01 -5.092297585014438255e+01 -1.878029273236482410e+01 -2.408342203279569826e+00 -3.400106476265474953e+01 -1.899434399279698127e+01 1.651528466875430201e+00 -1.603791965533424246e+01 1.049196629132073394e+04
-5.297254069637489238e+01 2.376842744755466086e+01 -2.555981991593207781e+01 2.849204234724127716e+01 3.373017130349187909e+01 -9.767405901737703289e+00 -6.341957463043287646e+01 -1.756825241232878909e+01 1.493560469865197637e+00 -4.919970990625628815e+01 -1.583318538998404179e+01 -8.830449207763365393e+00 -2.374711364491238896e+01 1.371537587275697661e+04
-5.232746135913316010e+01 2.456087019000437266e+01 -2.326735175724452631e+01 3.976715782649180397e+01 3.567090341087561711e+01 1.526736839538917589e+00 -7.170489807413946437e+01 -1.446989289071951035e+01 3.184830318267475757e+00 -3.118673363584102987e+01 -2.856190487446102821e+00 -7.135027112461765242e+00 -1.218644632718422827e+01 1.328024194890166291e+04
-5.027122132014874012e+01 2.205951810681434466e+01 -2.120882965741446924e+01 2.738963884910087643e+01 1.995899713796834618e+01 1.200405335566444087e+01 -8.297759392024683223e+01 1.069730572603068808e+01 -4.723078041612437161e+00 -2.617228901755739656e+01 1.007749090945739923e+01 -1.872175808266415586e+01 6.838811862496145366e+00 1.296212268518659948e+04
-5.425134578136470509e+01 2.766542044045329973e+01 -2.525834289313443648e+01 4.183274879830881332e+01 3.235427297743721908e+01 2.518648159659912178e+00 -7.518579594396211974e+01 -1.632082116535144323e+01 1.429127532573151838e+00 -2.618350151591074138e+01 -5.133740492297133251e+00 -1.901541864683430916e+01 -1.328346476382507113e+01 1.432097247968145348e+04
-5.692870199552186961e+01 2.122196258090211529e+01 -1.406656077554886508e+01 3.657841620094766455e+01 2.530591893913416612e+01 5.751789902198338744e+00 -5.912642411443479773e+01 -1.461151608110607114e+01 -2.508276612769834824e+00 -3.403764613177803966e+01 -1.291686025890744460e+01 -2.947477118891686132e+01 -2.130561510037191297e+01 1.226438997783425657e+04
-5.901294824422791407e+01 2.375220535942288791e+01 -9.191592033758869462e+00 3.681893156677023882e+01 2.313869032645869339e+01 1.279683249094006037e+01 -4.291346761717410629e+01 -2.726599166253270923e+01 -2.889731763422635158e+00 -2.057629723694212487e+01 1.945474272147446060e+00 -2.152869299021539007e+01 -2.166021248386639186e+01 1.013914117634647846e+04
-5.965421440074217685e+01 1.857911973680208106e+01 -5.528167204038585414e-01 2.205677051763852248e+01 1.946146903308615705e+01 -2.580369366917347307e+00 -2.816611485659158376e+01 -2.140728145892864731e+01 -3.715915568519417178e+00 -2.179637122769337410e+01 -1.454322582996781676e+01 -1.786154493680648869e+01 -2.062479767534495778e+01 7.472436837957966418e+03
-6.318731117772643557e+01 2.779146904361205372e+01 -1.253935600912778625e+01 2.753502275800629917e+01 1.504132066062034490e+01 -4.968929073193923074e+00 -1.782738848828884670e+01 -1.795606815907678566e+01 -3.915680619029375809e+00 -3.739644355463966718e+01 -1.013869459101489490e+01 -1.863697583699513416e+01 -2.224012005945591852e+01 8.930162202139496003e+03
-6.667704984885732244e+01 2.248906562347833571e+01 -1.209782613086746395e+01 3.943527679515852213e+01 2.454399602189194241e+01 1.313037717658005832e+01 -6.288914424550599236e+00 -2.245183747435098454e+01 -8.374825523495498913e+00 -2.761925784512152049e+01 4.671408946413337482e+00 -1.727252903155804376e+01 -1.780409790059520603e+01 9.441644827512405755e+03
-6.779618363117907620e+01 2.196850742626264363e+01 -1.145964599065994527e+01 3.298512073240257081e+01 2.616121691487007439e+01 -1.073771731115452210e+00 -1.142218110424805921e+01 -2.469480697161695559e+01 -9.387359384917235872e+00 -1.573521864017010508e+01 -4.260062920854012170e+00 -2.738403278747120240e+01 -2.283194449429671380e+01 9.349192177254950366e+03
-6.793393142248682182e+01 1.558985557612355244e+01 -9.412582318365203093e+00 2.753639076634661720e+01 1.948930172181380271e+01 -5.595605824523043559e+00 -8.839238601756420621e+00 -1.618471863255626175e+01 -2.068069873256736813e+01 -1.829131948680348785e+01 -5.869064131810103335e-01 -1.542586524728871034e+01 -1.380714800499520400e+01 7.647335882590314213e+03
-6.820236983575563272e+01 1.649507751604556560e+01 -1.555518857219617601e+01 2.485407091628645659e+01 1.819356694082557624e+01 -8.616855828286221097e+00 -1.210167086150455695e+01 -2.668384601053586991e+01 -3.091382370532224044e+01 -3.063543060010844599e+01 3.746591808430810744e+00 -1.252633002411325158e+01 -1.340258357795615396e+01 9.291842968805776763e+03
-6.765270042553596852e+01 1.557446567123514747e+01 -8.969717205704572649e+00 2.447168159506506058e+01 9.378830033129943899e+00 -7.808861729508608462e+00 -4.610900104505706310e+00 -2.407587887261620807e+01 -3.023322579264462462e+01 -2.584624643270639766e+01 2.700137333824004671e+00 -1.429953382781497595e+01 -1.877485696874903454e+01 8.394959060216437138e+03
-6.870513980099489970e+01 1.356326865519094049e+01 -1.412779189952789416e+01 1.984655858640718051e+01 9.836469885941911073e+00 -3.213227999390466660e+00 9.057761894502149858e-01 -1.675817398500793942e+01 -2.732043002060120784e+01 -2.455467351882229465e+01 -2.694570446018701437e-01 -7.668303144620944423e+00 -1.443157663221056630e+01 7.503060455612053374e+03
-7.148011392274074183e+01 1.279360650401124744e+01 -2.281566774833045486e+01 1.956735082572315676e+01 7.144483803998379123e+00 3.634467183173103688e+00 1.222185930927087050e+01 -1.084556631118885406e+01 -1.454243309034962550e+01 -2.224498715959663997e+01 -5.205958916413856441e-01 -1.064124991401665810e+01 -1.389626847289302169e+01 7.520707432247361794e+03
-7.277696393387574858e+01 1.307327405814820587e+01 -2.343687341729478035e+01 1.883791058812049357e+01 8.196682503417397569e+00 -5.223444896200102328e+00 1.278022201084600873e+01 -1.734238059549397803e+01 -1.994575957404412136e+01 -2.818893351875876263e+01 -2.831900554011131721e+00 -2.487022473848479009e+01 -1.951854800992257921e+01 9.130083858564143156e+03
-7.355150136753186985e+01 1.223080389325995121e+01 -2.414840302671233729e+01 1.859764396458473001e+01 1.204203467670734007e+01 -6.058249708230726505e+00 3.870444525120513846e-01 -2.439356688460279443e+01 -1.775019078062546285e+01 -2.480613103413203646e+01 -1.561947085591406104e-01 -2.120257176942783417e+01 -2.055987997832639280e+01 9.068038065290555096e+03
