-9.068606098685108918e+01 -1.242796781112795301e+01 -3.017610690671438434e+01 -3.972105831838878554e-01 8.046289776123163762e+00 -2.370170681722581563e+01 1.384464770343363860e+01 -9.839354824142555245e+00 -1.320550819652128105e+01 7.907615996433000616e-01 -1.269957810344162041e+01 -1.392201773935887665e+01 -2.295725095990070486e+01 1.126132008832895917e+04
-9.048700481338401858e+01 -1.007081414664118846e+01 -3.109623379155580380e+01 -1.090425750249848313e+01 6.491195850683923574e+00 -1.869036718914107098e+01 2.142904791288927058e+01 -9.341029596533221735e+00 -2.025775642669425025e+01 -7.865113924380193744e+00 -9.082957636528526280e+00 -6.240093212469921546e+00 -2.331227467979664425e+01 1.145026004894685684e+04
-9.136598895429770550e+01 -1.287812906419697789e+01 -3.206317184083602001e+01 -4.446769226555661092e+00 7.738152177771249640e+00 -2.425482330910042350e+01 2.479839216460124973e+01 -5.480627510966727733e+00 -1.637481340008516995e+01 3.765172226708984216e+00 -2.882346559411534059e+00 -4.873889891883262493e+00 -1.464080914360952157e+01 1.138331092811628150e+04
-8.905066854541291832e+01 -9.586462996109213819e+00 -2.650728046068047306e+01 -4.564701931943849211e-01 8.788701324713493079e+00 -1.002082775197669129e+01 2.485087026244119812e+01 -3.652413137446178570e+00 -1.427156051598619868e+01 5.056820855054954933e+00 6.670480140738850316e+00 -7.910034247648415118e+00 -1.018532312388039784e+01 9.973383888922682672e+03
-8.892733247172424171e+01 -1.690958339713057157e+01 -3.066342418849216500e+01 1.483264347890643320e+00 1.602808233046686404e+00 -5.059598735977634654e+00 3.921889757519437136e+00 -2.334747473622476033e+00 -1.226394897054337640e+01 -1.202540735718300446e+01 1.126419491532681327e+01 -2.945965418906217792e+01 -1.891239780332458098e+00 1.047879589232157377e+04
-8.609840729223367362e+01 -1.731165909339466680e+01 -3.017265557709098189e+01 7.273038846411241209e+00 -1.561416157987530751e+00 -1.396990680686255981e+00 -7.126169845349993537e+00 -1.059885666222917466e+00 -6.364447121518576722e+00 -1.920527890960004314e+01 2.241833869040912575e+01 -1.786919155243508328e+01 -7.557840567149101130e-01 9.964020826205056437e+03
-8.308821463763568715e+01 -1.961058464313580174e+01 -3.701727152990230962e+01 1.690284273352161293e+01 -3.118567991825317076e+00 9.803280576681171254e+00 -7.226068620515653684e+00 2.173124871268415959e+01 1.929643939515133155e+01 -3.325893475345825578e+01 2.115414513780549299e+01 -1.344096345449390917e+01 -1.710147232258095729e+00 1.168409521333172597e+04
-7.850020895614619576e+01 -4.950449076777644564e+00 -2.189853993688867817e+01 2.102807905099925634e+01 6.376479809351403460e+00 -3.946997233211471112e+00 -1.723042347757814952e+01 2.574103135287576283e+00 8.613232694336712958e-02 -3.203779592716897184e+01 1.543154574251276756e+01 -3.828991975646688140e+00 4.644602862177654723e-01 8.747704987807755970e+03
-7.384337645808814443e+01 1.777082432909401533e+01 -5.894852444587721507e+00 2.517932670162772624e+01 8.250913483061705023e+00 -1.095030468428842063e+01 -4.580543886200383774e+00 -2.766918161076540983e+00 -4.007765144791494372e+00 -2.043921428633288429e+01 1.219216209404037521e+01 -1.002228538697398719e+01 -5.901872290645106212e+00 7.371768966483264194e+03
-6.080939651225970266e+01 2.508513451948327955e+01 3.684880369841191605e+00 1.285809590236942412e+01 1.097471092479713306e+01 -9.847692369850387095e+00 -2.079575026671741256e+01 -7.270882978857489576e+00 -1.331833882768869337e+01 -2.396121134699565403e+01 -1.164054210984287963e+01 -1.709343655666106798e+01 -4.880207513181503032e+00 6.411727962606200890e+03
-5.685659353798919113e+01 3.037587275758462368e+01 -5.470319293807346384e+00 2.019266155213267666e+01 2.386359590444911660e+01 -1.308256507663321777e+01 -3.439014921569494021e+01 -2.228266177440881179e+00 -1.135648250411568938e+01 -2.949796132904737078e+01 -1.007258362014005293e+01 -5.571232365132173570e+00 -1.127823250529047705e+01 7.780099616705398148e+03
-5.121692843645577398e+01 3.372050685588972385e+01 -1.503351008948027179e+01 1.545526472813616081e+01 1.343806460740110964e+01 2.187733433852510245e+01 -7.178288156465008285e+01 5.667514663868107760e+00 -1.536455783719289414e+01 -3.959339235922097089e+01 4.217425635258321037e+00 -3.321174418053616684e+00 1.165587589247856037e+01 1.203760279822104349e+04
-4.312078204360732769e+01 1.904775770407879776e+01 -1.272018577976628073e+01 -7.668082698170605838e+00 9.445002310473491036e+00 -1.777212130230940990e-01 -4.857536549635354106e+01 -2.765916187092433987e+01 -1.111253564443004116e+01 -2.733739535547626076e+01 1.389975792838640478e+00 4.166779637579134388e+00 -5.678997405678170018e+00 6.579023288180933378e+03
-4.669875094253612957e+01 2.088853103903039710e+01 -2.906225621838581930e+01 -1.180431764963162600e+01 4.124202662802561647e+00 1.333861596401243155e+01 -5.554569270381345092e+01 -2.410310042392755392e+01 -4.865403209925463379e+00 -4.298630003442015379e+01 7.975903525601331090e+00 9.780378805408711074e+00 1.455761565871745056e+01 9.704961031008017017e+03
-4.248087019391589081e+01 2.024787660371885423e+01 -2.847161365609970574e+01 -6.686295119021920641e+00 1.593337354328020794e+01 1.332887263225726393e+01 -4.432121930826468770e+01 -2.466980844425247099e+01 -6.300225687275898823e-01 -3.685900004709444744e+01 4.452477627220541301e+00 2.337833700474206466e+01 1.545649289096380485e+01 8.238698517282080502e+03
-3.685308806698623840e+01 1.505583065089188288e+01 -3.580693564038944743e+01 -2.121412192128645913e+01 -1.399475846993111894e+00 5.409358297368207502e+00 -3.713516728868116701e+01 -2.741420697403934170e+01 -7.551383813362986253e+00 -4.833639890131198058e+01 -1.375949967129905538e+01 1.682731019384343085e+01 7.627150652293511079e+00 8.402869311797565388e+03
-3.439245380135554342e+01 1.799741529210759694e+01 -3.080915922918209660e+01 -1.638780625079067121e+01 -4.909076999052630064e-01 1.264156915356750055e+01 -2.096045334967952201e+01 -6.485892495858371909e+00 1.110183919279050180e+01 -2.963567756601196379e+01 -3.109988187346117705e+00 1.123615907107423695e+01 -1.141102640527942302e+00 4.504719619615032570e+03
-3.588926749724647891e+01 2.323092434492579628e+01 -3.542442939962705850e+01 -1.615894656608458035e+01 -9.652733461725501840e+00 2.160814358629645682e+01 -2.838340792442793870e+01 -4.069677197435066951e+00 2.508854272373010375e+01 -3.860956781722634901e+01 -8.681326056491421639e+00 1.468248383435556192e+01 1.634066277040478710e+01 7.404076086702992143e+03
-3.380429578126805268e+01 1.497092862713020622e+01 -3.295698304528296774e+01 -2.644065566660083277e+01 -1.809270268194612186e+01 6.874136282838722245e+00 -1.963521464115277837e+01 2.367898780848812779e-01 1.543131157075767845e+01 -3.213177620956907532e+01 -7.907650853573207961e+00 9.857411085400832107e+00 1.631688191512191821e+01 5.608844034112009467e+03
-3.320589375553132783e+01 1.527011555624126871e+01 -2.886583445947946913e+01 -2.467939946803421591e+01 -1.834853776407489789e+01 5.738599515950713936e+00 -1.419219514449802588e+01 6.231207298093940139e+00 2.134471946730187852e+01 -1.494414647675191077e+01 1.484812087673512693e+00 7.118543270318337335e+00 1.665564616341085724e+01 4.397177113649231615e+03
-3.580365944856887950e+01 1.587384760790543581e+01 -3.429907403278703981e+01 -2.795126261048296357e+01 -2.596295129805618274e+01 7.179453071635848005e+00 -2.933566991901261645e+01 -3.066198513098291389e+00 2.501852587941621664e+01 -2.053139697036985112e+01 -2.568508910940122014e+00 7.985173420175708969e+00 1.051032531048547902e+01 6.315475187688958613e+03
-3.704033229287077233e+01 2.335558409307139272e+01 -3.628811544931497934e+01 -1.760686574763724010e+01 -2.903507542406038411e+01 1.143415462241826397e+01 -2.906197973258977640e+01 -8.717707158581228244e-01 2.666540999771639520e+01 -3.362777307701055207e+01 1.137068597059669095e+01 -4.694625891720394240e-01 1.060403453850597977e+01 7.447262371505293231e+03
-3.442375003451301296e+01 1.528297409947430729e+01 -2.792102210013358032e+01 -2.497844053192415004e+01 -1.984672904108487046e+01 3.731076996892133124e+00 -1.445114033491682726e+01 4.323253343935835602e+00 1.091200401748722548e+01 -1.605179301779459777e+01 1.272953017964674860e+00 9.763560745768529614e+00 1.219219294370885542e+01 4.079738383291806258e+03
-3.549482092815217982e+01 2.009344034501388876e+01 -2.954682752609030416e+01 -2.116026683529364760e+01 -2.130225121232909657e+01 1.146124375641720228e+01 -2.156226616394459228e+01 4.329379785946631531e-01 1.938700093851204542e+01 -1.924901891442883084e+01 -7.845542697923368891e+00 1.495048879397089614e+01 1.016010128614076713e+01 5.169343187698998918e+03
-3.462383071943509805e+01 1.907995982520977662e+01 -2.899628118966750989e+01 -1.967244156936146382e+01 -1.229831283646459816e+01 6.701276659639885835e+00 -1.925935893754907724e+01 -3.765609660179434215e-01 1.574479468394322268e+01 -2.086546408979826239e+01 -2.063136095475294418e+00 1.004567786373761074e+01 7.923822845683693217e+00 4.209089407191395367e+03
-3.646510161004197670e+01 1.391767082722662430e+01 -2.910623473042776155e+01 -2.320488743331174319e+01 -2.192045667705529866e+01 -6.556997563517665384e+00 -2.728073541891097520e+01 -1.063111606946504750e+01 6.238501095552310360e+00 -2.414361481353917682e+01 -1.776928146455847823e+01 2.816731998511828650e+00 1.667819645023816832e+01 5.513481301453481137e+03
-4.074979278972678287e+01 2.606946090794838256e+01 -3.760496522666176844e+01 4.868605796770450134e+00 -2.197494814190003964e+01 9.312224325515153112e+00 -4.322377638883655493e+01 -2.617642884427275263e+01 -3.831771173426052446e+00 -3.939937716439027326e+01 -7.383667509657636963e+00 -2.095891815408910119e+00 2.075387157237864599e+01 8.957743161524073003e+03
-4.180420197971075424e+01 2.701275299374522376e+01 -3.511690446609573968e+01 1.347878363940625768e+01 -1.505303151977956944e+01 8.056707724024912309e+00 -3.443419706023470184e+01 -1.830790617630228212e+01 -3.645799346584356115e+00 -2.755763428580883811e+01 -8.550050061806896196e+00 3.604714696454139666e+00 -1.263341770843068090e+00 6.564960785007703635e+03
-4.550979132545749195e+01 2.999390337628667069e+01 -3.994420270487036362e+01 1.859964188513808026e+01 -2.346677916515267626e+01 1.658890008295225016e+01 -2.671059909856947456e+01 -7.767409703812546695e+00 5.883123993825202902e+00 -4.493691348085401671e+01 4.431302312347861871e+00 4.012751472559070720e-01 4.675622311242261020e+00 8.607527689312553775e+03
-4.246307558561115769e+01 1.877341601945224525e+01 -2.062097406670903865e+01 -1.775628575128496811e+00 -5.991330147689934549e+00 6.630349983682294557e+00 -1.624652097104822701e+01 -6.590779409343322293e+00 -5.236207801387678940e-01 -4.350786629711321041e+01 -9.973188340100874072e+00 -8.021390358666817377e+00 -1.814595872730812331e+01 5.357468375790799655e+03
-4.477324877047401230e+01 3.097404749074893004e+01 -3.279336725016656828e+01 1.035219676903636099e+01 -1.728533228158840984e+01 3.308952245155204253e+01 -2.717003764457990300e+01 -2.575692718386925595e+00 7.925226466504017964e+00 -3.503620045884012058e+01 -1.384458928437329428e+00 -9.535178712938249035e+00 -1.261653161007715074e+00 7.669925369163481264e+03
-4.258865218327872526e+01 2.680410196828538361e+01 -2.982690653618937304e+01 2.020832377193146812e+01 -4.113995174501848595e+00 3.612933435771623891e+01 -4.707971715280837088e+01 -1.271794322930392163e+01 2.182177455223640317e-01 -3.001942894729031863e+01 9.295261919854889976e-02 -3.262389880933941999e+00 -7.151419245589786255e-01 8.443150474106805632e+03
-3.931222285338095190e+01 1.818354878069882830e+01 -2.469724742202694756e+01 1.311603496324385354e+01 1.550043190476078969e+01 2.370499869312023478e+01 -2.814133921859060550e+01 -2.550749026387259377e+01 1.400759274081172556e+01 -2.354423978111832483e+01 2.644830278287788161e+00 -3.896728841053587189e-02 -1.069745027898712841e+01 5.774810069553243920e+03
-4.136776188927281339e+01 2.470773510798582251e+01 -3.239228092017665261e+01 2.379343554345839351e+01 7.697714051541505675e+00 2.619397988810374400e+01 -3.990176861269898723e+01 -2.893792505521881964e+01 1.892327453292715589e+01 -3.872342427451299329e+01 -1.504833550705781420e+01 -5.564712509583177535e+00 -1.407820670027581045e+01 9.425293602322282823e+03
-4.127018458687020797e+01 2.561068953863555464e+01 -3.612084694929287565e+01 3.674757165100134415e+01 1.776038539270013539e+00 2.194981269644578958e+01 -4.917840220823747899e+01 -2.428914137197250511e+01 2.263123312460022873e+01 -3.383445240823796496e+01 -8.194849595304146916e+00 -8.566137373521067744e-01 -2.144042829021558560e+01 1.069218557846117619e+04
-3.672798770395330337e+01 1.356065312683677071e+01 -1.884371364157572870e+01 1.871086419741049411e+01 1.354187222127703194e+01 -2.814206408706048546e+00 -3.242908125486641779e+01 -1.769537255605363768e+01 1.128335217039860972e+01 -2.924702588954349736e+01 -5.516832681133867489e+00 1.422294243912637368e+00 -1.851246228943683292e+01 5.151964142078820259e+03
-4.062964076743185160e+01 2.323653707078776520e+01 -3.194429538929530921e+01 3.454513473762766296e+01 1.078220106373220943e+01 1.621288256475385481e+01 -4.126019175873297229e+01 -1.906514063709965967e+01 6.042225696739310870e+00 -5.278381027841287221e+01 -1.592417906450511067e+00 1.144320747146298167e+01 -9.407740531971001019e+00 9.894132631027552634e+03
-3.779403742076416250e+01 1.430747854991256141e+01 -2.186615948404442378e+01 2.132022547982709071e+01 1.271782241958071680e+01 3.088695501989305203e+00 -3.043254245795132462e+01 -1.305308504761087818e+01 1.813269618493877644e+01 -3.446944009905527651e+01 -3.674795770456303678e+00 4.571530049173878396e+00 -1.614778514070927429e+01 5.645670816399063369e+03
-4.063197539717167217e+01 1.340605615535198147e+01 -2.613707492036165903e+01 3.236050685617448863e+01 1.232602448480590596e+01 9.338072498726628368e+00 -3.314674153455082717e+01 -1.891273085230513118e+01 -5.585096036685699428e-01 -5.120766147728077300e+01 -1.098730289035457197e+01 -5.157370377909215264e+00 -1.381743291199719614e+01 8.217334469185536364e+03
-3.962408375719941489e+01 1.248071411023799726e+01 -2.061367713466505691e+01 2.949577254942568416e+01 1.583514452289470675e+01 3.373621787990664922e-01 -3.353317217696256591e+01 -2.093448804287596943e+01 1.693175531379159793e+01 -3.316615214067926587e+01 -9.039493387731310392e+00 -9.545549219472289071e-01 -1.334064854613877138e+01 6.481627068028734357e+03
-4.108378587171632290e+01 1.837065373168752558e+01 -2.678202344622618369e+01 3.078222489559885844e+01 8.343302438251972930e+00 1.085285341156337857e+01 -4.435721894047399161e+01 -1.013388365169663707e+01 1.799466210749048756e+01 -3.964559105278541296e+01 -9.557067333980276302e+00 -7.999090530119377096e-01 -1.162753598947000278e+01 8.070591860221526986e+03
-4.139446323544026995e+01 1.538975112217048746e+01 -2.135153416298440021e+01 3.133143939681442447e+01 2.348794292708020137e+01 1.092039361945148812e+01 -4.639088041079255476e+01 -2.146787563316396330e+01 2.072791219492753712e+01 -3.257483950911044701e+01 -1.011192749247735456e+01 2.796160215341679134e+00 -8.890897374831419953e+00 8.351699219878586518e+03
-4.075239903715890222e+01 8.123535186965414212e+00 -1.725901417922506909e+01 3.541629037474420727e+01 3.916367196580672072e+01 7.180255402745067350e+00 -4.674170769160473071e+01 -2.599649526803418809e+01 1.235563917082584595e+01 -2.449922791080531326e+01 -4.399085607217105287e-01 4.585612356793643762e+00 -1.107580340927093765e+01 8.621660088141516098e+03
-4.105741184609330219e+01 9.169930250648926418e+00 -2.644213486675005598e+01 2.517355169769506773e+01 2.000563803811584052e+01 1.218202505424801529e+01 -4.938416884836782117e+01 -2.461953178999416991e+01 -3.138842789707591230e+00 -4.686712944508695244e+01 -1.477882929364914233e+01 -2.658185515467155202e+00 -1.716438369853183943e+01 9.422713625583406611e+03
-4.002495840146760031e+01 1.052107974003557267e+01 -1.735270567471608061e+01 1.969310499845486007e+01 1.704998087964254339e+01 7.598406595004789210e+00 -4.625947020451941682e+01 -1.124557555999319369e+01 1.352801586286059887e+01 -2.357649092087947551e+01 -8.616398886556549286e+00 -3.353413876849629993e+00 -1.276181223619040139e+01 6.003674079988014455e+03
-4.040196733202890300e+01 7.800842909447649909e+00 -1.785290270491374542e+01 2.993306598175573541e+01 2.942446807364981964e+01 8.492627639447610122e+00 -4.456817406575745366e+01 -1.145152720195315510e+01 1.053784148391898867e+01 -2.266787374405737054e+01 -1.099234984940957505e+00 2.462475763851902144e+00 -1.289923392220264020e+01 6.761811292343853893e+03
-4.491576553008009398e+01 1.272896612014037743e+01 -2.682259037481595598e+01 4.168342417024675228e+01 2.328239609464585413e+01 3.130295521366253197e+01 -6.846842013103642444e+01 -2.834392425208786293e+01 6.155204605562330400e+00 -2.907792225325204427e+01 -1.119549459911055145e+01 4.470434391678627328e+00 -8.680454901489152775e+00 1.275374563344575472e+04
-4.117229061426813530e+01 1.365163604538131459e+01 -2.473211158519395880e+01 2.454215352301718767e+01 1.420583931869024674e+01 8.503973417209316210e+00 -6.374798422144795751e+01 -1.764684869139738765e+01 2.441344380472419306e+00 -3.610323529525481234e+01 -8.952387858521397845e+00 -3.760432518557534909e+00 -1.789528690617478190e+01 9.468790675534170077e+03
-4.097468883630253345e+01 1.064852651058579447e+01 -1.801746627595660044e+01 1.755715649887406116e+01 2.839314173037455191e+01 8.566437969997515722e+00 -5.857886023417631094e+01 -1.115921260490909894e+01 1.587521433471341403e+01 -2.308201557057298459e+01 2.745159481006063551e+00 -6.178736576356194110e-01 -1.295326603828437406e+01 7.821270968986123080e+03
-3.903546578837561043e+01 7.047021321817120487e+00 -1.945540104277831617e+01 2.280750895242945830e+01 3.375091657009122770e+01 1.177822011962181037e+01 -4.466618528487352791e+01 -1.968067326150485030e+01 3.999935894424880622e+00 -2.139426052349051588e+01 6.354665655384899026e+00 5.083748219688096981e+00 -1.353766987757689222e+01 6.855579687386019032e+03
-4.577965376414551457e+01 9.581335493182168150e+00 -2.615356508970978666e+01 4.213080975222323588e+01 2.883449739677070767e+01 2.230607219113899120e+01 -8.111316674525254200e+01 -4.866541368387276378e+01 4.198681843348726517e+00 -3.258128737642970663e+01 1.496054691024431271e+01 9.978476781522068961e+00 -6.454574252808164658e+00 1.636746889890913917e+04
-4.234309744893326410e+01 9.332642559595122123e+00 -3.271497177216198793e+01 1.736934061955024333e+01 1.349836813708879468e+01 1.098997520270057393e+01 -5.611923674216482283e+01 -2.480025462655567381e+01 1.456613220521249552e+01 -2.526875454676711996e+01 7.280610844021552452e+00 -3.029465813400598062e+00 -1.156153713238401615e+01 8.365942611716456668e+03
-4.525454978333000611e+01 1.222897836968404484e+01 -3.836966590045984304e+01 2.652118201325234992e+01 9.628365453941029273e+00 1.783053099046163936e+01 -6.370991686729601611e+01 -1.653063317172878399e+01 2.114239338450819616e+01 -1.845568956674875238e+01 1.200793612149918133e+01 1.125011152430739436e+01 -6.692043790656962088e+00 1.021912740647647661e+04
-4.259312215025565251e+01 6.774712618959621402e+00 -2.556091893386055602e+01 1.551268415949788526e+01 1.452299117079835789e+01 1.296245180375943029e+01 -6.067584406860728308e+01 -2.869217482421991861e+01 1.725205815633066919e+01 -2.499710296959861466e+01 2.156779400565698612e+00 5.030270972401345908e+00 -1.093437591942721987e+01 8.709820678733203749e+03
-4.334675932814545263e+01 -2.845316633504283987e-01 -2.754424461032008864e+01 2.310958024645238140e+01 2.536686992169868660e+01 9.574859418791747956e+00 -8.407129240838222017e+01 -3.399586301132468691e+01 9.247518347036383091e+00 -1.931673820986923218e+01 1.595443084554997526e+01 1.720885641260687438e+00 -2.583623451140632810e+01 1.351428683982596158e+04
-4.170968535914994391e+01 3.107661838108539243e+00 -3.036766975224605858e+01 1.405559019694263156e+01 1.022817529248362689e+01 4.788426069882809166e+00 -7.649057286414247869e+01 -2.020340274635246303e+01 3.169205943466576247e+00 -2.291782516774152256e+01 9.001952522994214334e+00 -2.226764675220264778e+00 -2.362706965434572126e+01 1.043514283780933692e+04
-4.164382628917048379e+01 7.045650796696532048e+00 -2.823880335766274285e+01 1.746049750312402438e+01 2.024436275059256118e+01 1.039791451288219903e+01 -6.620055355256901919e+01 -3.170889001764031434e+01 1.979293179185045659e+01 -2.479959252101327039e+01 5.177174266712071926e+00 2.749061401791196069e+00 -1.348417243323312853e+01 1.001502961380612760e+04
-4.543102843838725846e+01 1.346775060101933263e+01 -4.378929075135350502e+01 3.196544890573659359e+01 4.786159144424594558e+00 1.252145059607440913e+01 -8.768467091015777726e+01 -3.699386380779388617e+01 1.106009321580931548e+01 -3.175989475191975586e+01 8.566484460137104406e+00 -3.667621940722695761e+00 -2.252550679580502546e+01 1.614674321561971192e+04
-4.167202445817051171e+01 1.409705656097905369e+01 -3.890724138212969052e+01 2.273247602234116727e+01 8.315158352831142352e+00 1.184850785105690996e+01 -4.701426603557062833e+01 -1.277371589163525734e+01 2.533855784276159540e+01 -3.563251807876913091e+01 1.254319385900079631e+01 -1.071993919958298314e+01 -1.852451913088799884e+01 9.075987025314916536e+03
-3.905866935507953031e+01 1.643789510879264837e+00 -2.394381622661253317e+01 1.146648799350722214e+01 2.099136124319961993e+01 -4.102802202355168015e-01 -5.139722962545622664e+01 -1.146758292046932404e+01 8.021319147642781644e+00 -2.043375180940042668e+01 5.649529260379726914e+00 -1.590231964441157864e+01 -2.069619313024810126e+01 6.642067760953847937e+03
-4.075961619272880654e+01 6.868933086587347248e+00 -2.045859144298098897e+01 1.740124351220540788e+01 8.513712072090767080e+00 1.680152543364160778e+01 -4.687929983655187272e+01 -1.095542699499870931e+00 1.890034321610941603e+01 -3.484542263773134607e+01 1.175101986474270532e+01 -1.179445201169122726e+01 -1.907704469912102496e+01 7.196084963702770438e+03
-4.481931920334062625e+01 1.717793793824987958e+01 -2.820866929441080018e+01 4.228915069124609261e+01 -6.617962085210080225e+00 3.475089334234811389e+01 -6.164427487669257033e+01 -6.772997548003056423e+00 2.301974127845965157e+01 -2.925280829413421912e+01 2.006853065474470199e+01 -1.712334788908221483e+01 -1.641248993414228252e+01 1.233622641935054889e+04
-4.697514400379717614e+01 1.155418386481769843e+01 -9.244841064707568279e+00 3.207197881181854626e+01 2.128914763410158528e+01 1.754974746739398128e+01 -6.557679511811394946e+01 -1.526663278850160133e+01 2.959714201565002156e+01 -1.316334850894408959e+01 1.641472528744948534e+01 -2.993705696423830531e+01 -3.556793267207451237e+01 1.222886278796503939e+04
-4.602938905351629728e+01 1.533336257653273016e+01 -4.591834174323822459e+00 2.644777342915016050e+01 1.887269105888275789e+01 5.579758398458421809e+00 -4.620076542821734478e+01 -1.554815762157136838e+01 1.677648021989093508e+01 -1.687704299382266981e+01 -1.483393682404337888e+00 -1.537260835207194631e+01 -2.217562950643194597e+01 7.134515385308574878e+03
-4.987780896351024751e+01 2.628877411357157001e+01 -2.371726183689522927e+01 4.012240101293451744e+01 -1.515672870399742145e+01 2.952402879953478987e+01 -4.294207879639356662e+01 -2.408951475534863462e+01 1.259381772599869187e+01 -3.974297708951363717e+01 -3.763160758710577536e+00 -2.330072950800819243e+01 -1.340201060064649319e+01 1.135174033303795113e+04
-5.229990467525995967e+01 1.919462499183839199e+01 -2.417677399692121476e+00 2.091905981958209892e+01 4.502217824284858949e+00 1.269472827407730042e+00 -3.715448967822245407e+01 -1.527833476577490934e+01 9.191512188955880402e-01 -3.057650622434823262e+01 -1.155894221310972902e+01 -2.147912619246107369e+01 -2.261325914895040423e+00 6.718774202245738707e+03
-5.677573630104367197e+01 2.061200252553605594e+01 -5.866565574766259061e+00 2.271232298085977774e+01 -1.571373460948293665e+00 -5.099734864199412243e+00 -2.488672942073863581e+01 -2.301198713722475730e+01 -1.047545390612121885e+01 -2.308694748154531240e+01 -5.599338395502146959e+00 -2.242108160057417621e+01 -4.841144704142690713e+00 6.576218902180336954e+03
-5.968598571521298624e+01 1.969649138596312810e+01 -6.204139668566618582e+00 2.037782318113832858e+01 9.349948467365340576e+00 -7.567313892683526610e+00 -1.271976995606063632e+01 -1.592228737665263161e+01 -1.161623209574237769e+01 -1.861773976629034877e+01 -1.254975730610372864e+01 -2.455127963697591298e+01 -1.743869659758966861e+01 6.510040210660693447e+03
-6.546065566350404197e+01 1.800104191459919534e+01 -9.627210517159870307e+00 1.281693354761969417e+01 6.515561458759924207e+00 -1.047553810905570515e+01 -1.953264201242117437e+01 -1.416032633789667550e+01 -9.364630325553980228e+00 -1.534127572574091758e+01 -9.382427623237997949e+00 -2.811138070320525273e+01 -1.826524965955428215e+01 7.135270363890281260e+03
-6.811183891036027660e+01 1.933065113206312802e+01 -1.159815683562493405e+01 1.606941311903220537e+01 4.184526289217429529e+00 -1.460204547606308445e+01 -1.729443173936891753e+01 -2.995758026191183987e+01 -1.454687850589869491e+01 -2.514968869347765335e+01 -1.300762235494908658e+01 -3.011736180687084641e+01 -2.470609126687883617e+01 9.363687112467521729e+03
-6.799558576899285356e+01 1.717769653660079143e+01 -8.195227854308072324e+00 1.795055486217374607e+01 1.020776566358767923e+01 -1.488602055310046524e+01 -1.708875079158632460e+01 -1.747036408660956397e+01 -2.317221742909269011e+01 -2.289860994890135615e+01 -1.591316216032475239e+01 -2.804918420986114924e+01 -1.929079581176969427e+01 8.704306500505614167e+03
-6.903509556150488891e+01 1.805626996794061512e+01 -8.611537071280432443e+00 2.526650803556927727e+01 1.654580150992310905e+01 -8.552101545841576780e+00 -8.960419726106509941e+00 -1.003846916370739706e+01 -1.170752965979973936e+01 -1.617111169961696149e+01 -3.739997643666626903e+00 -2.782164359712633939e+01 -1.854203918364750692e+01 7.862800032902303428e+03
-6.939640784070107316e+01 1.372684072687777146e+01 -1.087529126474666263e+01 2.385535433088731949e+01 1.564369993437261819e+01 -6.331227860994399492e+00 -5.542026758695262068e+00 -2.415703079836550771e+01 -1.889074442196679371e+01 -2.092508062822579618e+01 -1.030680177352937754e+01 -2.483802131697305171e+01 -2.610226127971706589e+01 8.789928193100715362e+03
-6.998337360240046223e+01 1.654692247525412441e+01 -1.158990939713436852e+01 2.324930377664753678e+01 8.376490483710123058e+00 -5.738525000267304499e+00 8.375430335130565895e-01 -2.083107461662490323e+01 -1.127262154098532143e+01 -2.240882470491528977e+01 -1.676017704292731736e+01 -1.790618014127240798e+01 -2.600353090907601938e+01 8.291006622689757933e+03
-7.111253660143054844e+01 2.068650126779241560e+01 -1.519854472374637844e+01 2.277283012013588248e+01 7.111383839908773652e+00 -1.564579445141692560e+01 1.040705785234236558e+01 -2.500077403789996211e+01 -4.076750585761793388e+00 -2.052407471609533118e+01 -1.362235088496777635e+01 -1.028049450993800207e+01 -2.936674316322604383e+01 8.854750123070405607e+03
-7.503404565563300821e+01 5.332378429115110841e+00 -2.463108184751173013e+01 1.581893029074057644e+01 -1.530161085815904265e+00 -2.177406243448574941e+01 -1.109659599870879809e+01 -3.583510573984894876e+01 -3.361580701069096477e+01 -2.812417886111132859e+01 -6.259378712159790581e+00 -2.142893904766418700e+01 -1.752430303572359094e+01 1.112568381472960391e+04
-7.505550833725220627e+01 9.207871563749089105e+00 -2.483511167376267892e+01 1.892821308891757326e+01 8.289430583833491184e+00 -1.456044057615378939e+01 8.874210878075691866e+00 -2.370272718402405943e+01 -1.314704618151527349e+01 -1.963762630237535234e+01 -1.096468025431644300e+01 -5.417686596737664395e+00 -1.894273897986811761e+01 8.681350328220220035e+03
-7.636681002418066555e+01 8.146013876778242846e+00 -3.081110672020542651e+01 9.304165991094684784e+00 1.024200883572164322e+01 -1.890738200768394606e+01 1.440004252265723572e+01 -3.019188962762570227e+01 -1.662221775039143168e+01 -1.403009303162719412e+01 -1.896301076478017578e+01 -1.602635493091332819e+01 -2.673850341341375980e+01 1.031996730862371442e+04
-7.570593969358669995e+01 9.824506736673491503e+00 -2.709097044076075989e+01 2.050923790030322991e+01 1.527160850852100360e+01 -8.910597454190641642e+00 1.882290458557679713e+01 -3.039583103363543870e+01 -1.490091619931076927e+01 -2.204928416917742595e+01 -2.274937696788684960e+01 -1.367455301420040215e+01 -2.934898885502092725e+01 1.084738774620189724e+04
-7.512152129812744761e+01 1.481344994844150698e+01 -2.319131818894569008e+01 2.171782797271065490e+01 1.197611208948241135e+01 -1.398802247004535282e+01 1.497882863978625956e+01 -3.222545599563235186e+01 -9.101566916613123226e+00 -1.673355803296826849e+01 -2.174287185965076219e+01 -3.102045630510419372e+00 -2.239626050384384826e+01 9.820938040797334907e+03
-7.741604787122214759e+01 5.340601511705437510e+00 -2.716945550746621407e+01 1.698182519749701314e+01 6.455560132227173398e+00 -1.174843902368997206e+01 2.257592503482700863e+01 -1.946548547983387323e+01 -4.278362219422353618e+00 -1.044327000414280882e+01 -1.757939221070896707e+01 -1.115744151951180285e+01 -2.873561745091772934e+01 9.503231298079394037e+03
-7.781582679653969592e+01 4.087961926979591709e+00 -3.417639295811154909e+01 4.394951851905692486e+00 6.621480810813501705e+00 -8.069632417669778235e+00 2.712970955762583714e+01 -2.004761584179042089e+01 -4.163757315951532867e-01 -7.990339076445139632e+00 -4.392524353685366201e+00 -1.965987933126149834e-01 -1.890201671422368435e+01 8.946884831713212407e+03
-7.793500849677762687e+01 2.408498768029796899e+00 -3.304246583241286572e+01 1.069143670486113251e+01 9.321484725286776296e+00 -9.044925870184066241e+00 1.577565120583293989e+01 -1.655134744298336713e+01 -1.417286816015762341e+01 -1.953952116437856645e+01 -7.920859472369716769e+00 -1.224532516376524782e+01 -2.303619645665438398e+01 9.303314246991310938e+03
-7.914298042742456119e+01 1.181869778007052174e+00 -3.521553438318279916e+01 1.142115198835897516e+01 1.519963915685842792e+01 -1.625468378280703341e+00 3.270013881963429014e+01 -1.462035589182308470e+01 -1.276482830276260572e+01 -1.711754814136615011e+01 -2.633414503962301012e+01 -1.891636802605520984e+01 -2.255991475358007392e+01 1.116852702884147766e+04
-7.928435855463071391e+01 -1.674549576381326288e+00 -3.072524186817835812e+01 1.050515390621244549e+01 1.275960718699725227e+01 1.114982783841878522e+01 2.823649410327713127e+01 4.783925080544992881e+00 -6.635277529849484601e+00 -1.584723562782864192e+01 -1.810842626766615382e+01 -2.379513517981691351e+01 -1.551473473874756515e+01 9.880516488040808326e+03
-7.972260882743675836e+01 -5.502251689376112864e+00 -3.093110410189939330e+01 1.126233728758737485e+01 1.650235305110652417e+00 7.541334150314678020e-01 1.855916861739342494e+01 6.426454892314375833e+00 -8.757877415776000873e+00 -1.266735857059862269e+01 6.356028419873068991e+00 -1.440280150593415520e+01 1.805383993318526725e+00 8.346838219912133354e+03
-8.014188701605509380e+01 -5.251599408080324771e+00 -3.501654672658180090e+01 7.640487834750889107e+00 4.747574422852915532e+00 4.794250650978145067e+00 3.150159590517442609e+01 -3.680856356023271658e+00 -5.582704921323917269e+00 -1.837164312748717876e+01 -5.475888739313335307e+00 -1.383170818858026330e+01 -1.260747743591937642e+01 9.535194361775376819e+03
-8.041009671858157049e+01 -1.645703780672900907e+00 -3.343909207672508899e+01 1.161929336874071517e+01 1.192409057952266060e+01 -1.766507571351266792e+00 2.489669138841721363e+01 -1.471193949277334712e+00 1.068249272619496715e+01 -1.340198791839601533e+01 -8.641304910372673120e+00 -1.591242259499955836e+01 -2.615898356146641035e+01 9.794885686779700336e+03
-8.032268274013803477e+01 -2.826150060032979194e+00 -3.086492026582753212e+01 1.811763943157573564e+01 1.498784903717574224e+01 4.228833240171008256e+00 2.083275658609353442e+01 -1.581925934363766295e+01 -2.376459495060967875e+00 -1.851679853944277099e+01 -3.801618106350132198e+00 -7.697929971928279436e+00 -4.863792528415162408e+00 9.113270302534891016e+03
-8.088417030139271446e+01 -3.326804563349271771e+00 -3.025544247925743591e+01 7.643557256974070846e+00 4.426018119599717693e+00 1.731917860495651648e-02 1.903424716657846361e+01 -5.278973726250449694e+00 7.060155166073180943e+00 -9.419031636118967654e+00 1.464926862029274912e-01 -7.153258471624068804e+00 -6.725010027684021896e-01 8.127099238652469467e+03
-8.015442036969886885e+01 -6.436101107362132701e-02 -2.969088324525741029e+01 4.300319949300102529e+00 2.987079629993053320e+00 -6.185825810427229676e+00 1.268161081570155346e+01 -6.146087225472900428e+00 4.363275413674078673e-01 -1.565227006285445555e+01 -5.334867828560748038e+00 -1.547720933480199790e+01 -8.517130234062523897e+00 8.156291544238267306e+03
-8.165775905399628698e+01 -1.958126332899401190e+00 -2.815197009228594283e+01 4.889391586732467765e+00 3.502991437543029107e+00 -5.205533325802132794e+00 1.315399843823305126e+01 6.232013563817216273e+00 3.909879563250438395e+00 -4.289862734192271709e+00 5.267191260362772631e+00 -6.093452789440977568e+00 2.364691589344274814e+00 7.843652954272092757e+03
-8.106702282884636190e+01 -4.137841785425351304e+00 -2.628797257505548757e+01 1.072514183163068457e+00 -6.899940146800093821e+00 -1.371891479356231081e+01 4.184954270805760768e-01 -2.136508173334793259e+00 -4.521366204098153041e+00 -1.124307139338791650e+01 -5.013181232028891543e+00 -1.904748766049564423e+01 -3.803834899808978598e+00 8.071006655388809122e+03
-8.243556647064940535e+01 -4.656538202870623699e+00 -3.259164567490473274e+01 4.684432743040858327e+00 2.435082813076073105e+00 -5.602298965716759227e+00 2.174873515952833003e+01 -9.367652404764831298e-01 -8.182970973128176340e+00 -7.939849126693893311e+00 4.659384249241818043e-01 -5.006282535355575547e+00 -6.925407193295719743e+00 8.615909083791439116e+03
-8.340971618916164232e+01 -5.113496238992455645e+00 -2.995712132205451184e+01 5.385794137389922298e+00 4.252176308951949757e+00 -1.115346486205557675e+01 1.767718993141235018e+01 -5.155314583301908726e+00 -6.385661957373122810e+00 -1.222557943891999876e+01 -1.756610679618382687e+00 2.590939022160891447e+00 7.220417161826419239e+00 8.643480130391159037e+03
-8.295907310807830015e+01 -5.517897042118244499e+00 -2.836961138839942009e+01 1.113000553646449120e+00 -1.729005527780939966e+00 -1.521629483578978714e+01 1.132378413178837945e-01 -4.583193409987244671e+00 -1.594635890142811085e+01 -9.813731846328641595e+00 -7.152854347972712468e+00 -1.930117838673042385e+01 -1.247972187688366041e+01 8.904310158095824590e+03
-8.173872542149931064e+01 -2.201969497654185481e+00 -2.415206583324230394e+01 4.424154788667131299e+00 -5.286884556095279575e-02 -9.681200877375902181e+00 1.717971547651415776e+01 1.181336916408391069e+01 -7.875391811416683652e+00 -1.009463728754355749e+01 -5.643011776366759769e-01 -9.190513217866200790e+00 -1.276129098689287034e+01 8.228948108040460284e+03
-8.415486578772635085e+01 -1.247989541438234440e+01 -3.974260873251807880e+01 -7.277857108534402819e+00 -1.226789827085851137e+01 -3.335706723547497887e+01 -5.102921201158960862e+00 -2.410393253140530945e+01 -3.043825729053042650e+01 -1.962391992365328619e+01 -2.068306573436481699e+01 -3.657942352977190126e+01 -3.239585501461061057e+01 1.486738660518697543e+04
-8.434550091526865856e+01 -1.285935535956879505e+01 -3.006672545936598340e+01 7.968519942939791711e+00 2.730131446173830856e+00 -1.284489494224449357e+00 5.955637519443634176e+00 -1.255507918227804387e+00 -8.920420077375933232e+00 -1.491753172834180408e+00 -1.537480957075514798e+00 -1.284510165122016545e+01 -1.101924694070654809e+01 8.663764793360402109e+03
-8.410401057908229916e+01 -1.382873531777959641e+01 -3.384879999876719125e+01 4.587272879407353621e+00 5.320696347848031138e+00 4.608031246612936727e+00 1.110311685544158600e+01 6.821567035304987314e+00 -1.695891168919727132e+00 4.532338046613376692e-01 9.889369635088723243e+00 -5.477344693920379370e+00 -7.707270806907130734e+00 8.841144019825738724e+03
-8.468900999322896439e+01 -1.104555562808759284e+01 -3.158613354482402613e+01 5.889569720681728349e+00 9.298573361720736230e+00 -3.478786287196590443e+00 2.331192912171258058e+01 7.621188294722920809e+00 6.070261236709043828e+00 5.358982989437195421e+00 -2.481351392885409179e+00 4.007060533786644285e+00 1.699284893969890575e+00 9.117365525737550342e+03
-8.554719606945293719e+01 -1.075134009099150489e+01 -4.077740313831110086e+01 -1.532942059788702949e+01 -7.237714011104801948e+00 -2.569397856409317882e+01 1.908709925142248132e+00 -1.755383230653488269e+01 -1.355992888445696565e+01 -1.208335624345297887e+01 -9.802220127307773367e+00 -2.396123765154064600e+01 -2.575736551985254152e+01 1.201959252965057567e+04
-8.514672804742821199e+01 -9.238683773312072134e+00 -3.534307954324929568e+01 -4.037479298709580000e+00 5.038221503298196957e+00 -1.266002161652598090e+01 8.410648369815408643e+00 -9.010637429454769531e+00 -4.563286875855719238e+00 -1.138763906971386852e+01 2.011938464370625901e-01 -5.499972341765451134e+00 -1.247725488855648912e+01 9.274817476838350558e+03
-8.550623372716526660e+01 -6.489795542631774161e+00 -3.405602856380924237e+01 2.352437183740043292e+00 1.325216639736026814e+01 -9.652281521697780420e+00 2.510572103231368146e+01 -1.099539204537315662e+01 -7.860699017324471960e+00 6.468781561654778078e-02 3.182794232617006891e+00 3.579016446788549910e+00 -1.937743812773571150e+01 9.998982242015699740e+03
-8.589092949486945372e+01 -7.404349011314539375e+00 -2.755636081540992066e+01 5.403809415337000210e+00 1.070582589892487491e+01 -1.496258920319798413e+01 1.417141025240093555e+01 -8.570832216834405770e+00 -4.149149053218106786e+00 -1.840859052192339362e+00 7.319478890820056094e+00 4.168508264679577913e-01 -1.845661989003317771e+01 9.248411702158779008e+03
-8.560744584688696079e+01 -8.279833320091606552e+00 -3.208211539992013428e+01 -7.478133975825138613e-01 5.745947792035414281e+00 -8.132018259475055189e+00 2.528651967608814388e+01 -2.401030756442777303e+00 -2.074410808155675134e+00 -1.290855606655466481e+01 -3.264038750933724309e+00 6.089827164709940011e-01 -2.177599148068634349e+01 9.827483054479245766e+03
-8.546258146319945581e+01 -5.951892245316662056e+00 -2.698405564316787419e+01 1.762849142499207877e+00 7.165395854026617606e+00 -5.099137522200676287e+00 2.500312681863321274e+01 1.623094736946647729e-02 5.278618766806428830e+00 2.849781843431833939e-01 -5.633263926401149035e+00 -3.266990108772312329e+00 -7.496441979211956763e+00 8.899574020908010425e+03
-8.631054499165664140e+01 -6.707196362601480111e+00 -2.651310179671735412e+01 -1.655598194081477237e+00 5.867606123026726017e+00 -1.258898270016637788e+01 1.139166532136300347e+01 -5.118909535629748042e+00 -1.172163446908165874e+01 -8.665047253058421717e+00 -1.234163496725129860e+01 -1.040382766159327055e+01 -1.643620780449071717e+01 9.292251061928513082e+03
-8.515340463249174263e+01 -4.028747954341540094e+00 -2.576321374424339439e+01 -3.462541066445463112e-01 1.242945307614160022e+01 -8.639753155810401708e+00 1.387696558208739361e+01 -1.077550927499947520e+01 -2.050534298285795387e+01 -3.443448707986878077e+00 6.751412232535920488e-01 -4.304419741679492262e+00 -1.984469956786083955e+01 9.314136992961526630e+03
-8.609558289535164022e+01 -7.236624663324680462e+00 -2.879905184497313542e+01 1.772542707150718044e+00 9.996411623910724131e+00 -9.864065448367520972e+00 1.856092982956297988e+01 -1.614055993748353401e+00 -4.410685992338409633e+00 -2.895973822666313424e+00 -3.070189591944037399e+00 -1.326442057433031341e+00 -1.091201084554922041e+01 8.999785059499750787e+03
-8.794716776790826884e+01 -1.148354267119455763e+01 -3.482090669383556758e+01 -7.321400269148150564e-01 5.611694103122407462e+00 -1.925282263725706500e+01 2.058325823655849973e+01 -2.974731030421470468e+00 5.570718055969362759e+00 8.517323859499258631e+00 -3.303433437340401291e+00 -2.728226143239994794e+00 -1.520570549173229935e+01 1.026743655247405877e+04
-8.681701125786905493e+01 -1.173859107519073142e+01 -3.364481341262526115e+01 -2.590142249955425857e+00 1.460830519249827431e+00 -2.035859046630050528e+01 6.262442658906063997e+00 -4.886969023507728771e+00 -1.249471396460372752e+01 -4.374362186583377721e+00 -5.051834664626317917e+00 -9.047271851420475741e+00 -1.084085915613646023e+01 9.693528466770296291e+03
-8.618417004651618640e+01 -9.526880213614891346e+00 -3.212242238723740684e+01 -2.651835031872904480e+00 5.958589158594976176e+00 -1.442682319725523499e+01 1.641702663084054947e+01 2.847997219719327511e+00 -8.107102068882560131e-01 4.365655825541417734e+00 1.383978401497419020e+00 -5.732679383529172945e+00 -1.553227140788374250e+01 9.374369392203738244e+03
-8.586369681296520184e+01 -6.164519708260030484e+00 -2.633328315555927546e+01 -2.845337645425638939e+00 1.334403977636989325e+01 -2.670534276079501446e+00 2.554124144401277974e+01 9.481077800734055927e+00 -2.061651228241371037e+00 1.957572566080333587e+00 -1.763198768827953344e+00 -8.034682518165727316e+00 -1.713046049787932290e+01 9.408754649401558709e+03
-8.778011858233391251e+01 -1.376711743689399015e+01 -3.125953107926886432e+01 -6.752311481615632438e+00 -3.965955795961250807e+00 -1.482232779191722649e+01 6.895745386057770432e+00 -4.130788579249618842e+00 -1.528289471477790595e+00 8.442353261491646332e-01 -1.501459265106091578e+01 -1.440280966494513848e+01 -8.692600119725273800e+00 9.729168277310651320e+03
-8.773429164495638588e+01 -1.039740810304669871e+01 -2.626037254552464972e+01 2.059394451748524535e+00 8.332472160624226021e+00 -5.645747327725955778e+00 1.622809376781845714e+01 -6.251767915342843374e+00 -8.102053055722722164e+00 -3.494154427545060670e+00 -7.783206582461007272e+00 -1.039657250535495692e+01 -3.469283661264821905e+00 9.161555814609690060e+03
-8.810161049973039837e+01 -1.138102735206769012e+01 -2.788064331023320008e+01 6.172946441862658951e-01 7.661000646464847463e+00 -7.226515061214030311e+00 1.475770787797170236e+01 6.344955958021211373e+00 1.994735305924028701e+00 4.023037609590661923e+00 7.372857560205056338e+00 -6.478762273340665345e+00 -3.700025884969752710e+00 9.168282120356638188e+03
-8.910856661663807188e+01 -1.268030121109653230e+01 -3.280953472888486289e+01 -6.922759068663808968e+00 -1.037409863732481341e+00 -2.591624711659046909e+01 1.262873168648146560e+01 -1.140755872842277441e+01 -9.574378889527070058e+00 -1.267246504359264847e+01 -1.932351712197569427e+01 -2.131667188161242166e+01 -3.491607379369988706e+01 1.248705331414974717e+04
-8.707976727677055351e+01 -1.082280492777323566e+01 -2.867066696314039476e+01 -1.422881750932077083e-01 3.385070093071442798e+00 -6.873072744439040704e+00 1.744909901726620305e+01 -1.011385038577949480e+01 -1.874917649500086014e+01 -2.767066452882737337e+00 -7.640911532188861877e+00 -1.690295960408662523e+01 -1.711295520185679564e+01 9.983640304299122363e+03
-8.726911822644508732e+01 -7.099686348192080665e+00 -2.564025836201476594e+01 1.818052332744661159e+00 7.358328759962024179e+00 -1.205550466024722489e+01 2.172309626554928030e+01 7.660492338588747785e+00 1.601942414189085062e-01 5.197656571520125723e+00 -1.120895668946197521e+00 -7.029562784549674426e+00 -1.395324247254984051e+01 9.329494385975052865e+03
-8.818770374564383019e+01 -7.422862983822904326e+00 -3.107084188865199792e+01 -5.166456096085734195e+00 7.688593756192825701e+00 -1.943926833706363766e+01 1.943186440135250237e+01 -4.541733029617271988e+00 -5.190241739995017589e+00 3.043255338344689420e+00 4.270208242398322307e-01 1.145603260140029889e+00 -1.598756030233003145e+01 9.952780641930010461e+03
-8.836991094778719003e+01 -9.256792806506837223e+00 -2.780650839418760611e+01 -6.296877500229484781e+00 4.887725795271506080e+00 -7.148756189615657064e+00 2.181095314344884173e+01 5.274669278007849904e+00 2.962102077739561690e+00 6.374394650111605554e-01 -6.463108489467228601e+00 -9.102063374259945050e+00 -1.004428689568836397e+01 9.521003746886834051e+03
-1.120817755424931761e+02 -3.709930726091150177e+01 -2.070822615935223254e+01 -1.982244488247340186e+01 -1.144984992488495479e+01 -1.138295822111425437e+01 2.872739043425580618e+00 -2.245505454229603348e+00 -6.184131313783727713e+00 -5.964357935060927929e+00 9.762817358998439055e-01 5.220343009167368820e+00 -1.752583802380917488e+00 1.513950238813476244e+04
-1.837872919722830716e+02 0.000000000000000000e+00 0.000000000000000000e+00 0.000000000000000000e+00 2.658533217257963476e-14 0.000000000000000000e+00 6.864338900890931966e-14 0.000000000000000000e+00 7.681979238110637171e-14 0.000000000000000000e+00 6.748200841563957577e-14 0.000000000000000000e+00 3.507168814121481235e-14 3.377776869050522509e+04
