-9.200302872189658387e+01 -1.500466995581928664e+01 -3.272219306737876110e+01 -3.629668283666523720e+00 8.636059886039760158e+00 -3.353228594269366880e+01 2.073051541700497324e+01 2.771359301035009715e+00 -1.022615709826895447e+01 2.305143640330839794e-01 -1.635942678341389467e+01 -1.622885045216124311e+00 -9.054921678987707168e+00 1.186692789123638067e+04
-9.107915710377778851e+01 -1.049384269697943850e+01 -2.765094806756340517e+01 -6.402592132910703837e-01 1.418634096824764690e+01 -2.370493860899779293e+01 3.002723897480620607e+01 9.792938991638890922e-01 -1.206369645450872774e+01 7.347088194096995650e+00 -1.139488224894932777e+01 1.181363396187638637e+00 -4.534031243839119263e+00 1.118759781303342061e+04
-9.287422683714775928e+01 -1.544018144029190687e+01 -3.457802631143955807e+01 -8.641962371431802126e+00 1.008301244264427154e+01 -2.632279069984485176e+01 1.783100889916531173e+01 -1.126765853991877542e+01 -2.707910890485257838e+01 -5.167221588748899919e+00 -1.314127380874169226e+01 -1.024217246852006902e+01 -1.079201982225167278e+01 1.252784727227483927e+04
-9.239379933143861479e+01 -1.667797045015752033e+01 -3.757092918197372455e+01 -5.368155450277048324e+00 1.082602577005176059e+01 -2.643353236944213336e+01 2.589368131341920432e+01 -6.108918991126040865e+00 -1.856662144040675955e+01 -2.610349938300136063e+00 -1.312610442780769660e+01 -8.832924756629878527e-01 -1.071833938221274707e+01 1.241838773714224408e+04
-9.125052382521695904e+01 -1.470850774389171356e+01 -3.079448360812694574e+01 -5.420675560403730442e-01 7.240655122594115589e+00 -1.637989849001018783e+01 2.464395689332528505e+01 -7.314396765082051388e+00 -6.617299056118909562e+00 -3.200714975326601208e-01 -9.913511452851565764e+00 -1.623553516852804357e+00 -9.267961839152809134e+00 1.070384537346116304e+04
-9.159296076374167228e+01 -1.312538130391622637e+01 -3.242570929383060019e+01 -6.452563812235371010e+00 7.807051748080469977e+00 -2.767469399028524180e+01 1.792298933087917234e+01 -1.504739423550794797e+01 -1.938661040696345594e+01 -6.513220194546581743e-02 -6.633099897091967456e+00 -2.320483457888351086e+00 -1.862510949802479132e+01 1.180122692989890129e+04
-9.106473229576553763e+01 -1.279072917564184841e+01 -3.095994820336826336e+01 -5.683109724997136070e+00 8.460914032408723529e+00 -1.793397859086847745e+01 2.861121432636885231e+01 -2.672688395969923025e+00 -3.711536904202191955e+00 6.620854125629084486e+00 -9.561818891564263012e+00 -1.087082622793729314e+01 -1.558706770443858858e+01 1.117633499125851631e+04
-8.629777863683546002e+01 -1.091375615863208814e+01 -2.161222438572883320e+01 2.890621051307238787e+00 4.034792254723327254e+00 -9.909573969059479737e+00 1.410161404786103523e+00 4.451647384633228732e+00 -5.381530518074685965e+00 7.649582199972658536e+00 1.188996090193645827e+01 -8.089849138505233128e+00 -8.917923226108021240e+00 8.551968691066602332e+03
-7.752499131364837126e+01 7.329219213014226852e+00 6.801331251216515827e-01 1.807344081347036990e+01 -6.195482114114848393e+00 -1.828748744792612069e+00 -6.121119180978121799e-01 -9.092191853480869668e+00 -1.638544963057436021e+01 -2.074809843800182207e+01 1.105467150744184934e+01 -4.918669449389097892e+00 -1.025638642142590840e+01 7.466283612762768826e+03
-5.815553096960507418e+01 2.545180586973712522e+01 1.625607573206866263e+01 1.141297133723950097e+01 -1.083631688268141957e+01 -7.452800447300694131e+00 -2.245029488221445035e+01 -1.991662251276436280e+01 -6.639424213554015353e+00 -2.359759809321175439e+01 -1.785431034311384169e+00 1.348486155967268507e+00 -1.309660202149260577e+01 6.275489461099151413e+03
-4.807142638216394204e+01 2.349409343608023448e+01 9.708682427119269320e+00 1.787627096356301903e+00 -1.671901823028303369e+01 -1.363840235904470077e+01 -2.583490244572052674e+01 -1.317562364186358259e+01 9.240855134391678938e-01 -2.281599117167418456e+01 -1.017744185638426480e+01 -2.447103595865224968e+00 -7.462713641455199109e+00 4.953543538954423639e+03
-5.192497082906623262e+01 3.424737507090225819e+01 -3.338594375833597305e-01 3.757174105401033692e+00 -2.919487272590589200e+01 -1.844921681853935880e+01 -7.508520695088782304e+01 1.047180019100755821e+01 1.963625981881491356e+01 -3.458271058286391053e+01 -4.268354409350177292e+01 9.722951499489443705e+00 -2.787820480201164486e+01 1.509863580718252524e+04
-4.666419460105811368e+01 2.847954345925843356e+01 -4.013092864070948451e+00 -4.589421313972852801e+00 -2.234782255482956970e+01 -1.504421655126522062e+01 -5.489232742831773493e+01 -1.387850583807674454e+00 3.451326414357075123e+01 -2.729925135241247958e+01 -2.591540219016804159e+01 1.515401013771483996e+01 -6.740234040975010110e+00 9.649743895175477519e+03
-4.312156195103940348e+01 1.958627735187268470e+01 -7.824557385978509139e+00 4.634218700391582457e-01 -2.492876087166249377e+01 -3.866143906215350512e+01 -5.635106298775236411e+01 3.597135458687396592e-01 3.093370388980547503e+01 -3.013606491073565508e+01 -3.128170423014917390e+01 -8.965738457120817628e-01 4.799313194420313788e-01 1.044090714927673616e+04
-4.061942386508581393e+01 2.497406524677442263e+01 -8.751738357050108164e+00 -1.965031306360986818e+01 -1.257232856870424875e+01 -3.933423080465784594e+00 -5.356968027484244743e+01 -1.595481698888341349e+00 4.741389717355890099e+01 -2.011110702478320889e+01 -1.765593443194054046e+01 9.878876690798279014e+00 -9.745029778975288215e-01 8.844968879557531181e+03
-4.103958346533917734e+01 2.609269622566484159e+01 -7.356950783483213741e+00 -1.870398658228757061e+00 -1.681414511918434229e+01 -2.314023877709671595e+01 -4.406263746776634349e+01 7.738023712047125358e+00 5.339912413409911807e+01 -1.676880131704862720e+01 -1.671646579705961599e+01 5.125707780790503598e+00 -4.990903599746361330e+00 8.705559865278575671e+03
-3.770633400051791284e+01 2.231697240018066708e+01 -4.787373353295044431e+00 -1.202846324999964978e+01 -1.768749750873483606e+01 -2.006099071609473938e+01 -3.501324048667018474e+01 8.401188719448969167e+00 3.358159454097443586e+01 -8.298409045209396595e+00 -1.123124698070823335e+01 -1.920680281307775239e+00 -6.960761408525895533e+00 5.474084856026520356e+03
-3.754866834960990474e+01 1.871818548495436119e+01 -1.028650590713652946e+01 -1.884321728374145977e+01 -2.594552940591173495e+01 -2.947471124055261171e+01 -3.918974265237815047e+01 -7.734030660028531345e-01 1.557364661285719087e+01 -2.093152584116257486e+01 -1.862239704988190780e+01 -7.592188396259063055e+00 -7.346291986770018489e+00 6.438585429731156182e+03
-4.194872558529464612e+01 3.352246133260813110e+01 -9.155605434709704227e+00 -2.618973610312560041e+00 -2.315643878266557465e+01 -1.442254499984170302e+01 -4.816930089503027546e+01 2.255472911020719096e+01 4.564672755685830907e+01 -3.293432122656538752e+01 -7.270687088951508059e+00 2.313783860255156810e+00 -1.241844103518247344e+01 9.928090356539121785e+03
-4.332052805766943493e+01 2.920616432618843206e+01 -4.372007313650646765e+00 -1.916762146401079336e+00 -2.623970203090136621e+01 -5.383137582582788738e+00 -4.224901909569593528e+01 2.342269981736079032e+01 6.243116855436681334e+01 -3.844319095149758425e+01 -1.941154931767455594e+01 1.881138022608668248e+00 -1.051766991611519231e+01 1.167005727034034862e+04
-3.810901074075838579e+01 1.807462743658423321e+01 -7.936879856552247148e+00 -7.848373902846637051e+00 -1.298054083112036317e+01 -9.103695922324218870e+00 -1.944025492279600442e+01 2.158325283681378792e+01 3.832892873380114196e+01 -1.987663030740462133e+01 -8.379199036314931348e+00 -4.191956067349488890e+00 -1.535089805678871855e+01 5.186332679151171760e+03
-4.059153202998688670e+01 1.999719323840604446e+01 -1.311427764254444206e+01 -1.363343820999462253e+01 -2.559403078317291858e+01 -1.519932093734470691e+01 -3.395905079403217997e+01 6.711149953852800110e+00 4.038505052547342444e+01 -2.838501326522759527e+01 -1.347165097005542655e+01 -4.790962489158986592e+00 -1.681308199319662577e+01 7.413525270241914768e+03
-3.955541702429255935e+01 2.011393043155332450e+01 -1.559676831081170612e+01 -5.060661865704995321e+00 -2.911988821447804199e+01 -2.350235082548389798e+01 -3.555444089476922187e+01 7.266513313417478415e+00 4.561680220112988593e+01 -2.895786417066743113e+01 -1.449306911464599779e+01 -7.009396428596284423e+00 -6.269208224553282527e+00 8.173253763454498767e+03
-4.298555476604258274e+01 2.663266365140831482e+01 -2.733716692355767819e+01 -4.294305730900528140e+00 -3.815301460006327972e+01 1.166848416897714280e+01 -5.018723675236768855e+01 3.750384904358173799e+01 3.846870582359662905e+01 -1.441839532943078162e+01 -1.498390406223398941e+01 -2.984789074337477643e+00 -3.182061204712946179e+00 1.077120523251990198e+04
-3.878342990004946955e+01 1.185541254118654919e+01 -2.107371611111064524e+01 -1.853247053228185948e+01 -3.714060805029955503e+01 -1.611074195672678044e+01 -4.426120152507755989e+01 3.325221857642989676e+01 3.408047181883990362e+01 -2.955952198496429872e+01 -2.410293520680753687e+01 -7.573900993564632422e+00 3.496024839129552308e+00 9.821785540429786124e+03
-3.580004913925662180e+01 1.195416211521155070e+01 -2.341228675835877127e+01 -2.527350723238684793e+01 -2.767278668983793111e+01 -1.134752923274732161e+01 -2.554092369326810896e+01 1.790636137669391914e+01 2.439467803794698142e+01 -3.035190000704139734e+01 -2.495955232280866554e+01 6.818380765050274128e+00 -2.982782441208065016e+00 6.673661663174848400e+03
-3.500638680112890455e+01 5.930740391140111534e+00 -2.343645995592568454e+01 -1.973244532496428505e+01 -3.044312171452993354e+01 -1.259476612628675340e+01 -2.931513644326116363e+01 4.164025806963176812e+00 1.212387243810440296e+01 -3.080352886439369797e+01 -2.615895007944697070e+01 -8.057830248497810377e-01 -1.226451266448025912e+01 6.092589881169679757e+03
-3.432869625807525438e+01 6.877307905971845159e+00 -2.736347059644686297e+01 -7.319364329339528297e+00 -2.716286400736987261e+01 1.213948659066581143e-01 -2.403573888905152245e+01 4.321386220957406099e-01 3.670867671150636724e+00 -2.976285753447863058e+01 -1.586833312763555170e+01 7.825815866573329949e+00 -6.109109336179187721e+00 4.593500338793949595e+03
-3.272397027712072060e+01 1.251798191533108273e+01 -2.493298894779747243e+01 -2.244921040625099007e+00 -2.146351797543388429e+01 2.147740318515307578e+01 -2.310710876490180610e+01 8.449447881818580086e+00 1.096486872247234601e+01 -1.548348794204204459e+01 -1.412944214850983649e+01 2.089746303762940727e+01 1.164640429541198685e+01 4.513495381521814124e+03
-3.379639054712480117e+01 8.133845854153449295e+00 -2.527488887787493965e+01 -1.721565556576271305e+01 -2.624845536710222049e+01 2.401379332706041936e+01 -3.546815130908185409e+01 -1.812146851222807697e+01 1.488879556130008197e+01 -2.600769967659418214e+01 -2.869919583652654893e+01 2.039448448146360349e+01 -1.974223572389587789e+00 7.137128397553792638e+03
-3.326972798558658440e+01 3.626170857012725790e+00 -3.035649616800250783e+01 -7.150975779447468206e+00 -2.888434647848541559e+01 1.503784378703903890e+01 -4.114174400782028584e+01 -2.617280257337162652e+01 2.905123535122686285e+00 -3.036720465184047058e+01 -2.140390340934123259e+01 9.158242552337416242e+00 -1.178650237813157808e+01 7.142307128552291033e+03
-3.391261294183258457e+01 7.961971104159964341e+00 -2.645578959508480565e+01 -2.870697406874537227e-01 -1.594027091531087592e+01 3.054874712315211838e+01 -4.557183075094937408e+01 -2.326018315217328691e+01 1.305076726657397224e+01 -2.518226662893116341e+01 -2.375760101663206569e+01 5.193757238682018773e+00 8.687227100702794580e-01 7.115218056738754967e+03
-3.405500064598745524e+01 8.402745647326607781e+00 -3.373260546425657935e+01 1.489786762746862792e+01 -1.750499695689009627e+01 2.078668959940175398e+01 -4.435016977884876610e+01 -1.999943043028331502e+01 -4.510530769411912111e+00 -2.437904573763399796e+01 -2.699928155820458997e+01 2.608086577223299063e+00 -1.180692373730878941e+01 7.185460021867291289e+03
-3.297381822997863310e+01 9.505813839044538582e+00 -2.658870904249958755e+01 1.512978954108558050e+01 -3.999083825145633764e+00 1.646718951352344007e+01 -3.520253706986029130e+01 -2.112187476072106307e+01 7.212778729795413568e+00 -1.986279622671180078e+01 -2.159662630817620510e+01 4.206497376601111782e+00 -3.163134649115081842e+01 6.017222196854259892e+03
-3.325841527128795860e+01 7.684552381535419308e+00 -2.512488561776166307e+01 1.749295176839081023e+01 1.862878762056208837e+00 2.025214809990997722e+01 -3.615962437852996914e+01 -9.025862125883122644e+00 -4.028779390076239864e+00 -1.943491882606467058e+01 -2.407669154866171013e+01 4.258848286001938988e+00 -2.581704307720905334e+01 5.563333923846167636e+03
-3.281456319846532921e+01 3.801982407768807359e+00 -2.294846955137529321e+01 1.778797633015881985e+01 1.003010919755461927e+01 1.677184717383119050e+01 -2.612601178264574031e+01 -1.283095384906145320e+01 6.028332843488784398e+00 -1.326246743410372986e+01 -5.764991281398494927e+00 -3.252728776172024716e+00 -2.328877924741563277e+01 3.961811248401998455e+03
-3.468683460784800587e+01 5.692271838978315124e+00 -3.370994586949509397e+01 1.822809570512475119e+01 -5.785162388322519611e+00 1.406184910309347735e+01 -4.951136473509757252e+01 -2.228244439174823910e+01 -1.750401367220675519e+00 -1.792508011033916304e+01 -1.472147513445661637e+01 -6.701887035034801876e+00 -1.242206824512172147e+01 6.623605948780850667e+03
-3.656286139282595826e+01 7.849967047238506801e+00 -2.665531872313723483e+01 3.049950357247523769e+01 1.596409869124881098e+01 2.250409323497833469e+01 -3.384734110716293287e+01 -1.588209228270635087e+01 6.808061837018816398e+00 -1.341991671607788383e+01 -9.458159727068251144e+00 -7.665403397472824842e+00 -1.483362733794077748e+01 5.793056130239533559e+03
-3.596761698665759610e+01 7.043431055618249559e+00 -2.953935442561238389e+01 2.479124421582676518e+01 8.945923219588522102e+00 1.100480444994263429e+01 -3.897573125432094798e+01 -2.626048287586866792e+01 -6.683971521019138606e+00 -1.884548860961748318e+01 -8.207691493537321747e+00 -8.974929688872776978e+00 -6.944028541703348267e+00 5.836277504490252795e+03
-3.674622484494886976e+01 7.525022917166952929e+00 -3.152175282384374810e+01 2.480363163907078672e+01 1.670732304666378454e+01 2.337220500472177331e+00 -3.274664963508576676e+01 -2.811561729485964989e+01 -2.874024364646619922e+00 -2.892638370788556301e+01 -1.319951022183299294e+01 -1.677896288457993434e-01 -6.126117627184805237e+00 6.219960526183460388e+03
-3.977995347942837157e+01 1.458671690263765619e+01 -2.989509407821106279e+01 2.817844455639095713e+01 1.217803938683923981e+01 1.043713945650591768e+01 -3.436745710621222116e+01 -1.553976098713681075e+01 1.263933149577121995e+01 -3.308502753813073838e+01 -8.002707280810579249e+00 -2.778375034220484707e+00 -1.242447329272743595e+01 6.643305175326186145e+03
-4.034501455617051846e+01 1.087893509125649238e+01 -2.622448239203115605e+01 2.805365368589695763e+01 1.507163262634947110e+01 -2.215497812613607564e+00 -3.546306048963336366e+01 -1.582679287578327454e+01 1.566156614529500146e+01 -1.808520999623436865e+01 -7.813337640152423491e-01 -6.075921232137194039e+00 -2.006574430559927436e+01 5.973501833260212152e+03
-4.187855856476207350e+01 1.440676152325875670e+01 -3.085281069298745749e+01 2.686064886231980608e+01 1.102103937582399418e+01 5.904328291797139583e-01 -3.610745749742157074e+01 -2.246299035121616328e+01 1.486617119753083749e+01 -1.927260051609784597e+01 -2.286763363362824375e+00 -1.703979316910366304e+00 -2.370201402527608892e+01 6.727259650082843109e+03
-4.443133919511003427e+01 1.017466747432200158e+01 -2.820728118489388692e+01 2.197225393342500510e+01 2.854614131478532002e+01 4.211623365595945856e+00 -4.085774088327060838e+01 -1.296253167655273053e+01 1.279404126164088851e+01 -1.856884432482697989e+01 -6.868410624078588045e-01 -5.987416846690187811e+00 -1.800910729269070387e+01 6.895238916514882476e+03
-4.774219911020669826e+01 1.103375455867780630e+01 -2.605371536037372948e+01 2.846310982936344303e+01 2.482297170874560521e+01 -1.461758796780074121e+01 -6.344926626188257046e+01 -2.217338687802999786e+01 1.424074550919940485e+01 -2.109479714677202011e+01 2.345233029125085369e-02 -1.245227323813531051e+01 -2.842499368905055945e+01 1.084815752239397079e+04
-4.741746218483067565e+01 1.009612632965417411e+01 -1.811142177297373479e+01 1.853090918245211327e+01 1.731652368503884176e+01 -6.624353214624829178e+00 -4.572879425411067444e+01 -2.820843302630805738e+01 1.111670638559216551e+00 -2.433596386558071956e+01 -3.552794642816576420e+00 -6.233764572068488441e+00 -1.775172563518658819e+01 7.212428928878560328e+03
-4.963051373006658196e+01 1.606749601531721439e+01 -4.275704706344186690e+01 3.539163181090545152e+01 -1.832225754573657273e-01 5.201570358422700657e+00 -7.169673222133066304e+01 -7.271843675516844741e+00 3.931243257387077250e+00 -4.507204400863734151e+01 1.032349662940955426e+01 -1.474562056412550781e+01 -2.482923002295273918e+01 1.400991842017734780e+04
-5.319510292556539355e+01 1.577464525686401764e+01 -3.210839134595715905e+01 2.257881627997954510e+01 -4.109449669686039641e+00 4.967239136946884237e+00 -5.364717124263182768e+01 -1.274762728932379297e+01 8.723786328782827226e+00 -1.301537224410512295e+01 1.347344149696411186e+01 -2.287196738275642005e+01 -1.388692382739009545e+01 8.844403706427283396e+03
-5.581909884098259766e+01 1.404685606948359577e+01 -1.998713441783643674e+01 2.103334740090723187e+01 1.721401484690660411e+01 -1.041455449835704883e+01 -4.729116619729068560e+01 -2.189953398303682519e+01 -5.136195743850641149e-01 6.723360118221712867e+00 1.132946577222467432e+01 -1.106398439068828310e+01 -9.121981856105035646e+00 7.655248922113809385e+03
-6.127835291494211134e+01 1.508767070486088180e+01 -2.752722807923735715e+01 1.958110484878393720e+01 1.963160232772027314e+01 -1.308925061519443389e+01 -3.097996952924640368e+01 -2.164550171803027467e+01 -1.974333361218248761e+00 7.398617822593153148e-01 -3.717834946106996163e+00 -2.131902406706082331e+01 -1.762017457004400711e+01 7.892095867786647432e+03
-6.365785752369620809e+01 2.292681182567912401e+01 -2.579660013679054487e+01 3.249586490567070030e+01 2.250871669026217958e+01 -9.803966644273732101e+00 -2.303075019042222848e+01 -4.174352643472237645e+01 -1.603409368198129670e+01 -8.393130121753529238e+00 8.225241339897104709e+00 -1.127549914719161528e+01 -3.854583983907686306e+00 9.712290969376992507e+03
-6.425236115504924328e+01 2.053379971874165122e+01 -1.976490448271158940e+01 2.733640542547513164e+01 2.236437503920848258e+01 -1.632954109196115766e+01 -1.238993712753665299e+01 -2.449959552394919982e+01 -6.036332208208843753e+00 3.453778838473659629e+00 -1.010366012150622872e+01 -2.144902820098872809e+01 -1.471399227632689310e+01 8.035505483833257131e+03
-6.551386963515821549e+01 2.004734976610568964e+01 -2.322144745488824569e+01 2.273059498875256423e+01 1.105320567425364509e+01 -1.893551049212799953e+01 -1.175070144635447811e+01 -2.444830633479952553e+01 -9.856179708717533572e+00 -8.739849093722687812e+00 -1.158884769131055492e+01 -3.312408279679304002e+01 -1.235229831598389438e+01 8.524019264316153567e+03
-6.778516961036855548e+01 1.201278034313283882e+01 -2.962293611571513097e+01 9.711862814209574424e+00 4.551007901881147788e+00 -2.704952511580735219e+01 -1.290472872227885759e+01 -3.228799996867865474e+01 -2.743663889052518101e+01 -1.425340940782731280e+01 -2.321638879705001202e+01 -3.238492589849621339e+01 -2.176686752785944989e+01 1.068991967096171720e+04
-6.872104965215912387e+01 1.363371388049584709e+01 -2.670916062453154538e+01 1.674211644844463365e+01 1.354759521415562418e+01 -1.610886393213161227e+01 -1.663057375732264476e-01 -2.223918730111864761e+01 -2.004300750985864354e+01 2.590409572438683306e+00 -8.176689844922768735e-02 -9.328759901134342059e+00 -1.477656505046073043e+01 7.553592180195604669e+03
-7.177615871406020176e+01 1.504597945559152627e+01 -3.522160962725735089e+01 1.879436933722622882e+01 8.141652381216763601e+00 -3.038596773599757128e+01 1.042815918191987379e+01 -3.297699612143640735e+01 -1.049898673485162170e+01 4.682542981077547850e+00 -6.017438450688005425e+00 -6.913055399466581541e+00 -2.521267810325810288e+01 1.000964484574002199e+04
-7.081566594051888330e+01 1.130452517457427675e+01 -3.340068129792256002e+01 1.974303723763001983e+01 8.620786849278047725e+00 -3.063200824587699955e+01 -7.551571718103319286e-01 -2.247745050368056141e+01 -1.077139749501165156e+01 2.921792911463249265e+00 -2.862298424365913085e+00 -1.210536474153684061e+01 -1.631107636458701293e+01 8.711831498909477887e+03
-7.138188485659611615e+01 8.128293742852408243e+00 -2.877089180880236441e+01 2.048132800887129790e+01 1.107090746111234125e+01 -1.261129919477555461e+01 1.465291502514714139e+01 -1.559825794238494190e+01 -1.211416998996581285e+01 -5.011382789392161641e+00 -5.145800855421506448e+00 -1.290486087520154257e+01 -1.730029880554955213e+01 7.812497197716109440e+03
-7.288552271364015667e+01 7.610755787869114108e+00 -3.860666736003715727e+01 1.589641540630736571e+01 -8.626315076015618200e-01 -2.544826342390208040e+01 1.479795681006582520e+01 -3.047223435729363317e+01 -1.648113512492934163e+01 -1.070347928344468080e+01 -4.263137494673554073e+00 -2.331970264460744247e+01 -2.871050765523445136e+01 1.068175705554019078e+04
-7.283239640400405790e+01 7.070421282223123827e-01 -4.190801809899893016e+01 7.163471578330133482e+00 1.322932700407672746e+00 -1.649321703859075683e+01 -3.552497324082656949e+00 -3.714507474657877850e+01 -1.733366843408177260e+01 -1.407517214245818415e+01 -1.574237339664970214e+01 -3.006046746269700876e+01 -3.336683502897497533e+01 1.154217459124779270e+04
-7.506489964951360605e+01 3.322826637650954318e+00 -4.210176696454594492e+01 1.400564813909209505e+01 3.717555075214213467e+00 -1.892855977896806152e+01 1.787789014747782090e+01 -1.643444380922102965e+01 9.225390023593487143e+00 -8.098998602495436350e-01 -1.532940732306548526e+01 -1.682712749468899460e+01 -2.465257987215083446e+01 9.787974189898162876e+03
-7.487113355069224951e+01 1.484521184704076235e+00 -4.009357614116676416e+01 5.511524947743870584e+00 2.472083785470556183e+00 -1.037663261537450765e+01 1.579590079370197842e+01 -1.864224567677749533e+01 -4.444733798441631301e+00 -4.350846292494869871e+00 -7.612265610523785142e+00 -1.135701850626660070e+00 -1.134885750012945671e+01 8.183310200762065506e+03
-7.596074994348809639e+01 2.810297430367179050e-01 -4.217647625117787413e+01 3.347357969944460887e+00 1.998892271557453082e+00 -1.884533445673301699e+01 1.341871751517639844e+01 -1.212381445582637696e+01 -1.537091207732678599e+00 -2.528112318248269208e+00 -9.894288692154626474e+00 -1.592690478790357744e+00 -1.341801010612699407e+01 8.535596130017171163e+03
-7.861005070876719003e+01 -2.713645726361844090e+00 -4.921729197176264847e+01 2.821035648749076419e+00 -2.518467285341641215e+00 -3.238468802501508748e+01 2.229462501445448552e+01 -2.159935764633667432e+01 -8.982504478678801974e+00 -2.781983700318892971e+00 -1.984372586861887910e+01 -8.325317873120731349e+00 -1.170800825354611874e+01 1.132448391926361546e+04
-7.748887441466325754e+01 -2.362047327543663755e+00 -4.780456779745509976e+01 2.474141008237566552e+00 -9.988353995758355586e-01 -2.080324482772128292e+01 3.097522673424660411e+01 -1.223891564275307786e+01 -5.742309301899701346e+00 -5.593742362515644828e+00 -1.391438212201483182e+01 -9.333220831883380919e-01 -9.058898972997418753e+00 1.018534023681337385e+04
-7.560651541332637748e+01 -4.205814824309703326e+00 -3.718426613374430900e+01 8.857724376408622646e+00 1.101918798234235108e+00 -1.620385065419858250e+01 1.540009709780071212e+01 -1.055103719625938830e+01 -1.532317151925400900e+01 8.757219312128762922e+00 -4.335299576520744047e+00 -1.618774682207811111e+01 -8.378714526239848581e+00 8.469958660110803976e+03
-4.834626750082912849e+01 7.743565715289213003e+00 -7.811545721362242567e+00 1.026399924501272665e+01 7.200226825234953942e+00 1.390490532017452630e+01 -9.724300782311292579e+00 1.208811279406305239e+01 -1.266655704991416620e+01 -1.401486763446527206e+01 -1.039727984004715111e+00 4.464110496345521373e-01 4.602097420908027203e+00 3.428886273319784323e+03
-4.095089373808594502e+01 1.063126797762923204e+01 -2.556143897692563982e+01 1.421113563187942752e+01 1.981040329374297215e+01 3.438409285529692738e+01 -6.145829726347082556e+01 -1.664286490748967395e+01 -2.744088045114697039e+01 -2.645307210130732756e+01 1.348170226517888715e+01 3.578890860997024959e+01 -9.473121470446839609e+00 1.127927751966013602e+04
-4.582635716718898777e+01 2.057988047065001780e+01 -2.929033834462206087e+01 1.543605783845363177e+01 1.144708880435716480e+01 3.584774076257801312e+01 -5.927417495357703814e+01 -2.827888195133304450e+01 -2.366612646912069806e+01 -4.975767163181459551e+01 3.620377176181919765e+01 1.621751137647511243e+01 -1.862804436244107631e+00 1.396210386772365382e+04
-4.913968983663629331e+01 2.623114361872485745e+01 -2.938096787181918401e+01 1.086417613646673352e+01 -1.798156896430234397e+01 3.031678036646064811e+01 -4.445494325171928551e+01 -2.604618865963896468e+01 -2.159105455688750652e+01 -7.086880654326461126e+01 2.623907522953638960e+01 -8.796193614745101641e+00 2.944361719340217454e-02 1.423556786209039637e+04
-4.814218673160215900e+01 2.201563090115448418e+01 -1.335942114793948932e+01 6.771585961937524267e+00 -6.616485575570305144e+00 3.203326858657175791e+01 -2.498139836185879759e+01 -2.438856251407740672e+01 -2.169929265525017925e+01 -6.344977565325811497e+01 1.150025725446300484e+01 -7.550403627026516240e-01 1.300267279089545092e+00 9.946717110504550874e+03
-5.310472822975215479e+01 2.222723466450211305e+01 -1.784445928609108734e+01 2.368994266539983684e+01 -1.005953429466732096e+01 3.499066666638548639e+01 -4.547142722700161244e+01 -1.630620644242760164e+01 -1.644093548301247054e+01 -7.029922203249076063e+01 5.804102137458811761e+00 -1.183649046634726965e+01 -4.477453516254081833e+00 1.325900695457904658e+04
-5.357365483320198507e+01 1.503427819312099167e+01 -9.250131972126233393e+00 2.004137743959976703e+01 7.413175132303153170e+00 2.001599730647584607e+01 -3.322683354556421875e+01 -1.429418348637143588e+01 -2.391189805728533457e+01 -6.065170994887815681e+01 1.203708516448225829e+01 -1.880329592533631633e-01 -9.106417617570308209e+00 9.825591632776415281e+03
-5.553254385700646623e+01 2.319624049722282777e+01 -1.600541222241512074e+01 3.163214072110621089e+01 -4.631891947359417117e+00 3.124062050343725971e+01 -1.451842782183637404e+01 -2.565718586377743549e+01 -1.475736296481576026e+01 -6.225150773746722876e+01 2.958469158154894885e+01 -5.923665037390300370e+00 -1.288636017676607537e+01 1.191463331208191084e+04
-5.431857924788540970e+01 2.412107251696175325e+01 -4.986675245877575158e+00 2.883688268107350794e+01 -8.255225796797189375e+00 2.856758737624242173e+01 -2.975841081543982369e+01 -4.049065960777245898e+00 -2.243617442965156528e+01 -3.950018666987252658e+01 1.150160977894383585e+01 -1.932546092112987779e+00 6.518836866902433691e+00 8.417144340512793860e+03
-5.169221367632039232e+01 2.308332545571306937e+01 -5.741822212204234610e+00 2.054901695331151856e+01 5.095577584935065296e+00 3.494407155744130478e+01 -2.942018903273886110e+01 -3.569866709291341778e+01 -2.440678683072807686e+01 -3.534077392235818138e+01 1.372384863091806473e+01 -4.452954088307075065e-01 -2.068087094057070985e+01 9.508053168723052295e+03
-4.515381695141571328e+01 2.509287785540115223e+01 -1.697274405214550441e+01 8.883771672456022728e+00 1.732701477667320233e+01 2.530426760117410723e+01 -2.694361545995650786e+01 -3.719011025401906778e+01 -9.708933519398943446e+00 -2.089433090950491234e+01 2.851238952934789239e+00 -8.912981416971611281e+00 -2.083275794236113043e+01 7.137520317830018939e+03
-4.146660021319274847e+01 1.196827698072993051e+01 -1.496917647576944077e+01 2.354550682359845837e+01 3.746823575911248128e+01 3.464505907439637156e+01 -3.279694294188712433e+01 -4.088098398645779241e+01 -8.691507835650027047e+00 -2.944241953118716637e+01 -3.099938354169474941e+00 -3.835376987658047021e+00 -1.597799705492372091e+01 9.214243350906202977e+03
-3.863843548775495407e+01 1.655608770293706300e+01 -1.923470428553509137e+01 2.221648114868249380e+01 1.658245498956425479e+01 2.034958928365987774e+01 -4.527193699849787123e+01 -2.873483913021667036e+01 1.220844104393181695e+01 -1.771105140804970546e+01 -9.650793361586369468e-01 2.437447589065603548e+00 -8.043122805942656939e+00 6.729193205528188628e+03
-4.296893535067256664e+01 1.490638922988190096e+01 -2.588286626565251325e+01 3.309956758494634954e+01 1.727818681124608347e+01 3.792815934125575694e+01 -7.608798610627329140e+01 -3.274690911791770986e+01 5.244468894762690958e+00 -3.184373136274895444e+01 -2.781639898718393233e+00 2.172947773759181800e-02 -1.946223280692478852e+00 1.348591014131041447e+04
-4.430509811442400547e+01 1.757060894871389678e+01 -2.624311570709378572e+01 3.663720360358943395e+01 4.475094743704343792e+00 3.782281998162201830e+01 -7.411134711473910386e+01 -2.419446456312975613e+01 5.754729342340707543e-01 -2.608292154026945298e+01 -3.738122259332746999e+00 -9.295983985356219392e+00 -2.138865087080746630e+00 1.261672348396568486e+04
-4.761408863297010186e+01 8.609358724681010600e+00 -1.627306129843868021e+01 3.183767341287666142e+01 1.932535630463594245e+01 3.916570195705213564e+01 -6.454536249258313774e+01 -2.836704373774996668e+01 1.219272331378697416e+01 -3.261187172244363097e+01 -1.494472346389078687e+01 -1.207496025485598778e+01 -1.460013441648400701e+01 1.229239709077006046e+04
-4.923227443216597266e+01 1.278974244428295037e+01 -8.076361156128053054e+00 3.271566744496750090e+01 -6.129923157551406376e+00 3.737714728115712859e+01 -5.222099831748494125e+01 -6.225610371948694599e+00 1.763701144327514569e+01 -1.681213552188158289e+01 1.092351410123906064e+01 -1.290380741026951306e+01 -1.855563923032273133e+00 8.806341446952079423e+03
-4.940077192598030109e+01 5.729140453890826379e+00 2.106940863938504549e+00 1.699539015485116167e+01 5.460565788042043067e+00 3.174794525448615801e+01 -5.855517709412101368e+01 -6.873260384617011276e+00 1.084259504778056105e+01 -1.112238280352991282e+01 -2.119392307934897346e+01 -2.238617102176394269e+01 -5.878224880765642091e+00 8.506387905845174828e+03
-5.595316561954467716e+01 5.414696269319883015e-01 2.038776855435682211e+00 2.437486253669601410e+01 1.722679502514456118e+01 3.662473105526676420e+01 -5.487927954216876003e+01 -1.316219849233275951e+01 -6.683531136254149629e+00 9.541453490643833746e+00 -1.990478975598606581e+01 -6.264155984322171022e+00 -2.212271622857207731e+01 9.613016452801461128e+03
-5.999485554559012002e+01 1.385150057844515636e+01 -1.280261282978810122e+01 1.983277548208328511e+01 1.083194506998283124e+01 3.302645111397431776e+01 -5.117276507345839320e+01 -4.059088232748292668e+00 -1.780497823520211043e+01 6.738957061276197535e+00 -1.623678752101928424e+01 -2.945001028330155890e+01 -1.537971139108162788e+01 9.921600917922536610e+03
-6.285332303641222751e+01 1.659232564252308606e+01 -1.007499666411882266e+01 1.772216128623398745e+01 2.210039368834748075e+01 1.632770148676890898e+01 -2.937729345248615331e+01 -2.194898492917725719e+01 3.241304492808694260e+00 5.034303427200597980e+00 -1.026948680825469640e-01 -2.452613362432141386e+01 -5.755247647789246024e+00 7.411745510513742374e+03
-6.786158989343097403e+01 1.506365021785982172e+01 -1.798217613231624412e+01 2.256366019948592694e+01 1.888440482619732208e+01 6.446451218780086201e+00 -2.164767915346492089e+01 -3.261226563647196741e+01 -1.404369758656653389e+01 -1.636156817965697030e+01 -1.225264858633045506e+01 -3.554188125763462835e+01 -1.399718976836009610e+01 9.669146119756625922e+03
-7.083782770100577864e+01 1.309068304436430275e+01 -2.549522569718830312e+01 2.707222779597195839e+01 1.477872365458770432e+01 -3.760914026653100706e+00 -1.864296873564060419e+01 -4.461652355122343749e+01 1.856714868726978551e+00 -6.794000033146504691e+00 -4.440326805149949152e+00 -1.767826518312657669e+01 -1.149192590468376451e+01 9.656933220976818120e+03
-6.700144950724832427e+01 1.251074754005311185e+01 -1.360842344702465034e+01 2.259334952176628164e+01 2.401817199477439857e+01 8.961041859363566786e+00 -1.701369856950232773e+01 -3.206566882403508600e+01 -1.079333549317513707e+01 -8.690380944181239187e+00 -5.445279149772848548e+00 -1.701782324599050256e+01 -1.391732717759192717e+01 8.021175765574017532e+03
-4.277579393140618436e+01 -1.680110146131170268e+01 -2.506313417636294361e+01 -4.346167839944926392e+00 -1.799826548809663862e+01 4.311160993629498961e+01 -3.976262356507995577e+01 1.119878043924300748e+01 -4.448030931061745719e+01 -4.954054082224241995e+01 9.631731123063161926e-01 2.132962783971751008e+01 -2.530623048205018577e+01 1.217717194315887900e+04
-4.306785833275507969e+01 -3.813381866556645683e+00 -2.098700091076229413e+01 5.783077959450330319e+00 -2.665380748010718293e+01 5.244380387016725109e+01 -2.872829085288857343e+01 3.678492390981408988e+01 -4.133699582637012782e+01 -1.649782620336558381e+01 -8.558919067727083885e+00 1.437809483440729252e+01 -2.443680143643326375e+01 1.084057130498660081e+04
-4.346040529374563732e+01 4.094263281279136857e-01 -1.993930049825964090e+01 -9.576610680777406515e+00 -3.052001798239890462e+01 5.281779270106405733e+01 -2.193376443941811971e+01 4.049109130458523964e+01 -3.670921891039691332e+01 -3.639090224505189042e+01 -2.027217977785419900e-01 3.374956432936406259e+01 -1.506518041253787388e+01 1.225796922431640087e+04
-5.244128621862212469e+01 8.164542462751683161e+00 -7.694245968366386634e+00 9.856678052761379760e+00 -3.197489203920925860e+01 3.927015370031357833e+01 -3.277835093258106980e+01 3.177786876698598206e+01 -3.873091288710532609e+01 -2.886941710896154945e+01 -1.209648027506726287e+01 2.262016727563664631e+01 -2.830383109643813100e+01 1.141452621758190799e+04
-4.848402144709653783e+01 1.714259142233693822e+01 1.447813678618036448e+00 -1.014510315546342767e+01 -3.420394040148973858e+01 1.736631473537883963e+01 -1.313434925590576086e+01 -3.974650403203071836e+00 -5.060808004665550186e+01 -4.363588533967686089e+01 -1.985561267490517068e+01 1.206129174322747488e+01 -7.928928505788346293e+00 9.477251737366499583e+03
-4.652108900589963980e+01 2.443728379635081893e+01 2.569576617057460322e+00 -9.317328790326016019e+00 -3.216269582558424389e+01 1.661429995248673208e+01 -1.621010517357315805e+01 2.507980259443959170e+01 -9.287276854182888286e+00 -3.216137798661907254e+01 8.701166934739051229e+00 1.185624931065746424e+01 1.770025389637158852e+01 6.707233562113917287e+03
-4.699962075926273286e+01 3.867643866815210174e+01 -1.271634663902907469e+01 -1.795642530581686813e+01 -3.725299454412580502e+01 2.478364940794062576e+01 -3.986903892384996340e+01 3.914670636927002079e+01 -1.945669653918534792e+01 -4.281551455175701903e+01 2.612889926124895368e+01 -6.752713187333220901e+00 1.070487658044891077e+01 1.236763392707405728e+04
-4.634225322290628668e+01 4.029643096481085962e+01 -1.990187417667623393e+01 -2.292136653235609245e+01 -3.726917546539851145e+01 1.818334589976036142e+01 -2.309245726193795178e+01 2.079624726504973609e+01 -1.122174272923762928e+00 -4.363807949690059473e+01 1.087177104712189468e+01 -8.249200319766259781e+00 -5.274243868006983860e+00 9.497855029689622825e+03
-3.784063169814949390e+01 1.958461394807378753e+01 -1.374841932114920695e+01 -2.856250176806786456e+01 -2.661848041722322478e+01 -1.978767696794891506e+00 7.908519483663239313e+00 3.435353286738109357e+00 4.221719165853401456e+00 -4.261403153298203073e+00 3.081908382643925748e+00 -8.626804872454574280e-02 -5.641976842265725267e+00 3.684431379533447853e+03
-4.674780485603005786e+01 4.020190894980746776e+01 -2.200013501978722630e+01 -2.978049160957726471e+01 -3.738485995475145529e+01 1.940861933317102128e+01 -1.067848890057874556e+01 1.126825803161175443e+01 4.955506154981662803e+00 -3.381986588777187563e+01 9.723456931882376253e+00 -2.096590311884821922e+00 -1.428507507308465430e+00 8.457082695245568175e+03
-4.643088594651313628e+01 3.138100755809013265e+01 -1.529185593767100215e+01 -3.701812710669506146e+01 -4.000270193253929563e+01 8.662615551835086691e+00 1.101753162356158988e+01 2.018825872438876345e+01 1.990436551900001350e+00 -3.325832701241851908e+01 3.961091310334086568e+00 1.533278126498870897e+01 -1.883044219384139017e-01 8.309884298722674430e+03
-4.636777011462736198e+01 2.888479200968515315e+01 -1.463039585708157553e+01 -3.639774623287168254e+01 -3.101087798436062215e+01 4.228789638536279760e+00 1.393240399273394736e+01 1.061968184127749737e+01 -1.227703475246084786e+01 -1.277939799734261328e+01 -1.126518424665711615e+00 -8.325022446253452557e+00 -2.183239021496491183e+00 6.198972637812074026e+03
-4.662927682531444162e+01 2.984857755383903921e+01 -1.016038466076661884e+01 -3.452168647792945677e+01 -3.787386896863333874e+01 5.412324963140168421e+00 1.332724846141273112e+01 2.206276463257123410e+01 -1.834420538234568454e+01 -1.419389632998308670e+01 8.117074464649208565e+00 -6.724933875155974405e+00 2.189956216686368418e+00 7.142195745775724390e+03
-4.184241178007007278e+01 2.113808089347091368e+01 -1.029031717299805848e+01 -3.230956559981235188e+01 -2.953377051844862677e+01 -8.264092373856820606e-01 1.562974886581266176e+01 1.769129652506041239e+01 -1.927565076075404837e+00 -7.299780372019024632e+00 -3.453874558254331095e+00 -6.011418831104478500e+00 -3.740092271854012385e+00 4.896659116442667255e+03
-4.205837122886330093e+01 2.887737859535541318e+01 -9.138820086210875715e+00 -2.763361610761340970e+01 -2.088497298545730629e+01 2.157199192620178341e+00 6.830140093350548725e+00 1.721081915740945689e+01 -1.932663614404814822e+00 -4.229975816014437839e+00 -5.384581186747388948e+00 -9.102547861433318843e+00 -9.732758185936716266e-01 4.368068313435146592e+03
-4.277148328850941539e+01 2.181243113180030591e+01 -1.212461267348557215e+01 -3.420549485739142881e+01 -3.069388604054832115e+01 -1.153372561014999409e+00 1.721363085984827634e+01 2.133057776435567376e+01 -3.713408258428100517e+00 -1.691535104087824237e+01 -1.135752036347373561e+01 -1.155134896570750058e+01 -3.569351136198329222e+00 5.892037290172520443e+03
-4.491761276737688036e+01 2.602054357715579869e+01 -8.579427027493535363e+00 -3.253840234312139756e+01 -2.959465976831901912e+01 -1.667236541945083639e+00 1.531847349769970279e+01 2.242740583475906035e+01 2.348636682166735934e+00 -1.042520764851668247e+01 -1.125638545264490453e+01 -9.251950363928751031e+00 -2.720033979025311410e+00 5.777186979821366549e+03
-5.058302565757737312e+01 3.625099748290119095e+01 -1.789504138351080442e+01 -3.583192730911118673e+01 -3.052402744307997295e+01 1.296871311215316069e+00 2.132836746286255547e+01 1.523138019495794993e+01 -1.151223347860225310e+01 -2.074122156992434185e+01 -1.610824460512900203e+01 -1.536465909801665219e+01 -1.103883509466781376e+01 8.277363117384184079e+03
-4.842245712188838525e+01 3.795924357880291922e+01 -2.575793228650892530e+01 -3.461148088329968431e+01 -3.375557655602364093e+01 -6.700035517295011012e+00 -2.269000898739877314e+00 7.551101330188318528e+00 -7.057772654726294448e+00 -2.025271805835951255e+01 -1.307872026893545936e+01 -1.961978117133322641e+01 -3.635908061425005666e+00 7.922754440459652869e+03
-4.989498919144809719e+01 3.729304968074708171e+01 -1.224715973424711635e+01 -2.831761268732170578e+01 -3.736673128634497232e+01 5.929848376937008059e-01 1.342845547518902061e+00 1.237408296645113381e+01 -1.621106186193756216e+01 -2.286796718085570035e+01 -5.572821791830593341e+00 -2.172963171962598139e+01 4.531842023500546324e-01 7.672888075231070616e+03
-4.665247712340831754e+01 2.810381769310192013e+01 -4.769168092588777164e+00 -2.077916820550662891e+01 -1.959533540508022398e+01 -4.256982213478535115e+00 1.014266965837925127e+01 8.369382153982410699e+00 -7.372325408673146008e+00 -1.297532598728547093e+01 -6.298395532253982410e+00 -1.000579439776854374e+00 7.949601503250016243e+00 4.322393734891407803e+03
-4.614591410565294183e+01 2.111568220846887201e+01 -6.154687063508291089e+00 -1.831230806030879776e+01 -1.704736382257284788e+01 -5.469973323724893532e+00 7.212472460868308843e+00 5.524400407042265648e+00 -4.646328454001098507e+00 -1.779819796580626345e+01 -1.980540233841040987e+01 -6.816921331911746762e+00 3.554160749625015825e+00 4.141330859236706601e+03
-5.120253157486447293e+01 2.213168157822043369e+01 -4.346432590543432894e+00 -1.299109580664144126e+01 -8.928986005139703863e+00 2.692365013668744034e+00 1.207008947119410536e+01 8.075666644618019419e+00 -7.944380744794757199e+00 -2.098522774687730674e+01 -2.005687814541952818e+01 -1.665439721077495250e+01 -8.433402195205237817e+00 4.851312236707788543e+03
-5.519649394822486244e+01 3.012842506026091627e+01 -4.338946143242340958e-01 -2.338676578545567430e+00 -8.805492389929449715e+00 -5.407082729952693789e+00 1.764891724415198127e+01 8.628539955217211954e+00 -1.522093139526653260e+01 -1.863580229971472235e+01 -1.926292023575755508e+01 -2.904266447498348214e+01 -1.646925875418842367e+01 6.517484654612422673e+03
-5.471014381667315973e+01 3.176460960802695155e+01 2.913354208229192555e+00 -6.968511046845009105e+00 -1.845316164678157733e+01 -1.168527048433088034e+01 2.077245271802496163e+01 1.605076674314978646e+01 -1.306012146627884540e+01 -2.676472209373400446e+01 -2.004023406111283023e+01 -1.209513798298369736e+01 -3.930495148107668424e+00 6.675693922593506613e+03
-5.702387500136924103e+01 3.501569594743660474e+01 7.136195552658225472e-01 -4.832756314750301652e-01 -9.865262659404663736e+00 -5.187418183419644224e-01 2.661096818726352708e+01 9.297016084259194457e+00 -1.281692040287359369e+01 -1.585045316185363440e+01 -1.862656737183005262e+01 -2.020746855315240254e+01 -1.298042758596125346e+01 6.710027339156479684e+03
-5.498268290672434944e+01 2.901818038091627727e+01 6.535179077060261577e+00 2.486217918246347747e+00 -6.844207939884656255e+00 -2.238236991000450260e+00 1.869717158600427709e+01 1.439265953009779153e+01 -9.326317804952703128e+00 -2.395657160794515761e+01 -2.510828775410698555e+01 -1.869858238029170394e+01 -1.852424844761593192e+00 6.167017919951777913e+03
-5.865537762148135670e+01 3.302832775678250954e+01 4.178154697956066421e+00 7.713391007168924673e+00 -1.314578269126279153e+01 -1.226602253253509822e+01 2.444149496048316550e+01 1.283917626137255397e+01 -1.517342763896339974e+01 -2.844002643656244089e+01 -2.760508518507337783e+01 -2.027417454844493960e+01 -5.778856562543872144e+00 7.939321245039687710e+03
-6.102215816473520960e+01 3.573604266415069475e+01 1.570382740217516615e-01 1.448234038763238374e+01 -4.344005295695517965e+00 -1.057172770220187097e+01 2.524512890467497428e+01 8.851997818196139178e+00 -1.104568648676793252e+01 -2.009089906340021159e+01 -2.113475430765043583e+01 -2.385362377378152132e+01 -8.745127044931814808e+00 7.674639452861817517e+03
-5.744252800300079542e+01 2.508185061165883312e+01 3.170922894926247793e+00 3.703545935027387159e+00 -5.745785308270283664e+00 -3.004586856506431314e+00 1.864468603561069671e+01 9.486141126612913865e+00 -1.189279411567579281e+01 -2.275299820854700883e+01 -2.352230687832915734e+01 -1.986508656639778181e+01 -6.292226888130021401e+00 6.078817223543537693e+03
-6.079396160573549679e+01 2.937662650118931751e+01 -2.961785704841390920e-01 9.392499129331987717e+00 -5.180384311305697986e-01 1.264758930016299354e+00 2.373209037748172889e+01 1.090383629334859350e+01 -9.616841086585729670e+00 -2.032558346063246546e+01 -1.981999978706821608e+01 -2.379486693094812821e+01 -1.072804691302878233e+01 6.910904502403266633e+03
-6.075923810645679879e+01 2.526402072476969352e+01 6.392054726700590273e+00 9.270078414195525696e+00 -5.902209200027369818e+00 -1.084530970727512367e+00 1.818699016694258574e+01 2.730220319271752238e+00 -9.431723047869006393e+00 -9.822536737187077094e+00 -1.314847186445799743e+01 -1.257969348830190270e+01 2.980219591711540161e+00 5.356433808134743231e+03
-6.502025742450128121e+01 2.993543024922115237e+01 -9.842354365414136552e-01 1.905881827450804522e+01 -3.084342927801776213e+00 3.856978999509152573e+00 2.625079106241711457e+01 3.110594181450407891e+00 -9.669285619439948576e+00 -2.644454501587982875e+01 -2.099581134028271023e+01 -2.858709048467312996e+01 -4.461432785914330346e+00 8.281899683239020305e+03
-6.459946365839697080e+01 2.229989278417965792e+01 5.955789802225170959e+00 2.283584991384601182e+01 5.002812872624067708e+00 -6.895722083381472522e-01 2.250303319352506648e+01 9.386127576012574636e+00 -1.764346610723898934e+01 -1.683917498731299744e+01 -8.486603488484561808e+00 -1.609087755054141411e+01 -3.999029453997216432e+00 6.789093663067381385e+03
-6.675675117062580455e+01 3.020932437795239878e+01 -3.488112896309413902e+00 2.461806161287477224e+01 3.655518400799288248e+00 -5.283704681021702321e+00 3.353293930413357771e+01 7.700108874230001454e+00 -1.019420421648753639e+01 -2.085301076416805799e+01 -1.330421293961238405e+01 -1.908373554140278117e+01 -1.371183130050788890e+01 8.480288259674731307e+03
-6.849881916697893303e+01 2.661267222259964527e+01 -3.057559656937093973e+00 3.169475292373516240e+01 3.644266191424609058e+00 2.631425306097708638e+00 3.249706222033500325e+01 3.440128292876383220e+00 -6.910342164471414250e+00 -2.250257986119244791e+01 -1.077558886277322792e+01 -2.495129609921882974e+01 -8.689413939845687551e+00 8.870632531117475082e+03
-6.891926368087729315e+01 2.524107983416842060e+01 -2.851476135695886427e+00 3.054901805449202712e+01 2.761949162204394792e+00 4.366704186541246813e+00 1.897204766665051423e+01 8.291857815826626066e+00 -5.383257154182992110e+00 -9.908350889848659193e+00 5.984378334579775860e+00 -2.480234919372355051e+01 -1.261880440732388031e+01 7.721098814279692306e+03
-6.988974542266737444e+01 2.452524005786841244e+01 -2.952386235369869105e+00 3.059958206962269855e+01 1.362857731607299883e+01 6.179395806875163544e+00 2.611185090243750295e+01 1.830522508357670386e+00 -7.850895280371854135e+00 -1.733557436158844567e+01 -1.056476102101880699e+01 -2.366972470090322034e+01 -1.309547469219685567e+01 8.545737740273923919e+03
-6.543040838791000624e+01 1.899718209332078800e+01 -4.077827515688459137e-01 1.996322148470509461e+01 1.294740926587980567e+01 6.856511404223770256e+00 1.387949834655212022e+01 2.857735295438820877e+00 -1.431306891384885382e+01 -1.527417496991625789e+01 -1.517445761396899462e+00 -1.174330280556714179e+01 -6.433552186284141605e+00 6.075944807720386962e+03
-5.562873056562313678e+01 1.947508931099281071e+01 -8.216055053650327622e+00 2.741631790740808583e+01 -2.903520905637653371e+01 1.753839078241436766e+01 -1.597558086524128029e+01 -2.141606188957983292e+01 1.092542357332680236e+00 -6.607250375913761786e+01 5.106791551529650697e+00 -4.728282349831109954e+00 -1.150192439941808864e+01 1.070499786390711233e+04
-4.712542008484455636e+01 2.215384468084583247e+01 -1.881505603740272292e+01 6.173647355283917726e+00 3.498164097058007460e+00 1.281799781863642274e+01 -2.482412557943446529e+01 -2.095765092246327299e+01 -3.040898652119986778e+01 -6.416220161005773548e+01 -4.726903575729135554e+00 1.969242626245887351e+01 5.279617731749170595e+00 9.815221080380224521e+03
-4.416488386594134852e+01 2.027035253004184412e+01 -1.747294812375923811e+01 -4.706729299506804409e+00 6.263103942419282255e+00 7.369390514382953228e+00 -3.049902577001027382e+01 -6.433712593746029995e+00 -3.856594384808414588e+01 -7.047847338120104155e+01 -8.001230222283190585e+00 2.553989030050667708e+01 -9.004722206949494767e-01 1.092566276051476052e+04
-4.752246242008381927e+01 2.512358875779390388e+01 -2.081559950213500443e+01 4.421721162557753715e+00 -6.885852556095556132e+00 1.324353796519823767e+01 -5.966450820120411436e+01 1.104687527366546185e+01 -4.035262271888968399e+01 -9.469941567998455412e+01 -7.210773736998318029e+00 2.351063865039481726e+01 1.331443788620027746e+01 1.862544633695979428e+04
-4.401503357975749964e+01 2.352802611785078923e+01 -2.446021625634701380e+01 -7.852487603851583842e+00 3.579478904532210404e+00 1.383685134448770171e+01 -5.971950081876425287e+01 5.768030291416323507e+00 -4.040681486246726450e+01 -6.730567946149908209e+01 -7.542186986625516454e+00 2.019456712511277630e+01 -6.259559755263686576e+00 1.362146740009326822e+04
-4.194175181223446458e+01 2.034925660855667573e+01 -2.225242121385296912e+01 -1.524310801937049753e+01 6.860524257964210726e+00 1.041840129820115379e+01 -4.867986784313740856e+01 -6.472057341698238986e+00 -2.788721579652303006e+01 -6.224084261305667809e+01 -3.428828679747560670e+00 1.653144975052300225e+01 -6.808908755087560216e+00 1.045097854920229111e+04
-4.259586899023779694e+01 2.189165372169699708e+01 -2.167166545187974336e+01 -8.336953740267128765e+00 1.073758980423319720e+01 9.980838417688788766e+00 -3.973157598529806478e+01 -3.054806334979907056e+00 -1.918342313822304845e+01 -6.264667391461668444e+01 7.788329261565570150e+00 2.452305219270243697e+01 7.853450521615092939e-01 9.590925785421424735e+03
-4.308227900395741727e+01 1.657896477699029703e+01 -2.766395834689309297e+01 -1.070115459676681269e+01 5.803324871655341610e+00 -5.563135295984243278e+00 -4.063903272608931871e+01 -1.591257504867897765e+01 -2.775940393138772322e+01 -6.882869579572140140e+01 -2.380947645563006088e+00 2.614328696923950446e+01 -7.507433657729365883e+00 1.123359801479148518e+04
-4.367140218266640517e+01 1.797229800417526846e+01 -3.358894824826696635e+01 -8.294853855731100012e+00 6.818726472891811774e+00 -4.139661524504195889e+00 -4.307678341633555874e+01 -1.633440510387346833e+01 -2.270567088712610726e+01 -6.127460188250705642e+01 5.318984576854665747e+00 2.363655123063470143e+01 5.091473011478929445e-02 1.047037586651988386e+04
-4.387458139069883600e+01 1.407845535591976827e+01 -3.331238244593772180e+01 -3.988818930185228595e+00 1.059429128796733721e+01 -5.554653753416132211e+00 -2.569355555549048375e+01 1.959739835888786752e+00 -8.728331837499741397e+00 -4.190923057998829648e+01 8.837140724248390811e+00 3.291730416944371029e+01 1.426187286721952496e+01 7.253512233738708346e+03
-4.860004974811124612e+01 1.817532627183494753e+01 -3.164235187550843875e+01 -5.894352523467738081e+00 9.348355222231834460e+00 6.206885855504725491e+00 -4.062843027922171757e+01 -4.855950805287795546e+00 -6.967667921271811338e+00 -6.160375408369108641e+01 1.104778689894656729e+01 3.025576128461966618e+01 1.345624843706781482e+00 1.041130223301362821e+04
-4.989175369591951892e+01 1.213536919839289219e+01 -2.657066323511184081e+01 -1.249228468119742530e+01 2.844903058433720933e+00 -7.406224257682628709e-01 -2.110892382866006045e+01 1.970001242519231477e+00 -1.956779888175121229e+01 -5.640012127517319840e+01 4.055144366529067845e+00 3.013304589397440481e+01 1.003791519848810765e+01 8.545697983979249329e+03
-5.891174026104078365e+01 1.550167308420869361e+01 -2.826288172902243190e+01 -5.565464748578094145e+00 8.768334432476811102e+00 -9.778387729059755118e-02 -9.667466397096536213e+00 -9.242962066001060961e+00 -2.205346630705666300e+01 -4.738990237653364090e+01 -6.627095672008135097e+00 2.239452254863462599e+01 1.297953930565330039e+00 8.075721340236326796e+03
-6.232345208593508801e+01 1.672569741662330856e+01 -2.238248802015234062e+01 6.527755273626063115e+00 1.158080613390010427e+01 -1.714373670111715375e+00 -7.380509800052365676e+00 -1.077891815347509663e+01 -3.163110155048701699e+01 -5.302166545743347825e+01 -1.303183214709394377e+01 1.368477184150597026e+01 -5.388434423677969320e+00 9.213220590304239522e+03
-6.373959639480108308e+01 1.522998050641581713e+01 -2.626393079505809425e+01 -3.410985821706983945e+00 4.922825557725841072e+00 -1.329698323874721311e+01 -1.992274929319248500e+01 -1.447674332408155529e+01 -3.438567062629530113e+01 -4.812707504998270025e+01 -2.782857157165215423e+00 1.365929152822969783e+01 -5.773614326577512834e+00 9.529898209964647322e+03
-6.656985099019330221e+01 2.076228346672104408e+01 -2.671772395602911487e+01 -6.320616163146114928e-03 8.719411290070448572e+00 -1.255630010612167879e+01 -8.191637786050240067e+00 -2.375054279267581592e+01 -3.197158583859132364e+01 -4.250178798062445651e+01 -1.724580621967531258e+01 1.344198929201190751e+01 1.163218670598990867e+00 9.749376575667902216e+03
-6.700333712763207927e+01 2.469846563642679627e+01 -2.850052008063312670e+01 8.422038077926348620e+00 6.910744044677109343e+00 -1.510272366761195784e+01 2.487216035533867942e+00 -4.234791233768291363e+01 -3.363915845614754829e+01 -3.390926584292417800e+01 -6.373054909084695296e+00 2.442013893997479101e+01 -4.516619699165060453e+00 1.099684448955694097e+04
-6.658844883220048416e+01 1.431842200352335581e+01 -2.507765332289598348e+01 -6.244528787867881903e+00 -3.729157068025151123e+00 -9.364478663309501627e+00 -1.436719024686162349e+01 -3.924713282962740379e+01 -3.863731611100972430e+01 -4.344337652150879592e+01 -2.660583664386356517e+01 -7.843895506813302054e-01 -1.347421312941440519e+01 1.142548461632067119e+04
-6.976708704637333369e+01 1.678657021926831305e+01 -2.945233968507536915e+01 -1.904201297831920270e+00 -7.442782520427198012e-01 -8.462442919000336516e+00 -6.243355462047810889e+00 -4.490604115088343917e+01 -4.563968160272828811e+01 -5.211551866644052211e+01 -2.261348356262928760e+01 -9.025265676660495728e+00 -2.081315428014032420e+01 1.397302085284557324e+04
-7.111665907010672072e+01 1.696712225303922494e+01 -2.312129129708466024e+01 9.346185010375496205e+00 2.552723439995114418e+00 -1.148668232887501528e+00 -8.046431347945224744e+00 -3.368432009342900812e+01 -2.534662655912106644e+01 -3.788476789349821416e+01 -1.746282543837521217e+01 -2.140840949322960185e+01 -5.989719812313586189e+00 1.005147616262307201e+04
-7.396270893044069794e+01 1.340444800826401917e+01 -2.120998795876470666e+01 1.702997735077298103e+01 9.434889599822845696e+00 -2.157294761895449398e+01 -6.322157076973301537e-01 -2.483868661357450591e+01 -2.098774774012517597e+01 -2.569186758411228055e+01 -2.077046213871944147e+01 -1.368127873854140475e+01 -1.520547342335023622e+01 9.512168039202095315e+03
-7.575757425727185534e+01 1.191651926482358625e+01 -3.337291378246258233e+01 5.408389390300800237e+00 6.037366249950432362e+00 -2.409848380543675361e+01 7.765098793481958417e+00 -2.888812225948237966e+01 -2.074924318464456618e+01 -3.089603393781774798e+01 -2.720898476598583215e+01 -1.580527958289850377e+00 -1.096278953124157418e+01 1.078432829952323300e+04
-7.595985682864601074e+01 6.562761029389929668e+00 -3.585573252628954322e+01 1.186766608589474004e+01 4.334880126671532885e+00 -2.412887229031609237e+01 1.655885080051070801e+01 -2.768398685583981589e+01 -1.488900842395800694e+01 -1.470739556346617682e+01 -1.168300112252688194e+01 6.357691657513941941e-01 -6.325810521279166210e+00 9.495939719384443379e+03
-7.636434017944210950e+01 5.534972311872190964e+00 -3.385263934276330389e+01 1.462074659013528155e+01 6.873923972980466424e+00 -1.562195443978207976e+01 1.466188232239988309e+01 -2.793419315455511764e+01 -2.582072135854221528e+01 -3.856051165733850894e+01 -2.997962895993031651e+01 -1.393045402576183811e+01 -2.178657766659735984e+01 1.222961540170859735e+04
-7.669976265072779142e+01 8.376998478622233790e+00 -2.772286305396520234e+01 1.923900997420182790e+01 1.073900656450203961e+01 -2.127061514486521787e+01 1.187478271292860299e+01 -2.718256313858419304e+01 -7.324396428707627749e+00 -1.469558922823237168e+01 -2.194237552998427176e+01 -2.578646584843002465e+00 -1.386829118578620879e+01 9.489445757112871433e+03
-7.640305047518391746e+01 4.762838389218601698e+00 -2.545785606006611346e+01 2.259203688620381456e+01 8.103845782355138638e+00 -9.673307976803084074e+00 1.541439530587843443e+01 -1.578505792384794759e+01 -6.733639198813297533e+00 -1.884317077006497954e+01 -1.108032257572777546e+01 -1.340821903810640947e+01 -1.411091729751005275e+01 8.566709011924169317e+03
-7.835323636264459424e+01 -3.463775659115710948e+00 -3.424429798251295409e+01 9.711416344298916314e+00 3.358831746739481705e+00 2.253690755769278020e+00 1.629998961723485706e+01 -4.719025403087415249e+00 -5.384678096954651494e+00 -1.844836588301859237e+01 2.467424281211199499e+00 -1.531588944804572705e+01 -6.965171515390560231e+00 8.381045905415707239e+03
-7.843299380012591371e+01 -4.804574519543424849e+00 -3.533907695086395506e+01 9.452205568537340952e+00 -6.256169498345717228e-01 -6.753393364124288034e+00 1.583114226389069223e+01 -7.407251049143605215e+00 -1.182792667482059734e+01 -9.747391662277294699e+00 1.158428577159362050e+01 -1.843555703713936111e+01 -3.685536590475741558e+00 8.587065268306578218e+03
-8.109809893942944825e+01 -7.068730673662448005e+00 -4.213426796123088280e+01 3.920316883603935931e+00 -5.536831614569893034e+00 -2.250715638136007613e+01 1.403878850920112065e+01 -5.122975216563281364e+00 -1.059671828894248513e+01 -1.429544915669311678e+01 -5.413577611163463033e+00 -1.800258320600318385e+01 -2.859336371758641082e+00 9.856321010816467606e+03
-8.042729117644275050e+01 -1.342625007436415219e+00 -3.834393723662451237e+01 6.870194936997346069e+00 4.945405167534148383e+00 -2.098511349833416517e+01 2.504656158256689480e+01 -1.927539434558378950e+00 -2.008495984837677106e+00 -5.120478704219047827e+00 -7.812197905775609463e+00 -1.157021910419267385e+01 -1.632404786846983669e+01 9.575314888691173110e+03
-8.105674897069451390e+01 -2.138178059114072660e+00 -3.813650230017208997e+01 4.722197518243945957e+00 6.394398628064854151e+00 -1.664985249125898292e+01 2.388250174094471134e+01 -8.356544848315563101e+00 1.813750164408177490e+00 -5.710358017783034867e+00 -9.987083734959645298e+00 -1.472985477327741544e+00 -1.392317720526480507e+01 9.341436238791289725e+03
-8.132620469324616863e+01 -2.334284544147817275e+00 -3.088226381207728011e+01 5.954006641119912402e+00 7.525704831447630028e+00 -1.125962628962652801e+01 2.508686185769631649e+01 -2.415480507603533056e+00 -2.085811897618287780e+00 -8.411090670883961451e+00 -5.862141681771895207e+00 -2.266276214020988888e+00 -1.012718758188278478e+01 8.644323167564056348e+03
-8.239478758036398176e+01 -6.761426216261315680e+00 -4.483655512349704253e+01 4.623946203330724813e+00 7.734047936230850517e+00 -1.049919561941049118e+01 3.845315768624092811e+01 -6.165143890066627108e+00 -1.111546800230190257e+01 -1.610028761782736950e+01 -6.644893674829210894e+00 2.008374954824431846e+00 -1.543305324492492225e+01 1.122215860474423789e+04
-8.039235671926384441e+01 -2.992962312535515590e+00 -4.096308098248247376e+01 6.807346380097585303e-01 -3.671155202261267458e+00 -2.147116562019035513e+01 1.692614997245141595e+01 -2.046596842440613884e+01 -1.609107411293497236e+01 -1.488801943951834872e+01 -1.725639031745120233e+00 3.733831855515312714e+00 -1.424483038444755145e+01 1.003057530756813503e+04
-8.313150285125925620e+01 -8.907791710369055593e+00 -3.836216871844281684e+01 4.968099441502644709e+00 4.808755387076368293e-01 -1.692451434620064532e+01 2.274184085077784800e+01 -4.167284293220623326e+00 1.204270992118955164e+01 7.455449999243656256e-01 -5.200335756897056072e+00 5.779379279214964527e+00 -7.586861278372047934e+00 9.571349411595861966e+03
-8.228347818022740512e+01 -6.840931759103346721e+00 -3.759512569588596165e+01 3.228125389247184174e+00 -5.429294319070915087e+00 -1.863855430367014421e+01 1.529811519737740078e+01 -1.878303200519834704e+01 -6.823704967200519000e-01 -9.755887836761026222e+00 -3.727264914499504034e+00 8.293891448222760587e+00 -1.232333637242283686e+01 9.535079697045222929e+03
-8.081822705248856664e+01 -4.075801593461848782e+00 -3.190823313583299736e+01 6.106676312211872570e+00 -3.400188474949248363e+00 -1.565454413491561958e+01 1.512830983509295457e+01 -7.656186064826449922e+00 4.302154121401234654e+00 -4.241771217171395492e+00 4.164636672845741239e-01 -2.495972018780220125e+00 -1.629095208837771835e+01 8.456033388626305168e+03
-8.347153328244850456e+01 -6.832371888092083623e+00 -4.313593726269182582e+01 -6.113884352388438082e+00 -4.971657917328085041e+00 -2.182079478917447801e+01 3.055353157252818619e+01 -1.467930853136554958e+01 2.132388991647871102e+00 -6.642393771034563188e-02 -7.010098064322284550e+00 -3.278116262720384366e+00 -2.501138829555257459e+01 1.125214025826149009e+04
-8.321469007493526249e+01 -7.449931043508524198e+00 -3.925334538791009464e+01 -5.836439424338642823e+00 -1.962361003999193443e+00 -1.642624549212835205e+01 1.497834755643783744e+01 -1.380124620709799288e+01 9.330850586484106257e-01 -7.604174716717130522e+00 -4.547451320352926096e+00 -1.162072459878777764e+01 -2.299337793607025304e+01 9.986683063657013918e+03
-8.246832908858286260e+01 -5.131983577638128402e+00 -3.873565462276192761e+01 -7.914613403233198285e-01 3.332827180432973879e+00 -1.562710608134197088e+01 2.271525921217630284e+01 -2.961268357083041813e+00 2.081945860657647085e+00 -1.177693088864281368e+00 -6.700087973457191204e+00 1.963150433705052489e+00 -6.402031910139240445e+00 9.203958811696375051e+03
-8.292433099899420768e+01 -8.928118403314083906e+00 -4.267614172539066431e+01 -7.915276524073571629e+00 -2.107839654126470119e+00 -1.561945193235063023e+01 6.644295519261874894e+00 -1.429612229870693874e+01 -1.242885659073310123e+01 -1.160765387230575563e+01 -5.648558983829466307e+00 -7.006296093511182654e+00 -1.026340205151755214e+01 9.812542617061024430e+03
-8.246839754709654358e+01 -9.222336301156099481e+00 -3.561935294828809617e+01 8.289655280160506123e-01 5.256041652937352815e+00 -9.613760420232758008e+00 1.700480600174393686e+01 3.580622856003687904e+00 -8.254237560032478882e+00 -6.616122098567772447e+00 4.396867561010650682e+00 1.551437126007546574e+00 -3.141874328385499293e+00 8.721064504728865359e+03
-8.211348467980587884e+01 -4.609334834131762371e+00 -3.506497966776218078e+01 2.250170901393789169e+00 3.346114630954584612e+00 -1.378677591123210178e+01 2.785297671640197947e+01 1.146203766684736003e+00 -1.606599426009541887e+01 -5.277042465410521466e+00 5.933683336800970487e+00 -1.515757696491908391e+00 -1.190418840952106905e+01 9.442039340021565295e+03
-8.326261848097585982e+01 -8.561780713688689204e+00 -3.975149958147014218e+01 -1.962193027250866972e+00 2.338378298630908514e+00 -1.653931598549072746e+01 2.093487715628892687e+01 -4.854161972571459316e+00 -2.383942280458241569e+01 -1.717453149560902759e+01 5.947071658554123896e-01 -2.976573440375211099e+00 -8.104079322914273575e+00 1.026902098157039654e+04
-8.353924183224646072e+01 -1.075355697870774740e+01 -3.559663064820765754e+01 1.108110550961797669e+00 1.247208314858580414e+00 -8.711604011758044663e+00 4.686156078338126640e+00 -1.148850196346867847e+01 -1.316503912882580529e+01 -1.442829330898924489e+01 9.010393677161449233e+00 -1.560461813132767261e+01 -1.313588451709138738e+01 9.472921911654531868e+03
-8.424240784952485228e+01 -8.768064486154120374e+00 -3.771669642125836930e+01 -1.895561545247604229e+00 -3.790159454472467271e+00 -2.207783731581838538e+01 -1.033812798878144701e+00 -2.567246707412645890e+01 -2.082574144228582469e+01 -1.704380769742592605e+01 -5.765248963762470424e+00 -1.434125585568614980e+01 -1.534022645959254305e+01 1.096018027184530729e+04
-8.374914917196966258e+01 -1.054881539900956433e+01 -3.491668164962361232e+01 -2.078801128319363478e+00 -2.772215805359181662e+00 -9.418214651653219249e+00 -6.917217270689980380e-01 -1.794308181105112254e+01 -7.541844701757614011e+00 1.897302205706413503e+00 -3.061288394431476600e+00 -2.214537191771869118e+01 -2.175878451611808018e+01 9.801227041217374790e+03
-8.390206781256149782e+01 -9.138431628416723740e+00 -3.305492231381776236e+01 -2.552401819471256661e-01 9.235340348414161626e-01 -6.907196800094603795e+00 5.741409052039534444e+00 -1.394850805246475645e+01 -2.941706332597522788e+00 1.454459117922871947e+01 -1.697229933117419209e+00 -4.461090753254639552e+00 -7.556046392846720750e+00 8.791922416078823517e+03
-8.655354890333032358e+01 -1.458968942767730148e+01 -4.301369244382642165e+01 -1.343526018907199315e+01 -3.992946329915060044e+00 -1.163214350481317538e+01 1.260749686825121785e+01 -8.129923957996426864e+00 1.448263506307280402e+00 2.425517944320058561e+01 1.729880882464944847e+01 8.506721436763555744e+00 5.826966887152746466e+00 1.110733267957734279e+04
-8.384399573942330619e+01 -9.595206898870396017e+00 -3.401155735558932491e+01 -6.235673275121186521e+00 4.528154363096796864e+00 -2.998506084470759170e+00 6.612355698089240619e+00 -4.707789283712540573e+00 -2.424860555836128739e+01 -9.432780169307608986e+00 -2.612510935923181954e+00 -1.215743229929739933e+01 -1.176932462649155120e+01 9.383052609337231843e+03
-8.470498596341782616e+01 -1.132565799537877460e+01 -3.386402406398438814e+01 -4.267619536043708806e+00 6.963747917156234202e+00 -1.968057341152765205e-01 1.310910387636170960e+01 3.078501932814627029e+00 -8.813700441612921210e+00 -2.682694472145861653e+00 5.734616606323585053e+00 -1.161906963770707346e+00 1.775961786255512820e+00 8.820316235329488336e+03
-8.446046134513078130e+01 -7.565612264762059169e+00 -2.627203308922494074e+01 9.136624986193972120e+00 1.146256155982297464e+01 -1.726975015133575875e+00 1.950318293315727658e+01 -3.173490908394851484e+00 -5.101297126696659134e+00 1.152290401289232769e+01 1.524112540220782641e+01 7.386242490081035506e+00 5.427750526638089212e+00 8.964433114330910030e+03
-8.406286182907292925e+01 -7.544610641021963104e+00 -3.173109148840669747e+01 2.685402043166526642e+00 8.033415196798273428e+00 1.728153815782817571e+00 1.995491810822136358e+01 4.112919430561436385e-01 2.942610088551123937e+00 -1.517542476921192485e+00 9.741509722181817210e+00 -6.347593356154494160e+00 -1.547011175282252404e+00 8.751993718862315291e+03
-8.603698759899671700e+01 -1.081175070123878790e+01 -3.751451397726181369e+01 -6.935146824027287771e+00 1.354588698927148505e+00 -7.346559745354898752e+00 1.429426393101568493e+01 -1.023679460321507584e+01 -8.972476786901424362e-01 -2.767233232600209369e+00 3.601847731923165430e+00 2.603955541851591171e+00 -1.532151124174493950e-01 9.367857004049012176e+03
-8.504175480883405669e+01 -1.000443927503421371e+01 -3.648667875480079914e+01 -5.115458356945860707e+00 5.751643480770250783e+00 -6.842579943903454698e+00 1.019217654372360293e+01 -1.109063176697866382e+01 -2.138359555981377724e+00 -6.302203696718942538e+00 -1.183218867777518035e+01 -1.917365250342437832e+01 -1.922549091782769182e+01 9.917958878924731835e+03
-8.463232151152217853e+01 -1.159234792403728598e+01 -3.697943563412458445e+01 -2.840565636693831220e+00 4.665905264026996235e+00 -4.448184941196708486e+00 1.403756060528934313e+01 6.476231443238437357e+00 -8.104042541671674371e-01 5.710947989834656902e+00 6.757014476027023875e+00 4.941986574312566827e-01 -4.311153421860324464e+00 9.050870753200677427e+03
-8.637099343248820560e+01 -1.334272133950740447e+01 -3.693925162840617560e+01 2.274501147782014066e+00 2.701146965281838064e+00 -1.560671087468975493e+01 1.731096936314451895e+01 -6.586462778559158515e+00 7.155618425610178690e+00 -1.722474761368622209e+00 -6.046718604405951325e+00 -3.953350461412119099e+00 -1.492800153187968881e+01 9.930781966919821571e+03
-8.643697778279340582e+01 -1.494941652254464337e+01 -3.561608930219561131e+01 5.368451629255799329e-01 4.727705102372728341e+00 -1.392073840778740212e+01 1.682074210173471940e+01 1.014896683921140408e+01 -2.772059423363963937e-01 4.906384824380098486e+00 2.973575488591044813e+00 -6.815671006760672057e+00 -9.627823850322345223e+00 9.737847218339071333e+03
