-9.481903194916311861e+01 -5.089761296559571768e+00 -1.147031426730144155e+01 -1.881881413314256690e+01 2.585247841065922092e+00 -2.857933502385836633e+01 1.665696482863559069e+01 5.903509668364230301e+00 -1.006289140885207978e+01 1.029619737921790268e+01 -1.823878973609748400e+01 -1.313458384287015335e+01 1.258003390384525577e+00 1.135206494538468542e+04
-9.624047908502457460e+01 -9.741297489208800897e+00 -1.564367822511466422e+01 -1.711688165381585236e+01 7.591241125118750155e+00 -2.333059780050007248e+01 9.959849542349099139e+00 -4.993402735214266919e+00 -1.703201203084877946e+01 1.641000599291161377e+00 -1.523273526237804631e+01 -8.470730024513206669e-02 9.791703547046603617e+00 1.124161458062015845e+04
-9.704690016899381533e+01 -9.161263885180167321e+00 -1.528479829051342875e+01 -2.726361696267441914e+01 -2.402866765433710139e+00 -3.225407023214510360e+01 2.876604139165417351e-01 -6.413969971118079094e+00 -1.019547663696623907e+01 5.672795473327118393e-02 -1.652772185361621737e+01 -1.104919280142272875e+01 -1.075619118310512157e+01 1.218117689350717956e+04
-9.510067542224835790e+01 -6.685569845188275906e+00 -1.458722339669161983e+01 -2.146341945133800877e+01 4.136086130002295747e+00 -2.165533249017626005e+01 6.343922365345993519e+00 -6.623977816530538298e+00 -1.057443838243160350e+01 8.240617331048204486e-01 -1.865796444698841583e+01 -3.998802184111415414e+00 -7.295585203261094331e-02 1.080909704133098785e+04
-9.491401507641683111e+01 -5.512541728225551552e+00 -1.040679152629046911e+01 -1.649234506536662082e+01 1.092789542557970783e+01 -2.118847720722219208e+01 1.669104534964642284e+01 4.807780237918954036e+00 -3.676946753434095605e+00 1.082006016420424110e+01 -1.488839530422495905e+01 -6.470956396019108325e+00 -1.119857565123449739e+01 1.080897266774702075e+04
-9.460568002931884735e+01 -4.780626287339061697e+00 -1.236340380031248110e+01 -1.882692034373090095e+01 9.288434616824822854e+00 -1.849429523244837625e+01 9.500423976263943970e+00 -8.553157459176400579e+00 -6.944502486739179581e+00 1.380955467051601104e+01 -1.592256161193334840e+01 -8.367879863369203974e+00 -5.043000548793663551e-01 1.063485791191929275e+04
-9.472090319084009025e+01 -5.665110515252939294e+00 -1.394099299157093697e+01 -1.860733675879519922e+01 9.942595347003466699e+00 -3.067911638405614738e+01 -2.987961633101956949e+00 -1.409874478642530171e+01 -1.472958074902898495e+01 -1.182468190201161340e+00 -2.983036740251420582e+01 -2.581943471494502873e+01 -2.118014852940489590e+01 1.301594464905807763e+04
-9.618741891711218273e+01 -7.834101123596686200e+00 -1.679210796437163467e+01 -2.667539965462509244e+01 -7.955532510587536521e+00 -3.940314179509898906e+01 2.785693971471868036e+00 -9.343907731005609563e+00 -2.267034235894618632e+01 1.175275788452947889e+00 -2.527138532330292975e+01 -1.993209365747934569e+01 -8.108445513221588241e-01 1.356982575687833014e+04
-9.018468220773210930e+01 9.680802716684111076e+00 3.589367576108642766e+00 -9.153015262186716683e+00 1.224389655691423684e+01 -2.353691055644977581e+01 2.277759960511474002e+00 -1.666052816559953698e+01 -2.295985606051079486e+01 9.079403560567049780e-01 -1.959200459269656491e+01 -4.448642205487232104e+00 -1.519460607451535994e-01 1.024195613981600400e+04
-6.647057852633314212e+01 3.565566513203619081e+01 2.518163612556409348e+01 1.042751854703438141e+01 2.811365056497616699e+00 -1.368410735868559058e+01 -2.133954395812681781e+01 -2.045493094992858119e+01 -2.346322529533755485e+01 -7.708797703994716422e+00 -1.466841497997923760e+01 1.793760367555023993e+00 -4.570808857472940190e+00 8.350671882028009350e+03
-6.147456526377775532e+01 3.274029474902307868e+01 2.320160378834557946e+01 1.142800009718884446e+01 3.501526532966282357e+00 -9.964892108766377987e+00 -1.645116008674894204e+01 -1.786213913393346786e+01 -2.089203840967187631e+01 -1.386324727789554956e+01 -1.553575970701481346e+01 -4.670399421349349822e+00 -1.040133003581036775e+01 7.221246145578537835e+03
-5.370271349924899340e+01 2.650339346563860943e+01 1.718438266623686772e+01 9.478472037692828422e+00 3.339672621239659023e+00 -5.139704567831758553e+00 -1.172892428252692198e+01 -1.158389432675022590e+01 -1.654291445548916073e+01 -7.771905357376372336e+00 -1.084751914430300168e+01 -9.012774956628905043e-02 -4.424550693134208679e+00 4.752203966025101181e+03
-5.403700359615783100e+01 2.439585955229889791e+01 1.464999374904191676e+01 6.395606955774821856e+00 2.669785941162055476e+00 -8.299249654076579219e+00 -1.366618216857809642e+01 -1.619211944321813945e+01 -1.983168389170503332e+01 -1.441239193339173674e+01 -1.857291857290654491e+01 -8.596402065777823509e+00 -1.283352651258051935e+01 5.480199957810553315e+03
-7.039293527665041950e+01 3.298092753767801355e+01 3.776184848090061763e+01 5.581797348576648332e+00 2.094323344861876279e+01 -1.584559422108810622e+00 -2.976993852634778648e+01 -2.042964765626659585e+01 -2.538666305790065536e+01 -5.101162122655827247e+00 -4.996803494167605209e+01 1.420657504141171401e+01 -2.553532429404784665e+01 1.326595877286960786e+04
-6.145481428854748884e+01 2.756235739180990763e+01 2.464208887417105487e+01 1.187138176701351533e+01 1.428846064109266578e+01 -3.932439753896042944e+00 -1.434555228122120418e+01 -1.089485519825747240e+01 -1.795714744280029151e+01 -4.088221142194909064e+00 -2.957911998558752131e+01 -3.643794816346749066e+00 -1.974246938136908724e+01 7.445796296778444230e+03
-6.548426952789013455e+01 3.084476325831275290e+01 2.980992129034301286e+01 9.769373107371333020e+00 1.917456750955751588e+01 -1.582980211751325028e-01 -1.967880630931286134e+01 -1.069336731805624652e+01 -2.859351574916396643e+01 -1.592070730581714555e+00 -4.492085612116068916e+01 8.406413138315826927e+00 -2.903088855789080824e+01 1.084442107319021488e+04
-6.602807029696296581e+01 2.912443955439542620e+01 2.715284615091137965e+01 1.177443622660416978e+01 2.935416852120459907e+01 3.468590942560565438e+00 -2.859835726643391851e+01 -1.781608773904693521e+01 -2.589266372592862453e+01 -2.569930652351921196e+00 -3.925270453690775696e+01 1.963892679685963927e+00 -2.217637336634940937e+01 1.080628860439460550e+04
-6.654020475240231747e+01 2.880873514833546523e+01 2.600549403378012414e+01 1.017866171909928319e+01 2.444717283786322426e+01 1.797571129370772125e+00 -3.024282759300936618e+01 -1.567177569126714509e+01 -3.373889232252980719e+01 -1.077166992942154344e+01 -4.028677517255227514e+01 9.163672383874979843e+00 -2.500097727461510289e+01 1.138494937780703367e+04
-6.693120815947656865e+01 2.448342494738038511e+01 1.981225495878371845e+01 1.459453996241762219e+01 2.230712851201919378e+01 9.910422323988396769e-04 -2.491567022909515927e+01 -3.146382513762748800e+01 -3.636937538617385712e+01 -1.756875784934421603e+01 -3.852865813364619640e+01 3.046480966169739624e+00 -2.132704044767217866e+01 1.137309558126035154e+04
-6.152109125746193996e+01 2.221109106494355245e+01 1.499098564914653231e+01 8.353051068238515953e+00 1.147477888648430167e+01 1.033287011198150473e+00 -1.435025741575625569e+00 -3.289936729338415189e-01 -8.777790629687459045e+00 -4.411151212386142717e+00 -1.611160621983781027e+01 4.681463904791613118e+00 -1.205526575321069416e+01 5.230923371955407674e+03
-7.133331635303702001e+01 2.478855169714636730e+01 1.758997807301528482e+01 1.663648783079096916e+01 2.212816626916858453e+01 1.100087890285094971e+01 9.143712431549118058e-01 9.215256409024689788e+00 -1.248613767458085810e+01 -5.317543134209276268e+00 -1.612301133112767459e+01 1.902946820245784654e+00 -1.548559894519302382e+01 7.673082852331794129e+03
-7.233852952660224389e+01 2.846412529785667900e+01 8.188205471783518874e+00 1.388110222772059110e+01 1.306080185881257805e+01 -1.777394365470047699e+00 3.757938042788920296e-01 -1.217791640697952715e+01 -8.565362066012104592e+00 -4.905706101769160554e+00 -1.243797382506757643e+01 -1.254231983241622572e+01 -7.816070528894796254e+00 7.095522853715204292e+03
-7.191810191027524013e+01 2.561491626998972038e+01 9.052765893458005309e+00 1.168823076041942599e+01 9.743511369076241380e+00 -7.597585891097303978e+00 -3.362576582338907105e+00 -8.164281915007403967e+00 -1.096496590527660153e+01 -1.783443036558495720e+01 -2.453589962992815643e+01 -2.000283887539935890e+01 -9.598316486451984986e+00 7.810075369025591499e+03
-7.592138666023096505e+01 2.939040496399943692e+01 6.376993561847459802e+00 1.590221028422649496e+01 1.943867169577496412e+01 -1.242608898892008540e+01 1.625293017008021224e+01 -7.828602828521120216e+00 2.063547562993999662e+00 -1.066987705776903539e+01 -2.295265103406216767e+01 -3.370153639913353594e+00 -1.041612503250261135e+01 8.543895892102127618e+03
-7.908744227580125141e+01 1.928981264867744017e+01 -2.443610182036581036e-01 1.402728245307167576e+01 1.614527751081002904e+01 -2.503064510225407879e+00 1.843657623026991388e+01 3.248154725579320168e+00 5.426643922908527706e+00 -1.947226485497461113e+01 -3.283346714174052039e+01 -2.215567802922398855e+01 -2.473978268359224586e+01 1.003072297669609907e+04
-7.618265383731201723e+01 1.645307927829274419e+01 5.351447017890508917e+00 1.154760569415510751e+01 9.634287498044393772e+00 1.260809150525067146e+01 5.042671807831156983e+00 -2.668586350846124500e+00 -1.307224744727308696e+01 -1.339295936521659769e+01 -2.908639450663708104e+00 -9.727672690746302919e+00 -1.373119502715266016e+01 7.162707635146667599e+03
-7.007690313784237901e+01 3.969425624638927008e-01 -4.358905434502148957e+00 1.373808742591728915e+01 5.909811238448810400e+00 4.364386145340744427e+00 1.182101460234961010e+01 1.847584549252652053e+01 -4.306780271714331576e+01 1.856715467379429896e+01 -2.704846902738748682e+01 1.671680952378684193e+00 -2.227513037753642067e+01 9.083902498521640155e+03
-4.522783491441566639e+01 1.150753679811722741e+01 -1.328735913478927344e+01 1.956662260737975956e+01 8.915407314172687947e+00 3.366823245620467198e+00 -7.746490013766177185e+00 1.544879110286864865e+01 -5.304658389178381128e+01 -1.160106462330931620e+01 -3.430353927450051543e+01 1.127259376454468232e+01 1.163616663066228973e+01 7.514609641436904894e+03
-3.925668018967099471e+01 2.058607003008260961e+01 -2.651028349876358803e+01 -5.796838774538832784e-01 1.851966096559188557e+01 -3.895886252871268329e+00 -1.338351878646315107e+01 -1.899098816225350461e+01 -2.258451941808371188e+01 -2.477236088057082952e+01 -2.386233128833429262e+01 3.487681888803637609e+00 2.028476229681643872e+01 5.682713103695501559e+03
-3.534237976540133275e+01 1.669338021794823135e+01 -2.828867822398921561e+01 -3.341538834350121778e+00 1.871290145627751400e+01 7.295240796872340394e-02 -2.068008055245122989e+01 -2.750069327176661815e+01 -2.754609276410933560e+01 -3.903239512594422678e+01 -2.754649230779594404e+01 5.675564954080011049e+00 1.379658200083954434e+01 7.136981859828632878e+03
-3.598031774614172207e+01 2.463689700813148420e+01 -4.450812578897252791e+01 3.537039036988787633e+00 8.758601192732005103e+00 -5.983769611225564056e+00 -1.702878600458104330e+01 -2.597443522305665908e+01 -1.727568021267333975e+01 -3.770956497278061903e+01 -1.966970372734427386e+01 5.933827282513258083e+00 8.522432679579424075e+00 7.187413124223997329e+03
-3.169988331629021516e+01 1.660908947136163505e+01 -4.104635580130411654e+01 7.464495760853975703e+00 1.648997748419693377e+00 -1.186289623135622762e+01 -1.865329766548866530e+01 -3.088258969072145987e+01 -1.624608435797272676e+01 -2.757222419940535474e+01 -2.435685327344446804e+01 6.104801420921123878e+00 5.764881964671988435e+00 6.154315407346392931e+03
-2.979426303705670875e+01 1.830553815612745083e+01 -4.677117020986131735e+01 1.233356881715116060e+01 2.767186672532944564e-02 -9.803967433954405841e-01 -5.486332034579782579e+00 -3.621617527545447501e+01 -8.946365016578743834e+00 -1.757868838855385007e+01 -9.415478658699379721e+00 3.682941799299763730e+00 1.317994294651216203e+00 5.398123394058677150e+03
-3.342146380747338696e+01 2.201291687034019517e+01 -5.802899786394988269e+01 1.771462304527198839e+01 -1.053229413891462052e+01 9.106523567216614268e+00 -1.194539615354483253e+01 -4.610722721365405619e+01 -4.296142063309259740e+00 -3.187858635432208487e+01 -1.497934654665749754e+01 -8.224532490209544022e+00 -1.983309213236211477e+01 9.465238502566915486e+03
-3.337076806992876499e+01 1.587589691933377090e+01 -3.106158409936456266e+01 6.551943189954696045e+00 -6.271809421587317246e+00 3.905648462763907869e+00 -2.165814013090647094e+01 -3.320869806122647105e+01 -5.900448533091458003e+00 -2.259633246370261261e+01 -6.637367763387723940e+00 1.280906148440883907e+00 -1.314432960799608274e+01 4.763762881016727079e+03
-4.134447845474754502e+01 1.393761463912918330e+01 -4.248682233810821884e+01 1.222957591902792451e+01 4.971342424848724129e+00 2.295437116284235302e+01 -1.257334521877754341e+01 -3.608824693629846081e+01 1.753874974332008563e+00 -2.152363734478548807e+01 -1.400653178339362626e+01 -1.577851723007228912e+01 -1.841146410053872984e+01 7.120853168865394764e+03
-4.323351203925059139e+01 1.055037288158674436e+01 -3.073445850745242680e+01 2.219854962649355201e+01 2.106008708514554684e+00 2.669248306923741154e+01 -3.178441524380799166e+01 -7.734415861432563766e+00 -8.344375977595255733e+00 -2.874620550288644694e+01 -5.443882018075292262e-01 -1.992434218736884688e+01 -8.157673362965152108e-01 6.498737830375265730e+03
-4.685078114724394283e+01 1.505666440023225583e+01 -4.830426408293871532e+01 3.543880433510986450e+01 -9.565640304734520427e+00 2.280481838645278003e+01 -4.757211760171739456e+01 -9.814902742691707260e+00 -9.002656263855197238e+00 -3.127888377950342758e+01 1.763796058506212105e+01 -2.787372262620842989e+01 3.168244094094554875e+00 1.113940575088302649e+04
-4.594303754735192058e+01 1.659464498002087041e+01 -4.362835451627194061e+01 3.619727631923773004e+01 1.654218561259272136e+01 2.464718211610377097e+01 -4.099115203969176235e+01 -9.288584968594825853e+00 -7.249462755107486167e+00 -1.743098875066915099e+01 7.002337261589353545e+00 -1.858556622007116488e+01 1.301565868643027457e+01 9.167758368135850105e+03
-4.246438787759782230e+01 1.882173142551062384e+01 -3.293925659488050428e+01 2.659594710737355072e+01 2.840981968885904507e+01 1.971889929111053652e+00 -3.654366004687118874e+01 -2.044386039855213255e+01 1.140568429302614284e+01 -1.422074066107811774e+01 -1.293072457846961854e+01 -1.102515287496976981e+01 -6.330852073219677578e+00 7.175373982653018174e+03
-3.498900940503757084e+01 6.281996297215473035e+00 -2.817075109153435264e+01 1.257127003705310209e+01 2.560348440755415922e+01 -3.639319476963204458e+00 -2.829674649852217527e+01 -2.089431516708009440e+01 6.050383345057751966e-02 -2.119855231457306033e+01 -2.493290059809909920e+01 -1.349443142046123079e+01 -1.434881003525840626e+01 5.580403474767609623e+03
-3.932660924354187415e+01 9.847257206219008907e+00 -3.648802949938311002e+01 4.522103604132383481e+01 4.047763841748031410e+01 1.722283100962021507e+01 -3.629112110358285292e+01 -3.284442148225788571e+01 1.899835977769631867e+01 -2.493785690267800703e+01 -1.392437712154661433e+01 -1.252707898376215923e+01 -2.808517981069782010e+01 1.147316337200849011e+04
-3.434870589129547369e+01 1.393987088876796143e+01 -3.556448265722313096e+01 2.658058674177615188e+01 1.822168562440266726e+01 2.014558345215296864e+00 -2.910729536696446829e+01 -2.267454345710806507e+01 2.155195541274219551e+01 -2.511582138381005080e+01 -8.240707380258148973e+00 9.783478051426512945e-01 -1.948454436329013362e+01 6.586776609400249072e+03
-3.892139741684030696e+01 1.260785713164320399e+01 -3.336424434794152205e+01 4.298853710408751994e+01 2.173736664674276753e+01 -3.252917131234507764e+00 -4.332065942446854478e+01 -2.174288408303769415e+01 1.832803888374282764e+01 -2.258186846354264787e+01 -8.353483242445566503e+00 -1.718644923068320196e+01 -2.041517909705638090e+01 9.095339531041308874e+03
-4.136297897179434102e+01 1.286099588149303230e+01 -3.485039997606497053e+01 3.641727396543672057e+01 1.780635167151492482e+01 3.152732676630773501e+00 -3.818779247451675474e+01 -3.158746103808866579e+01 5.723351299018258231e+00 -3.874522704350792424e+01 -1.780372509033681894e+01 -1.802924103330195749e+01 -2.652681221603577555e+01 1.007979783255871735e+04
-4.187185541500297603e+01 1.019063958725958052e+01 -1.232322411695683506e+01 3.085602200135762985e+01 1.891561063122473385e+01 -5.300285758126034530e+00 -3.391662238976228849e+01 -1.675959336260485344e+01 1.206577346007439466e+01 -2.374886528941056341e+01 -6.803146513910374615e+00 -6.026548250879279145e+00 -2.061273471702731541e+01 5.995250366705693523e+03
-4.785065553809612027e+01 2.544661826316884046e+01 -3.206993840062555279e+01 5.018568257773581820e+01 -2.786315682687367623e+00 3.919393932733103547e+00 -2.161280624982383358e+01 -3.071798974461812293e+01 2.252222808380992802e+01 -3.152906798800959720e+01 -8.520874049990483812e+00 -1.045138237742073173e+01 -1.968986241653447067e+01 9.988993049305168825e+03
-4.961512815309154689e+01 6.648173653264579208e+00 -2.582516450261767105e+01 4.055690095591550204e+01 2.651006260224227873e+01 -7.764360892645561840e+00 -2.295100632324922429e+01 -1.362378570072891115e+01 1.372002791087448381e+00 -1.165172510161992392e+01 -4.431205355272512136e+00 -1.627933592679123365e+01 2.636262092167668825e-01 6.715452386020690938e+03
-4.977686197395839685e+01 1.167062357740039502e+01 -2.565453525995826212e+01 2.949619933186907517e+01 2.261606881801044722e+01 -1.588667318076867119e+01 -2.270143430268774765e+01 -7.104873699012061117e+00 -3.225075711781017151e+00 -1.497266784373955772e+01 -1.055512505497672215e+01 -1.728969859872161052e+01 -7.707708162589491430e+00 6.176162703687530666e+03
-5.525502545804587129e+01 1.960895578993369170e+01 -2.443679257908402747e+01 2.532591356584934417e+01 2.271059871521039852e+01 -6.171691780940225414e+00 -4.391830191342558010e+01 -9.031770326826244144e+00 -7.713967800580557643e+00 -2.347003729642667480e+01 -8.543182761344045417e+00 -3.287945491042789570e+01 -1.375537778482901530e+01 9.194041801504508840e+03
-6.113955328733769079e+01 1.387610268742726127e+01 -2.924070993420504649e+01 2.464433796762584805e+01 2.019439950845468346e+01 -6.302657839296788023e-02 -3.464062183301400921e+01 9.741375365511441231e+00 -1.792295479405685121e+00 -2.254344295619588578e+01 -2.156079465110797244e+01 -4.459380301639315292e+01 -1.449032982600508745e+01 1.027050246745574077e+04
-6.384045792944395004e+01 1.467055206954938029e+01 -2.083195760044631584e+01 2.748863945994504832e+01 1.888838869008133869e+01 7.617065658447979004e-01 -3.645456933563701796e+01 7.176466477571729286e+00 -4.430615037832898118e+00 -1.896726134962347743e+01 -1.474029887762229052e+01 -4.164857735527586868e+01 -2.831087219370111541e+00 9.557496458524728951e+03
-6.527020270062028828e+01 1.844680037892505453e+01 -2.828444403754628311e+01 1.329619700820545170e+01 3.969306679723231923e+00 -3.127382790273320445e+00 -2.386901334687809850e+01 -3.111004426086521502e+00 5.280434634603413668e-01 -3.036544450445334675e+01 -1.365465080566429990e+01 -2.844653968655016740e+01 -2.061593436783279110e+00 8.104470825635265101e+03
-6.129817814909018381e+01 1.708682943548873823e+01 -2.038951547220674598e+01 -2.883340327888330279e+00 -1.047657953830762739e-01 1.225201177061580537e+01 -1.194367051517028067e+01 1.231817771994073674e+01 -1.283003447563704746e+01 -2.036954688864968688e+01 -9.345938314017695703e+00 -2.017676108444526406e+01 8.826565197090414649e-01 5.992739471661976495e+03
-5.410810229623947976e+01 7.043421110028763366e+00 -1.564562417254785665e+01 -2.773566350991950102e+01 -3.739313282889270340e+01 7.999048694686616834e+00 -1.509378925796858262e+01 4.900120903094776992e+01 9.509666672166970258e+00 -1.621101445822670684e+01 2.152653415429816874e+01 -2.047698250255776742e+01 3.398344494302934837e+00 9.329999204944135272e+03
-5.160988997283988766e+01 2.409052361982181534e+00 -8.539224491018321928e+00 -1.607340235204632251e+01 -3.813919196396045663e+01 6.836866693158277108e+00 -2.744185856941776791e+01 2.790463236654289148e+01 -9.129469525598973290e-01 -1.077240726276801475e+01 2.314002865852426893e+01 -4.329807468816937899e+00 2.011758586568438645e+00 6.708855275487973813e+03
-6.143649840253430483e+01 4.973156901110090011e+00 -2.462963656820612712e+01 9.609825813715552556e+00 -3.607292356899884567e+01 1.877776142791975644e+01 -2.721034184026371250e+01 4.585519076670306760e+01 2.576984942355251818e+01 -1.525832765265361957e+01 1.542564345269852133e+01 -3.953625053084691388e+01 -3.013891931125229018e+00 1.170215556616144931e+04
-6.130167625928882558e+01 2.402420409149094738e+01 -9.233259903392534440e+00 1.859448728574252740e+01 -1.927931273286483105e+01 9.723772884073866862e+00 -2.335718888096686996e+01 1.738376209491740809e+01 1.157323545655961006e+01 -2.441777010839231110e+01 1.295028619315676011e+01 -2.660239294171781665e+01 5.491745308115682178e+00 7.715786821076705564e+03
-5.334111117691421100e+01 3.845407994977461641e+01 -1.671402252855007475e+01 1.035331291510719254e+01 -1.443790328455662397e+01 -2.988658985541956881e+01 -4.483157030780159857e+01 2.376881557093135910e+01 1.733981584232996642e+00 -3.771345565698795355e+01 -1.330775925181936792e+01 -1.556470342993079647e+01 -4.303128013833686261e+00 1.025021242771874859e+04
-4.357771249206325592e+01 3.509216312716375086e+01 -2.516083256877067953e+01 5.870287802831650303e+00 -3.019259131734344237e+00 -3.665579856015715166e+01 -5.577202083899759799e+01 2.163864701420079939e+01 9.369179725322913654e+00 -1.156082609118002935e+01 -2.419758263141910604e+01 -3.317732546014833872e+01 -1.676929047835999143e+01 1.091841882196081497e+04
-3.701788081376524531e+01 1.602316511026121404e+01 -2.163840238619416922e+01 -1.334641664783926451e+01 -6.448471133954863710e+00 -3.535763684877335322e+01 -3.793159294308260598e+01 -2.423962832531981970e+00 3.983318066208722197e+00 -1.971288782089139247e+01 -2.363515097286564881e+01 -1.529114339261275290e+01 -7.265751389175478359e+00 6.259534557834326733e+03
-4.160246868928456365e+01 3.642100467461777669e+01 -2.382983186132973685e+01 -1.365207939897947043e+01 -4.074320616714450338e+00 -1.159771831166361622e+01 -3.524342319126020584e+01 -9.812020604567239346e+00 1.396435768936319199e+01 -1.553600174204829187e+01 -3.910857117016468010e+01 -2.692827104944612771e+01 -1.396258998600853651e+01 8.186913601720974839e+03
-4.653257189814250694e+01 4.196940370284817590e+01 -3.767387052294814254e+01 -1.119669412260207686e+01 -2.112490721841024310e+01 1.067287912465095578e+00 -4.429702362778535019e+01 -1.562977444584040576e+01 1.242085753607521070e+01 -1.731080660676558125e+01 -2.270842641913161231e+01 -4.106987111889190345e+01 -1.038235371250936012e+01 1.088945647414185260e+04
-4.371107608643467302e+01 3.497842395434766871e+01 -1.461695366457230705e+01 -1.640752648237177524e+01 -3.689292811356461033e-01 -2.492704854657016078e+00 -2.431882409229863384e+01 -1.861783669105168215e+01 -4.441949461034025326e+00 -8.961681280728317489e+00 -1.962088154756999003e+01 -3.186906904110396255e+01 -1.775233557919742822e+01 6.377193928418493670e+03
-4.669379974988838455e+01 2.900851227526814569e+01 -1.530690252114860606e+01 -1.978968687983378771e+01 -1.990833232494603644e+00 -1.443876361971701883e+00 -8.055647865896034432e+00 -6.631504541301789679e+00 -6.661271179959387112e+00 -2.026462341449008875e+01 -2.947592205674786214e+01 -2.667951950740079070e+01 -1.449101845487516016e+01 6.008300055994603099e+03
-4.724580197235967205e+01 4.089525292388563571e+01 -1.368658680541616413e+01 -2.183904889435663321e+01 5.954808335843154943e+00 1.392106680811894215e+01 -1.567582178286859751e+01 -1.950098397646824111e+01 4.838713056212324282e-01 -1.565198808825829424e+01 -3.112803669712671351e+01 -3.189436675728607895e+01 -2.014372469257712694e+01 8.061323645235427648e+03
-5.032938615854157405e+01 4.954675687007674156e+01 -2.389407052324822445e+01 5.959703033095425928e-01 -6.957250669718560987e-01 -8.036191772169662073e+00 -1.557390399839457729e+01 -5.231821732798385582e+00 5.088865699311981849e+00 -3.359720841123460389e+01 -9.291459135629224875e+00 -1.666320346716691603e+01 -1.594243919269222864e+01 7.667016767376899224e+03
-4.493263779299275029e+01 3.316673744107927746e+01 -1.846567138145230302e+01 -4.413005508979457758e+00 1.500904351835256101e+01 -2.273584293172238091e+01 -3.593577160358798039e+01 7.450031381246509099e+00 -9.585283327992549784e-01 -4.880593409176949393e+01 -3.348078986388740930e+01 -1.666863906838629816e+01 -2.304654238835140490e+01 9.881390551685315586e+03
-4.630579681922560553e+01 4.349723810448364958e+01 -2.609308139596135589e+01 1.628416852085543454e+01 9.194492280854491995e+00 -1.177897755322794460e+01 -3.620979921752588382e+01 4.590497022518365000e+00 7.505569775482411110e+00 -3.951719425330612978e+01 -1.946336761392497294e+01 -1.403655345549638689e+01 -1.347347676257303917e+01 8.913089112886413204e+03
-4.275634139400221301e+01 2.216979569874682809e+01 -4.885252664264797318e+00 5.098160563195681227e+00 8.707956220135940839e+00 -2.100173011567687453e+01 -3.089543900128183296e+01 -2.401947590554255108e+00 2.984611232303000516e+00 -2.559183010562323091e+01 -2.114752205786756178e+01 -7.179177925521857961e-01 1.496382717390959627e+00 4.960482106884537643e+03
-4.832944574601323495e+01 2.342263313402275671e+01 -5.652644779392328900e+00 5.092020882349704181e+00 7.414943985905481760e+00 -1.599562910857882692e+01 -4.150152718188871859e+01 -1.048135929687101431e+01 -2.840699999211893978e+00 -2.949838269249376310e+01 -3.954527818595896349e+01 -1.665223851308014247e+01 -7.915072346073944942e+00 7.867311937251931340e+03
-4.858432372160114454e+01 1.338503214702531174e+01 -1.007457842124668446e+01 2.673733524054580712e+01 9.345778780855869883e+00 1.341326582470949802e+01 -5.499680208060911468e+01 3.727329946144213579e+01 -1.734256201037955591e+01 -9.447738489275565144e+00 -3.886795404387122943e+01 -3.663251250082848465e+00 -3.729960437459953759e+00 9.965258281922802780e+03
-3.930261553799313390e+01 -2.774545835496564639e+00 -1.534048813123165722e+01 2.399757611129945900e+01 5.912792512519250421e-01 1.213158661242077940e+01 -4.668247412450248390e+01 2.689452056965014037e+01 -2.406065227532454998e+01 -1.218546983463807187e+01 -3.756491774061873912e+01 -1.423623878816687593e+01 -8.583574955265468986e+00 7.828573521697221622e+03
-3.890266209948327258e+01 -2.245181095880079880e+01 -3.442584757717911970e+01 1.544850164508228296e+01 -1.663706991274168701e+01 5.932959505944080725e+00 -5.051309297053412450e+01 -4.493089031135786726e+00 -3.986529401936616779e+01 -2.449142028591351306e+01 -3.454833626840692773e+01 -1.229474680904524320e+01 -9.061380457541215350e+00 9.940976921195268005e+03
-3.746276628449852808e+01 -2.262128417566284000e+01 -3.177394136209916198e+01 3.340987942730244242e+01 -5.494718099076705720e+00 1.923700405095750909e+01 -3.954376924039386410e+01 9.136849605155541454e+00 -3.788144003496863377e+01 -1.343239271283162317e+01 -2.702057938208141508e+01 2.384291174478246944e+01 2.698060475147866288e+00 9.009739060816742494e+03
-3.707581061895989194e+01 -2.263543689839164585e+01 -3.002014675878189820e+01 2.917049777716033176e+01 -2.211588171458645391e+00 1.500142553963453018e+01 -1.924145714964739184e+01 2.174634302950532216e+01 -2.563258332457089139e+01 7.742796195530447179e+00 -2.361114068678558908e+01 2.598848808151400647e+01 -9.462133347446355813e+00 6.751576553075758056e+03
-3.768720155747233491e+01 -2.689151432451927093e+01 -2.634044984866287109e+01 2.650067420323984280e+01 -1.116566568026017237e+01 -4.501268348190498259e+00 -2.668091759843876787e+01 1.238337854090521617e+01 -2.872391351903792156e+01 -5.189451090330043925e+00 -1.727889685747122073e+01 1.321019330920588075e+01 -1.351065979393522554e+01 6.057337692576619702e+03
-3.999188739330545417e+01 -3.097966086551592113e+01 -2.336188424151402643e+01 3.598886605538958605e+01 -1.898209530976637804e+00 6.215649291252596242e+00 -1.699420746723335540e+01 1.611998071566134172e+01 -4.267635696042020044e+01 -2.368025017504901086e+01 -1.934490841414734774e+01 2.248303324521255675e+01 -6.353511325839090063e+00 8.293065984526641842e+03
-4.034015577542674436e+01 -1.588113419921915970e+01 -3.388231705723984533e+01 4.359904920816239127e+01 -2.640533612934433449e+01 2.328044218397040055e+01 -3.012671643230796192e+01 4.746460399132132579e+01 -4.244132924272351204e+01 1.761589088277249715e+01 -2.591139697491069072e+01 2.543996564666335658e+01 -1.469236834317688967e+01 1.297419960420230746e+04
-4.270221797820843079e+01 -2.562320118101997224e+01 -3.570860394346945554e+01 3.416529303880844992e+01 -7.643561746685676894e+00 8.612591863340236742e+00 -2.901317970230480370e+01 2.137694071504978766e+01 -4.595989561904902843e+01 3.293827404673933756e+00 -2.725694398207108904e+01 2.839343513197949420e+01 -2.301620490002297004e+01 1.055577361471471340e+04
-4.737651239302159212e+01 -3.104712100790224127e+01 -4.210072806869382589e+01 2.776467689920586324e+01 -3.048387029589204378e+00 7.983846979463303128e+00 -3.681061390016765955e+01 1.457287725024692548e+01 -3.160971968549331024e+01 8.414187684268606304e+00 -2.831956041515787703e+01 3.102001283112414143e+01 -2.177308886222254003e+01 1.070050978950317040e+04
-4.595191590216274591e+01 -2.509085713223671021e+01 -4.345413205502460130e+01 3.868512397661900337e+01 -6.287680489069081169e+00 1.690865327979578581e+01 -3.183207640041212017e+01 2.388081909942185632e+01 -3.202598629179959744e+01 -2.214250714320204150e+00 -1.770443682935471941e+01 1.883712051436501156e+01 -3.170703210545014272e+01 1.073912896878337597e+04
-4.827254436009516070e+01 -2.359195541724038847e+01 -4.341432119846081150e+01 3.718452864378917866e+01 -8.098532124359270057e+00 1.618381549705410549e+01 -4.447914205440248026e+01 2.550701028289612893e+01 -2.556200085111284181e+01 5.553153352025060663e+00 -2.238314833595815756e+01 1.317129601926576044e+01 -1.909262252178638519e+01 1.083408511574922341e+04
-4.618355390291564078e+01 -1.202667409891700623e-01 -3.064553673385641019e+01 4.796809168302974768e+01 -4.695347312292848935e-02 8.397560973083631808e+00 -5.178390635871588188e+01 6.795253268876088271e+00 -3.830076058334492473e+01 2.337322954978224399e+00 -1.788335828568601826e+01 1.925451206950938143e+01 -1.529877254360493843e+01 1.056830603610055005e+04
-4.496428322522490362e+01 8.756473429431480326e+00 -1.862045064861971255e+01 2.741655260833008612e+01 1.251818860554707058e+01 5.832306640839131084e+00 -2.828044425400150530e+01 -1.621228459009818579e+01 -1.993900583877206145e+01 -6.438606483973541295e+00 1.906065611363061629e+00 -1.159436616381989715e+01 -1.658852848196903906e+01 5.302454975059144090e+03
-5.037419131149520979e+01 1.759664220425189995e+01 -3.143215319583133649e+01 4.307889500997762866e+01 2.310433866620009979e+01 1.418889018906113542e+01 -3.102193545767183025e+01 -2.611173562786968461e+01 -2.268594108740028048e+01 -2.340400968804440751e+01 -5.919404695602329625e+00 -2.084825495354179736e+01 -1.673792781359371773e+01 9.882537610548228258e+03
-5.113488176626428583e+01 1.578073916637081098e+01 -2.097574650052642298e+01 2.706983200289464619e+01 1.177658738908140101e+01 -1.236109320446210624e+01 -2.237287196663247713e+01 -2.107442532397549684e+01 -7.497465860239242552e+00 -1.396208872682928082e+01 7.466700013391628366e-01 -1.188977939878921930e+01 -2.116082239007267418e+01 6.113583736727643554e+03
-5.523563348623486746e+01 1.854137824475289165e+01 -7.990151089377283355e+00 3.305405500402586938e+01 2.230482329148053466e+01 -6.932037652141412210e+00 -1.210699835794402190e+01 -9.702291560472591669e+00 -1.297297016101763312e+01 -1.857168652487318283e+01 -2.397781567263412850e+00 -1.579841939739141843e+01 -1.900279488645291082e+01 6.467094259893058734e+03
-5.819950622392612871e+01 2.352102156927346499e+01 -2.050388078703775818e+00 3.408767508315049355e+01 1.397488924688446055e+01 -1.196718266905048900e+01 -1.206763969144108728e+01 -9.182772650670798953e+00 -1.881183864360654923e+01 -3.177455428524638137e+01 -1.800668785817491901e+00 -1.315664486521868071e+01 -1.806809318245863238e+01 7.541360172607102868e+03
-5.573934144907370580e+01 2.035731866077280827e+01 1.962189874918291999e+00 8.946566779747120890e+00 2.158569301236544558e+00 -1.300457002456624878e+01 -1.280045421066373024e+01 -4.017770346798546832e+00 -1.279415089268001715e+01 -1.896763827033667837e+01 7.687978355849732770e-01 -3.320284648844020303e+00 -6.328550463283936445e+00 4.534085713840067910e+03
-6.459956522449888894e+01 3.111196889962404200e+01 2.991091549232285374e-01 3.442501666181807707e+01 -1.047620820862036117e+00 -1.153984506930814646e+01 -1.719770002431126699e+01 -2.406834841548151971e+01 -9.840724011086770417e+00 -4.481174908636581478e+01 -1.074267784643212842e+01 -2.366988217715937637e+01 -2.234061405842147607e+01 1.061524568098357486e+04
-5.527534641741966226e+01 2.368111012401544357e+01 6.316874145611881985e+00 1.001730520517936007e+01 8.154381486962684278e+00 -6.167626434578476591e+00 -1.657221614107921326e+01 -9.245222126482588010e+00 -7.187117760525205235e+00 -1.784344957579459034e+01 -1.141549032812023157e+01 -5.092802263077936153e+00 -2.720024609633337143e+00 4.754746176749597907e+03
-5.893580303083471961e+01 3.136629330591088305e+01 -6.933232778149062803e+00 3.136199358938986492e+01 8.775349268890986210e+00 1.079264050699621258e+01 -2.577476914501909633e+01 -3.026626552541196613e+00 3.757073273240253641e+00 -2.572191295962347724e+01 -8.253933839923632831e+00 -2.058965872686302134e+01 2.902022461702901124e-01 7.523782723519712818e+03
-5.250393710549955273e+01 2.247685993500511259e+01 -1.908411719783168792e+01 2.231640216254194087e+01 4.402747695745808443e+01 2.025835191009564795e+01 -5.104225633023960995e+01 -2.688055557745197177e+01 2.380190052847390714e+00 -1.205657358400498502e+01 -1.909141644428052231e+01 -2.454147318498100105e+01 -1.145816632468880947e+01 1.104987566234064070e+04
-4.054033721801513934e+01 -3.013786067892588183e-01 -1.963474848011264129e+01 1.151257261644640373e+01 3.435975649743477334e+01 3.780515131251451777e+00 -3.602324804862490737e+01 -3.950027477161714984e+01 -1.795819390336858490e+01 -3.368687978264270910e+00 1.859411918581048040e+00 3.249680474536974728e+00 -2.339163716384318636e+00 6.567838024895379931e+03
-4.918940943068863447e+01 2.528518565848543531e+01 -3.790356697374416228e+01 2.659232961184313382e+01 4.864327858777868130e+01 3.222734752235086830e+01 -4.985983550896984440e+01 -5.445038384849600277e+01 -1.064786000380659559e+01 -2.024139715875289625e+01 -1.459729643441567504e+01 -8.514585913977651188e+00 -2.141440877120005837e+01 1.532563619686651873e+04
-4.659293033987151489e+01 3.442545064423980961e+01 -3.745106284694701060e+01 -9.714762319065333163e-01 3.014344838315280484e+01 1.456702540740629104e+01 -4.830646983141653550e+01 -2.803971525062040016e+01 -6.566301458138083191e+00 -1.212434503308024780e+01 -8.778734100061013734e+00 -7.369342900827726695e-01 -9.351981445588700703e-01 9.268704950144878239e+03
-4.811609642557122868e+01 3.834172456759226577e+01 -4.182288076336171656e+01 1.415599346668161829e+01 2.459299816645285119e+01 1.805928232428383495e+01 -4.822030762578762619e+01 -2.096194121813381983e+01 -8.812295465572780984e+00 -1.355578847060852432e+01 -9.717060302676038930e+00 -9.857706115512083755e+00 3.378608888734170979e+00 9.894772949709633394e+03
-4.481384788215209625e+01 2.139931156139678947e+01 -2.094793523114475420e+01 9.852965022523028082e+00 3.923609862818016580e+01 6.963789353389850056e+00 -3.537262653428604153e+01 -3.010554539134612995e+01 -2.397393816887114681e+01 -3.593490476743532014e+01 -9.783153045331882680e+00 1.903115423986173127e+01 5.860210118802474888e+00 9.105944846268652327e+03
-4.794825382693122151e+01 2.917633696608235283e+01 -2.756474940120595463e+01 1.379383291680592150e+00 3.482749676670369610e+01 -2.659063561104463069e+00 -4.849079075966429286e+01 -1.850255116167227598e+01 4.773765259885978107e-01 -2.937693213567172634e+01 -1.211675202953565567e+01 8.052692599169150256e+00 -6.584938822652842694e-01 8.901065311757831296e+03
-4.485696723268536346e+01 2.092567565265536444e+01 -1.901030694149924116e+01 2.646213058595851653e+00 1.736584252830172659e+01 -2.584394932650742760e+01 -4.832382761181315800e+01 -1.154261500551856123e+01 3.508335820839200370e+00 -2.212218670553277988e+01 -1.926681239836445769e+01 -1.073554924852182424e+01 -1.998708210174027045e+01 7.643977197595701909e+03
-4.682040954234325625e+01 2.849932774768980792e+01 -2.741846862615269487e+01 -1.385733560819716326e-01 5.531296683346025311e+00 -2.800150437328908737e+01 -4.083268089081939678e+01 9.049336286298883536e-01 1.989359401226583302e+01 -1.981264560355871041e+01 -1.952177848260264881e+01 -1.940815749684399094e+01 -2.255124343056091973e+01 8.293591281279159375e+03
-5.125468226071638611e+01 4.782107489024133429e+01 -3.562184127679064005e+01 1.596208369036604235e+00 -2.591666037448237869e+00 -2.511276079999542432e+01 -4.071211043026829657e+01 -3.015612690193867351e+00 3.368581873264123772e+01 -3.373805298210872650e+01 -2.283159194144277748e+01 -1.211686435130128103e+01 -1.807911861346672566e+01 1.175724358268250944e+04
-4.646406518346017833e+01 2.146448800072102614e+01 -1.351097754903092607e+01 -3.946084070438531821e+00 -2.619069051324581121e+00 -3.571561771953471265e+01 -3.907488040350386882e+01 2.956003646188186451e+00 2.072838196747791883e+01 -1.189461053146627734e+01 -3.206459911138023955e+01 -2.341384235840894945e+01 -9.534235181018871685e+00 7.874196549545136804e+03
-4.641038034788414990e+01 2.649251273641469240e+01 -1.614332364436412703e+01 -8.055396983686504697e+00 -9.387899182446993507e+00 -4.140576047492746881e+01 -4.542161865634113838e+01 -3.553515163473598970e-01 1.877497918431730639e+01 -2.411272883893876084e+01 -3.954326617183157566e+01 -2.224085007391943947e+01 -1.341342888727375282e+01 1.021926124309750776e+04
-5.100604611925160725e+01 3.911176092589373354e+01 -3.211773150532644650e+01 2.946529220884190892e+00 -8.791198442100379040e+00 -2.335117240522250270e+01 -3.411985429229788025e+01 4.444080691129340899e+00 2.666083898145924280e+01 -2.075484773614769551e+01 -2.124460116958189460e+01 -1.164028342214769118e+01 3.048507150268872312e+00 8.715740740398712660e+03
-4.920558390394953108e+01 4.074448875297397166e+01 -3.047549830297129247e+01 -7.567591618736898562e-01 -1.719360123954604092e+01 -1.510735062876312007e+01 -5.121155968403048320e+01 -2.573345338447045050e-01 3.714117587634043360e+01 -3.385837283452035962e+01 -3.141212705010808293e+01 -1.100476779228778312e+01 1.637415831874549355e+01 1.205896962235184765e+04
-4.728800147428189860e+01 3.259520181458523069e+01 -2.316325336659779666e+01 -7.987435756763258787e+00 -1.508563561365933170e+00 -1.147628047934881756e+01 -2.479117582787057472e+01 -2.818538392089949163e+00 2.046559096660034527e+01 -7.475559114344354938e+00 -1.497808968062883928e+01 -4.937049174333480117e+00 7.220793466018352369e+00 5.431046917508185288e+03
-5.087333518853409942e+01 4.365072406529017002e+01 -2.916993285736500141e+01 -1.331053683319128389e+01 -1.701288705644971699e+01 -7.258679022406639980e-01 -3.216023350885979681e+01 -2.973359523414480066e+01 1.895124957458240900e+01 -2.755043788378871739e+01 -1.874367640838337579e+01 -3.574814836272772300e+00 1.236267425995383462e+01 9.364986742719493122e+03
-5.758463637118443756e+01 3.484124447540485647e+01 -2.483494019762259342e+01 -1.623548507458832191e+01 -1.405475348155192705e+01 5.502473234775277611e+00 -5.446703966578555267e+00 -7.070885436439989569e+00 7.003903484048852768e+00 -3.088783200560531483e+01 -2.158041664613876875e+01 -9.028106094846166663e-02 1.086025885567673477e+01 7.304525790628136747e+03
-5.897392127994400823e+01 2.822368903003964036e+01 -1.978753519018491147e+01 -1.296706766395992894e+01 -3.954600301076991897e+00 2.014198588684454450e+00 -5.305859858311381849e+00 3.260197515721297012e+00 7.647525728955476332e+00 -3.542800495944481298e+01 -1.373270651392416575e+01 1.322292765205940768e+01 3.850182488655506496e+00 6.584553436742030499e+03
-5.837249982002442295e+01 3.590717020603969445e+01 -2.693082257350583220e+01 -1.746655498234051196e+00 -9.962437283845421376e+00 -6.365051778354137824e+00 -1.974837662206580902e+01 -8.863848103493980446e+00 5.663515391509087671e+00 -4.785491562003296195e+01 -1.213842749897221074e+00 2.080192939725600354e+01 3.806488473240815740e+00 8.804175231501019880e+03
-5.551606026213762846e+01 4.162559685755320515e+01 -1.879886811177527406e+01 -2.378680736193264700e+00 -1.541308854762944058e+01 3.118065610262052090e+00 -1.055371080924961724e+01 -4.001113982697622617e+01 -2.352236425924101582e+01 -4.722890381091460199e+01 -7.568148485494069488e-01 2.481945269803368603e+01 6.328927679540555573e+00 1.057384088097439235e+04
-4.934900060300243041e+01 2.739961350333883772e+01 -1.474026861168200675e+01 -9.815379903836609188e+00 -1.593863349649344308e+01 6.588524214924599498e+00 -2.594882388627501157e+01 -4.039481268047531870e+01 -1.294838450080787062e+01 -4.474035018782885231e+01 -8.959682427890525602e+00 1.085292865307136623e+01 8.387058368150555054e+00 8.539975237424847364e+03
-4.857970072455767507e+01 2.568515028728952743e+01 -1.792888192367723477e+01 5.360942370308976912e+00 -3.921787833115859545e+00 -1.595527231767905185e+01 -2.921409610584490224e+01 -2.221432111485699679e+01 -1.063167634035831099e+01 -2.019438836625847244e+01 1.135603102596710734e+01 1.902178637765545943e+01 1.683620368709075876e+01 6.281880801860473184e+03
-4.938616904575781774e+01 2.497302727522846411e+01 -2.581322985870910713e+01 1.303086476304468633e+01 -1.390309686977056458e+01 -8.354806196408947727e+00 -4.378481298422907031e+01 -3.198100081806025585e+01 1.450665844604729360e+00 -4.935811399929977483e+01 1.823316100284697328e+01 1.656277880029887228e+01 2.688349148144608680e-01 1.014693912997061489e+04
-5.167092202855474170e+01 2.834439300818041474e+01 -2.649491303771446127e+01 2.059834970961989598e+01 -1.187033489028304878e+01 -8.588887687484868749e+00 -2.654894809117705989e+01 -1.853013280237069438e+01 -5.812871248069781949e+00 -7.165198056179737307e+01 1.922932367157774536e+01 1.316215658292680857e+01 2.207962154431954538e+00 1.157812767668624110e+04
-4.954977256057910751e+01 2.978332434184953215e+01 -2.707901886622719090e+01 9.302342776699907390e+00 -1.769989497019462732e+00 3.956909480769113419e+00 -1.851071002089659245e+01 -1.020598675519435794e+01 7.793293068745490437e+00 -3.985049732085752794e+01 2.063817561437339876e+01 1.131248425973499394e+01 -1.508127380219422164e+00 6.832610354719584393e+03
-5.171812971398656344e+01 2.491589288082917619e+01 -2.038417836657774274e+01 4.028991115863726158e+00 5.610779865676610356e+00 -3.891129895150952756e+00 -1.539625761982376950e+01 -8.035247268037231549e+00 -9.583018071756557177e+00 -4.342214015370038993e+01 -1.233029324415184291e+01 -4.851514879377504030e+00 -1.100584006344379340e+01 6.349564180675274656e+03
-5.551498048239410821e+01 2.021430717918461184e+01 -1.097813734110195938e+01 8.056534328298683434e+00 6.743376256577895411e+00 -3.492805168097219859e+00 -1.097991308311220848e+01 -1.239152628310999837e+01 -2.108449025240362928e+01 -2.768840832720999856e+01 -1.477627301225280743e+00 -2.953615973293772790e+00 5.094770566898091380e-01 5.230110225304286359e+03
-6.020981176258401035e+01 2.110696633266160660e+01 -1.189110283958697778e+01 5.597311466222704368e+00 -4.017857746757635518e+00 -2.909164464205785450e+00 -9.562415539691979660e+00 -1.605828788552187092e+01 -1.399855363014062526e+01 -3.445417743008352573e+01 1.241060667168468967e+00 4.924855735943864943e+00 -4.753327119263017764e+00 6.048806902588245066e+03
-6.772135306526369902e+01 2.214531748066720951e+01 -1.155160094898968737e+01 9.299443497135758463e+00 -8.973002452904914605e+00 -9.427455089464896076e+00 -1.219968655814369285e+01 -9.803551027845635701e+00 5.697564469765747930e+00 -2.279425201858095562e+01 5.593674148467544072e+00 1.099106104448600796e+01 4.902870133116759455e+00 6.439020443385785256e+03
-6.844726813164986368e+01 1.893970528127251995e+01 -1.039014503463588568e+01 7.582743940325997301e+00 -6.091975240570649541e-01 -4.076254794744571974e+00 -8.543529775854807440e+00 -7.934337746616970222e+00 3.147675542406620064e+00 -2.352285467231573080e+01 -6.410378345140400391e+00 5.936062427369744654e+00 -2.756770787726389838e+00 6.009288787716744082e+03
-7.008822001082192799e+01 2.011289772935914755e+01 -1.355882886378536156e+01 -1.068199033598960179e+00 -1.588863664426372724e+00 3.476790890198057760e+00 -1.048452696132386031e+01 -6.527884023037767491e+00 8.432844004550762662e+00 -2.012903796579944782e+01 -9.850621950731741627e-01 -3.678617241234160229e+00 2.863562351150876761e+00 6.168014855857376460e+03
-7.322452093160909214e+01 1.561166300241650973e+01 -2.137544136533318095e+01 -7.907758547743500621e+00 -9.275698020687734413e+00 -1.394614469944568169e+00 -7.391426796878507233e+00 -1.223071575504961217e+01 2.268678386909992739e-01 -3.485351686201334331e+01 -1.933227501119033320e+01 -1.120382044969264612e+01 -1.778933119558671905e+01 8.447745608272489335e+03
-7.468503893798505544e+01 1.001991267586500634e+01 -1.572062062372593694e+01 -5.043116876205591126e+00 -6.421121606528262582e+00 2.942178430425522184e-01 -1.303157232331435900e+01 9.915568969115429176e-01 -7.427825273818049467e+00 -1.270234715402876802e+01 -4.219535038875870114e+00 -3.595977815826256307e+00 -9.524910704612318924e+00 6.500928728791952381e+03
-7.656015831402702077e+01 7.685487613325117096e+00 -1.417751018800347573e+01 -4.762142577883708761e+00 -9.007319570316932200e+00 -6.537624034284570840e+00 -1.201797648858746470e+01 1.003829630521900995e+01 2.221870494693636733e+00 -1.999229849947472548e+00 9.096185626668662039e+00 1.497103706454224259e+01 1.206226952952882137e+01 6.974580361867396277e+03
-7.707855679977441810e+01 9.978431249592677688e+00 -1.435722644728154229e+01 -7.916666831664095128e+00 -1.228782591481483522e+01 2.809078124804581300e+00 -2.925524587602414517e+00 -1.097620129717158477e+01 -9.877425902920583312e+00 -1.533623826684782721e+01 1.036986704500480627e+01 3.145327783479778816e+00 7.285966639483827834e+00 7.100670134087230508e+03
-7.712980161886939356e+01 1.176445581102028548e+01 -1.179589827884854358e+01 -6.456799880150294157e+00 -1.907103954598198570e+01 -7.030482709196354207e+00 -5.077983993228124326e+00 -4.482510796118811314e+00 9.047002773388284069e-01 -1.319641234814991115e+01 4.500954151996908514e+00 9.323889673714961246e-01 9.109048213890307721e+00 7.006319738436420266e+03
-7.782157943587840521e+01 8.251004635638121698e+00 -1.604753852302693318e+01 -1.864504128754182588e+01 -2.345986510287398019e+01 -1.546971071967773170e+01 -2.152168290621523283e+01 -4.342008718792148336e+00 -1.288199363457606772e+01 -1.513848848176398398e+01 -2.198309041169626887e+00 -1.147101762980288342e+01 -1.931401098136044547e+00 8.536418167698904654e+03
-7.673504096687740628e+01 8.364998507620715174e+00 -1.554919629360290045e+01 -1.593228990697781988e+01 -1.591025772525016890e+01 -5.866203145061195556e+00 -1.739026818730215851e+01 1.216514565962846817e+01 2.467703848394085853e+00 -6.389784310973410264e+00 -9.202052708050126872e-01 -1.444050434792919724e+00 7.157877072317396561e+00 7.292902085452302344e+03
-7.767808593744085499e+01 8.077390600315411007e+00 -1.458843919678314904e+01 -1.324304144806761840e+01 -7.942585778941425367e+00 9.321485018211211226e+00 -3.491137779093529403e+00 1.276035797036979424e+01 3.628477814267390134e+00 -5.893459262465637671e+00 -3.834386711293484851e+00 -1.029731643681192921e+01 3.401825277559753058e+00 6.992527884930756954e+03
-7.867807549716324900e+01 7.576012218513422880e+00 -1.601753672985160293e+01 -1.007747258979587457e+01 -5.373248155665528714e+00 1.824891214886819046e+00 -4.121249931272803479e+00 4.792735113810633329e+00 -3.810803871067044657e+00 -1.038190860860119002e+01 -2.303186386473986857e+01 -2.387536286020310428e+01 -5.482139622681786451e-01 7.901015992158108020e+03
-7.838362423346457319e+01 4.966021698687481667e+00 -1.695557096181247658e+01 -1.244113916833182643e+01 -1.195070864999384419e+01 9.429277304880652189e-01 -3.179432480837248054e+00 1.049499806190491036e+01 5.742299767807351962e+00 7.585834467603281839e-01 7.799891699179291926e+00 2.785409708377413640e+00 5.825152413494246950e+00 7.010968248965165913e+03
-7.863177831717997890e+01 4.349528519294260320e+00 -1.761791119786007087e+01 -1.384588113996469971e+01 -1.465511008463506926e+01 -4.239337505180017729e+00 -9.712036925882591376e+00 6.232497259419098601e-01 1.506223293740602154e+00 3.226214835401156833e+00 1.232985679681239688e+01 7.973355968012315387e+00 8.329598422105332745e+00 7.329089669397043508e+03
-7.795424759080808030e+01 6.065355495987613921e+00 -1.198866388889174495e+01 -4.398433991156733391e+00 -6.332609709684314581e+00 -9.327506227040163189e-01 -1.566225903506521000e+01 -1.248498572053416300e+00 -1.078228186898686758e+01 -3.277194068927898662e+00 1.128131126135002127e+01 4.570697546712043646e+00 7.427507696624034317e+00 6.894889348072430039e+03
-7.857125216740068652e+01 3.089113763109633481e+00 -1.159414868786872610e+01 -6.757488201999773736e+00 -9.648433738545971750e+00 2.618484625757911743e+00 -1.465223982565872518e+01 -1.980218534028905353e+00 -2.482001548086420684e+01 -8.701257754467127015e+00 5.770641522046606298e+00 5.818167818825952242e-01 -1.954845510906212391e+00 7.410835644580020926e+03
-8.000586956521563309e+01 8.323039757000271210e-01 -1.557224201090945570e+01 -2.017235763435859042e+01 -2.389920595706829332e+01 -4.675992657345538817e+00 -1.102378148974964667e+01 1.049804286033448264e+01 -3.177170053383250092e+00 9.909348884444199257e+00 2.627230268430747984e+01 6.057383380783032401e+00 -6.269726529087260580e+00 8.750345100879096208e+03
-8.039637714700073445e+01 1.874578296554857859e+00 -1.343702731868162203e+01 -9.759733077674184187e+00 -1.181138669186523948e+01 5.901587259267426777e-01 -1.198699283713412989e+01 8.184655328929816065e+00 5.749822296267725008e+00 4.483832682285989968e+00 1.917581178397339414e+01 -1.878192166556497122e+00 -1.312924957559400774e+01 7.690213087869099581e+03
-8.046075071389152811e+01 1.976118643597110536e+00 -8.735638829392565086e+00 -1.090941312617822412e+01 -1.191112420616431322e+01 -4.004191647566785583e+00 -1.552203913719078798e+01 1.071155010181751166e+01 3.087568427639079349e+00 3.117335006915840978e+00 9.108905118917556720e+00 -1.266793553456430210e+01 -1.678349224420566088e+01 7.731128777442463615e+03
-7.920101181696993820e+01 2.654931908178926658e+00 -1.124401705479880675e+01 -1.122946351317716029e+01 -1.373151074624534473e+01 -7.113016657949849275e+00 -2.142137822249802426e+01 8.905615636606610153e+00 -7.501344551625401813e-01 -1.624632594869794167e+00 6.850594141370224932e+00 -1.157171659728756907e+01 -8.284549752216985752e+00 7.562383697223881427e+03
-7.983600429928060294e+01 1.035989479968870697e+00 -8.904153025864049553e+00 -5.441048918238762688e+00 -1.636289750717175906e+01 -2.957357815179266325e+00 -7.203785071248328009e+00 1.544125754599864919e+01 -2.993355467870184583e+00 -1.705412788014822212e+01 -4.907508826678503411e+00 -1.610648909911734705e+01 -2.260785982522240900e+01 8.144988559718132819e+03
-8.116814401196943152e+01 2.075564311322745770e+00 -8.882983029786055695e+00 -6.022384965567087356e+00 -1.156699519413705168e+01 3.174202644820137031e+00 -3.109368547902468194e+00 1.468313441899734251e+01 -6.665783607869527394e+00 -1.881867387505450395e+01 -1.218113958882618952e+01 -1.353417447172454047e+01 -1.336839716297737013e+01 7.985728867667055056e+03
-8.060761251242156789e+01 2.460517462067995265e+00 -7.339599264162595560e+00 -2.284965626135249561e+00 -7.276741607458470540e+00 3.113841530582095452e+00 -5.679911708851179242e+00 1.317782280891099411e+01 -1.203902871059819546e+01 -7.763384176496218814e+00 -2.384894578683142363e+00 -1.421505985486835044e+01 -2.327107832777690177e+01 7.785802596440582420e+03
-8.138753591823432032e+01 1.410742998936136861e+00 -1.061675242369237893e+01 -9.350302289436537961e+00 -6.110553118382288318e+00 4.693280131552702628e+00 -6.536381391544946240e+00 1.671458947632561731e+01 -6.601630103010585948e+00 -1.644567960538435258e+01 -4.504620194127345378e+00 -1.312522519450728709e+01 -1.917178074169080482e+00 7.717812913412251874e+03
-8.105022364352124953e+01 1.133925622039085201e+00 -1.137727636496005701e+01 -6.255031143590238152e+00 -6.096205383045418813e+00 6.620235496877512560e+00 -4.934086043845431924e+00 1.324957749575070665e+01 1.858017352720297444e+00 -2.115260602861527062e+01 -1.359870173404525850e+01 -6.347149351211223589e+00 -7.309220624693272050e+00 7.749400789246821660e+03
-8.189585580472508752e+01 2.093923383056406073e-01 -1.361186439944461135e+01 -6.086468282677854447e+00 -1.162669323128341148e+00 2.053836126405828466e+00 -1.016236812429362146e+01 1.146341111230362131e+01 2.526109967632336861e+00 -1.095833805833152397e+01 -4.562862488502213765e+00 -8.026854413051596637e+00 -5.092168913844308697e+00 7.407203249410671560e+03
-8.207945517890635756e+01 4.109449070601198351e+00 -1.280406271823967046e+01 -5.916927374656149041e+00 -4.698567096083608341e+00 -4.754029014034690664e-02 2.943195083488681973e+00 1.328980038918238549e+01 2.575661693249496409e+01 1.804548269962394924e+00 -2.652648505309140425e+00 -7.545481813014764505e+00 -1.421987511595123443e+01 8.093073968761319520e+03
-8.178094481435159935e+01 -2.118800109268278664e+00 -1.450841068927594257e+01 -1.174969999993876435e+01 -1.764044665188871974e+01 -1.361181554241885650e+01 -2.717101498938720994e+01 3.927998159610013307e+00 5.544055007733895479e+00 -8.399475098142280771e+00 -1.018582660241307103e+01 -1.633202842755175510e+01 -2.033756196542292471e+01 9.176712155665980390e+03
-8.192290491982423362e+01 6.182375687890936389e-01 -9.442051662948635737e+00 -2.440767033734781322e+00 -7.538230652450454983e+00 2.590111344715556818e+00 -1.262075647757939123e+01 9.241987761735110496e+00 9.815865879821137341e+00 -7.979790319620702732e+00 4.561502274215231800e+00 -5.265025027846321315e+00 -5.153859570579142790e+00 7.350204018045289558e+03
-8.285694034983056611e+01 -6.101959052570047337e-01 -1.330151289129143777e+01 -4.860620639782248453e+00 -7.819024088803821826e+00 3.927786324847625465e+00 -1.044793495589130927e+01 -1.951667418513869379e+00 1.582004889819398574e+00 -8.757167030310071709e+00 3.504909053836792743e-01 -7.704518964940044512e+00 -1.175630864830108813e+01 7.532617738307379113e+03
-8.461213358685671437e+01 -4.504255203956814668e+00 -1.316722179423688921e+01 -9.311602895778307243e+00 -1.958701450743713934e+01 -2.859700474605160192e-01 -4.684620900266041055e+00 -1.935243340410869095e+00 -8.917758833958853160e+00 -1.367081933925764048e+01 -3.215356443019825594e+00 -6.074892624938335928e+00 -6.614545307706431565e+00 8.206419670393335764e+03
-8.208300052089236942e+01 9.893359737110373198e-01 -8.276287113874943202e+00 -6.557678799869655073e+00 -1.300138739877918681e+01 -3.434362987996166794e-01 -9.083880460998283723e+00 7.236542135076295068e+00 -1.089276985568202605e+01 -2.212880635826115849e+01 -1.912953460849584530e+01 -1.686111259078377955e+01 -1.098751256122158537e+01 8.533434439292159368e+03
-8.376506696024354426e+01 -6.737113672974288647e-01 -1.004130364900315087e+01 -1.205379305284181157e+01 -5.667131402351868630e+00 6.793291082535138692e+00 -8.407824974254602068e+00 8.577267532030804276e+00 -1.378260099139596839e+01 -1.697953888236680342e+01 -1.093982086836784440e+01 -1.642320024061223194e+01 -1.980946855894903891e+01 8.745769319079083289e+03
-8.430576216212624274e+01 -2.031640233952377805e+00 -1.378060137039060606e+01 -1.117954566002862826e+01 -1.039999769255063100e+01 -1.098072422019015448e+01 -5.837680655898485504e+00 9.633327157091735593e-01 -1.456414868847446087e+01 -2.096283995468962402e+01 -7.940621106644710103e+00 -1.208498852643422694e+01 -1.544527551503439078e+01 8.789431125802406314e+03
-8.330152441237315486e+01 -3.495426475137234923e-01 -9.174107497593634974e+00 -7.220658874611332934e+00 -1.025801789701313282e+01 3.488497646524292506e+00 1.714935083961441675e+00 3.283559093568597653e-01 -5.173861995250591761e+00 -1.239677812805478752e+01 -1.591525551072352940e+01 -2.207293535883590607e+01 -1.669526786847430344e+01 8.395704437828388109e+03
-8.304313032847446152e+01 9.429243539583583855e-01 -9.872705157181743019e+00 -3.920842558942566836e+00 -7.687621197450608790e+00 -3.631635358452980911e-01 -9.767710898913509965e+00 3.705573723906160577e+00 -9.721209130825727573e-01 -5.706046582012789692e+00 -6.548086366302946493e-02 -1.975295541646418229e+01 -1.455850807402392633e+01 7.813902454274757474e+03
-8.322854733703022134e+01 1.029606946052818772e+00 -9.207660941190779269e+00 -7.165616350092637532e+00 -5.476262002445175803e+00 -7.268703882199963218e+00 -1.399384713702801797e+01 4.503019141963396699e+00 -5.233153323206383156e+00 -5.428551742608453523e+00 -1.714153237234421034e+00 -1.634946573220879529e+01 -1.385064111403337961e+01 7.882045378759721643e+03
-8.781601613152535890e+01 -5.216249051187307195e+00 -8.335488819393269466e+00 -1.149878172406823040e+01 -1.068440728356171299e+01 -2.050972634703396746e+00 -8.982586488225466681e+00 3.293104561151855680e+00 -4.964827907333421386e+00 -1.038932882220930765e+01 -6.739707010020536515e+00 -1.179013802587280324e+01 -1.049006742560994709e+01 8.577518933160108645e+03
