-9.177843508241106463e+01 -1.199748359890871718e+01 -2.700199140719045232e+01 -7.118948438096816211e+00 1.762323389026762399e+01 -1.984314915949909519e+01 7.651980426329424212e+00 -7.766223860659810185e+00 -1.356488684147984536e+01 6.662361868050127534e+00 3.332400946491120841e+00 -5.517643987404371231e+00 -1.436522062371887820e+01 1.064650578000774476e+04
-9.209326562565424013e+01 -1.043077345858787375e+01 -2.626879169455964913e+01 -1.094303196846857240e+01 1.576548053275335981e+01 -1.179061286624079941e+01 2.035319864050107697e+01 9.259640123260872713e+00 2.080201537592980543e+00 6.287481527639069867e+00 -2.797795495078172046e+00 -9.749148617348043500e-01 -1.555463611248025790e+00 1.034238978066220079e+04
-9.323654887186395968e+01 -1.086126435093895992e+01 -2.505383500501620375e+01 -9.922286258276251658e+00 1.168412222986722782e+01 -3.056577462490429653e+01 7.626829735662553844e+00 4.178477748357579458e+00 -1.255996269651150676e+01 -8.334740217250594441e+00 -4.877118536834409213e+00 -9.465960886378521622e+00 -2.001271616025343292e+01 1.142470108696190073e+04
-9.137613467465538974e+01 -8.521670997684505977e+00 -2.460570858009279149e+01 -7.697494707426618454e+00 2.395464938393491749e+01 -7.046632974971326568e+00 1.327486493834381953e+01 -6.548886765908018326e+00 -2.011557315641162447e+01 -2.335585125396967499e+00 -3.390006254063663960e+00 -4.607136074920846092e+00 -8.601553748544443323e+00 1.044629521796146037e+04
-9.341315787012707972e+01 -1.290166608815949445e+01 -3.131710962927924058e+01 -1.478433152984932342e+01 1.480788801651199016e+01 -1.950298895489323314e+01 1.600223732875901206e+01 1.224616952687577642e+00 -1.289064035986887369e+01 -1.464719249418101832e+01 -1.704975177937645014e+01 -1.828072133514408293e+01 -2.068125468294986291e+01 1.238232223770907694e+04
-9.200354264000171156e+01 -9.738033090803300595e+00 -2.071745267438143756e+01 -1.401671093619829334e+00 2.579105293384233377e+01 -9.941001976489470593e+00 1.944332601599118959e+01 3.583995054738802200e+00 -1.813893291517719941e+00 8.878863695206675288e+00 3.363007751683744662e+00 -6.592668924614599746e+00 -1.881034198516684697e+01 1.063627505248492344e+04
-6.801218232739593361e+01 2.149970437065484674e+01 7.125642991970432050e+00 -5.492817520680246535e-01 -2.121610490657263703e+00 -7.943649249665191370e+00 -9.943131817262422345e+00 -1.045688027176166024e+01 -8.171609131561281103e+00 -9.417218994144722188e+00 -3.531449409385114535e+00 -2.809633062601687215e+00 -6.972296312947770858e+00 5.639223039417615837e+03
-7.656280109493724240e+01 3.283685675586514208e+01 1.900128035190011033e+01 1.512322343297770999e+01 1.595569440258802274e+01 -2.154947826622900564e+01 -1.737874378047847657e+01 -9.020508211060754178e+00 -1.594788995523385822e+01 6.927014577113990712e-02 8.450114940275303965e+00 -1.290646929823319056e+01 2.000804311748650477e+00 9.128561318833544647e+03
-7.134843854752617176e+01 3.521128561632849596e+01 1.326604432341395778e+01 -5.377168685909397006e-01 -1.360785760801194577e+01 -3.329891431571247296e+01 -3.686056197106590560e+01 -2.097394981501199496e+01 -3.447952262170984739e+01 -4.007297581374304940e+01 -3.254062593417823557e+00 -2.832986086358264544e+01 3.174894525573414672e+00 1.321724123824704111e+04
-5.607829557765972339e+01 2.347115654042072563e+01 8.802331247626391075e+00 3.086198927328424046e-01 -1.088015668248441870e+01 -7.894089902761577626e+00 -1.055010514411864619e+01 -4.819025892888396001e+00 -6.412860123066046469e+00 -8.356680648086284080e+00 3.564741619504371517e+00 -3.804414830287305094e+00 1.613749750855960174e+00 4.229212929493250158e+03
-6.355054739842796607e+01 3.565794661380915187e+01 2.016409314335066938e+01 1.174111992359371293e+01 -1.552644957997774533e+01 -6.945825041836210190e+00 -4.223084282415847213e+01 1.329961156741362061e+01 -8.323791259261609454e+00 -1.678895852217769402e+01 1.045757295203380188e+01 -2.479006384308156896e+01 1.420773290044049197e+01 9.381167057009874043e+03
-6.069473100239616059e+01 2.972342160232535946e+01 1.724617400651794341e+01 5.492921665168442047e+00 -1.493652757235621564e+01 -2.266393623650144917e+01 -2.887111748440254999e+01 -7.987733789924342354e+00 -2.069942605398244950e+01 -1.757360971538747663e+01 -1.396531055443264968e+01 -1.939303781713967112e+01 -2.575686568697479029e+00 7.844086020386392192e+03
-5.768220674227129763e+01 2.888511338416903484e+01 1.431968804226511871e+01 5.494875022676625420e+00 -5.486586403384468902e+00 -1.253412600711895308e+01 -2.397130981878628475e+01 -1.359781266163172120e+01 -1.223406510062418917e+01 -8.939113187732768750e+00 2.474786023824175896e-01 -8.902054159073546913e+00 -7.381667418340876807e+00 5.706941937004386091e+03
-5.268683753202007125e+01 2.351600772580332332e+01 9.285609741703543918e+00 2.320972725543622328e+00 -8.368431666375645506e+00 -1.326932855489393326e+01 -1.648079007504042082e+01 -1.169705019738147556e+01 -1.114579259507282671e+01 -1.448748954761187235e+01 -4.208902687892684291e+00 -4.681974180697597632e+00 -3.717107827231747930e+00 4.462626765452274412e+03
-5.699744245939831444e+01 3.104924942314387692e+01 1.308740149345571169e+01 1.737099168757276857e+01 -3.464683852257553553e+01 -7.529313687551049128e+00 -4.011220572108790350e+01 -8.500996914852009922e+00 1.202350694237587803e+01 -3.313632031373651188e+01 4.418236387370248153e+00 -1.305719555812581767e+01 -2.776849453407243828e+01 9.827826647720359688e+03
-5.172264744127983960e+01 2.669850294843273630e+01 1.246373569599083986e+01 6.925756772509189751e+00 -3.359677409616503496e+01 -1.247575790200617796e+01 -3.286683131425251503e+01 -1.373136861707330247e+01 7.406849795450848539e+00 -2.187979529337514606e+01 1.392702789731541602e+00 -1.812609111009775376e+01 -1.870215410804584621e+01 7.358372216275126448e+03
-4.659955028982293612e+01 2.086449393967524557e+01 9.512395724847491962e+00 4.675729275695804432e+00 -1.873290754091447852e+01 -4.708091425219767423e+00 -1.876435154377989889e+01 -3.525979536339903131e+00 4.096728500721592781e+00 -1.813198167395661198e+00 1.387371832255975512e+01 -8.383185917134204246e+00 -1.819483135151153785e+00 3.742953938709037175e+03
-5.108363431438294811e+01 3.273603688087865038e+01 4.828284785240438914e+00 2.205339955006998665e+01 -5.302217166687132277e+01 7.809827763366619990e+00 -4.405044850084787100e+01 4.053667868777645289e+00 9.170301250189057285e+00 -3.166912799734694417e+00 4.228330411783731257e+00 -1.877556373827233571e+01 -4.508522875604261237e+00 9.504920017376427495e+03
-5.066044640862277504e+01 3.054261643658785630e+01 -3.495003569026400747e+00 1.156567100886670296e+01 -6.245699883084006387e+01 8.909511487390047169e-01 -5.776382446733148157e+01 -1.380496815114867282e+01 5.104329756545595842e+00 -2.565695078171710719e+01 -4.213062473790450402e-01 -3.777701077513166439e+01 -2.288102430709284008e+01 1.370937372567750208e+04
-4.928203688180716568e+01 3.202936981759403068e+01 -8.998508522530910270e-01 1.729685076554010337e+01 -5.675656549763412784e+01 1.683016294938841639e+01 -5.224467357162295400e+01 5.746683126452666990e+00 7.788214638063458928e+00 -1.968134834476342121e+01 -3.086180728639661641e+00 -1.248725142815845501e+01 6.146014139285298938e+00 1.067292407308179827e+04
-4.580787356414160882e+01 2.228878941155848992e+01 5.025086232967002076e+00 -4.995720261010134222e-01 -4.186670425069324608e+01 -5.777750888357052972e+00 -4.345310711499840295e+01 -1.096073664780275347e+00 1.378183492018117384e+01 -3.176274434714975925e+01 4.015631553920181673e+00 -2.205107290204405146e+01 -1.169830190851119056e+01 8.134265986008575055e+03
-4.580672222756266621e+01 2.453789739691304916e+01 6.803662081218107893e+00 -5.172283784388193695e+00 -3.740651654330594766e+01 -1.222284708946478338e+00 -3.059459781462210515e+01 -6.038926278862611241e+00 1.407949850307088191e+01 -2.230864475807132052e+01 8.402023507551966475e+00 -1.082849112554971605e+01 -1.173283674023106293e+01 6.168063639100807450e+03
-4.731208469554540841e+01 2.766618654607464478e+01 2.227052774217111342e+00 -4.327654699491485957e+00 -5.369958498041518169e+01 1.478977189456429286e+01 -6.127115062066557272e+01 1.191698487604746859e+01 -1.119628774704260188e+01 -1.046804844423322223e+01 -1.575042435990075518e+01 -1.091658242543783253e+01 -2.321708512312961048e+01 1.116730838070451682e+04
-4.830483057884973164e+01 2.471863306798225679e+01 8.109621261628467970e-01 -2.914021406898417599e+00 -5.365251313835769054e+01 6.777685694539217209e+00 -6.574809712905039305e+01 1.189811918876824492e+01 -2.293178138189891868e+01 -2.401031346272112543e+01 -2.383833663045696127e+01 -8.909788121556349694e+00 -2.788975016641104077e+01 1.287027389603581105e+04
-4.977516212760544789e+01 2.089785796262559714e+01 1.544077317494474189e+00 -1.429990015026509731e+01 -4.240913495210419626e+01 -5.464586129774069434e+00 -5.904218090647525941e+01 -1.471095103511202140e+01 -2.288734184102129632e+01 -5.068065224685360448e+01 -1.871682311391511888e+01 -2.485968418930209367e+01 -2.519358286392034785e+01 1.334734509853627060e+04
-5.180204079014332308e+01 2.425055429127185036e+01 -8.124689585541600145e-01 -2.812364549792697233e+00 -4.766003427096259770e+01 6.240543799953189641e+00 -5.414926204548926592e+01 -1.891994526247265895e+01 -2.204327936875889193e+01 -5.425415414205777864e+01 -8.687223105842676318e+00 -3.808760494605653690e+01 -2.905254936235476393e+01 1.468024400333056656e+04
-5.168084841686858510e+01 2.419717678042017539e+01 1.070338991005439055e+01 -4.529444262744634742e+00 -1.998680989959452958e+01 1.121854059623559152e+01 -2.240394182811762747e+01 -4.166889385974173798e+00 -1.225839548596056439e+01 -3.204187808362039647e+01 4.637087193920287120e+00 -2.843492574158618424e+01 -2.991662531442855411e+01 7.338121938584016789e+03
-5.343673722199063292e+01 3.210641452626689585e+01 1.898525846935497086e+00 9.054320439133427545e-01 -1.782236116798918957e+01 1.131142601325551489e+01 -1.452419017162300108e+01 -3.938095938118403083e+00 4.159603670453801527e+00 -3.339078013494976460e+01 5.926763785405010587e+00 -3.077590065382246465e+01 -3.818451096044005766e+01 8.135362530082799822e+03
-5.558398353828078342e+01 3.491944538668477094e+01 -6.713052679220644636e-01 -1.028889873407964561e+00 -1.611331282231926210e+01 6.532702817438749143e+00 -8.240725020400947898e+00 -1.279826545933432058e+01 -1.621730432514733877e+01 -3.556537048346447705e+01 5.490425936108494831e+00 -2.378615934553603495e+01 -2.597993647955729557e+01 7.643256151125698125e+03
-5.411840476535343925e+01 3.091679963530366493e+01 -8.308327042144080243e-01 -6.388362539248859662e-01 -1.716816127607214426e+01 6.240393559388214939e+00 -8.369082156181599785e+00 -9.013948668085713933e+00 -7.324034095623585650e+00 -3.454261162866655610e+01 7.303550845509911404e+00 -1.753977821668085468e+01 -3.522572320163439485e+01 7.219400452367152866e+03
-5.559226819433801126e+01 3.532204803248413327e+01 -7.655685652076522629e-01 1.732559778790320637e+00 -2.198740627642242984e+01 8.517318856270360783e+00 -7.213587734918540662e+00 -1.311876216562932917e+01 -1.392705154284393232e-01 -4.425972473477369107e+01 1.039435939265658249e+01 -1.406150819220047943e+01 -3.699924587590551539e+01 8.755519287930139399e+03
-5.714236714560854580e+01 3.649349558760460610e+01 3.440071282857169344e+00 5.896110276739126910e+00 -1.903562468295396570e+01 -1.593434526841957632e+00 -5.421116545907602280e+00 2.134035339468560721e-01 1.232720957170143627e+00 -4.107756404327266608e+01 1.524096513041192980e+00 -2.194069327966322547e+01 -3.180831108465852708e+01 8.222323050886028796e+03
-5.159692004954447953e+01 2.247870071568403105e+01 8.549860917996717546e+00 3.010274206210592052e+00 -6.879185872517457945e+00 2.547419010560128871e+00 -6.381175627139494821e+00 1.258415000342743006e-01 3.246025695496719266e-01 -2.152669042568663826e+01 -9.778412221819866801e+00 -2.152298997305224759e+01 -2.127353993223018236e+01 4.819167509049224464e+03
-5.057700672775453654e+01 2.148027606492837194e+01 9.864992539254583193e+00 9.853513571940615279e+00 -5.267887442667939624e+00 1.365532808945641108e+00 -6.559165949287486086e+00 -6.118847628733289135e+00 7.149498729660198615e-01 -1.541621436183255511e+01 -3.591812069949614633e-02 -1.473038160449998379e+01 -1.790340871973963033e+01 4.099612243774163289e+03
-5.423522414678760839e+01 2.743064895365450795e+01 1.645256700002486028e+01 1.416678408511297249e+01 -2.387274290084054229e+00 -3.181414059405451855e+00 -8.782378958342217601e+00 4.602691080540904700e+00 2.167963727187867562e+00 -1.360270417380072239e+01 -1.168119670611693861e+00 -1.836714607063061067e+01 -1.909288479935891658e+01 5.172408627648419497e+03
-5.965990134007319057e+01 2.678042807282642102e+01 9.240788786501726193e+00 2.077556254152610293e+01 -3.512657145762370092e+00 -4.283500034233503229e+00 2.060644321188694672e+00 1.454370053879145530e+01 9.650799261795681261e+00 -2.583173308861068307e+01 -6.385801203615708133e+00 -2.209063741850648555e+01 -2.881345613659517113e+01 7.159370278988351856e+03
-5.930747842058725894e+01 2.309171204532032817e+01 5.699207255298802011e+00 1.742454487135912444e+01 -1.120426920825025263e+00 -4.335485663555975755e+00 -4.494039634164356478e+00 5.920343154910990613e+00 -2.339360332661501118e+00 -1.611098137144208664e+01 5.779286989921622597e-01 -1.792679230237367705e+01 -2.090116576360523482e+01 5.485597478462674189e+03
-6.155513306289397235e+01 2.519683948946408591e+01 8.139910578930360074e+00 2.795950666226051595e+01 -1.253052993661404102e+01 8.397634733727118217e+00 -2.738856876693181164e+01 2.028223903671893780e+01 1.249231901005645566e-02 -1.091279566884770524e+01 9.751292369888760803e+00 -3.292133068208350721e+01 -1.831338926080125873e+01 8.294315861083241543e+03
-6.350542698427086918e+01 2.356418020453464024e+01 -2.953807783298139089e+00 1.741720983069032869e+01 -5.447371290511900277e+00 1.048264614245757453e+00 -2.487884671672909676e+01 1.754092700894675616e+01 -8.905417099126559322e+00 3.938123239494776495e+00 3.760194956839766789e+00 -2.863787102472599599e+01 -1.178516276527594187e+01 6.925679923544376834e+03
-6.542471145541145461e+01 2.073486658754825740e+01 -6.310994969153183476e+00 2.143759956476181827e+01 -5.065230635626421396e+00 -7.686724218222200200e+00 -2.963586153585540828e+01 3.580931178649943813e+00 -2.651738204271341104e+01 -2.382769913282341179e+01 1.463771302604570579e+01 -3.364471821571237342e+01 -4.358074881683337232e+00 8.821729861190227894e+03
-6.697563019912135474e+01 1.792558102317778435e+01 -6.663476396741335073e+00 2.038465690392350282e+01 4.086716594781839795e+00 -1.390190479213321773e+01 -1.189210805611695854e+01 -1.044704830606044244e+00 -2.419115859441660987e+01 -1.962803879377522520e+01 3.755141282222820731e+00 -1.843656080133174058e+01 -1.307893181102232383e+01 7.115013880523817534e+03
-6.590624115605454847e+01 1.018811980391177485e+01 -6.006125422817881976e+00 2.618260059444999754e+01 3.043463312548993382e+00 2.196574159998552034e+01 -3.153603488050721637e+01 1.314000892792258668e+01 -3.703582736784665741e+01 -2.602483006487692307e+01 1.413655200302311243e+01 -3.920292409864207173e+01 -3.799918288418226986e+00 1.062806535666799391e+04
-5.993837101174522530e+01 1.108969758771329417e+01 3.470969774406763353e+00 7.518834918422211189e+00 -7.654542246914425974e+00 2.110015171103432507e+00 -3.563057357488249721e+01 1.134105039136246340e+01 -3.122850188296939677e+01 -2.146937635388172794e+01 5.895617181191831868e+00 -9.902488492200763659e+00 -5.802476217354417543e+00 6.848011361538042365e+03
-4.732413772111007688e+01 2.363036391984358175e+01 2.009560508985224619e-02 8.643260989170226338e+00 -1.325430664048220208e+01 3.391729014460018021e+01 -3.962485012984560484e+01 1.210769179566868026e+01 -3.615191961428998013e+01 -5.025175795006482105e+01 -3.035659385766937390e+00 2.759326518027391728e+01 -2.817023467834331552e+00 1.052619823939927664e+04
-4.199960847002159170e+01 1.859036799718397148e+01 -3.660393552950332197e+00 -9.196436805049092555e+00 1.154910730368208016e+00 2.679934465546239153e+01 -5.064844441661418983e+01 -1.086212475773006503e+00 -3.237189742751811394e+01 -4.841993596771987995e+01 -6.873763633476257517e+00 2.728519934807205516e+01 4.128553012839224046e+00 9.694730919008938145e+03
-4.030221255595574803e+01 1.796242619724951695e+01 -3.394769946064529531e+00 -3.058418485483300753e+00 -1.067165019388411551e+01 2.578638658879041756e+01 -4.481466546596345779e+01 3.772444526584816771e+00 -4.299224593408106188e+01 -3.839623994232028537e+01 1.146386606377373951e+01 1.709429997457194972e+01 -4.363982176530505797e+00 8.534487017466288307e+03
-4.237654870021354725e+01 2.290996316435910174e+01 -2.502264950761864615e+00 -1.318662975174740737e+01 -4.432726147781138160e+00 4.383379131121404271e+01 -6.151338286620647722e+01 -2.167583694955268037e+00 -3.030992523502323621e+01 -3.661370500507963754e+01 1.758082553481574806e+01 2.223182274230822486e+01 -1.254273068445130868e+00 1.129459937037573036e+04
-4.161639843021146135e+01 1.986495272195277195e+01 -4.137428147473046991e+00 -5.579061551178484457e+00 4.251662136257108315e+00 3.022047539259346394e+01 -5.926895842634969114e+01 2.078168956031802850e+00 -3.571186636007091408e+01 -3.079353963090505530e+01 2.460650077316238438e+01 3.415077885487008302e+01 8.045541374548466962e+00 1.068333298206741711e+04
-4.043369409622319210e+01 2.064287189503455267e+01 -7.089445725851898139e+00 1.662946428126601983e+00 -9.641303824168836911e+00 2.608739757657421166e+01 -4.841048313256377611e+01 7.528579682291586472e+00 -2.967706340732045689e+01 -2.100559034273945613e+01 1.294460580130818705e+01 2.089186614936150121e+01 1.488445265076058455e+00 7.216010128763752618e+03
-4.292240508981544167e+01 2.060375715883808923e+01 -3.450042903795234039e+00 -6.086964468968608877e+00 -4.440395302643677766e+00 1.760887277726931188e+01 -4.287512287885049034e+01 3.066696631270820372e+00 -1.760776921539395090e+01 -3.988729254711143568e+01 1.108630388557323343e+01 1.846668180500843803e+00 2.377969416633801902e+00 6.526272600513696489e+03
-5.038984956804183213e+01 2.073304121410189538e+01 8.676026944776724648e+00 4.854691722921366193e+00 -1.527816059853296693e+01 2.418462013968860091e+01 -4.667246199176523902e+01 5.346110311584204577e-01 -3.251173108036199011e+01 -4.940904337865916318e+01 1.594466703923846218e+01 -1.542924227702859952e+01 1.320910705981832933e+01 1.022980063163879458e+04
-5.444878483805508296e+01 1.586140623629254698e+01 -1.178970576515318419e-01 4.824389062113097815e+00 -1.527985807763925052e+01 2.753891503209369418e+01 -3.728524279366389038e+01 1.758564886026802609e+00 -3.612306915635261362e+01 -5.073729142023917404e+01 2.478395333113814303e+01 -1.075502503952095879e+01 6.977973068224874176e+00 1.028244667272939841e+04
-5.228244139360671028e+01 2.492757231486782388e+01 -1.277127907172567189e+00 1.738904181764548440e+01 -3.399752162167554559e+01 4.041299216981549591e+01 -4.009984166341625667e+01 -5.242777564371736254e+00 -4.648406750848367608e+01 -5.101756621356523880e+01 1.752249120116672998e+01 -1.117618997418288451e+01 1.165549247034861224e+01 1.341472882061951350e+04
-5.129643894714125452e+01 2.235258130720303527e+01 1.328542407565325378e+00 4.911971719169814676e+00 -2.745670221691739599e+01 3.092859107989773193e+01 -2.813497835599626029e+01 -2.092556741843366552e+01 -2.622718802683804995e+01 -5.654976969548508947e+01 3.381146282563641847e+01 -1.724560799795597887e+01 -7.137111994437488782e+00 1.147406587820055393e+04
-4.737530609029582251e+01 1.952504775754353261e+01 -8.860269762345387434e-01 -1.110253108172806336e+01 -2.024519898036696475e+01 3.431632578049156024e+01 -4.232946566839662239e+01 -3.542348257056866601e+01 -4.175245378484701320e+01 -3.582407393503140725e+01 3.748766685151415601e+01 -2.164858450655808753e+01 -1.172366559767829486e+01 1.242184581784602960e+04
-4.754947180632015602e+01 3.133671234780532444e+01 -1.777403856124170645e+01 -6.547001945339983919e+00 -1.805083360022875638e+01 5.453648916984479911e+01 -5.945519442130582632e+01 -2.928928615684336023e+01 -3.626266133357682264e+01 -3.240376704722068979e+01 5.282604784694942168e+01 -2.166791621468388485e+01 2.304809338900701388e+00 1.692495195911407063e+04
-4.330929363260494824e+01 2.265517750716811207e+01 -1.277585850911316889e+01 -1.196259398102710314e+01 -7.003080674593602062e+00 5.431773973124584387e+01 -6.399828686587884619e+01 -2.446856268105887366e+01 -3.535931775025095902e+01 -9.732082788957969299e+00 5.597687050501252770e+01 -8.529747498935009276e+00 3.628915057757054363e+00 1.495355990372802262e+04
-4.113187167703429026e+01 2.185100064810127307e+01 -1.258755505615214787e+01 -1.317267543320915735e+01 -2.652406289363619329e+00 5.466638998571902874e+01 -6.896805439567370399e+01 -1.655714133131807841e+01 -2.439566905798874430e+01 -3.195411697946408225e+00 4.220509630275608970e+01 3.696063076443095952e+00 -2.949172628894572767e+00 1.293643190681536362e+04
-4.002563658893261334e+01 2.108603365619054060e+01 -2.324674403159503910e+01 -1.389910249803395281e+01 -1.151825356542431145e+01 4.532769617708192555e+01 -7.754149243016931337e+01 2.403320944600033371e-01 -3.178058417979176298e+01 -5.645771902153926547e+00 1.852813523859375877e+01 5.390216625429838260e+00 -1.688296678662398875e+01 1.267954064114045468e+04
-3.862022800618916563e+01 2.036633175446786126e+01 -1.803525699085191292e+01 -1.289824103078230522e+01 -5.208296759189956937e+00 3.852578780033622508e+01 -6.199739180837966757e+01 -3.834863326565672192e+00 -3.126049894213315028e+01 1.594468927059423002e+00 2.566835556371222893e+01 -1.521669680218497467e+00 -1.150356039369200190e+01 9.540963028303454848e+03
-3.726977908321920552e+01 1.238835611341152543e+01 -1.142552195713930807e+01 -1.653619584178325042e+01 -1.738280820520221148e+00 2.106937516868654114e+01 -5.125380935450846209e+01 -2.704185887262406141e+01 -4.060796025363462292e+01 -1.620551839078344969e+01 1.072079092212456786e+01 2.863770062722791554e+00 -1.305105612158723005e+01 7.956743284992280678e+03
-3.990747635320222031e+01 1.494544502106763595e+01 -1.714455389144447039e+01 -1.223412856758228351e+01 -5.298568899906173968e+00 1.767726282004086258e+01 -4.958472290672409599e+01 -2.647463503201579371e+01 -3.626007151584430233e+01 -3.437156429330017460e+01 1.708561677927663558e+00 -1.017918079191979785e+01 -1.185837230773064377e+01 8.503047241408061382e+03
-4.364956575307087405e+01 1.703109226808070531e+01 -9.986232324406875804e+00 -9.104844900392002671e+00 -5.924614425010269469e-01 1.831333544144824543e+01 -2.507818798323123133e+01 -2.501082637829256328e+01 -2.889103320088592497e+01 -2.852191726003892569e+01 6.844272892680975939e-01 -1.277207114490463269e+01 -4.621557429166932351e+00 5.801296543891080546e+03
-5.025113339721184502e+01 2.336025216943043503e+01 -1.852823137436486789e+01 -5.638271598393453932e-01 1.163481553244163180e+01 3.476064042636607354e+01 -4.061338128954980675e+01 -4.908059779704160519e+01 -4.027520301451099272e+01 -3.567840589301582810e+01 3.819913094551597332e+00 -2.884178803564994098e+01 -1.943045935956391901e+01 1.293553777225612248e+04
-5.013950103672733860e+01 2.476622031346694186e+01 -1.428213993442133045e+01 1.021711480506963587e+00 8.299506917249559024e+00 2.528180074364570373e+01 -2.863498538182584596e+01 -5.021887419958124354e+01 -3.539729598267575739e+01 -2.891450248067069140e+01 -6.343426338676928289e+00 -2.594593871735471780e+01 -1.522875972021412316e+01 1.041667055872940909e+04
-5.486455093115128534e+01 3.393166975836360422e+01 -2.152495768860756442e+01 1.761130359882415775e+01 6.432597364022672792e+00 3.029550734592825378e+01 -4.467068221056899091e+01 -5.218319695475312159e+01 -2.521926124720376095e+01 -2.969766771024112728e+01 1.562023909778594977e+01 -2.869258023051033035e+01 -1.355289325348129026e+01 1.338161049776400978e+04
-5.401450859512450364e+01 2.710593880225439989e+01 -1.231226613330929354e+01 5.508639503175504437e+00 1.764718359126278813e+01 2.400542652334629423e+01 -4.971994383798586625e+01 -5.583214360186336478e+01 -3.947761128956492627e+01 -3.110148647830903101e+01 9.476911923677806548e-01 -2.702202097882201315e+01 -1.059266348983386052e+01 1.368029723981606548e+04
-5.004552262028042264e+01 2.264768297289408139e+01 -3.385820127254906886e+00 2.375451060994202557e+00 1.321180428849065613e+01 7.020611072078413173e+00 -3.166478780960906647e+01 -4.094550637362758749e+01 -2.397812273914456327e+01 -3.656245801657740824e+00 4.924602207614091398e+00 -1.490630716457648575e+01 -5.635348866443314897e+00 6.804137816148219827e+03
-4.554198131913924641e+01 2.309658056042103169e+01 -6.917562902279878578e+00 -9.216423452809959116e+00 1.584232326571836103e+00 1.496572339503963356e+01 -1.961703185215878165e+01 -1.441424378450942001e+01 -2.306847443073699466e+01 -2.114594633729253204e+01 5.341061034666521934e+00 -8.612897902716557752e+00 4.310118061615323626e+00 4.659991885219561482e+03
-4.225036182134225271e+01 2.315028859879083001e+01 -1.051766270462940156e+01 -1.781398262260064413e+01 -1.659111814285573772e+01 1.902584188190135350e+01 -3.279631360447882571e+01 -2.191528365086955077e+01 -1.521655014203214407e+01 -1.827826327203468537e+01 3.501718203176574207e+01 -5.857885368253583636e+00 1.429198444345946761e+01 6.972530830207305371e+03
-4.074947296107735184e+01 2.538673468197488958e+01 -9.837432063764905976e+00 -2.209572735577662428e+01 -2.756958358801678699e+01 1.595262782833269455e+01 -2.766682738109427220e+01 -1.836878671274467933e+01 -3.581510543800462631e+00 -9.375805274185511351e+00 2.398952843906362276e+01 -1.361385860714080209e+01 9.863663263251972069e+00 5.966295434077568643e+03
-4.109703924771930161e+01 2.850559862398722188e+01 -1.027185642992401249e+01 -1.702296177954145051e+01 -2.740291575851438921e+01 1.884109598188079460e+01 -1.345314654292545953e+01 6.736974962393210697e-01 -2.164975244052822934e+00 -1.112154169878825538e+00 3.450424055870669093e+01 -1.985971766712730968e+01 1.032634212580483890e+01 5.881684108948911671e+03
-3.701997944183220568e+01 1.643167492286614362e+01 -8.734632958301213890e+00 -2.146329444065589342e+01 -2.231369423595780077e+01 9.411219058567692031e+00 -2.361363453257153111e+01 -1.047491726266030909e+01 -1.463445912850580655e+01 -9.719865774400094693e+00 1.973491322695994299e+01 -1.324199515307556396e+01 4.859326568876465302e+00 4.328318736997522137e+03
-4.415054769994001305e+01 2.773654577842690117e+01 -8.687725347160712985e+00 -2.442810375242326870e+01 -4.775114855786532075e+01 4.762100414562041095e+01 -4.377956772323254597e+01 2.748466246596885654e+01 -4.144765632223732865e+01 1.569666700582078178e+01 2.336016318662368008e+01 -2.318136304884729171e+01 4.128924366223776232e-01 1.365832197067446032e+04
-4.284640145702272918e+01 2.654038295798001101e+01 -4.033829904487260087e+00 -3.173044387916516129e+01 -3.435644668718873618e+01 2.393677038800451129e+01 -3.468421125994724719e+01 2.082479658658245469e+01 -3.822334637271991653e+01 5.443643917070116522e+00 6.957951562095106013e+00 -1.952913115863029958e+01 -4.050805260605307545e+00 8.890166511050227200e+03
-4.540752861503879245e+01 2.875795289176046410e+01 -1.193037320649370514e+01 -3.019464969680155164e+01 -3.945230666516795281e+01 2.840929798669582951e+01 -4.072721446663889822e+01 3.143056216998900609e+01 -4.268685140916960563e+01 6.111059165996064024e+00 -6.411795438217528620e+00 -2.081555405523855740e+01 -1.080987810999416077e+01 1.140383733792140629e+04
-4.521110312219215643e+01 1.716122656740270003e+01 -2.207405269333047482e+00 -3.507287526305027114e+01 -3.134472107612823777e+01 2.196622345915143271e+01 -7.096606545857774506e+00 2.707957076008155539e+01 -1.281666532351385079e+01 -4.048742525311346818e-01 1.905116924436379477e+01 -1.139015523076582603e+00 -3.192830852871051839e+00 6.361071657447985672e+03
-4.634965022229177123e+01 2.839513725152999157e+01 -1.211181051886511462e+01 -2.192711566567295023e+01 -4.337720040638415497e+01 3.225709765661081008e+01 -1.813617074164461584e+01 1.590730258037902978e+01 -9.744588872042397654e+00 -2.952816831091644190e+01 1.455101700325645453e+01 -2.439393772778615244e+01 5.850785935786835701e+00 8.894030805445780061e+03
-4.383181837295965266e+01 2.229750793368585704e+01 -5.489027842521124079e+00 -2.501695448090196550e+01 -2.477995042290342198e+01 1.044632000611986555e+01 -3.486708614556437436e+00 7.831228172922029884e+00 -1.117084566920677702e+01 -1.319952121206363671e+01 1.436406036698601163e+01 -1.431023631477696156e+01 -1.283951603137949427e+00 4.582814194902735835e+03
-4.611042825093237241e+01 2.481725494011666555e+01 -1.894827443525347821e+00 -2.945999786903080420e+01 -1.660118522207600478e+01 1.435929098720020747e+01 1.785438826489421371e-01 2.177096086225310501e+01 -9.279306215735624974e+00 -7.136435815070511168e+00 1.362416652430997566e+01 -1.420668008055093523e+01 8.967519658405501914e+00 5.174243106152867767e+03
-4.909760118710678967e+01 3.578976075353485697e+01 -6.113070691441640392e+00 -2.977097896274910838e+01 -3.559410707359714365e+01 3.233549132218934119e+01 -1.729253967059116093e+01 2.665871721231312819e+01 -2.366735648536015901e+01 -2.199247883392867564e+01 3.290692141281382987e+01 -3.171513500589358614e+01 1.170914224773005152e+01 1.120703799363625512e+04
-4.768110064286403116e+01 2.966935085232372771e+01 -6.873896736931323304e+00 -2.918723073588692074e+01 -2.754423127374474234e+01 3.081338273710976594e+01 -2.827229865481690751e+01 2.041162484112692255e+01 -3.536119999834355809e+01 -1.835163643104378650e+01 2.052613281102658505e+01 -4.112244842600163963e+01 1.790621802520720962e+01 1.099721672665172082e+04
-4.365339155456520359e+01 2.035613860392192009e+01 -8.020010732985594970e+00 -1.843488253151686607e+01 -1.518772950706865466e+01 3.141663958607262686e+01 -1.023913477453266196e+01 1.619331711547732766e+01 -1.813385017448991121e+01 -9.900995040840177452e+00 1.825455619829905629e+01 -1.149253799725373071e+01 2.665351354928919747e+01 5.911475470867731019e+03
-4.776313850505102465e+01 3.157695676107248062e+01 -9.379798679691962349e+00 -2.271976373554596762e+01 -3.296953061606022573e+01 5.049766768364031577e+01 -2.817878395022493976e+01 1.597719247633852291e+01 -2.652420955671921377e+01 -1.246321298870791061e+01 2.828957536480120538e+01 -3.110922724812620288e+01 1.941264319350904088e+01 1.157270900114950746e+04
-4.863390066212048168e+01 3.252820721941470339e+01 -1.359062946482879752e+01 -1.056395942178724923e+01 -4.298855772323875613e+01 5.236003462094377880e+01 -3.038250767995406321e+01 5.195428188641521672e+00 -2.072728763376566263e+01 -3.756242288031182142e+01 3.956342318802684588e+01 -3.365167903657540904e+01 9.124869029118494623e+00 1.388084083048046523e+04
-5.066316993372649335e+01 3.142149412263363573e+01 -3.977964926227166576e+00 -1.117865433644922213e+01 -2.795687756396725021e+01 4.230381210383353618e+01 -2.259302814009865656e+01 1.935662042247071568e+01 -1.107761752471132155e+01 -3.136341825651329529e+01 3.365374887950343918e+01 -1.304368180533835542e+01 3.369708543125816025e+00 9.571621793828455338e+03
-5.518987347487574624e+01 3.251608545461593280e+01 -5.802724045824505517e+00 -7.106746869784297260e-01 -1.968561299874865611e+01 2.699438510158145021e+01 1.826370912255022294e-02 -7.376872273576416283e+00 -2.508963303590156357e+01 -4.380676566412667228e+01 1.028263847878515058e+01 -1.745199272929023238e+01 -1.026904481687549886e+00 8.267915017531109697e+03
-5.772055668091145009e+01 3.975364614091563453e+01 -5.700109182340860059e+00 -3.188574509201663743e-01 -2.117524412742925932e+01 2.715225200714327514e+01 1.317495015780454182e+01 1.215294587412045679e+01 -2.514687189895553843e+01 -4.646571358477816460e+01 8.726307044953024672e+00 -1.898533458448910594e+01 6.176037686401619098e+00 9.717679628488407616e+03
-5.580970457412772134e+01 3.397461459555121621e+01 4.483837418941086561e+00 -6.204924774952852218e+00 -9.357306844433315618e+00 3.890243564804060306e+00 1.432018470043480463e+01 4.706307153556765321e+00 -1.486106775913281908e+01 -2.352431207284097425e+01 -7.691159090614093641e-01 9.735530811617795877e+00 8.835738681914797610e+00 5.605200625245102856e+03
-6.030817614144822869e+01 4.246336761310820407e+01 -7.291284958730084753e+00 8.903315410034476907e-01 -9.059638087844700038e+00 8.882694542310744623e+00 1.766628789348131434e+01 5.125103499864730239e+00 -2.761725841412024707e+01 -5.304300690478870450e+01 -8.092703976034895774e+00 -1.351645099725684496e+01 -7.297704468351689400e+00 9.871229283116766965e+03
-5.428696672096138798e+01 3.018269945757507600e+01 1.753463470807312907e+00 -4.750803114921169801e+00 -7.721253506471644101e+00 7.387311662027970627e+00 -1.155280929769243770e+01 -3.659221334137900516e+00 -1.757661130776963176e+01 -3.857339397749247922e+01 -4.830918732778397562e+00 -2.220755405121168735e+01 -9.657971593957245915e+00 6.551395935490617376e+03
-5.345408183595053941e+01 3.233532478603527238e+01 -1.286351151866373854e+01 1.326397685166311824e+01 -1.942486048768234497e+01 2.936076933850149828e+01 -2.359601511898416248e+01 1.888891342395452533e+00 2.548150603720333862e+00 -3.434966429403552013e+01 1.411167530350096477e+01 -2.120200808370709922e+01 1.091418857123342612e+01 7.998211473002094863e+03
-5.131890673784359080e+01 2.481848707935444764e+01 -2.572559961517779215e+00 5.614080480323598854e-01 -7.127453055598177434e-01 3.581496934861815618e+01 -3.215173383453421252e+01 -4.238306425783711973e+00 1.532725493525090465e+00 -4.092479400917252974e+01 1.623254607394250648e+00 -3.464185864171997764e+01 -2.151684295966469040e+00 8.475949081780749111e+03
-4.952606368137035986e+01 1.848224677242723502e+01 -3.526027025923024749e-01 4.244744359488786145e+00 3.224465757368054852e+00 2.794101239505645395e+01 -3.565734699018481280e+01 -1.815877208969281753e+01 -1.088302551335974755e+01 -2.597602011621290075e+01 5.295300716499889759e+00 -2.707106110415020339e+01 -1.842438270936121170e-01 6.758961734309278654e+03
-5.497917483893274238e+01 3.145947867280570165e+01 -5.164240955351634632e+00 1.387382822350937239e+01 -1.598365328910055361e+01 3.692649178951054267e+01 -3.830314057240447312e+01 -2.992671196961392277e-01 -1.085099512377995978e+01 -1.310556137141969302e+01 2.956588309398195236e+01 -3.006675757299293039e+01 1.245441607089792413e+01 9.540587733203823518e+03
-5.866915694066737785e+01 3.162371138808694582e+01 -9.406549354179684075e-01 2.039043678470874710e+01 -7.961400992931046972e+00 2.864477210104365668e+01 -3.914436354196926970e+01 -1.108485267883049730e+01 -1.632480588170704294e+01 -2.438495978358318794e+01 1.458246239791329479e+01 -3.444954327227982560e+01 3.195161183532648774e+00 9.668599719538988211e+03
-5.958494147405865249e+01 2.975218192471081480e+01 3.500390143244954455e+00 1.602688123066103998e+01 2.575263938353914650e+00 3.358375366085141867e+00 -1.465406502584375126e+01 -7.332954141851058871e+00 -1.079765958906772738e+01 -2.412232599954772638e+01 3.649671524310726500e+00 -1.998922868689746934e+01 -9.683623441474162874e+00 6.196233733483147262e+03
-5.560709315878401071e+01 2.441731266736325878e+01 9.121611319197029388e+00 7.209521612519911749e+00 8.246900897919212658e-01 -4.866351237016757203e+00 -3.809415626029111657e+00 -6.889383141080203110e+00 -1.154700211143927824e+01 -9.660681663422638010e+00 1.253513654733291183e-01 -4.245579723910924308e+00 -8.611774747595893231e+00 4.228737050411820746e+03
-6.169155446215305005e+01 2.950410816272717085e+01 8.172233507953349019e+00 1.949261937208261486e+01 1.189509495325565602e+01 -7.856925999992696141e+00 -8.638273148399230550e+00 -1.626768220227332407e+01 -2.455712617080613569e+01 -1.823319582013800755e+01 -6.212811790197190209e-01 -1.075109024541569447e+01 -2.049437480529807942e+01 7.137062924277854108e+03
-6.400608638412326457e+01 3.748696557061470003e+01 2.146594003737479550e+00 2.956272519508877039e+01 5.486205446416684062e+00 -1.316177654178667744e+01 -6.112038982217407934e+00 -1.341250503412216588e+01 -1.625675037664183620e+01 -2.476327259279678117e+01 7.862694276235090207e+00 -1.097343249624493922e+01 -1.799813893149965338e+01 8.184870181770588715e+03
-5.413341566077281186e+01 2.213964918371752333e+01 7.852637750122415383e+00 1.000934174628656237e+01 2.603874538501964153e+00 -9.560683282673174688e+00 -6.668641229723387021e+00 -4.504704768157894001e+00 -1.161566640789411586e+01 -1.153130084130362043e+01 -2.512533617799163288e+00 -3.907081773215854703e+00 -5.484110665207791335e+00 4.064939755395107568e+03
-6.090748411732731427e+01 3.023468424359417028e+01 7.629131567463156571e+00 1.371884423209092496e+01 7.195958235206491693e+00 -3.492231884387529739e+00 -9.534584848436209015e+00 -8.550081564969090664e+00 -1.535315491973199720e+01 -2.847704288410083606e+01 -1.218742331378060761e+01 -1.714451323441196706e+01 -1.646362275032620914e+01 6.858437622358657791e+03
-6.130007890716078833e+01 3.441040722222545156e+01 3.248570606042543218e+00 1.891220641255802803e+01 7.252481242136589401e+00 -1.887604916821686851e+00 -1.067157233475293943e+01 -1.009195519543344410e+01 -8.620120137361972468e+00 -2.977095331514367160e+01 -5.261410968582723058e+00 -1.806611660768117389e+01 -1.495758483412922146e+01 7.120304605057068329e+03
-5.154687698157270859e+01 2.022063274341641659e+01 7.460483042757227068e+00 6.003005422247653655e+00 1.407026510845801992e+00 -8.389634551353085001e+00 -9.758413130058546159e+00 -2.230491502193446163e+00 -6.156921137857485959e+00 -7.764314249934766821e+00 -8.096536692364407983e+00 -8.721428228980780517e+00 -8.595498990243114479e-01 3.570765103556569102e+03
-5.270858545666713013e+01 2.847958117414233570e+01 6.965786573230690060e+00 -1.094860189323224375e+00 -3.197408294617494917e+01 3.214313634397634623e+00 -2.653442696281495827e+01 1.753825732750024713e+01 -6.150848246424247989e+00 -2.238657593080574415e+01 1.954490294919188242e+00 -2.750029697818602514e+01 9.143589599438337601e+00 7.066025815855627116e+03
-5.287084625642034297e+01 3.301039393500855113e+01 -6.689983451711203344e-01 -1.269322808514608703e+01 -3.503357916836976216e+01 1.189875394702117184e+01 -2.441390837036624006e+01 2.325483076613284794e+01 -2.026522244248571880e+01 -2.925872070239115175e+01 9.103367390169735174e+00 -3.954572062143304123e+01 4.064045697936345292e+00 9.482339942865884950e+03
-4.922413440369422943e+01 2.494714589231169910e+01 -1.909548707585179805e+00 -1.578894572833166521e+01 -2.078957866133808352e+01 6.633677737014778586e+00 4.422154159798946438e+00 8.498671723784203991e+00 -1.358610346617953546e+01 -1.897195540038058326e+01 7.283237053772663394e+00 -1.178631541075393940e+01 1.768595252114082195e+00 4.605915810377076014e+03
-5.187954007827224956e+01 3.489623583354750735e+01 -7.517753555509873564e+00 -1.962464540048772577e+01 -3.101986502019854441e+01 2.870842537506513636e+01 -1.991002367323051203e+01 3.498791719679891798e+01 -4.156297203980375343e+01 -1.645041220714346153e+01 7.888668982110325523e+00 -2.162309322627729102e+01 5.327592184629360794e+00 1.031411558955932014e+04
-5.082879193889652925e+01 2.631657180015621478e+01 2.130093620147107014e+00 -2.687808483821254057e+01 -3.009187113730180485e+01 2.244358416187528604e+01 -7.656156586223244354e+00 2.400218514195506714e+01 -3.617739815570755724e+01 -1.295808024065630804e+01 5.857486429786355586e+00 -2.187002099200752525e+01 6.766457891454392026e+00 8.082162487220453841e+03
-4.629622298383267065e+01 1.606074429842263385e+01 -9.387325711464679756e+00 -1.644099994241111418e+01 -1.117225722497305362e+01 6.695820339452466463e+00 6.736883821413232276e+00 4.313071178459139787e+00 -1.039294117437510856e+01 -1.038698867329857833e+01 9.404438094954351013e-02 -8.184880317368019575e+00 -3.944763074002004988e+00 3.291822687058912379e+03
-5.264379379805348691e+01 2.692246053914613668e+01 2.600098748518524516e+00 -2.177520207900766280e+01 -2.842722786879951613e+01 1.930260508494922078e+01 -3.061197582080118273e+00 1.342189670813562863e+01 -2.706607593679350998e+01 -1.558102694869146632e+01 1.171135025921308070e+01 -1.994433629628345983e+01 -3.332017437192343667e+00 6.868699418055173737e+03
-5.435422200554042860e+01 2.882427951983389036e+01 5.132181407710495469e-01 -1.966669683445277883e+01 -2.466081073549004898e+01 6.214145494635906708e+00 -9.913751044681898605e+00 1.243985717993232853e+01 -2.939706420255571828e+01 -2.673097280031949907e+01 8.497168727339857952e+00 -2.631769510321871408e+01 -4.220837348423638780e+00 7.433437304125909577e+03
-5.687957866082823699e+01 2.571884289581852201e+01 6.155881963077647789e+00 -5.118229882111951845e+00 -2.055193311821050628e+01 7.663196972289696873e+00 -1.219430112214004858e+01 1.644567632808881896e+01 -1.891076372834085362e+01 -2.549338471527615724e+01 1.024271818581436833e+01 -1.458505684173021066e+01 -4.646502543388620232e+00 6.207861094706262520e+03
-5.974727886532755150e+01 2.443431118850527994e+01 1.356762035172836278e-01 -6.030168483872463625e+00 -2.048754451574323099e+01 5.544068830135389092e+00 -2.202047693625328506e+01 1.507310927377742615e+01 -3.657698129358720962e+01 -2.447549194947491813e+01 -9.417198114244579088e+00 -3.495145020655814250e+01 1.663267920122235788e+00 8.615709660959948451e+03
-6.220919246350871390e+01 1.826628908239367988e+01 -5.772916694154704764e+00 -5.633727835515220939e+00 -1.283862977891603130e+01 5.019807496827977999e+00 -2.452591466519476349e+00 2.285487492379206387e+01 -2.157577983554782008e+01 -2.219647193192415813e+01 -1.180526160438653527e+01 -2.830468013404560068e+01 -2.424608204868611949e+00 6.891691280597340665e+03
-6.664441722748981078e+01 2.213704381555918133e+01 -6.487389252986602628e+00 5.125423782203263556e+00 -1.439453597838589261e+01 5.685570444487593633e+00 -1.734854317997191586e+00 3.418630631197569159e+01 -2.263737163110251061e+01 -3.623644656913668882e+01 -1.912865283386507542e+01 -4.249635733110192604e+01 -1.552666475765660747e+00 1.041091205398259262e+04
-6.823111625414500736e+01 2.318446073846931199e+01 -4.862942134749261847e+00 8.424353935109092362e+00 3.165993355321532476e+00 8.473064510718634201e-01 8.675763292715290120e+00 1.595738372325348031e+01 -1.080366765384994032e+01 -8.942152870792092756e+00 -3.044860668036891149e-01 -1.161177965227210507e+01 -7.296357690850180377e-01 5.960410636153319501e+03
-7.244982299558436978e+01 2.278089845573810024e+01 -1.984768623782416697e+01 7.498763924958029570e+00 7.026203515124850973e+00 -1.191725573989598708e+01 3.340147308223445322e+01 -4.301153595141417263e+00 3.352322420860217367e+00 -1.615260995313633430e+01 -1.332479053827577786e+01 -4.949416754705849186e+00 -2.101267295889307007e+01 8.459379210347435219e+03
-7.322666603467746427e+01 1.273674219099934213e+01 -2.144991832218688899e+01 2.995111971979021348e+00 -1.801991454199751430e-01 2.399433024429856509e+00 2.073636430744496195e+01 1.991942418882257115e+01 -8.300028141985796637e+00 -1.390305435761810315e+01 -1.304531703892169681e+01 -2.548097891667376658e+01 -1.616316657875716700e+01 8.168902851902658767e+03
-7.197266831159186040e+01 1.112750994440881236e+01 -1.776826748382952559e+01 4.194236457909734206e+00 -5.232482260445325828e-01 4.667182498340475050e+00 1.169104622233253110e+01 1.840294479677352157e+01 -4.066025845716296772e+00 -3.185386263968833287e+00 -4.321354631378104827e+00 -1.247600883035466701e+01 -1.126119551770916516e+01 6.462413408941800299e+03
-7.394242168395626891e+01 9.628376550950887847e+00 -2.215926926942863773e+01 2.398712461846098876e+00 2.909537677012237200e+00 -3.762075475325638241e+00 1.399395002522610376e+01 1.167943782424332966e+01 -1.754459323621402334e+01 -1.810033514188459591e+01 -1.650048443356466521e+01 -2.046477510953605972e+01 -3.024741379006466957e+01 8.653246853985798225e+03
-7.420397629571452569e+01 1.503504659618712402e+01 -2.006410779714362036e+01 1.171017787640577090e+01 9.507113465822786935e+00 -5.244759010627865869e+00 2.422571203132266859e+01 -3.538124701655254167e+00 -7.223460497686135184e+00 -7.378070913042584777e-01 3.134118123595819760e+00 -4.761528849544532704e+00 -2.255773988060993318e+01 7.583344787982136950e+03
