-8.211439237593523899e+01 -5.948435651904126154e+00 -4.522053016986872898e+00 -6.003060247521548654e+00 -6.955475836646165533e+00 2.457870086040592761e-01 8.394174267822423374e+00 1.423523724914376132e+01 1.274752717570219573e+00 -1.269247602162677602e+01 -4.152775625962567552e-01 1.741999760932877894e+00 9.698959021551662119e+00 7.416186981116805327e+03
-8.516034600854119674e+01 -1.762641609179749214e+00 -2.693161543598024288e+00 -1.052337608500268296e+01 -1.943336279236985220e+01 1.129635938091728065e+01 1.977434469481616219e-01 5.469049148552624473e+00 -7.372996748682031587e+00 -3.016634645113473212e+01 4.862509575516276161e-01 -6.308570122820660764e+00 1.587032480307330129e+00 8.915521635153769239e+03
-8.519775325741591132e+01 -9.583498058555399712e-01 -8.580706958506759463e+00 -1.250613081133844773e+01 -1.695846810899459101e+01 3.949840525775494271e+00 7.390402950412600980e+00 9.944787599733444949e+00 4.306912419001775127e+00 -1.141678026518874134e+01 7.804393495761546617e+00 5.164677388257187474e+00 1.037824794895968417e+01 8.290498018256206706e+03
-8.566322663907844515e+01 -3.424319318564680970e+00 -7.774169693905302658e+00 -1.281018390605992785e+01 -1.824151666059279719e+01 6.031863101498847968e+00 -4.309868385911914679e+00 7.480838149404128501e+00 -4.536828543415031056e+00 -2.194927158574142467e+01 4.355503722694459116e-03 -3.227497080343602942e+00 1.087580186259517134e+01 8.649180253531147173e+03
-8.519580933478646045e+01 -6.244966724803504121e+00 -8.797754443576911498e+00 -6.400245955407678267e+00 -1.905176608303205654e+01 2.382177934985778567e+00 -3.783061053396403750e+00 1.828544355041792357e+01 4.554829649227746913e+00 -1.584130440175950305e+01 2.894054321852409295e+00 -8.537790506997389173e+00 3.299752690581857273e+00 8.496853911769027036e+03
-8.689879511108253496e+01 -8.996067626760460456e+00 -1.415629564964818243e+01 -2.094433803928934168e+01 -2.601821119610741917e+01 4.722197619616130382e+00 -3.388477511630406003e+00 9.455715889205011493e+00 -1.208475689336929726e+01 -3.237900725575003236e+01 -7.331108964779693871e+00 -9.160351731684162502e+00 3.014768745307660147e+00 1.041272212708464212e+04
-8.555211956047146771e+01 -6.664876554846367318e-01 -4.166326372686473434e+00 -1.023573007533871682e+01 -1.162844947040706778e+01 4.846830184116728724e+00 3.508091427242784999e+00 8.278994913125700350e+00 -7.718701648248692315e+00 -1.306164102872848609e+01 -1.498454369159278876e-01 6.288963798034797215e+00 1.192806142920976420e+01 8.093335865120984636e+03
-8.592339454156166312e+01 -2.446554290915902818e+00 -1.226633990105544747e+01 -1.434511563278701196e+01 -2.197715659178224357e+01 -4.220293676802553406e+00 4.292943658143832053e+00 7.947133169558102672e+00 -7.864175220971801883e-01 -1.463375609103475838e+01 4.058489961027686554e+00 2.403602179808841832e+00 -4.115179695820050387e-01 8.564636637067180345e+03
-5.966771304078434923e+01 1.234729065985660412e+01 -4.535066835635657867e+01 -8.401627173343293009e+00 -1.184032722375100022e+01 -1.146408968230706549e+01 -7.222363434768189983e+00 -1.674370073225055489e+00 -1.740095789648259839e+01 9.492011649057904066e+00 7.400458826084076236e+00 -8.949831145097254748e+00 5.029068476886199290e-01 6.694557579940719734e+03
-3.987316922307821443e+01 1.006552549075776071e+01 -3.412033171246405772e+01 -1.114587846655182402e+00 1.409866021022493088e-01 -2.200263417407716915e+01 -2.955129448838115280e+01 1.068820120542827157e+00 -1.816557719408633531e+01 7.480025679749931378e+00 2.818511084186247473e+01 -8.645913352036602717e-01 -8.089861299531108330e+00 5.461713765897824487e+03
-3.689448512346252329e+01 1.200277089195750335e+01 -3.668292760877681502e+01 -3.312934525629763094e+00 -4.195306133662483283e+00 -2.554196161700560808e+01 -3.939947189707953612e+01 -8.055113772063824840e+00 -2.501067069971287538e+01 3.754177870406158135e+00 2.808494483725490554e+01 3.796871243400262053e+00 -9.813146949784236739e+00 6.688183606322269043e+03
-3.827993487941223805e+01 2.334095919040906608e+01 -4.514478604628152425e+01 1.343680179764963079e+01 -2.304409929137640844e+01 2.661542691706637154e+00 -5.688047696041592616e+01 1.593827917740006228e+01 -3.919554886724210974e+01 7.106930520073438728e+00 1.446980089559157534e+01 8.120043804771899687e+00 -1.427054915021725989e+01 1.032204319886574012e+04
-3.476946954119921429e+01 1.364572897314132227e+01 -3.007339058750972072e+01 5.232769871430640762e+00 -1.635701616398708325e+01 -1.132080796839671422e+01 -4.074225419787920544e+01 -3.894366620058713035e+00 -2.471650127752898385e+01 4.673883370429724238e+00 2.447789109254884110e+01 4.943839442427313990e+00 -1.429256360291253714e+01 5.858359368960314896e+03
-3.247906849716509470e+01 1.571845845582405765e+01 -3.756904507140232141e+01 1.959236350260591664e+01 -1.420428097949761614e+01 2.706917256940502892e+00 -3.283979205559763415e+01 7.515922801442577850e+00 -1.264123111800524235e+01 7.128630944448079099e+00 2.921841124780464938e+01 3.393757757472130265e+00 5.230640144529668412e+00 5.544494566063661296e+03
-3.344960436863667042e+01 1.471905682868642806e+01 -4.155435203522486631e+01 1.765733048532648652e+01 -2.099923458399083032e+01 1.567755123789751970e+01 -4.108133625726457439e+01 1.813279730757058772e+01 -2.940410814349649726e+01 1.160578095264365572e+01 1.099914008809859389e+01 1.673868929975842690e+01 3.150257493340070436e+00 7.487684803751107211e+03
-3.518278287182548780e+01 1.060068979322484495e+01 -1.559047864931727112e+01 -5.211767650089844217e+00 -7.756043666786268886e+00 5.222385818782624867e+00 -2.249717758808874279e+01 3.424444268775657996e+00 -2.210207184568895400e+01 -7.845356067374910758e+00 9.175351250343231513e+00 -1.874715646524950330e+01 3.436128248540403884e+00 3.223208841368840240e+03
-3.999210917891011263e+01 1.446739088563304421e+01 -1.560597340431878521e+01 1.919236514996657661e+01 -2.071900892985761189e+01 2.115076960929185645e+01 -2.713460834968907065e+01 2.406249471913092819e+01 -3.089562173908796083e+01 1.784580530919504682e+01 1.222066755178132169e+01 -5.723080715586528200e+00 2.401490039445262958e+00 6.073368222537937072e+03
-4.132521936199520241e+01 4.665358768216087526e+00 -1.695566481637958844e+01 2.140529153380734684e+01 -2.548090974766972749e+01 1.683750698897178211e+01 -1.501021209187500638e+01 1.343671743088118120e+01 -4.026983515417453674e+01 8.586509451320036845e+00 -2.365114570790226800e+00 -1.079899786228525649e+01 -5.934816402902713506e+00 5.666672583699639290e+03
-3.945150534009332688e+01 -1.265681121005959042e+01 -2.104020081107524831e+01 2.469317666608382567e+01 -4.042265079869031297e+01 1.812955817197902419e+01 -6.853426859390935100e+00 1.981454471946919327e+01 -2.419432419286293623e+01 2.212267481185718765e+01 8.456432732951276066e+00 -8.956208787670664861e+00 2.070743861527313356e+01 6.826617395301313991e+03
-3.971174538846172908e+01 -2.372998163931507776e+01 -2.143415153880406265e+01 1.469800475350779578e+01 -4.085310071786804542e+01 1.414659266702274465e+01 -1.417968884093246396e-01 9.270200215701438040e+00 -1.958257199121013059e+01 1.074622828984638012e+01 1.489191949668909487e+01 -6.093490918713182491e-01 1.971060998224890071e+01 5.880254853802867729e+03
-3.983569172578979334e+01 -2.950827467574337248e+01 -1.673224588038302230e+01 2.284855990091119793e+01 -3.982538502930503199e+01 3.103689637063169471e+01 1.113909300593794338e+00 2.349993328459928676e+01 -2.229591071624852461e+01 1.924082607650448651e+01 3.582453528051022573e+00 -5.943723067166148510e+00 1.180167382277662824e+01 7.417241583694927613e+03
-4.026433170906135217e+01 -3.857459202265220455e+01 -1.078286781188890942e+01 1.478986953207346033e+01 -4.059440299735570790e+01 2.483669881140886204e+01 5.104303864330249851e+00 1.605761800177638321e+01 -6.948903630940201026e+00 -5.012859319375254863e+00 -1.048515875191983504e+01 -5.712057519393940908e+00 8.947940872535431467e+00 6.288942034350719041e+03
-4.165417091560461671e+01 -4.339689886476411118e+01 -2.040894557946653975e+01 2.309476809431254907e+01 -5.542458945786109581e+01 3.214933933343781547e+01 3.008631299744415788e+00 1.734978473562123824e+01 -2.530609141773853921e+01 1.445087294274950018e+01 3.419009068321048339e+00 -4.420626635320126674e+00 1.924277533237988180e+01 1.023452814456088527e+04
-3.861876739928327851e+01 -3.933434314634653362e+01 -7.936064456490348640e+00 1.728699359240111733e+01 -4.462741485075510894e+01 2.547321628033943242e+01 5.933782511989010189e+00 6.173312090855978873e+00 -2.999774060781524909e+01 1.286441329283431045e+01 1.537577232537894112e+01 -6.441147232533577238e+00 1.208765437376036012e+01 7.603603185187985218e+03
-4.035464344885576082e+01 -3.529623318908183194e+01 -1.405110342210799068e+01 2.730429701654008667e+01 -4.780361562009780130e+01 3.627064328119106307e+01 -1.638677828963877658e+01 1.239675046680448034e+01 -3.574052318910123205e+01 1.874161855590140746e+01 -1.312232478490035659e+00 6.550863688214065839e-01 9.091312407424286590e+00 9.553666940847193473e+03
-3.867330699795574134e+01 -3.151115238704688792e+01 -1.276976542358993250e+01 3.446214751569570467e+01 -5.412341358433748439e+01 3.136151162311673701e+01 -1.128270161890508838e+01 2.238410878191466580e+01 -3.121226109642613977e+01 1.072933307390698054e+01 -5.810074665810708971e+00 -2.711383993921203661e+00 1.385097152360751416e+01 9.702801724269760598e+03
-4.207476262657072397e+01 -3.869855750436676090e+01 -2.367057465530875504e+01 3.700640168045764966e+01 -6.154603407368789902e+01 4.263973782926468914e+01 -1.405135944601321185e+00 3.001110265540000199e+01 -3.416057086818211275e+01 8.163397266526674301e+00 4.185890472793744266e+00 9.043157827468847332e-01 1.178584699742616237e+01 1.309716742731583872e+04
-4.002673618147152723e+01 -3.203588656001507928e+01 -1.173282534124343712e+01 2.737236896399996056e+01 -4.840992369832279252e+01 2.699917102312707584e+01 -5.569126396078467600e+00 1.106201315548586450e+01 -1.733129602629180255e+01 1.290831104574327171e+01 3.401532269571802214e+00 -1.174276215322314343e+01 1.717015735292766720e+01 7.652478166794908248e+03
-4.416644834353289895e+01 -4.672104285851865058e+01 -2.078560557625272054e+01 8.704344954699479331e+00 -4.625030906585901391e+01 1.736260780187518193e+01 1.524261441973032705e+00 6.418547975674594674e+00 -1.613379075550419728e+01 1.433297279048873385e+01 1.306992422691655875e+01 -4.021398713764339661e+00 1.809901044274261039e+01 8.105712453834380540e+03
-4.069813956150785828e+01 -2.927772436275545687e+01 -1.078583147868943648e+01 2.643134294297919595e+01 -4.916039108654125300e+01 3.426280458327590850e+01 -3.337747808692116180e+00 5.889226271049440520e+00 -2.468229663617080405e+01 4.790487449723573654e+00 4.254478367754643386e+00 -6.108493437561211437e+00 1.520911822034373451e+01 7.883877226825704383e+03
-4.028007857575124007e+01 -4.334687784891372075e+01 -8.625751137518397726e+00 1.778635318394441356e+01 -4.143786798670011251e+01 2.504974290041384677e+01 1.484928048142196033e+00 7.084872047274480167e+00 -1.391609304470030217e+01 5.940278555619217471e+00 1.051275485846992730e+01 -1.892046652485760916e+01 9.722593102158899825e+00 7.081156877291974524e+03
-3.766183589365698481e+01 -2.753511302293955865e+01 -1.196334883146069039e+01 2.196909200855115429e+01 -3.238434127685356145e+01 2.341768467724476466e+01 -1.300316772247409780e+01 1.201855470266973747e+01 -1.124967100088567129e+01 1.382428456722377019e+00 1.511736517625039511e+01 -2.347896252055995703e+01 1.184814274394383560e+01 5.761661698009605971e+03
-4.394065352046307993e+01 -2.395731927959156948e+01 -3.592570467890412544e+01 8.254465533345287653e+00 -4.783232943593391440e+01 1.410598003083884322e+01 -4.336294767006194206e+00 8.663117697270765305e+00 -3.500159737469510901e+01 1.175930831602920446e+00 2.394853241844841918e+01 -5.334307984340427744e+00 2.401432361380314973e+01 8.849459526626675142e+03
-4.178932479660459620e+01 1.203041067573756839e+00 -1.099804574064315155e+01 1.627014662149660040e+01 -1.982152270846220787e+01 1.567552145025516097e+01 -9.617272823939769566e+00 5.317109491414926836e+00 -3.753339057370549625e+01 -2.389197193301848898e+01 1.170699842720995143e+01 -1.358059735420097525e+01 5.984865182011470885e+00 5.229734759822881642e+03
-4.024348181801146040e+01 2.323486444043215471e+01 -3.226154244319081954e+01 1.163371559420039070e+01 -4.926850183174350661e+01 1.482627841793322077e+01 -3.490137739204981671e+01 -9.492067797858915412e+00 -2.716017111070290113e+01 -4.552805679406417738e+01 7.879999067790711464e+00 -2.494511840948519676e+01 1.337666505977075637e+01 1.096472384925354891e+04
-3.353888028489278383e+01 1.419955504970265103e+01 -2.278844104715184571e+01 -4.655044997528860584e+00 -1.925695907074011970e+01 -6.367756800404984041e+00 -2.108372801692691567e+01 -1.609519329562195367e+01 -2.707761593137933431e+01 -3.307926762647370822e+01 1.406635201113966893e+01 3.940153424666630322e+00 1.292216354787635346e+01 5.190228587199315371e+03
-3.363620237814520664e+01 1.980261222300852708e+01 -2.573138174137303480e+01 3.179697989229595123e+00 -1.944363684446160079e+01 8.418462291430095945e+00 -2.863920752565378436e+01 1.806928677676114869e+00 -1.780598254448491957e+01 -3.015712457093750132e+01 1.358044846838644304e+01 -1.647883862629212270e+00 2.294466137633509817e+01 5.408253531200013640e+03
-3.461563494274130193e+01 2.120324765835250247e+01 -3.313347541619548053e+01 1.303182293797733315e+01 -2.072476855652562833e+01 1.230948984483816488e+01 -3.457165813248533226e+01 5.820134378562001665e+00 -2.480821336120725817e+01 -3.469800222584434835e+01 1.741979907889219703e+01 -1.000610808588698220e+01 2.558873377470694166e+01 7.603342281976807499e+03
-4.292422022660749548e+01 1.886181915301686729e+01 -2.838856838733173049e+01 6.409595688121765278e-01 -1.811307488544375488e+01 2.268624325790569785e+01 -2.156335571659518990e+01 1.158048416721674911e+01 3.090069733786880324e+00 -1.714249767848144756e+01 2.044379279112257208e+01 -9.167113721753098687e+00 3.415248589431985238e+01 6.418204274396651272e+03
-4.328600106828316285e+01 1.714748914555931592e+01 -1.772057841960719671e+01 -9.506842606710183219e+00 -8.146803620464076801e+00 2.049627998660006867e+01 2.938424291911300834e+00 -5.655141003473286077e+00 3.026687692243709704e-01 -1.691409243899890669e+01 -7.612174044278408935e+00 -4.439505565594416225e+00 1.255919244829295245e+01 3.620761937682114421e+03
-3.915557145662855021e+01 2.781662324157809962e+01 -3.224000962563248862e+01 3.767403037078349559e+00 -3.626811158543182501e+01 3.698565708742192015e+01 -2.854785610507789073e+01 8.214496970781471674e+00 -2.181822382816325856e+01 -1.796070885073499923e+01 5.978735883569131104e+00 -1.214338259562448208e+01 3.295608832022326595e+01 8.994240382240868712e+03
-3.393587699688288239e+01 1.942523489265786196e+01 -2.210896252634588066e+01 -1.337322118901379309e+00 -2.541586706420100228e+01 1.321972464809351600e+01 -1.953156286916199136e+01 1.620729923464682543e+01 -2.984998024436113084e+01 -2.495042206648669492e+01 -1.369556860068457205e+01 -9.262100452232550296e+00 1.315335761303161632e+01 5.444374870077701416e+03
-3.205067850115241157e+01 1.763356062861331708e+01 -1.438680086246595380e+01 -3.387527591691751994e+00 -2.458166282081974074e+01 1.212465833221341072e+01 -1.161260088169778903e+01 1.829487616980216558e+01 -1.969966210933497308e+01 -1.650566984481002564e+01 -3.942276767273218852e+00 4.964181374202637720e+00 1.226001574445122877e+01 3.628470768211119776e+03
-3.317538325346959738e+01 1.586348303416178318e+01 -1.142282473392516629e+01 -8.401713882832272162e+00 -2.318989699406879623e+01 4.257499873079325425e+00 -1.859188907903647703e+01 1.452046843014388600e+01 -7.942194674934662579e+00 -2.380226289397418782e+01 -1.586681503083984168e+01 -1.218742856686863263e+01 5.496892699182421183e+00 3.725857078553628526e+03
-3.262059747069773152e+01 1.808752086318927255e+01 -1.190216959213306680e+01 -5.583826463270859186e+00 -1.811638013678874870e+01 7.310960545455196247e+00 -1.701853300728202356e+01 2.254093357324242319e+01 8.591223626814517900e+00 -1.156292002165194566e+00 -7.097952837644307067e+00 -1.864589303674720355e+01 -2.466320634001905265e+00 3.222759208417683112e+03
-3.686567499606190523e+01 2.408033123769459394e+01 -1.141461641054296727e+01 6.500398492665572903e+00 -2.725150246826451550e+01 3.925091741509238563e+00 -2.583792051172496684e+01 1.918312593228723983e+01 2.198692862713954588e-01 8.468108549487427084e+00 -6.662723767461059765e+00 -2.644167990392046974e+01 -4.942117589949953427e+00 4.744866237981661470e+03
-3.759894771685923587e+01 2.176687712286564391e+01 -5.140381095338866224e+00 -5.730184367749916241e+00 -1.677928472627361955e+01 -7.246345627272107848e+00 -1.140095721647952764e+01 1.653196825701816586e+00 -5.390139610951907301e+00 -1.050089491664659391e+01 9.933418806523673650e-02 -1.611223286245300912e+01 -1.504460770101565537e+01 3.038781680910816704e+03
-4.273905438932057166e+01 2.502783499847404158e+01 -2.703594879070634338e+00 1.811806428152086479e+00 -2.519064660217832596e+01 3.857547439340792916e+00 -8.885349345608084093e+00 2.810666246076507058e+00 -1.107406500744865063e+01 -2.424670850013188073e+01 5.810536851332143371e+00 -1.198166191885416865e+01 -1.582481341040976552e+01 4.338195058022569356e+03
-4.441927746262844323e+01 2.857556767429213096e+01 -1.600256976878078552e+00 3.868807304109350031e+00 -2.256684541503167196e+01 1.658830375451493211e+01 -3.800183676516728504e+00 6.244157360523179712e+00 -1.205426239138727418e+01 -1.790888213271856699e+01 1.670917005547144285e+00 -1.734325408533486268e+01 -7.597888228587291515e+00 4.472370633600662586e+03
-4.502602719683071086e+01 2.558369605173150063e+01 -2.904967896916202275e+00 1.020929565010001205e+01 -1.107138883954806374e+01 1.802645140700037985e+01 5.842932916505565011e+00 1.364944515334502739e+01 -2.063318146414162779e+00 -2.002684327226489103e+01 1.106689310664267190e+01 -8.464996499010265296e+00 -1.682074933375920622e+01 4.344914634313215174e+03
-4.413380555548571493e+01 1.999945940321949678e+01 3.483593699154913015e+00 7.465318951560502292e+00 -5.847165106721740280e+00 6.974526818925523841e+00 -2.446404289297795742e+00 9.472727503729366560e+00 6.092541056921345621e-01 -2.299129775304085754e+01 5.650117812123793826e+00 -5.676377685652589378e+00 -2.177889875271798203e+01 3.661624894516026416e+03
-4.787444858801016068e+01 1.972070984457157294e+01 4.147684479139731373e+00 1.007006880720457431e+01 -4.133370608470486651e+00 2.911480041721831835e+00 -1.715025809982552829e+00 1.033519795343285175e+01 -2.595541479057965617e+00 -2.919840855541330882e+01 3.787922112834560373e+00 -7.706588529308639579e+00 -2.206652084775068801e+01 4.354752996341533617e+03
-5.961060288376874894e+01 2.793102727371620020e+01 -8.199157586856856028e+00 2.140543924207011273e+01 -1.655506581387358267e+01 1.666883940890972227e+01 3.950758828129404154e+00 6.230188969083530814e+00 7.070053599319597204e+00 -2.203399156766187872e+01 1.776476089403547931e+01 -1.014126546165766385e+01 -3.427044711978425795e+01 7.593707419138803743e+03
-5.970640555370549407e+01 2.259079647993088003e+01 -9.604459647167963965e+00 6.187850289375631974e+00 -6.448233440839323816e-01 1.417052616333502435e+01 1.219645156725589707e+01 -5.968685596738231958e+00 -5.637426406202441065e+00 -2.079284580986517028e+01 5.635697235578843944e+00 -1.649074480499020279e+00 -1.886220856025732928e+01 5.445718788637148464e+03
-6.843937550173737350e+01 2.832695022864081480e+01 -2.161938523506493404e+00 -1.747344703159344315e+00 -1.728263129144496091e+01 1.107729806667950001e+01 -3.601587571985903846e+00 -1.754438688139061853e+01 -1.570336838479664010e+01 -3.249130024885068480e+01 2.756001697393925198e+00 -1.912939082554587245e+01 -2.373174835136775229e+01 8.475269629926229754e+03
-7.293930382616727570e+01 1.708942513114759620e+01 -6.941417618625099983e+00 -1.032481918823411071e+01 -2.007259958446456949e+01 -6.276367126721151379e+00 -4.453670399783773881e+00 -3.256340597274194337e+00 -1.532809259861721607e+01 -2.160238038965476548e+01 8.992223187309978272e+00 -9.066365689766509917e+00 -1.858567773845543769e+01 7.449816379167737978e+03
-7.645670728952859463e+01 1.832218043922713235e+01 6.544532265738618459e-01 -5.592463582317795279e+00 -2.231680552678779961e+01 2.708891965546759817e+00 5.209949531706559611e+00 1.346814461716069555e+00 6.870471245818484007e+00 -2.175533630044930433e+01 7.268695563098935608e+00 -8.478858082212227032e+00 -1.755322332590870005e+01 7.700708382850063572e+03
-7.696808629606991303e+01 1.508590889164633708e+01 1.381981900149910292e+00 -8.987820591858328712e+00 -2.382042181042313445e+01 2.547187627621802175e+00 3.547332893082957295e+00 6.912256726073314539e+00 -3.143122667801027337e+00 -1.853347659465703146e+01 -1.293554684550665579e+00 -4.769383253808476830e+00 -1.312101619828439070e+01 7.418575613077196977e+03
-7.800525805174159188e+01 1.414196475178427015e+01 -7.348745204759561389e-01 -1.002193469014897476e+00 -3.124517552183840863e+00 1.040372648187790627e+00 5.495871301094667594e+00 1.926640082313471503e+00 -6.861684211297046865e+00 -1.567987295118575020e+01 -8.290372339576434157e+00 -4.645383960289856340e+00 -7.562664286115244217e+00 6.771566294368366471e+03
-5.239056323063382337e+01 1.050114226365342951e+01 -4.506436047391813560e+01 -1.620111500408117777e+01 -4.578243498628942376e+01 1.576046027303382147e+01 -2.405631940731442242e+01 2.418992824626904792e+01 -3.613302111284743745e+01 -4.891799164108972420e+00 2.235844404838109423e+00 -2.807049878457049630e+01 1.368457190950690006e+01 1.096634473440844340e+04
-5.047943456046711930e+01 1.431990128185963052e+01 -2.470370044542971755e+01 -2.428762640357540548e+01 -2.854622045891250082e+01 3.728952538630010860e+00 1.312649580321973097e+01 2.215868101365913390e+01 -1.242750147267885730e+01 -1.510753476095601927e-02 1.288687992266789806e+01 -1.409984023682093124e+01 1.357626768199158285e+01 6.149133558254363379e+03
-5.756946622092046084e+01 2.797779694477149093e+01 -4.699939880418905425e+00 7.154874916810907148e-01 -1.765444685328274232e+01 6.814986573958373484e+00 1.182820551855139257e+01 1.034573014164742766e+01 -7.431554170143781057e+00 -6.264455793073090639e+00 1.162252152961102603e+01 -1.069787366497181580e+01 1.109719818179697448e+01 5.191812752637566518e+03
-5.124117021914671710e+01 2.434793846922562111e+01 1.011120610706130307e+01 8.748662029656166794e+00 -8.236441780039806204e+00 -1.210985950824577806e+01 -1.334422736734548387e+01 7.087900844786027221e+00 4.151813938221741829e+00 -6.581580498444513871e+00 -2.866663682984281980e+00 -1.187009449577885789e+01 -1.037234437580955415e+01 4.157306814995318746e+03
-4.549083149953779781e+01 2.446485083750737388e+01 5.040076719233038460e+00 -1.513898723120573386e+00 -1.859739531640285648e+01 -7.078465036816648848e+00 -1.952763508348100885e+01 -3.803756627071237073e+00 3.551962468547507079e+00 -1.377231199063891331e+01 -7.316302610438905951e+00 -2.245092891370097732e+01 -1.975514049544952044e+01 4.637534899880017292e+03
-4.618135554910524121e+01 2.953969241925626932e+01 1.937494591505745101e+00 9.582718840437946639e+00 -1.833068870604531853e+01 -2.693674135559728788e-01 -2.126749541618027450e+01 8.709310254819726538e+00 7.093807334362053574e+00 -2.162077025650446771e+01 -1.977931604740852478e+01 -3.595264586331390433e+01 -8.093188779748080819e+00 6.232232169359889667e+03
-4.728511781710095363e+01 3.358851146068592897e+01 -6.172791575557443622e+00 1.145603980184473514e+01 -2.401121641664465756e+01 1.336892936589695502e+01 -2.067406934990582457e+01 8.960303227461960063e+00 -2.499368026390891728e+00 -3.502439475416012726e+01 -2.159696628821211206e+01 -3.395941184158172632e+01 -1.556140562713659969e+00 7.651432883866378688e+03
-4.614945234274349417e+01 2.748652088264388382e+01 -4.407720196977926719e+00 3.720238887456387422e-01 -4.924928100843607659e+00 1.410705702558953512e+01 -2.445651740933350915e+00 2.412140746262214641e+00 -2.194209700532861973e+01 -3.500724362951992674e+01 -1.257257542118386695e+01 -2.006195977398543917e+01 -3.648050194601017981e+00 5.420733671459748621e+03
-5.139287879132272252e+01 3.979010896847823631e+01 -2.185965247440842774e+01 4.401566791126899858e+00 1.828692528451939747e+00 2.973935246718423286e+01 -6.112666299381420698e-01 1.000031846752392894e+01 -2.508520160993846559e+01 -4.128015803585604004e+01 -7.843940707755296060e+00 -1.656834388657378909e+01 -6.660924034113712366e+00 8.423576297812722260e+03
-4.857502179890743577e+01 2.215251488574018879e+01 -1.220354119832055950e+01 -1.160767233863813530e+00 1.778408983395877030e+01 1.633688375551935934e+01 8.421278375521561443e+00 -8.495095338280135522e+00 -3.096868665884622374e+01 -3.007265628927140710e+01 -7.164752502016346725e+00 -7.174006809773139537e+00 -7.828432049830322370e+00 5.754301263372843096e+03
-5.322401685932367599e+01 2.543314410521800184e+01 -2.348595840557313252e+01 -2.787142324432017482e+00 2.310241211411237217e+01 8.702896834807592796e+00 -6.662426876914306462e+00 -1.752346359031218270e+00 -2.911086860130027532e+01 -2.579116085208665865e+01 4.592131060794754305e+00 -2.173670868921448118e+01 -1.636266635262825631e+01 6.969855374050236605e+03
-5.701702572331661401e+01 2.853369178621290914e+01 -3.479593572328248285e+01 1.140205839570156066e+01 1.260623584250144269e+01 2.165109336302450771e+01 1.107843464459057614e+01 1.466119972717263853e-01 -2.575719499380971911e+01 -3.410688884695174039e+01 1.234588809383628316e+01 -2.497495723490052555e+01 -1.056576814181368640e+01 8.870834961889779152e+03
-5.534033798497844003e+01 1.505733269764592741e+01 -4.322305096358903853e+01 3.062475826102902943e+01 1.123021628934906779e+01 1.763457053128415097e+01 -4.518857928483468456e+00 -1.211220852549840021e+00 -5.490006254039943023e-01 -1.045360401111786075e+01 3.191855519127517749e+00 -2.201871717001060702e+01 1.320203437821786885e+01 7.333251995766095206e+03
-4.522809875400747615e+01 4.898910094941502535e+00 -5.335139521461677958e+01 1.748287290613319556e+01 -1.413583595768155377e+01 1.952187979068522239e+01 1.127882010684251313e+01 4.088766411372193232e+01 -2.390827833470541819e+01 -1.018381449406584816e+00 -1.520907304579855612e+01 -2.933899217709996776e+01 2.548042234858499455e+01 9.915528123531195888e+03
-4.549098451325447456e+01 1.521499080326370823e+01 -4.763092739263626640e+01 1.023007916482693425e+01 -2.083927584430766444e+01 8.359050000444129935e+00 1.290440326386304903e+01 9.760120897342012825e+00 -1.614397527930329801e+01 -2.762722559433726799e-01 -1.407064118928005314e+00 -1.307044196807294156e+01 1.382127187908864485e+01 6.064766202491357035e+03
-5.377146093193002230e+01 7.524063500430604456e+00 -4.938321472378072485e+01 2.426132986326987595e+00 -1.674616750549149558e+01 -5.649864012258943191e+00 1.508942776074558090e+01 1.038707265131432189e+00 -4.372253806830393330e+00 -8.249926873358903734e+00 -1.062469260763061563e+01 -2.148436404115338760e+01 1.296209733176825418e+00 6.597014440142301282e+03
-5.739697285551397243e+01 2.791034060556538687e+00 -6.505449693543353362e+01 -1.120117218006956072e+00 4.738499114640337240e+00 1.085300356571605995e+01 6.792585286411322976e+00 -3.479563244359152208e+00 2.652735494818482032e+00 7.816774340644800922e+00 1.723425348882813779e+01 -1.314094042892347147e+01 1.438846470844865344e+01 8.478902925747768677e+03
-4.979439341904993910e+01 8.463609795481774611e+00 -7.311427482640836217e+01 2.025530088878424451e+00 -2.427949051170985229e+01 2.350004826858869933e+01 3.449193191149666493e+00 3.251397882954702112e+00 -1.439548938906885844e+01 -3.803905749114809609e+00 1.633087285029559155e+01 -4.511545923747188169e+01 1.609987982990664790e+01 1.184813672676807255e+04
-4.088597226320248978e+01 -1.248114961603209316e+01 -4.594904104176316650e+01 -5.339849733984618207e-02 -4.274689091229088689e+00 1.244795270384449992e+01 2.625210611425084384e+00 2.018840709363162489e+01 -1.090208615074190135e+01 4.008833642977884359e+00 7.208521166176042883e+00 -2.017006844285842249e+01 8.819325575641990156e+00 5.197948224395895522e+03
-3.274409091933142690e+01 -6.220727289991700992e+00 -4.002720962177190245e+01 2.743864852611713090e+01 -1.104275193829535695e+01 3.171589449830688245e+00 -1.243024134686857707e+01 1.669990100161706792e+01 -1.752995154595188154e+01 1.628557160395654435e+01 -2.915938063996362239e-01 -1.770415259861115587e+01 1.076346772913228556e+01 5.033222152019095120e+03
-3.589660544688656074e+01 -1.846827283940298869e+01 -5.887540638921436909e+01 2.560394630039029451e+01 -2.373749076798195856e-01 1.022098163124315562e+01 -9.278306083283862193e+00 1.175568126042995054e+01 -3.455646765674618592e+01 1.448103262004501346e+01 4.469295918253147981e+00 -6.239555010626208542e+00 1.144402888743726621e+01 7.674048958520018459e+03
-3.193898848591588191e+01 -1.267555178493561741e+01 -4.206698069332743017e+01 2.255579974026063184e+01 -4.455898168826544214e+00 4.542479876484835088e+00 -5.345400106543056751e+00 1.084772454516915552e+01 -2.485300286495214550e+01 7.537844401338373856e+00 1.274452309422091112e+01 -1.304577257462805129e+01 1.059974846729096321e+01 4.765359715319686075e+03
-4.033098114479350471e+01 -2.740279296418634303e+01 -6.610674836673111088e+01 2.132673284952779014e+01 -8.543556963746256727e+00 1.829232094818543430e+01 -1.335488458567650127e+01 1.868084078336311293e+01 -2.936522631092879720e+01 1.201326648892040438e+01 7.441405338856741380e+00 -1.242256540903225392e+01 1.461739548982646042e+01 9.567358925622220340e+03
-4.009210972171619147e+01 -1.669319811937275588e+01 -5.430700319858190284e+01 3.654652803751523749e+01 -1.577221455865742250e+01 2.265301045959253301e+01 -2.019231439124377658e+01 2.238780515518896763e+01 -4.377259647408931187e+01 2.451153962680303877e+01 6.396091071542966411e+00 -4.556941426039896825e+00 -1.010492530493646290e+00 1.042135701677650650e+04
-4.122791423524043353e+01 -2.896631259503151767e+01 -5.534883979912565621e+01 2.602800342847335457e+01 -2.456062974374959573e+00 1.576114402492445166e+01 3.889867836205548102e+00 1.661120611298079552e+01 -4.078013066732292202e+01 -2.528258243357359270e+00 7.014811790661917179e+00 -9.611133512482641805e+00 1.140332563672493116e+01 8.766276808162303496e+03
-3.854382283425922395e+01 -2.405152942349464595e+01 -4.488604371076426958e+01 2.347939097145728127e+01 5.865981226375833302e+00 7.227952961882577743e-02 -2.699211496652249576e+00 6.001831374306365596e-01 -2.263382212580754427e+01 1.183555420230739585e+01 1.618649371083433053e+01 -6.781536554892676705e+00 9.975301279113372388e+00 5.732070688867650460e+03
-3.838599671382755929e+01 -1.472350510728146666e+01 -4.018483230527663608e+01 1.774601309703693985e+01 2.335603400723105683e+00 2.488032307887652284e+00 -1.398403578218541554e+00 3.796405363337745253e+00 -2.382014528000008369e+01 9.222464523623296273e+00 1.634287708048336896e+01 -1.219547963157215342e+01 1.102861093143987148e+01 4.837924435701205766e+03
-5.033494697630648318e+01 -2.437063834589451261e+01 -7.255914785742770334e+01 1.472685192933349363e+01 -1.008680678367585770e+01 2.871936291666792940e+01 -1.789467896669104618e+01 8.072586203504561908e+00 -2.231059371364711197e+01 2.170734197528105724e+01 2.326275622055349857e+01 -1.471980864030264691e+01 2.827882071670142494e+01 1.244766824880157401e+04
-4.812986865349137844e+01 -3.435126049678997595e-01 -4.657200420668921481e+01 4.703498742779239450e+01 -2.326780862687372498e+00 3.071727318134137974e+01 -1.863163328884272119e+01 9.369548569924543102e+00 -3.004098038324594455e+01 5.399283340092742911e+00 -4.868638742623899951e+00 -3.050448804922806545e+01 -3.136588439410624929e+00 9.977413240329871769e+03
-5.004003411210248942e+01 1.316921738412178966e+00 -4.226015837281500609e+01 3.406649566514867900e+01 -4.324964415662700290e+00 1.916305797325660309e+00 -4.019628676139269174e+01 -2.300554080126329382e+01 -3.502994314760711347e+01 -2.993595134319156159e+01 -1.790334631571572643e+01 -3.425264014139301594e+01 -1.032937554384459133e+01 1.134328759630131390e+04
-5.315923571032596584e+01 1.091955605873499913e+01 -3.198001321924053642e+01 2.865956391808670389e+01 -7.940872552714028920e-01 8.915610917027777305e+00 -2.579452928929721622e+01 6.780098541710166238e+00 -2.992046690948977883e+01 -2.571717080132197708e+01 5.783527102026281064e+00 -2.380569385606196775e+01 -1.133995923301073283e+01 7.866041200609074622e+03
-5.479324681089312321e+01 2.347118808752550123e+01 -2.486010051527333786e+01 1.722911286523773455e+01 -1.542630733278715560e+01 1.562889010089045794e+00 -2.106149398412680540e+01 8.890242320164363221e+00 -3.130213380590393868e+01 -2.357442833189554676e+01 7.186416923941001400e+00 -2.284354958742186170e+01 5.279682414007515590e+00 7.368024655739032823e+03
-5.831761604206365490e+01 2.054128409484865969e+01 -2.365336979692060737e+01 1.792631144071048510e+01 -6.423352637488155992e+00 1.388731119366157341e+00 -2.757322923827463867e+01 -4.632541868358472037e+00 -3.675963692551547268e+01 -3.517545150180190205e+01 1.578250415870686929e+00 -2.012530071727842085e+01 -9.436974859110204505e+00 8.613813078808925638e+03
-5.622759503544612159e+01 2.739959552517805719e+01 -2.524803224416598013e+01 1.263611921630578472e+01 -1.146238238959260514e+01 1.007827295458105610e+01 -1.216750395407774654e+01 3.779126028745398713e+00 -3.544872188357517473e+01 -3.928316512112681380e+01 7.184637926177693146e+00 -1.330889559678085377e+01 -4.116689657140050862e+00 8.150174464252805592e+03
-5.125930602399074587e+01 2.662661225800952991e+01 -2.514480503571984116e+01 -2.166427603818231962e+00 -5.210637558656898705e+00 9.095866483242513567e+00 -2.508182025400855863e+01 1.401936154901977361e+01 -2.364367490341358291e+01 -4.662243446036504935e+01 1.472052132260720647e+01 -1.336661006983996103e+01 -1.016147760091044683e+00 8.038040626579816490e+03
-4.386805174748158720e+01 1.786102710349037181e+01 -1.896210504564228572e+01 -5.277329067176779631e+00 -4.681508110746229745e-02 -1.106841984813750956e+00 -1.780032428686786128e+00 1.893480885583911189e+01 -1.177698648782565272e+01 -3.763851067185684229e+01 6.197145430455170967e+00 1.040374264782575153e+01 -1.205034450255733747e+00 4.697206152766698324e+03
-4.691529443450242098e+01 3.462930546959238143e+01 -3.501542198468634837e+01 5.685182072886629356e+00 -1.911017085217743627e+01 1.922180711795956398e+01 -1.191976233893033310e+01 4.003831042565360576e+01 -9.743619894619971689e+00 -4.898549413674051323e+01 1.914990405417570329e+01 -5.698442498954151780e+00 1.861571542614797181e+01 1.037871095348377821e+04
-4.566453898053170946e+01 2.960237745191659897e+01 -3.133871175037080903e+01 -6.509128192283052172e+00 -1.480476076071315461e+01 6.515281795563880429e+00 -1.446404441282621356e+01 2.631597506452392921e+01 -6.664601829560478308e+00 -5.404999909443192507e+01 1.103712320465172247e+01 -9.478197956486503983e+00 8.426882099074882504e+00 8.397889424240442168e+03
-4.840242961625744300e+01 3.615902703119689932e+01 -3.410238501074787365e+01 -2.069978384468778465e+00 -1.813829089152523366e+01 2.072386597095255301e+00 -1.870705314746003012e+01 4.016722459089447739e+01 -5.501760312376648088e+00 -5.729792311129924087e+01 1.255580105030207250e+01 -5.519148119599286417e+00 1.640487787020978638e+00 1.061830174956710107e+04
-4.943244789108222648e+01 3.543471027024512665e+01 -2.631116658412785370e+01 -7.382781093037431575e+00 -1.066636956651226065e+01 7.448131948690280169e+00 -1.673345955851095468e+01 5.024169732621541584e+01 -9.478415326404391550e+00 -3.925017007938937041e+01 1.835356048684297292e+01 -7.482696895671191228e+00 5.839638205086544964e+00 9.476812986499902763e+03
-5.185827897030550560e+01 3.759280162093340039e+01 -2.599881277001543367e+01 -1.525641467811783780e+00 -1.318915201451012997e+01 1.818711154748364578e+01 3.332512489737523342e+00 3.418782032084336464e+01 -1.435080512906865557e+01 -3.842955895674469247e+01 1.832590894448993168e+01 -1.743134386451129458e+01 -7.642259275170955490e+00 8.846274557754433772e+03
-5.368244144359403691e+01 4.290981262909318872e+01 -2.719861675396316514e+01 -9.367896577702256034e-01 -7.160531577997603314e+00 1.718107180807045609e+01 1.805005107131809439e+01 2.644499579592018890e+01 -1.085469432318465799e+01 -3.680934862204133395e+01 1.707912062948071608e+01 -2.052938327843990152e+01 -3.906905573971511281e+00 9.036471839939784331e+03
-4.939594440607225323e+01 3.384678471714524761e+01 -2.205118940297666441e+01 -1.553031413608748501e+01 -3.811619677381999249e+00 6.573084176836796466e+00 2.706762647591923088e+00 1.358681218777391564e+01 -1.002707420178603925e+01 -2.760127730140176894e+01 1.111702136292630483e+00 -8.564227178995093226e+00 -1.016905951896804083e+01 5.603036046355686267e+03
-4.743152781827929942e+01 2.442467635716274543e+01 -1.302715636254112219e+01 -1.373949774391521395e+01 1.997945962596605174e+00 9.676129233793211881e+00 1.549136124380194701e+01 8.418141019927118052e+00 -1.677467118106201838e+01 -2.739518522039650250e+01 -8.922219406514106055e+00 -2.183472605584995119e+00 -8.903971843847243051e+00 4.808801916759291089e+03
-4.987608956641925317e+01 3.316431086935816097e+01 -2.118137209870694093e+01 -8.378656550949315829e+00 3.267641866564177544e+00 1.308136441421073570e+01 6.297430062613091906e+00 1.398999962432146305e+01 -1.707414168312146430e+01 -3.064840855219273408e+01 3.938554660863897272e+00 -1.077864772265382243e+01 -2.481070733965104136e+00 5.892223961177118326e+03
-4.795603729019570238e+01 2.397975430034773581e+01 -1.966557060798049505e+01 -3.509365554944013699e+00 5.194425635908772598e+00 1.036709248788828575e+01 5.454023378737193894e+00 1.357811161454650239e+01 -2.482843084676701295e+01 -4.308349647293272255e+01 -2.448577337199521753e-01 -2.114077244907849096e+00 5.360011716671090554e+00 6.128328243347639727e+03
-4.338167010145112812e+01 2.696731128996974647e+01 -3.333551169176630680e+01 -3.317928866808751209e+00 -1.232982196912207939e+01 8.120303696889230594e+00 -2.746234896654315349e+01 3.494767348213013491e+01 -3.326578657518182780e+01 -4.707450082067769870e+01 2.131228377285887277e+01 -6.222409122239961121e+00 1.256889423051854848e+01 9.898484606270987570e+03
-3.981405801789889409e+01 1.917685279299557521e+01 -2.920243747372207466e+01 -1.088317459992918224e+01 -4.800414138217066196e+00 -2.757629741355833719e+00 -2.376699139223230617e+01 2.180062992845829228e+01 -2.280199335820675799e+01 -2.977064653424978857e+01 1.833495048226813040e+01 3.980905199896563218e+00 3.355960456611909670e+00 5.764425367639947581e+03
-4.271759805362630402e+01 2.850339710702001028e+01 -3.614818522457164107e+01 -1.251838384376412172e+01 -7.753929416780564132e+00 4.031814416926096989e+00 -3.786631652249130298e+01 3.012059751517373840e+01 -2.588140279883953809e+01 -3.480284865940478056e+01 2.895853238278517594e+01 1.374356592620465722e+00 4.901628058895689755e+00 9.263722026828405433e+03
-4.297923507681345967e+01 2.299390951910771363e+01 -2.684731585055506642e+01 -9.544335304278176224e+00 3.869885553802459022e+00 -5.845983353829709017e+00 -1.391462522477905139e+01 6.837454400334090465e+00 -1.188163697356564441e+01 -2.216984717176782027e+01 3.955788783844811363e+00 1.715537346669116170e+00 -2.010142051242421735e-01 4.128633501728364536e+03
-5.075943990938201722e+01 2.993596195599860721e+01 -2.979912122906738503e+01 -7.556311472869216672e+00 2.134481230689335263e+01 1.163831875867459331e+01 -2.365654540399454930e+01 1.856496738563769711e+01 -1.473991956731767772e+01 -5.315172127413367775e+01 -2.033435975798713002e+01 -1.486570563247492061e+01 4.851823875524804208e+00 9.613495946562843528e+03
-4.913289798325538271e+01 2.601726454289838131e+01 -2.338139341397148030e+01 -8.531456209749256558e+00 2.107447041521650988e+01 9.400610294950922707e+00 -1.206764729944096004e+01 7.153958695870795914e+00 -1.744393178552068235e+01 -5.358905000245433570e+01 -3.430191905234038785e+01 -1.249477456792990360e+01 1.667342521648413234e+00 8.951325144695867493e+03
-4.768154812722288227e+01 2.543601787462734620e+01 -1.622171388268703041e+01 -9.980815649236211229e+00 1.526740394353632979e+01 3.118203790822930088e+00 -1.341285115633835012e+01 4.108452782872937803e+00 -1.344727116148806623e+01 -4.202856519732275586e+01 -3.856093022276878202e+01 -6.132105427602300374e+00 9.843376131437103993e+00 7.291552002431844812e+03
-4.767276091622591139e+01 3.572727307366233163e+01 -2.531945536726398416e+01 -7.778986804762470619e+00 1.369134020103097260e+00 1.616080634025199814e+01 -2.722416805383787164e+01 2.278670777288144222e+01 -3.146002860067023832e+01 -2.242092248159204004e+01 -3.249270371807218538e+01 1.195427026624482636e+00 1.781712304472130626e+01 8.641239076099343947e+03
-4.580668907461635797e+01 2.525571666777542745e+01 -1.903166965451652004e+01 -2.275027281828489478e+01 -1.219588418663741791e+01 -2.906251951014044099e+00 -1.670829602523905422e+01 9.884773229720405396e+00 -2.894611892484239846e+01 -3.941288482492408463e+01 -2.068128907817955664e+01 -6.769614837204569469e-01 5.751155532168317208e+00 7.002448216667937231e+03
-4.446595997654594612e+01 2.750973870490594564e+01 -1.367056986831735621e+01 -1.908530592900541834e+01 -6.582800160623903274e+00 2.828671267341224205e+00 -1.296280595404437186e+01 2.021308227358317566e+01 -1.564975727319991883e+01 -2.433804180690941621e+01 -1.450883666976035791e+01 5.276851741017574149e+00 1.272696881375333078e+01 5.150660798168161818e+03
-3.823739838559465198e+01 2.540270372574758184e+01 -2.770201641364278089e+01 -9.698943832122891351e+00 -2.897967789536927086e+01 1.450267116829409986e+01 -2.633393124500604543e+01 2.624793467744300202e+01 -1.031708933479073664e+01 -5.768396526507785005e+00 9.366433928051165481e+00 1.058197571904992351e+01 1.944910783038034197e+01 6.119139249174189899e+03
-3.741046711712768058e+01 1.709424308879228249e+01 -1.824150750429359036e+01 -1.846099408542684372e+01 -3.294295136212917896e+01 -2.900257336615050252e-01 -1.883085285819461063e+01 1.736100645624734184e+01 -1.834872798139252836e+01 -1.686514972330713125e+00 8.465227869866508215e+00 1.409929906212319750e+01 1.505329371966874419e+01 4.943216939296014971e+03
-3.697897919031861846e+01 1.038520826973959466e+01 -1.730013071342917996e+01 -2.287907705880685327e+01 -2.834613742216321697e+01 3.598488326454714059e-01 -5.779391444713432691e+00 2.155415775163161385e+01 -2.594966205012667970e+01 -2.062810298933894781e+00 1.284445623171795725e-01 7.250817013642000930e+00 2.495639935066553505e+01 4.952713083086389815e+03
-4.373518663423490693e+01 2.069297621559396205e+01 -2.213691926640444763e+01 -1.203087291067067710e+01 -4.535384032846845059e+01 1.275238694737853429e+01 -2.644284905943747077e+01 5.297761693574240383e+01 -4.927044293168506783e+01 1.965691826711470824e+01 -5.075718008328875541e+00 -1.867585924410501619e+01 2.461864456540997281e+01 1.249579655464499956e+04
-4.653268689074754860e+01 1.517988517430881501e+01 -1.908841877936968601e+01 -1.909053276194676840e+01 -2.380362441093195969e+01 9.763268843196298619e+00 2.147980260642733175e+00 4.594381924618310364e+01 -2.459895977908870179e+01 -1.242032456717949174e+01 4.357174316331967390e+00 -5.899493588217385565e+00 3.843763861342530674e+01 8.192532674900316124e+03
-4.675882038441676514e+01 5.389121833259779670e+00 -2.369737584646740558e+01 -1.517702018191077507e+01 -1.492446201718915866e+01 -3.539038564262831255e+00 1.402682631924709211e+00 3.862634891818603933e+01 -1.510845053224802115e+01 -7.889872988295202560e+00 6.708133556941768383e+00 -2.040698015662871789e+00 4.303362161826944643e+00 5.094761994625503576e+03
-4.191727935515706349e+01 -1.837777448268967007e+01 -1.988376188107092446e+01 1.266086885923542127e+01 -4.527327829032193307e+01 1.659897400084749819e+01 4.194907914485573208e+00 3.719597975176839810e+01 -4.033383184750231010e+01 -7.091817174859524009e+00 -4.309036792408822869e+00 -2.391307897635761037e+01 -4.038178502152832472e+00 8.660618209594809741e+03
-4.008392609826253050e+01 -2.639910832206021496e+01 -2.104195090681308500e+01 1.498505051580195868e+01 -5.630656972820686690e+01 1.203237993857339205e+01 -1.320694742880935024e+01 4.187432794125231084e+01 -4.617569352860815712e+01 -1.171479130881267672e+01 -7.910900696043758451e+00 -1.745406658260740684e+01 4.817964654749096631e+00 1.087391083280333987e+04
-4.251938581982027898e+01 -3.641213111370839783e+01 -2.010993522739628148e+01 9.847574662042781313e+00 -5.377763104396739635e+01 1.215359702835963773e+01 7.047046030218806045e+00 3.046010798566612365e+01 -2.881675138718903995e+01 5.367015147322365287e+00 2.640592735060842244e+01 -1.443530234406957602e+00 1.993956638684039362e+01 9.608501340571627225e+03
-4.401145331452519827e+01 -3.626587398422885400e+01 -1.744570346574861830e+01 1.071396989381607234e+01 -4.967500089075557668e+01 1.020205737811767044e+01 9.234983891842041714e+00 2.379397401814512136e+01 -1.768145435411141619e+01 6.166660879817805530e+00 1.934202312520506695e+01 -6.505490306727028660e+00 2.523963572587275550e+01 8.298625183063588338e+03
-4.104909113591305214e+01 -2.065186912827952526e+01 -1.746446201017583988e+01 2.524037870316027465e+01 -4.273291333343495779e+01 1.408084365101752411e+01 -1.342440566195913787e+00 1.854691987094645000e+01 -1.975252621693129385e+01 2.414009745739942758e+00 3.738529477057882300e+00 -2.021135809108881531e+01 2.501708756637132325e+01 6.868094159063870393e+03
-4.733664720529392156e+01 -3.842824247141106753e+01 -3.022778356535325273e+01 9.511919731590396054e+00 -4.097233665452331053e+01 8.066996023640339075e+00 1.768076202109945783e+01 3.709190122737853557e+01 -3.542973429513492079e+01 -3.018406450009362363e+00 2.270154585599263442e+01 -1.055195685352568091e+01 1.909077316663091040e+01 1.040944922993094042e+04
-4.714434269278220313e+01 -2.894446432291828941e+01 -3.648323312168177068e+01 2.351211721825798406e+01 -4.275352974026527875e+01 2.492894451642480647e+01 -7.801019870503576037e-01 4.292531645554430497e+01 -3.840712520112166573e+01 -7.140774328944760718e+00 1.436991566899721207e+01 -1.969089278883887673e+01 2.438571343197236274e+01 1.195171162881828241e+04
-5.340940089207817465e+01 -3.420208730678483278e+01 -3.554931324133391968e+01 3.654156351150972881e+01 -5.883370587081456904e+01 1.612644795102839623e+01 -1.507896174927163102e+01 3.374698949000275405e+01 -3.500270424296807192e+01 2.067708201549326219e+00 3.055466933069340030e+01 -8.132788277678602018e-01 2.187051423068332667e+01 1.435112142727461651e+04
-5.189033622493192155e+01 -3.632831434809752125e+01 -2.113254619585232774e+01 2.196707972422092325e+01 -3.660817530551079813e+01 1.396605691971014984e+01 -2.093374863378497874e+00 3.465639077095578813e+01 -2.513070413925570179e+01 -4.352467980723785601e+00 1.762298279495712094e+01 -1.605400629808531932e+01 1.853847719098360258e+01 9.244619447341157866e+03
-5.534650859701781656e+01 -3.079358375153632821e+01 -1.673018648236579509e+01 3.048983069293575809e+01 -4.208433052574793010e+01 1.772491920333272120e+01 -1.289399615422497725e+01 4.377929837869211127e+01 -3.378376539697411118e+01 -1.161413857320814991e+01 1.651803403080676702e+01 -6.201931938110078590e+00 7.733716789555159288e+00 1.103650627206641911e+04
-6.288576999473053775e+01 -2.951667502927304909e+01 -1.917849813485197075e+01 2.661558214661987520e+01 -3.814280069624342673e+01 1.507074351275633006e+01 -1.827600493424170836e+01 4.470572569360056292e+01 -2.802396252757249684e+01 -1.849019411641608812e+01 6.854454025668429651e+00 -4.132898644406028055e+00 2.053781785106470892e+01 1.152976910494235744e+04
-7.560480893351659404e+01 -2.530054239585047782e+01 -2.194854774978032808e+01 2.457401216958389512e+01 -4.075617294276890590e+01 2.010566415399398466e+01 9.996283267641854486e-01 3.303754920934511574e+01 -2.311123427686962550e+00 -1.310275021904217496e+01 7.510061869555369363e+00 -3.147769827140181054e-01 1.638812329956743241e+01 1.110170173431451258e+04
-7.953240350503858735e+01 -2.418415114949830524e+01 -2.526686938924675729e+01 7.117493402228617150e+00 -4.282516694451022232e+01 7.140350166092745532e+00 6.408113677312567091e+00 1.486015233441089123e+01 -7.446601925389514598e+00 -1.546064230331096745e+01 5.191107772515689334e+00 -4.518143733220968628e+00 1.484542506328244471e+01 1.030844855647251825e+04
-8.021645951659458262e+01 -1.502839370891786075e+01 -1.001127419320626188e+01 1.953942588898600619e+01 -3.548166842422399014e+01 1.279435533128498825e+01 9.529743319578946270e+00 1.744408097503832522e+01 -8.440478710563880105e-01 -1.908216747344270203e+01 7.295541109922325518e+00 -3.275394239268996088e+00 1.239951225600700369e+01 9.542846625190162740e+03
-8.202766787885498445e+01 -1.143947880513831272e+01 -9.754629103199395246e+00 1.555007233432313107e+01 -3.388850050409748604e+01 -3.195376669010459469e+00 8.991213893337393515e+00 9.568560109411890835e+00 -2.424305569029811647e+00 -1.861537610857498137e+01 1.160255483978282065e+01 5.815250952458549172e+00 -2.613766901269348963e+00 9.055075364856997112e+03
-7.746594847808073325e+01 -9.887903248813772805e+00 -3.956274957106841583e+01 1.550461898317951892e+01 6.784060572637486075e+00 -8.759296084890435097e+00 2.150239219471308694e+00 7.500429105463795487e+00 1.546564882253189488e+01 -1.362509512256100663e+01 2.882773793823425468e+00 4.782863515339887073e+00 1.038201094192496221e+01 8.651778708877929603e+03
-5.513810375036543121e+01 -7.305502741003863321e+00 -4.781840006714666202e+01 6.923260618572615321e+00 -8.483769349607413801e+00 -7.933647262335467687e+00 -1.443208987529034637e+01 1.606122585323684504e+01 -5.160615984614425056e-01 -2.274167230829426956e+01 1.183132641657372419e+00 9.951772940261424338e+00 1.367985411276553975e+01 6.834303048396959639e+03
-5.110692806743833927e+01 1.843218194175715974e+00 -6.207056136771549859e+01 1.734955164550730444e+01 -3.391408409448660422e+01 7.252466126675080282e+00 -1.378844914288683121e+01 4.242915542049332345e+01 -9.942785275266427192e+00 -1.852856288389110873e+01 3.745972820467570408e+00 -1.589925805975877360e+01 9.266139916420129907e+00 1.075704169469947738e+04
-5.462476619616998619e+01 2.124816138634329832e+01 -2.896800805409427682e+01 2.373833760796492953e+01 -3.168872402508206676e+01 -4.099574997703542500e+00 -1.524350679737005620e+01 3.048513601238097692e+01 -9.601382463686453761e+00 -2.789113438777397036e+01 -7.628597148744228562e+00 -2.379660476966951421e+01 5.285114876611845425e+00 8.543201624904086202e+03
-5.959131440745303365e+01 2.806925545020033752e+01 -7.576930481543371343e+00 9.232379713728620985e+00 -3.157385660117741821e+01 -1.985862209837299730e+01 -2.129858314045959133e+01 4.183092913233011245e+01 3.319570059588626609e+00 -1.865498463388538397e+01 -1.770577691041228974e+01 -2.747258096383911408e+01 9.504549167535262910e+00 9.593985825985022529e+03
-5.816382618130737114e+01 2.091425614534337640e+01 -2.556116869229672961e+00 -1.273325859988237951e+01 -2.574872543351050069e+01 -2.354079117692074874e+01 -2.681737901900232401e+01 2.327931763125231157e+01 7.664530114328743871e+00 -2.381274565261603193e+00 -4.150889270735758529e+00 -1.145416990266006607e+01 -4.575043304661480015e+00 6.701144953259325121e+03
-6.463316518467868832e+01 2.781125157261671887e+01 -1.684048808281637610e+00 -5.775404100320273848e+00 -3.068238380987651226e+01 -2.408376037645972545e+01 -4.322030130468434805e+01 1.940632607458510250e+01 -3.982297713942091755e-01 -8.883762058512651549e+00 -1.695464738476821864e+01 -1.834995493583924642e+01 2.952682845043930637e+00 9.465118260779800039e+03
-6.566421629641945401e+01 2.755910396395792006e+01 1.952728586512576747e+00 -2.556089468204831405e+00 -2.463304280606165619e+01 -3.091209335442073325e+01 -5.097721613726403689e+01 1.677911353758412716e+01 8.956266986304711963e+00 3.487830280762457824e-01 -3.971721592239287002e+00 -1.014873435894035758e+01 4.316711991410806526e+00 9.741941536913442178e+03
-6.731848560283552274e+01 2.987812951295851249e+01 1.159939484349749783e+01 5.876267634925882888e+00 -2.155284703134632451e+01 -2.067570392389481526e+01 -4.470922301917506303e+01 1.980654380722103980e+01 2.288934072481951354e+00 -9.774519317263855811e+00 1.186895121536346487e+01 6.480261693248034582e+00 1.724747560720116368e+01 9.457903014034191074e+03
-7.048844667320102531e+01 2.959281059966388128e+01 1.391674170319989479e+01 1.265349324308799694e+01 -2.100795999091584321e+01 -3.723682820129037196e+01 -4.513480701985528043e+01 6.731484466513663278e+00 1.461732511208259311e+01 -1.211013191700477698e+01 9.606679136264602903e+00 1.572300914756001333e+01 7.156510058603322122e+00 1.085956001516943252e+04
-6.988458791975686779e+01 2.567298624224531878e+01 9.612519075882381969e+00 2.385375680284981925e+00 -1.391155626654311916e+01 -2.816768260552113645e+01 -3.643234951380685516e+01 -1.090498839896982020e+01 3.163919248885255886e+00 -1.863327154283943443e+01 3.136798703006606348e-01 9.133215229391094425e+00 -8.118435711365584950e+00 8.580865202919110743e+03
-7.182466117971486597e+01 2.191082539749299585e+01 5.062875716655963920e+00 2.598556747209339046e-01 -8.459761579488706218e+00 -1.651668370297855404e+01 -1.424918793881986723e+01 -9.270724571043446716e+00 3.627114654209909084e+00 -5.726194447980617497e+00 -5.489168442771803491e-01 7.854140815405662224e+00 -6.738064813889137028e+00 6.451256174845433634e+03
-7.930954821849297787e+01 1.527318643832695777e+01 7.729241824374361691e+00 1.149966722057955471e+00 -1.429610771954219750e+01 -1.351272919582113730e+01 -1.960661715084066614e+01 1.211421043663648689e+01 1.358986427371087480e+01 -2.893500461089105258e+01 6.403805204918279870e+00 1.469185855335203428e+01 1.032686393753358445e+01 8.887906792542702533e+03
-8.303677786182467457e+01 4.589584175978571601e+00 6.568328993487635437e+00 -2.510074114867832051e+00 -1.648079552202820253e+01 -5.761061307111357443e+00 -3.631747024636499077e+01 -6.173697801973526689e-02 -1.087536842452402297e+01 -3.419770888653378904e+01 1.233534690589742056e+01 1.364218193379561228e+01 1.011882966083206981e+01 1.031780063975028497e+04
-8.525834472518023688e+01 2.274494021454704029e+00 1.067029284458583405e+01 6.820426458167515305e-02 -8.584135361256629793e+00 6.738539881454253866e+00 -3.191716204743841701e+01 3.542028909307993967e+00 4.673172862103115222e+00 -1.744166429151960429e+01 2.158797654661175613e+01 1.712762088873174449e+01 3.558343438998545771e+00 9.636473105705579655e+03
-8.531923479999194626e+01 2.658863983570209033e+00 7.503250721232961773e+00 -2.611543821648061314e+00 -2.164736999743506374e+01 -5.805631839375260839e+00 -2.127658964344279369e+01 9.894366181800828386e+00 9.489503018246054467e+00 -2.893369945605050830e+01 9.857735077210167063e+00 7.052512974505064314e+00 4.169122599904794058e+00 9.493970150020011715e+03
-8.794723630898029398e+01 -3.409462153085919045e+00 7.400386420365382634e+00 -6.759452686723332882e+00 -2.085729631968846931e+01 4.268608414412351504e-01 -2.075561472928240647e+01 3.933309383107629564e+00 7.056801564903889101e+00 -1.384268150487973870e+01 1.474335289673298810e+01 1.166437011121498379e+01 -2.748918008480801589e+00 9.330671026312951653e+03
-8.721839710449410177e+01 -1.521211884449330975e+00 5.116745258478972325e+00 -1.240664571987952947e+01 -2.343104808697541941e+01 4.858645983976439986e+00 -9.654813353675299581e+00 1.141713849981212370e+01 -5.640384345297103863e+00 -3.269830766317173953e+01 -5.767638737535954796e+00 6.063257065411567837e+00 9.346773281274122880e+00 9.844039920020986756e+03
-8.758057918426656840e+01 -1.259526891073146526e+00 8.101467739820490621e+00 -7.902649556026179134e+00 -1.422098150851774889e+01 1.302915248011799498e+01 -8.941112644447505531e+00 1.109782233499701753e+01 2.456278442321012001e+00 -1.786017694267641076e+01 8.494581167728583182e+00 2.475651068240791730e+00 -1.779619744853440988e+00 8.781603221174267674e+03
-8.910845630069592005e+01 -6.865176490416327937e+00 2.100827821831161124e+00 -1.724612948866464990e+01 -2.655135590270599621e+01 4.608817856851912254e+00 -7.796349154530236802e+00 2.005893853169439822e+01 1.126707976538389744e+01 -1.016763307323738452e+01 5.538199721472051529e+00 7.301773585949593581e+00 5.913652531769935550e+00 9.827936558555211377e+03
-8.836797300553338630e+01 -4.882598459090056409e+00 1.638811288562104895e+00 -1.929076101855637759e+01 -1.677197440081359758e+01 1.112876421454937947e+01 -8.225833627787295654e+00 2.672146122769121135e+01 -5.846113621784658321e+00 -1.923963117121372690e+01 1.015714203497422119e+01 1.086374511518947195e+01 6.209557247593362916e+00 1.005849447673432041e+04
-8.832636354504890619e+01 -6.512878081440772959e+00 1.316869184895395950e+00 -1.174002129981071363e+01 -1.726404415919031621e+01 1.271401201796890135e+01 1.896258104718234305e+00 1.157015781248875363e+01 5.360710228653617015e+00 -1.124532652678490940e+01 3.045536993284661542e-02 -1.384076687596205391e+00 -7.743484930886265216e-01 8.738394785740185398e+03
-8.878149209028502753e+01 -4.329202561585455022e+00 1.989031890461715246e+00 -1.053818261965064451e+01 -1.617403158885990067e+01 6.996487167467291712e+00 -4.854945297463095777e+00 6.241091636910850227e+00 1.536086165018903271e+00 -1.203814727679718821e+01 4.882201082608956355e+00 6.622990718897309392e+00 9.296153294453214144e+00 8.690371632678436072e+03
-9.066224008797429690e+01 -8.478454506108951350e+00 -2.856918980320835022e+00 -2.626753176117045996e+01 -2.769144292529006535e+01 -1.980105716836794594e+00 -9.591014948277525320e+00 1.614672382386847715e+01 -2.993912227488012778e+00 -1.388279011921910389e+01 -5.643512693941625802e-01 -6.576914033732862208e+00 -2.402410363958614958e+00 1.036415350542210399e+04
-8.984093227930654280e+01 -4.633674058787787153e+00 4.199311634702304730e+00 -2.070247678988175366e+01 -1.832642215862873414e+01 4.791080943663582836e+00 -8.729224965335019348e+00 1.995874087689811205e+01 7.267646803758557539e+00 3.368022970316157938e-01 1.038071034186325292e+01 1.301672272901746030e+00 1.824117410669983952e-01 9.534872620973024823e+03
-8.874910325080108464e+01 -4.089450444339873592e+00 2.577144862522885660e+00 -1.703124309655652979e+01 -2.253730149713326725e+01 5.017212944959117404e-01 2.999986293855435804e+00 8.688522974406703625e+00 -1.366371359178447520e+01 -1.819612112568196949e+01 -7.771395197866835858e+00 -8.267409157772984685e+00 -1.310562503533288670e+01 9.600801820293650962e+03
-8.641484144428500258e+01 -5.114265036448822244e+00 -8.082906896217920689e+00 -7.487285083328953483e+00 -1.840462249527600136e+01 -5.386040597982967526e+00 6.729072462660149689e+00 1.306457320291500324e+01 -7.215282595159488110e+00 -6.877530634405319532e+00 -4.052948488769914093e+00 -1.380824609112591972e+01 4.247382161956704927e+00 8.523271439565342007e+03
-5.729132201994837459e+01 1.527038097944353723e+01 -3.530802185496374790e+01 6.948841237201183851e+00 -2.036811438309923616e+01 2.603699769198110303e+00 -1.299430090701039120e+01 2.675867152199484167e+01 1.826493773112371821e+00 -1.905750449521712753e+01 2.156412918194611450e+01 -1.676122357039436750e+01 4.917485249959782756e+00 7.253597110820697708e+03
-5.351951232469242825e+01 2.922643877569507254e+01 -1.947381956476403531e+01 -2.671666447216086926e+00 -3.468880254388940187e+01 -2.135672485646432506e+01 -2.630999503157474706e+01 2.708562925207093741e+01 -1.808521738352276387e+01 -1.437593801653066095e+01 1.558308601348821487e-01 -1.576144287683433021e+01 9.365831705906920490e+00 8.060069092118780645e+03
-4.519871817233932632e+01 2.180550160377075386e+01 -8.513492306941971677e+00 -1.432741661282476819e+01 -3.429304770373632039e+01 -3.457146271422595163e+01 -2.723682119686716874e+01 1.105362858258062175e+01 9.492864322028882640e+00 1.125478861155490407e+01 -3.054534858088453042e+00 -1.735565001913260730e+01 6.196740791732055165e+00 6.597117838389065582e+03
-4.028693520039318798e+01 2.238079237181664283e+01 -1.124894584829896260e+01 -1.065518707447799684e+01 -2.924741176369607487e+01 -7.058038685758342368e+00 -3.057147407303611075e+01 1.834493508270104911e+01 1.129939177920918780e+01 2.376425960036696594e+01 1.933890510852436240e+00 -5.837200582455345454e+00 3.918890118196179717e+00 5.285974316312785959e+03
-3.825289368742621576e+01 1.807026029315756332e+01 -2.310563317511055104e+01 -1.167450294666994814e+01 -3.852741045401091924e+01 -4.467069670455816599e+00 -3.984251667954011822e+01 1.420841768050371456e+01 1.400150041728982586e+01 3.971219050929850880e+01 -9.224148324008984989e-01 -1.453942371256335697e+01 6.177746277043718592e+00 7.777114151136389410e+03
-4.057808239871886968e+01 2.275330717278755088e+01 -3.673973897389739562e+01 -5.280712473530406292e+00 -5.643701714772461031e+01 2.604711445112649848e+00 -5.838110568135287082e+01 2.317706620160293340e+01 -8.257509050686595575e-01 3.042999936472913092e+01 -2.185582241831795258e+01 -2.032834838255087817e+01 -7.630030980366632853e+00 1.255524224728970148e+04
-4.050861177647091438e+01 1.352662771767869820e+01 -1.663846050068938354e+01 -2.266205431745514787e+01 -3.438340222833453907e+01 -1.998594298647384448e+01 -1.364167624162051062e+01 1.065778632521755043e+01 1.978245803004926628e+01 2.901947292368955988e+00 -6.654527761050234247e+00 -1.176148372631255867e+01 -1.589814573059193670e+01 5.330797585715401510e+03
-5.106662626119846493e+01 2.150025112632099322e+01 -9.080556079733796082e+00 -1.640871999449905516e+01 -3.635777876729013514e+01 -7.799637865618054278e+00 -9.793210677624713867e+00 2.592177189253506953e+01 2.314096799906407753e+01 1.601548337205163364e+01 2.585114074003223017e+00 -1.324950914161743398e+01 -5.871725186784909845e+00 6.581040939434523352e+03
-6.165720664837582632e+01 2.578676987978144197e+01 -4.854900225264063174e+00 -1.566007068249159317e+01 -4.555335668071789001e+01 5.747803974261024296e-01 -5.458568489555028158e+00 3.404218187124484274e+01 -6.562841957051231745e+00 4.872364373438179186e+00 -3.652004986293170052e+00 -2.083746984792977841e+01 3.514955877722436561e+00 8.526184330433679861e+03
-6.024712243991297100e+01 2.314674925753077872e+01 -1.948263616477332860e+01 -1.915802125150901247e+01 -3.453265323198807835e+01 5.875324872903192386e+00 -5.918590403523164012e-01 4.434948097456855720e+01 3.978254852177253387e+00 -7.369829908284243558e+00 1.463127874076342039e+01 -1.455479750357810254e+01 -3.765998892270568277e+00 8.616581095285802803e+03
-6.046702327681169464e+01 2.500934125449359158e+01 -2.539544593930275695e+01 -1.764697473748271861e+01 -4.134441278326097091e+01 4.770231113265347211e+00 -1.838870313856408645e+00 3.733960061954935128e+01 1.209335159338554844e+00 -1.128482321205844841e+01 2.403966678814209601e+01 3.921684401317093727e-01 1.748872945252156086e+01 9.380539997197731282e+03
-6.065566948059439056e+01 2.430367628493982224e+01 -2.221279148080932941e+01 -2.079750528343022253e+01 -3.296169797174795946e+01 -6.481320768943259480e+00 -7.552887974538908811e-01 4.347913434483783135e+01 7.259188393011111629e+00 -1.958050536153167798e+01 8.209505517560794274e+00 -9.171263265010720644e+00 9.255849182821436205e-01 8.803666653619309727e+03
-6.105591241084655252e+01 1.103747622133060702e+01 -2.282764342631370980e+01 -2.596823364734451545e+01 -2.712157136227001786e+01 -1.044814708083196919e+01 1.930445758187988581e+00 3.623214908098162113e+01 1.229386533604155574e+01 -8.345828350262280537e+00 2.411854540400979729e+01 1.139313013728603430e+01 2.941662932640277450e+00 8.147292446545042367e+03
-6.632284931779867065e+01 1.987108052244607848e+01 -2.968761141856787589e+01 -2.461285715169886146e+01 -3.649408771860662171e+01 -1.125880538461093572e+01 3.805890408521242829e+00 4.015105868655678734e+01 1.548594460459552735e+01 -1.413840873090569872e+01 2.620954661575233402e+01 -7.743358871023453993e+00 -8.041977693694086327e+00 1.061718107159905776e+04
-6.697859449530848508e+01 1.353840544909190413e+01 -2.522247279820571464e+01 -2.868934780962449338e+01 -2.838849334194496876e+01 -1.354155827159043746e+01 1.816450749476638871e+00 1.859062417651954391e+01 7.468151961680968398e+00 -1.699380337961576615e+01 -2.130516786784183214e+00 -1.061414288811160844e+01 -1.639980051574204722e+01 8.197578744727155936e+03
-7.238935600462734499e+01 1.426150156419397241e+01 -2.187832473039841119e+01 -2.071297593721051555e+01 -2.794512323656404007e+01 -1.638151936578089263e+01 5.795173999339317206e+00 3.142275336865684920e+01 1.752970702719127161e+01 -2.281102490889308854e+01 1.258207460592858418e+01 3.303096209600087985e+00 -9.418619261106041307e+00 9.507118235800675393e+03
