-1.837872919722830716e+02 0.000000000000000000e+00 0.000000000000000000e+00 0.000000000000000000e+00 2.658533217257963476e-14 0.000000000000000000e+00 6.864338900890931966e-14 0.000000000000000000e+00 7.681979238110637171e-14 0.000000000000000000e+00 6.748200841563957577e-14 0.000000000000000000e+00 3.507168814121481235e-14 3.377776869050522509e+04
-1.837872919722830716e+02 0.000000000000000000e+00 0.000000000000000000e+00 0.000000000000000000e+00 2.658533217257963476e-14 0.000000000000000000e+00 6.864338900890931966e-14 0.000000000000000000e+00 7.681979238110637171e-14 0.000000000000000000e+00 6.748200841563957577e-14 0.000000000000000000e+00 3.507168814121481235e-14 3.377776869050522509e+04
-1.837872919722830716e+02 0.000000000000000000e+00 0.000000000000000000e+00 0.000000000000000000e+00 2.658533217257963476e-14 0.000000000000000000e+00 6.864338900890931966e-14 0.000000000000000000e+00 7.681979238110637171e-14 0.000000000000000000e+00 6.748200841563957577e-14 0.000000000000000000e+00 3.507168814121481235e-14 3.377776869050522509e+04
-1.837872919722830716e+02 0.000000000000000000e+00 0.000000000000000000e+00 0.000000000000000000e+00 2.658533217257963476e-14 0.000000000000000000e+00 6.864338900890931966e-14 0.000000000000000000e+00 7.681979238110637171e-14 0.000000000000000000e+00 6.748200841563957577e-14 0.000000000000000000e+00 3.507168814121481235e-14 3.377776869050522509e+04
-1.023372107406399465e+02 -1.648464072140644276e+01 -1.998648825054158351e+01 1.013646101975461677e+00 7.916567586935746803e+00 7.363824157039731588e+00 8.635786403703752612e+00 -3.519664926894650936e+00 4.106977846192993553e+00 -1.953223073662491061e+01 1.031004164662279976e+01 1.136651788755342452e+01 -3.008228972193073503e+00 1.199191750324960231e+04
-5.551534036520359905e+01 -3.465666331783547438e+00 -2.845864957156708996e+01 3.693280774403692845e+01 -7.059888107233538435e-01 1.867834667077719857e+01 5.515863943135608238e-01 1.536419494313199863e+01 -6.512867325095085924e+00 6.340230626218099630e+00 3.184797947096550619e+00 -1.335532429550451283e+01 8.686700242014113726e+00 6.200215021922925189e+03
-5.192806301947032921e+01 -4.743895046460289144e+00 -3.707600911172544045e+01 3.182712194497559466e+01 -1.073555584893860093e+01 2.348338977792372972e+01 5.081932073228444757e+00 5.666924345164036758e+00 -1.064858328365373197e+01 7.484888581021262866e+00 2.314838695590050222e+01 -3.428082914147259519e+00 1.412143373077658692e+00 6.550295835149012419e+03
-5.157329001602613516e+01 -7.792113587308008071e+00 -3.291021628934843335e+01 3.210330721466224446e+01 -6.529671774577905374e+00 2.096839008068445409e+01 5.977735970983690805e+00 1.103886018070917885e+01 -4.533251517823964072e+00 1.248962520166471357e+01 9.733187723582483741e+00 -2.407910720331729593e+00 -3.581460559656700848e+00 5.764026649094710592e+03
-5.276583348289733522e+01 -3.720007117071188585e+00 -4.549693023497066946e+01 3.545065245316828850e+01 -2.737584901151758032e+01 1.555517962471766502e+01 -1.492321749597821423e+01 1.037450342663710501e+01 -2.529407587525190593e+01 9.606746629414686822e+00 -4.658212006261336136e+00 -1.001222727151119329e+01 -1.179789102098932929e+01 8.439738242056821036e+03
-5.086404480498381986e+01 -5.486035627342497278e+00 -4.721093820035989097e+01 3.786273417085489967e+01 -2.098976747477229310e+01 2.548784103647730603e+01 -3.597804576176526492e+00 1.285009889163471897e+01 -9.426484563625669111e+00 5.201235861175440789e+00 5.644309092214572665e+00 -1.654763439057281005e+01 6.923793580718535789e-01 7.970049868057648382e+03
-5.071911202895851289e+01 -9.942425584237740921e+00 -4.309454401862647899e+01 3.808133535204824938e+01 -9.917728348003556960e+00 1.699460568545327632e+01 1.111355956619930474e+01 7.279494876339835052e+00 -1.400602721911263515e+01 -2.610705143136585527e+00 9.588854372130718673e+00 -1.759773375164865428e+01 -7.972155301475988942e+00 7.210454389069216631e+03
-4.967206850099282178e+01 -7.863209402325466613e+00 -4.252428979451774183e+01 3.258282308274159789e+01 -5.862593158621628220e+00 1.640420496907715275e+01 1.250427947684325680e+01 4.341522641594020904e+00 -3.816211866952774034e+00 1.848303979799166497e+00 1.664576956436140875e+01 -1.285826667714704641e+01 -8.348261964224541032e+00 6.407863641903977623e+03
-4.973778333496261439e+01 -1.036330585190961351e+01 -3.182362844109536226e+01 2.942248628004269051e+01 -5.878670406346122590e+00 1.264062516444673712e+01 2.452811433300294297e+01 1.606160711407803277e+01 -3.541167036963381420e+00 -1.877537307843699210e+00 8.303684142753390063e+00 -6.226935400519496788e+00 -4.348044929086730903e+00 5.656315411282696914e+03
-4.967612994062395870e+01 -2.757245775502783047e+00 -3.594215941221654731e+01 3.930313280581242452e+01 -1.326199632249815252e+01 1.389655325035269939e+01 6.332387360477838456e+00 9.932781440164292874e+00 -1.753721880389421983e+01 3.096953273433821874e+00 8.661525353977184594e+00 -2.348122155682199974e+01 -7.780306103403586526e+00 6.823717490502158398e+03
-5.218490100569063372e+01 -3.840431903755385790e+00 -3.876082010904350028e+01 2.938704414126095088e+01 -1.603779672253081046e+01 1.835121505472156755e+01 2.005877614315940249e+00 3.041392500869284365e+00 -7.623424452475894952e+00 1.269204517866197257e+01 1.956717854174231519e+01 -1.053254353886388017e+01 -3.007073323652471597e+00 6.433320030769094046e+03
-5.283446005768180243e+01 -9.705556152944918580e+00 -3.422212569464429777e+01 2.502560314670614972e+01 -9.629359694157518135e+00 1.561195603906559448e+01 6.416607356967442222e+00 6.660335442169481368e+00 -2.146500238513406433e+00 -2.981610020745221190e-01 7.707897220462920806e+00 -2.330746553540213029e+01 -3.449919412589482093e+00 5.724351283857729868e+03
-5.225797601263265335e+01 -4.370996789300148677e+00 -2.728791843467814004e+01 2.301501447889557994e+01 -1.640399140381740395e+01 1.812308688212695884e+01 5.816363443051514537e+00 7.521042976638137034e+00 -1.321500480357541463e+01 8.638169557927739550e-01 4.998681013266754292e+00 -1.495742109284581467e+01 5.390171633895413095e+00 5.165404176657712924e+03
-5.297524685186632354e+01 -1.976943121678591986e+00 -3.135036248175131846e+01 3.117342637876290468e+01 -1.403243504589774204e+01 3.027122165936488685e+01 1.250265629700155090e+00 2.283344348613421460e+01 -1.849022810086568924e+01 2.699575981319441809e+01 8.768692740851804501e+00 -2.697260453287178894e+00 -5.792962109387715941e+00 7.589481402149773203e+03
-5.340035755825024921e+01 -6.418583759203468908e+00 -3.474685806988307490e+01 2.805867037209156223e+01 -1.534882503475380489e+01 2.020956115386212915e+01 -1.644763535009693634e+00 1.738945009938707997e+01 -1.612972718865758992e+01 3.361337533567771096e+00 3.120368996465916922e+00 -1.756719528731157709e+01 -9.270622406128650184e+00 6.512294729354275660e+03
-5.212957270738210269e+01 -4.538067610189129297e+00 -3.041580359194120931e+01 2.722345968644511061e+01 -1.689135912770057502e+01 1.327660711997974730e+01 5.991521895322203584e+00 1.880733761688906824e+01 -2.165597933544622222e+01 5.744646740323567258e+00 9.331996352148939522e+00 -8.895269012442655665e+00 -1.105517588444378774e+01 6.045936154093572441e+03
-5.140476625965107615e+01 -5.504306374361555676e+00 -2.738938535425899445e+01 3.116725041928882334e+01 -4.637055544191903245e+00 1.258482555856307883e+01 1.106837589185393789e+01 2.158031075483581418e+01 1.943463864121153684e+00 -1.471801390364750883e-01 4.930265918039049566e+00 -1.311188856292607419e+01 -8.389013560419575910e+00 5.432825593283538183e+03
-5.117053289697363994e+01 -3.046955068101989017e+00 -2.638176499450567647e+01 3.906237442431705631e+01 -2.532528062766512100e+00 2.356279976940357557e+01 5.155304554950256024e-02 2.174571888117905871e+01 -2.439795441489343020e+00 1.424308211231644350e+01 1.393854134234994291e+01 -6.269702854956157090e+00 3.057584855623023845e+00 6.335831094421317175e+03
-5.123070962487080493e+01 4.064089535715861290e-01 -3.320422040228419291e+01 4.642668892718340601e+01 -7.749982538590744596e+00 3.533585226621182329e+01 -7.919554322179307437e-01 3.020728707201270069e+01 -8.704897405526933696e+00 2.542987971834938676e+01 1.146807058259115486e+01 1.023970072316496882e+01 -1.798039120136118996e+00 9.066555624351192819e+03
-4.891743414420568570e+01 -7.184666236108724569e+00 -2.649534857694409595e+01 3.556913138488436488e+01 -4.779135688311043850e+00 5.521556483902531065e-01 2.869551965786562686e+00 1.242959959373920142e+01 -5.117747339217795677e+00 -2.631999702023013032e+00 -1.074234035499026518e+00 -1.142835402834836600e+01 -8.811128288752829718e+00 4.840091680738960349e+03
-5.093678077864760922e+01 -7.088317463034666588e+00 -3.831051071572927214e+01 4.236088348692501171e+01 -6.302722025113794757e+00 2.495719539159532374e+01 3.959802501921575679e+00 2.463086626279957869e+01 -1.218032770147753041e+01 9.197241758785189347e+00 -5.782040712825972761e+00 -1.495008877930175117e+01 -1.348463106606770623e+01 7.863607140278537372e+03
-5.166785477565930051e+01 -1.123634292911329879e+01 -3.399863939227572729e+01 4.252013744500224846e+01 -5.902347997611482100e+00 1.920604362199321002e+01 1.668317256886155953e+00 1.263120262131409532e+01 -5.028214509383653663e+00 4.780204236524057571e+00 1.374582115737945109e+01 1.007112556967883155e+00 4.768852175415300820e+00 6.586569693791555437e+03
-5.098884931688898803e+01 -6.881352987036481572e+00 -4.125095043612972034e+01 4.680301578999239354e+01 -1.455017728011532796e+01 2.170282713563626587e+01 2.469153703256186994e+00 2.212279726552669246e+01 -4.792131845828359715e+00 5.283748099627492145e+00 1.711564420617756355e+01 -1.759362870101391252e+01 1.176089575387502473e+00 8.372360971697960849e+03
-5.127025262392016458e+01 -1.304028493224168450e+01 -3.045100579250933492e+01 3.636577404503745470e+01 -8.287274535536306885e+00 2.032522228943846265e+00 -3.189780320477265674e-01 2.150780748547067578e+00 1.004923253965535723e+00 4.914898914000095154e+00 -9.362374232011267533e-03 -2.163465784618778187e+01 -1.274185893040914230e+01 5.781538360415861462e+03
-5.234267204126907558e+01 -7.898184064217727673e+00 -3.287835108276198071e+01 4.418320730732423840e+01 -1.249529538989169808e+01 1.314982629537689895e+01 -4.333825922102998440e+00 1.339632929070636003e+01 -6.231376897150823879e+00 1.019766855106620795e+01 7.292966504932045790e-01 -2.078961624869817726e+01 -1.354637391000810887e+01 7.121639195276877217e+03
-5.216879153055676710e+01 -9.134701274221042056e+00 -2.425026012769255601e+01 3.971812934108301363e+01 -1.316206748786950875e+00 8.201940962686572689e+00 1.562064575468265160e+00 1.523466478447144290e+01 -5.116474162517167246e-01 4.384379622741245264e+00 -1.855614221716156420e+00 -2.096242037131698055e+01 -1.015103238554248222e+01 5.839564182548635472e+03
-5.580047312466146536e+01 -4.430128041865247113e+00 -3.341320216296964674e+01 4.505403591405168129e+01 -1.158209313943164709e+01 1.998103559901582216e+01 -2.816371691867436855e+00 2.751418477145672270e+01 1.007524810821972316e+01 2.101421949281683510e+01 1.485382884021302097e+01 -8.867067476174753438e+00 9.478895820678015838e+00 8.510194672730860475e+03
-5.573709648104883740e+01 -3.076834178036474299e+00 -3.435862682799567835e+01 4.002467779950311666e+01 -1.720010688497403351e+01 1.414893570947585388e+01 -1.385688128158831489e+01 1.696308845692886180e+01 -1.033674505233266849e+01 6.928793557221012200e+00 -4.104346188792099781e+00 -1.168809892828129193e+01 -2.584209939319273452e+00 7.189368424212149876e+03
-5.545599457899862017e+01 -6.583855884661155011e-01 -3.488918038139281919e+01 4.033236748622184109e+01 -1.154425712753873157e+01 2.230212523664632585e+01 -2.990874570856968617e+00 2.075548409199308963e+01 -1.009950279971993758e+01 1.034663215543017856e+01 3.023466486262808672e+00 -7.217860719368882627e+00 -3.591991267786475817e+00 7.273339712334346586e+03
-5.344866602998899197e+01 1.402309507989830228e+00 -4.103668349508512136e+01 3.564448276662643167e+01 -2.441832556028288792e+01 1.146684399100704077e+01 -1.431271564319148482e+01 -2.686465732139296403e+00 -4.796673070587265997e+00 -1.423611603119229052e+01 7.101774815424438669e-01 -2.497894295329472314e+01 2.206857288743638845e-01 7.603254695322331827e+03
-5.321808497955221640e+01 3.343341028426649153e+00 -3.868044085537243149e+01 4.310964869998788629e+01 -2.568520555522069415e+01 2.090628247379085636e+01 -3.081532885201871963e+00 1.428383388141248389e+01 -2.694175980876206911e+00 1.210862011393262661e+00 1.058289302710566560e+01 -2.562341133602734189e+01 1.290849405611288425e+01 8.452197823629459890e+03
-4.774449993558815919e+01 5.304247642531877638e+00 -2.977647987531567608e+01 2.627913665857820646e+01 -2.055113319612689082e+01 1.451474979379112895e+01 -4.877349863775719996e+00 -1.272357675314135150e+01 -1.957799552975642143e+01 4.150390186101129864e+00 3.572098690759501949e+01 -4.987643424913635215e+00 5.022291434692554901e+00 6.430221630247743633e+03
-4.503256455213393394e+01 1.032066766384569689e+01 -3.464985360389529490e+01 2.632172809436021055e+01 -1.865927361774668114e+01 2.442031827290526635e+01 -1.944367637598083931e+01 -2.101301802580462308e+01 -2.875007767085608634e+01 9.270538635631742963e+00 3.334150137685036697e+01 -6.238477488110104829e+00 4.935002846360355022e+00 7.879456111073815919e+03
-4.288708564368199205e+01 1.247965732457505439e+01 -3.701018040818667743e+01 1.870625901599840191e+01 -1.977210859927037134e+01 2.371547675592373139e+01 -1.018787727949247390e+01 -1.786704477203490526e+01 -1.939980942360148575e+01 1.806035144341447563e+01 3.845811836188075716e+01 -9.951933144764552708e+00 1.009437477743382594e+01 7.473598934070763789e+03
-4.254617708535446496e+01 1.212977715763801534e+01 -4.051970548766306024e+01 2.626984210642498496e+01 -1.477518002350562654e+01 3.159912790828073881e+01 -1.814773915785984926e+01 -3.116192221261284345e+01 -3.992631298554817221e+01 2.993945952736954297e+00 2.770395129275479817e+01 -4.728907001434468960e+00 6.851270416278219422e+00 9.246362043357667062e+03
-3.879791110852306701e+01 4.626813561394524044e+00 -2.522753653402469354e+01 1.138439128014298696e+01 -5.722150223220825005e+00 1.686097099878244876e+01 -9.304196546394816636e+00 -4.963431776232328474e+01 -4.967799290695221259e+01 -1.130767772662771264e+01 2.195228218697642930e+01 -3.967061674346989975e+00 -1.952835251567788033e+00 8.257107585712770742e+03
-3.920025249111017018e+01 8.581315253368762441e+00 -3.108654134740897490e+01 1.041688499001563883e+01 -1.700762413744451962e+01 1.521137907046483129e+01 -1.198166675481069454e+01 -4.451416671933541380e+01 -4.448787723864663235e+01 -1.040127090505360208e+01 2.167032317864497060e+01 -3.890318031880442007e+00 -1.105942788489097950e+01 8.025306105488357389e+03
-3.917595104818314411e+01 1.202692824486160283e+01 -3.062923007100935635e+01 1.460404141465077288e+01 -1.043757745229253153e+01 2.286426908797984225e+01 -6.636549160124848967e+00 -3.079784212107138686e+01 -4.649778214134021681e+01 -1.640522994660053513e+01 1.895814801674346484e+01 -3.000599978225636733e+00 4.205599171132111458e+00 7.272375946496385041e+03
-4.381251332190392134e+01 1.657730632255334768e+01 -4.424144390187073128e+01 2.636561282415453178e+01 -2.860610254119736950e+01 3.181930358804279990e+01 -8.843404632286453904e+00 -1.956264997147858864e+01 -2.964417813644408994e+01 -2.082759056609677728e+01 2.634344058631253915e+01 -8.255995727045142729e+00 1.303179166608444461e+01 9.383006317003828372e+03
-4.117718596534611208e+01 3.368707787069659787e+00 -3.185382919063783547e+01 3.233459693171269578e+00 -1.121194172566862157e+01 6.273186211140908242e+00 1.544149191281251277e+00 -2.744359702653157385e+01 -3.513834275149902453e+01 -1.552360967979306317e+01 -6.829436108503010416e+00 -2.203027481668660670e+01 -1.028533012800138025e+01 5.766074259565303691e+03
-4.249541760405222135e+01 8.137467205590045438e+00 -2.839371102413056391e+01 1.224532891957317382e+01 -9.364475071129504613e+00 1.977312602126438179e+01 2.849021558679807331e+00 -3.440707892122857459e+01 -5.171077951381715110e+01 -2.724232597348525076e+01 3.588186370877630704e+00 -4.033730947404574607e+00 3.017920693790647757e+00 7.953266660153747580e+03
-4.464610598738841674e+01 1.896526910391474985e+01 -3.640067626348584895e+01 1.990887293856429707e+01 -1.624366515934606525e+01 2.904102879949343574e+01 3.012324086221851882e+00 -2.350653544881380341e+01 -5.532563363057412431e+01 -3.206724086992974776e+01 6.309638600464572811e+00 -1.264521842979628730e+01 9.227389756132335918e+00 1.011728946664467185e+04
-4.512743996069705332e+01 1.519828005899245760e+01 -2.884275761798920712e+01 8.453474310110085099e+00 -1.542655754082484520e+01 2.039865782714455378e+01 1.381020684014287347e+00 -3.423715265467397728e+01 -5.181058651403470350e+01 -4.080491352229230984e+01 -7.569223439249277874e+00 -1.606478937603810309e+01 1.658316469236858826e+00 9.666511664989999190e+03
-4.458157653737483628e+01 1.267446181128495653e+01 -3.049783301020934800e+01 5.691306363381761990e+00 -1.837929406736740390e+01 1.933946214826290344e+01 -6.608605592857091260e+00 -2.469331042754741290e+01 -4.977428889258129630e+01 -4.625019492239664487e+01 -1.715950200879586873e+01 -2.751421545929434842e+01 1.793703995932589113e+00 1.014717253023323065e+04
-4.263234275437596921e+01 1.726066608498259214e+01 -2.519449763198255710e+01 8.984846628064307339e+00 -1.192670854303132089e+01 1.777644148699077320e+01 -2.966096723805436319e+00 -2.066267121079272684e+01 -3.089196801095754097e+01 -3.295255599507059685e+01 -8.442037588168471274e+00 -7.437598920028062999e+00 1.412266737527629701e+01 6.091149626559021272e+03
-4.181500838795259511e+01 1.358667677228360304e+01 -2.514023225476792334e+01 4.006551296771702297e+00 -2.333213352599937451e+01 4.842980702730217857e+00 -1.198794216027481774e+01 -2.467743538791490465e+01 -3.914821617396783182e+01 -2.902593610649149625e+01 -7.521489667763341380e+00 -2.017715011082003329e+01 5.780216351170646583e+00 6.773894825786303045e+03
-4.009228863331213688e+01 8.242021647954594243e+00 -1.814989668452998473e+01 5.303106028023737650e+00 -1.420226905359885272e+01 5.117509868505920601e+00 -5.864169770474517485e+00 -2.341819844449085508e+01 -3.778569706577238208e+01 -3.003909140928386634e+01 -5.495743188861297313e+00 -1.259476814885543305e+01 8.554606739419151396e+00 5.435676660742389686e+03
-4.086759510624217029e+01 1.222484694087106938e+01 -2.230130492733538006e+01 1.908385234134933484e+01 -2.271050548851847140e+01 9.833568895023125478e+00 -4.358431537093468755e+00 -1.507490846576057208e+01 -2.768487216109654980e+01 -2.535080025691766537e+01 5.275472994916859948e-01 -1.279358798523465879e+01 1.302609869786695107e+01 5.282612428833784179e+03
-4.149310905570214913e+01 1.159131153591738084e+01 -2.021165130144148847e+01 2.171199705085840037e+01 -1.627579899744472058e+01 8.497971130143127994e+00 2.409307903559068098e+00 -1.921899809247079105e+01 -3.035870362166835079e+01 -2.335619841375892491e+01 2.932131622675199001e+00 -1.266785513717197276e+01 1.038259450771006520e+01 5.192283173356917359e+03
-4.439174526603405013e+01 1.373298568537038555e+01 -3.103016574229537028e+01 3.098312814817191452e+01 -3.121955229192191794e+01 1.265890204492522386e+01 -7.958932233175737281e+00 -1.280834864779811078e+01 -3.620260138166533892e+01 -3.372776574451390985e+01 4.001069570227923755e+00 -1.928650520435782312e+01 1.651033079870593312e+01 8.553113395809088615e+03
-4.426264082277231893e+01 5.997209181950903023e+00 -1.894510325153174435e+01 2.326374918287723048e+01 -2.028037323991341623e+01 6.925686130315679423e-02 -2.371362550719918971e+00 -8.924510687586836966e+00 -3.768662432079082691e+01 -2.765916069809201616e+01 -4.749824207123875652e+00 -1.548957626696772039e+01 -1.941824256838340645e-01 5.839671773418222983e+03
-4.654115887019544573e+01 4.634885021843759390e+00 -2.122604751786122179e+01 4.256801801471365820e+01 -2.811197800703170913e+01 4.954164865239733651e+00 -2.101421573706586443e+01 -1.392471476173085643e+00 -2.823062169801190535e+01 -2.284006263824273830e+01 -8.874913233804399226e+00 -2.109356188111649999e+01 3.482251248705715341e+00 7.562971150187957392e+03
-4.667789135973846726e+01 -6.104794217476229967e+00 -1.820469002385083357e+01 4.038290942762127855e+01 -1.501334917773255029e+01 -1.061089567088531416e+00 -1.972333091986343234e+01 -1.392425708693735054e+01 -3.477783631209400994e+01 -2.503448258145358807e+01 1.949616417847828576e+00 -2.013644405042639818e+01 3.749976154077880874e+00 7.247268370533462985e+03
-4.561933445996484693e+01 -1.168333931385815383e+01 -1.702027933507099178e+01 3.773763528088673525e+01 -1.192623095936633248e+01 1.178153880892333305e+01 -7.686656217933303559e+00 -8.012274180398469170e+00 -2.336286543160018780e+01 -2.239581736369686027e+01 2.884468696648071706e+00 -6.962954648527493795e+00 -7.522176666823834346e-01 5.440528827367425947e+03
-4.477077477832775543e+01 -9.613242308616765541e+00 -1.768097970995273727e+01 4.650891545202005517e+01 -2.196566762214717627e+01 2.373554339236227406e+01 -1.680052694655609713e+01 -5.667838802925412089e+00 -1.313760724739959507e+01 -3.581309501104039672e+00 8.558392036516616841e+00 -9.806496996529586951e+00 3.301495098052616761e+00 6.298517467963843956e+03
-4.658176096835165225e+01 -1.783790752660534906e+01 -1.804268649920423329e+01 4.548079081223042408e+01 -1.140837231623910775e+01 2.941203121659816233e+01 -6.398122048557370434e+00 1.159923536746710582e+01 4.007814874752257062e+00 8.242655628586144090e+00 1.624833914906836085e+01 4.876158349385005586e+00 1.505261550471420184e+00 6.426844244473515573e+03
-4.586004719079465275e+01 -1.328370580634520159e+01 -1.885576275378406308e+01 4.407995728928050738e+01 -1.787629819836017830e+01 3.313716943567273887e+01 -8.652985450501299525e+00 8.542457553040781804e+00 -1.072810446622352476e+00 6.734824188458041760e-01 1.055778040776020354e+01 -1.003660433045812894e+01 1.515694501255619642e+01 6.587202602241680324e+03
-4.727215736765658249e+01 -1.192127145166998758e+01 -1.897158674863774408e+01 5.491906936365732861e+01 -2.278928505306609154e+01 2.575595311695104783e+01 -1.443745260700594457e+01 1.387129122762022249e+01 -1.189322507423978159e+01 2.132444294378841310e+00 1.678859474840251309e+01 -2.053307512391025824e+01 2.826414363056823476e+00 8.193821078198739997e+03
-4.553159168387004030e+01 -1.351976407461482843e+01 -1.625851160610850599e+01 4.203289084305315981e+01 -1.317902387122542862e+01 1.528153587559673987e+01 -7.179768502982947220e-01 -4.131514086299314492e+00 -1.900677183109191049e+01 -8.534993453217529336e+00 7.582299281720385198e-02 -3.846396326312195413e+00 -1.342478214663057168e+00 5.162516132756038132e+03
-4.859130428553775261e+01 -6.585739910113882267e+00 -1.871913249088555986e+01 4.082052366391115328e+01 -1.237172769258556748e+01 1.283458127148970540e+01 -3.545120286845604429e+00 -2.828964596418364508e+00 -1.242470078857281379e+01 -9.992389511548211090e+00 3.576498133271963198e+00 -1.136855829001875051e+01 1.074439411679776413e+00 5.156975851166883331e+03
-4.850029286149442953e+01 -5.604124146820123720e+00 -1.929100535918435355e+01 4.397334888495647220e+01 -3.960349630404127907e+00 1.203283218951371936e+01 7.887042116586514551e-01 -1.158972851331799525e+01 -4.369985368777850709e+00 -1.215084253956227656e+01 8.805771801570900337e+00 -8.498506204800740704e+00 7.653032894240037187e+00 5.359975079831093353e+03
-4.005994060059430240e+01 8.432276878023898803e+00 -5.949432476357641519e+01 4.575386192159140109e+01 -2.591380064103532632e+01 9.582923377412813082e+00 -9.897018545704815651e+00 1.161009042929749935e+00 -7.419092714801018396e+00 -1.386114906334638519e+01 6.193578582380900421e+00 -5.876277381797121890e+00 1.135909735277121158e+01 8.620643630558035511e+03
-4.860792759695942067e+01 5.841619396092210259e+00 -3.629074174973028732e+01 4.833209202749992528e+01 -2.150125531595798378e+01 2.766671324363102968e+01 -1.083794659446796693e+01 3.814187591539023869e-01 6.431141412576087957e-01 -1.818572141568190581e+00 1.528936518664537481e+01 -1.502203564456126728e+01 1.034626257051622211e+01 7.965413959789992987e+03
-4.463161263535907608e+01 7.735738173931625550e-01 -3.392939145047797211e+01 3.062293311319747957e+01 -1.060687874540488274e+01 1.702090192138156155e+01 -3.661032532243631898e+00 -3.648007452585506627e+00 -9.883514585723700563e+00 4.837289483304608062e+00 2.587751331296484381e+01 -6.675020605366862370e+00 -1.301806977799793374e+00 5.347454522915808411e+03
-4.778759235749240730e+01 -1.502879644452174812e+00 -3.657477710908820967e+01 3.669736517536900067e+01 -1.428337702918571495e+01 1.431796194397348287e+01 -1.520656170499915127e+01 -6.289388638848611102e+00 -1.065108059866939350e+01 -1.781371931747809256e+01 -2.666465339761760478e-01 -1.271422305020659849e+01 -2.791294793152536258e+00 6.250426392478821981e+03
-4.930550198587023658e+01 5.845904690920055380e+00 -4.144644015446650798e+01 4.993762897873582318e+01 -2.955831817946558715e+01 2.013013631633356937e+01 -1.454858786291272033e+01 1.240948424765177194e+01 -1.510998380406534025e+01 -9.983269483763084651e+00 9.700821311433218241e+00 -2.217917520188017022e+01 1.045529187600339149e+01 9.344666742148956473e+03
-4.655392002346702895e+01 -2.243970658245600713e+00 -2.676197825468968361e+01 3.409832652465252067e+01 -1.173327891235120646e+01 1.146275895184699634e+00 -9.373806230500612457e+00 -4.106336836834207027e+00 -2.538803717279929373e+00 -2.169149253129006194e+00 4.537183672725606520e+00 -9.983435875517463032e+00 -3.213297583509354016e+00 4.436647295398184724e+03
-4.467813216575068225e+01 -7.539253989661837130e-01 -3.101342344583975574e+01 2.644509178058087784e+01 -2.050643833790833170e+01 -8.611159362434936404e-02 6.480862151466933341e+00 -2.877870794589745262e+00 -1.276018006901854562e+01 -5.452097998603504081e+00 5.898526088974027637e+00 -1.467277215965697579e+01 -6.479310071454936093e+00 4.613296233345189648e+03
-4.328207794239498440e+01 4.832332963704766726e+00 -3.382792520365385514e+01 2.966834899077923993e+01 -1.982378833478148294e+01 1.288466161611685834e+01 -1.572906609496456998e+00 4.306097736591651071e+00 -1.841880045372658614e+01 -6.930853983888251690e+00 3.734887708073795221e+00 -1.581536945565333419e+01 2.755671108464913255e-01 5.152682951673155912e+03
-4.259145830433487845e+01 1.084724576338337343e+01 -3.860249070316093167e+01 2.168053127916426703e+01 -3.227094725466530178e+01 2.002322850858609016e+01 -1.738405068191125480e+01 -6.902551361594106538e+00 -3.003238388746368770e+01 -9.859852538673901989e+00 1.770243659568706462e+01 -1.306228110223984018e+01 1.489126013386444791e-01 7.167269334236201757e+03
-3.788818946964851619e+01 1.113864404913046613e+01 -3.874373859319842950e+01 1.627063314377629766e+01 -2.260277034609550384e+01 1.388552132061092514e+01 -1.323408865295281700e+01 -1.809329008751269896e+01 -2.654303090449776548e+01 -6.198106952423644955e+00 1.947080344230635518e+01 -1.096657708849669355e+01 -1.757716290660807035e+00 5.777012839623364016e+03
-3.723865134102489094e+01 1.140339679868725220e+01 -3.928753874641490995e+01 1.028312031610686894e+01 -2.102217299078362345e+01 9.310205407119209298e+00 -1.605904245626977200e+01 -2.655275602786635147e+01 -1.959607856057271746e+01 -7.039570769399064787e+00 1.875809900961819565e+01 -1.302282696572855336e+00 -4.991843072205453424e+00 5.469603823201634441e+03
-3.708303379601142069e+01 9.934262914758795304e+00 -3.983793815188123943e+01 5.602573847852157840e+00 -1.810583794075953890e+01 1.355090797799665481e+01 -1.515680155434687393e+01 -2.737902725843835228e+01 -1.626394027828034439e+01 -2.319233017596123769e+00 1.695356826200897515e+01 2.269758859971025000e+00 4.693147711640546227e+00 5.167574879336440972e+03
-3.952371656862449356e+01 9.742791384626912077e+00 -3.903933781192822039e+01 1.739960748543059665e+01 -1.156949903591085693e+01 2.563857495065905567e+01 -2.378442207733583302e+01 -2.915173871761787794e+01 -1.569616189837548248e+01 6.572990937381121945e+00 3.435110136594919084e+01 -6.036764824399512896e+00 6.536676345308833902e+00 7.239317370502902122e+03
-3.980921028975727438e+01 6.185249434416225434e+00 -3.690376180558243391e+01 2.135974646876550764e+01 -1.134198428542485182e+01 3.661884256165561879e+01 -3.446377601324489603e+01 -1.218799129879079146e+01 -3.190702685338211353e+01 2.749171819131613503e+01 1.561693644167477757e+01 5.008730034115356666e+00 -6.532155033007275291e-01 8.290291868754728057e+03
-3.690969387126571633e+01 -3.827364775213227155e+00 -2.211817986289548443e+01 1.449696834468523932e+01 -6.669871209309696347e+00 2.730049490750162988e+01 -1.755049367356685863e+01 -9.538925111355711195e+00 -2.351968356450625919e+01 2.011434364274982656e+01 2.174984906726405853e+01 3.144135149562442777e+00 -7.549621763821510179e+00 4.762865963253942937e+03
-4.037961443660100969e+01 7.403558843271965451e+00 -3.284666184786637899e+01 2.660185312992967255e+01 -1.916590768330031835e+01 3.391747112984537438e+01 -2.141745884416149437e+01 1.254888253842843415e+00 -2.696009759013009699e+01 2.488407838940834793e+01 1.853650532320691013e+01 2.687112475211114848e+00 -6.150676288955494897e+00 7.184614524351236469e+03
-4.083963962536627434e+01 1.337291920045649007e-01 -2.344007700928191085e+01 1.391594135788185405e+01 -8.778066274178041084e+00 1.347481507330329187e+01 1.475012746151384224e+00 -1.855937730618355985e+01 -2.194380753720261623e+01 9.517645623677944755e+00 2.657629401805698066e+01 -7.965365559830678066e+00 -9.027102619113923865e+00 4.439587221051495362e+03
-4.556206416690370986e+01 1.499723899293734242e+01 -4.144126134839081033e+01 4.358217348300334493e+01 -2.641215560689639830e+01 3.218134531544266252e+01 -8.486359419757501854e+00 -1.024940314070339298e+01 -1.587393758431683644e+01 -6.634426397749097148e+00 4.159693994038482856e+01 -1.003765722431261764e+01 3.633826670374583068e-01 9.955101897242615451e+03
-4.473036748769279569e+01 8.808919769807793898e+00 -3.084590807005337965e+01 3.456951681100306928e+01 -1.183841672134972534e+01 2.070102770082664634e+01 1.091821442233721795e+00 -1.278686885084190017e+01 -1.332588249162121485e+01 -8.149068342045717728e+00 1.865404700537926885e+01 -8.749661129452558583e+00 -3.248967383224356631e+00 5.637373415356676560e+03
-4.462503298452735123e+01 9.008046484475828564e+00 -2.962936129716227640e+01 3.859730067034573153e+01 -7.805707764430046325e+00 2.594967456201889888e+01 -1.189020435930809505e+01 -1.307210716922672056e+01 -3.013383347935667800e+01 -1.164534311076025830e+01 2.382230275412614517e+01 -5.425437955447500293e+00 1.067352305834853965e+01 7.241284285703395653e+03
-4.388218303393735198e+01 6.524461812460844001e+00 -2.472992628453172870e+01 3.521564834535584509e+01 -7.698071987531948324e+00 2.181699677097216039e+01 -1.166949953464433953e+01 -1.570555947060176294e+01 -2.698317337210283995e+01 -1.246352537126526983e+01 1.915032454268555995e+01 1.380595746669737167e-01 5.866994977899548935e+00 6.022615940808055711e+03
-4.304850920893750299e+01 3.046950042307860596e+00 -2.211500654291659984e+01 3.200659939463899661e+01 1.010250348065940162e+00 1.154299383121316325e+01 -1.168748559208903259e+01 -1.209029852380979442e+01 -1.775839294079555586e+01 -8.502349205311931613e+00 1.785530691832039096e+01 -4.948059801473133845e+00 -8.500122424660961906e-01 4.524656182695246571e+03
-4.540368315625538287e+01 9.947173297408674841e+00 -2.908533414087635194e+01 4.556009394622167008e+01 -1.553921568662431163e+01 1.845756218701585283e+01 -1.250519989823952294e+01 -6.630336088068328415e+00 -2.061501571150783718e+01 -7.558924535610299422e+00 2.113343491708895527e+01 -1.183518148483334365e+01 6.632280441680356908e+00 6.977406679367578363e+03
-4.647805185743266776e+01 1.039900790299402011e+01 -2.797436247555816990e+01 5.080189810290446673e+01 -1.519812919007971885e+01 1.578401123609186207e+01 -1.245997008613010948e+01 -8.528909792501790932e+00 -1.951949915062517249e+01 -1.191456909467941827e+01 2.010311401143810528e+01 -1.293887945651133009e+01 9.121131535858626904e+00 7.517570413820445538e+03
-4.561160800457731312e+01 4.948659919331622525e+00 -2.058086004511899247e+01 3.771979150382976087e+01 -1.234719849964907468e+01 -3.466259221652409295e+00 -9.822888744780316372e+00 -7.358733454732738544e+00 -1.131626028443357157e+01 -9.519085089496774899e+00 1.018727484880890266e+01 -8.782308756514620285e+00 -7.072772718558073990e+00 4.715975213815579082e+03
-4.584308539149202488e+01 4.328280032476746086e+00 -2.145821347721619077e+01 4.110783575838449622e+01 -1.200471757638600678e+01 3.670716708757836955e+00 -1.135213248006410147e+01 -1.108007517361522076e+01 -5.882565117229709095e+00 -2.657543846814175215e+00 3.627058655253005082e+00 -2.396627887243165489e+01 -1.048644822623163897e+01 5.419028741103333232e+03
-4.822805799885730949e+01 7.476648661373285876e+00 -2.713546572458775685e+01 5.062941725005794069e+01 -2.254807609511854949e+01 1.136428894807958478e+01 -2.262943847171309031e+01 9.918300076494562800e-01 -1.075257811143010400e+01 8.697433747738642751e+00 6.609535891378345518e+00 -1.818147749279057024e+01 8.130715205132664491e-03 7.397670700380831477e+03
-5.006494515031716475e+01 6.973855711641782307e+00 -2.979280015906975621e+01 5.440702094646301390e+01 -2.827719458523939977e+01 1.238260411817305773e+01 -2.628378635145648090e+01 4.761782652821572981e+00 -4.959020220218508079e+00 -4.720565385089990684e+00 5.982410334787936712e+00 -3.455775778253343589e+01 -2.798298917018070764e+00 9.354042835637266762e+03
-4.814000641586090268e+01 -2.727804711862038545e+00 -2.439613251967081808e+01 3.765285019924754550e+01 -7.083145016977398178e+00 8.689777084399432638e+00 -5.427600079000809430e+00 4.275345406026278994e+00 9.321408865728114890e+00 7.632404662075471968e+00 1.335080414632647816e+01 -1.300184973551049694e+01 -5.904667862118595067e+00 5.038529571004030913e+03
-5.109350709980897420e+01 4.282015300106719047e-01 -3.989263413305796746e+01 4.293481331197013162e+01 -2.528223374777584453e+01 2.322918675144130418e+01 -1.948660367693729967e+01 1.318939995712608670e+01 -1.355874968477989828e+00 3.991786407282894800e+00 9.101288653987477772e+00 -2.670221532182357294e+01 4.249031266856521327e+00 8.609693511632327500e+03
-4.984213400702162744e+01 -9.289074389530700415e+00 -2.804472856326181684e+01 4.015998404350292361e+01 -5.599558101168309321e+00 1.115934981864325337e+01 -7.321809993509794445e+00 7.700749421092422331e+00 3.075158248968490771e+00 1.199155150970427464e+01 2.051072009736373047e+01 -1.179913838565659567e+01 -7.477389960938851665e+00 6.007727498530621233e+03
-5.035251244680372196e+01 6.483799878459812760e-01 -4.407082457115765806e+01 4.146884483779430042e+01 -2.933773145599707988e+01 3.046903327441488329e+01 -2.016758621498093706e+00 1.309582046228327812e+01 -1.438586339693231153e+01 1.497003898617622897e-01 2.355611450025965325e+01 -8.015870674785116279e+00 1.115747094925266047e+01 9.112940228345882133e+03
-4.632525330440110878e+01 -4.994521265281203881e+00 -3.024908695732867159e+01 2.847259559859267597e+01 -9.802023541427503872e+00 1.817570480907584951e+01 1.269402619254176123e+01 3.815843108111762749e+00 -1.317492537205988867e+01 1.084252202664062414e+00 2.131717301573524992e+01 -3.557891142567315867e+00 1.053647168504634690e+00 5.141750057194501096e+03
-4.683302420017630396e+01 -5.101947277936599967e+00 -2.687264082973667456e+01 3.469270190307946677e+01 -9.505233682201376766e+00 1.056167790398024309e+01 7.428237519662958199e+00 7.612963452944102372e+00 -5.696209629236201444e+00 6.141865176484753164e+00 1.742555264217838129e+01 -8.782628798485527355e+00 1.189163327782016566e+01 5.052483552443975896e+03
-4.387688544017795778e+01 3.825400074053508792e+00 -2.144681514922316623e+01 3.591676044108580612e+01 -1.322809062372178524e+01 5.959438705675172976e+00 -6.120533210155611137e+00 -1.295515313953631420e+01 -2.667390057359697408e+01 -2.004505662297149371e+01 1.818276881614150753e+01 1.812526537083919198e+00 1.409930379692637281e+01 5.751578501821088139e+03
-4.133435363971612730e+01 1.154684874639237613e+01 -2.826772754068595361e+01 2.289405429673335490e+01 -1.845690169913310186e+01 1.648719900230995705e+01 -1.529786646078253298e+01 -2.012962813231897030e+01 -3.406733618836695143e+01 -1.925674335852825791e+01 2.696842772999267979e+01 3.642582599577790070e+00 1.873391664987791927e+01 7.039701942526618041e+03
-3.989294144854611091e+01 9.036247378455382062e+00 -2.691961707633970846e+01 6.382233689628000306e+00 -1.733046357912513713e+01 3.775632160248143965e+00 -1.826558341227133653e+01 -3.295356682084168654e+01 -3.552640598657263382e+01 -1.286922990163776248e+01 1.717106580967348251e+01 -2.161196329115390835e+00 7.083656038389252174e+00 5.950105758258074275e+03
-4.139252433649670593e+01 1.255996550523973276e+01 -3.404946936287353765e+01 1.691852469963989591e+01 -1.546040942637753091e+01 1.603939552925292134e+01 -1.906454129223726923e+01 -2.282395299649707709e+01 -2.142724532019646588e+01 -1.354823320312281787e+01 2.251313988557381052e+01 7.109242477929630155e+00 1.988566309057970471e+01 6.292876537598182040e+03
-4.826735829274274892e+01 4.843173900955778599e+00 -3.824995425761304801e+01 3.944750327022342162e+01 -2.205713420603503394e+01 1.437136255697228293e+01 -2.204367359128994508e+01 4.523109503984593438e+00 -2.056499654728400373e+01 -7.239971953421814099e+00 4.960736219880454989e+00 -2.438210111933782542e+01 -9.480111167382044846e-01 7.667124781860479743e+03
-4.449564093103612095e+01 1.386020384719566678e+01 -4.548123524792728745e+01 3.137069414849339211e+01 -2.399754166397676158e+01 2.984551658420118159e+01 -2.139905307603668660e+01 -3.808332160333687710e+00 -2.577280262359467145e+01 -3.315699021613649933e+00 2.175577496953938450e+01 -1.684996812696035917e+01 1.267195981537373051e+01 8.756735207115692901e+03
-4.078722644886367732e+01 1.193059274341822373e+01 -4.364254238608560854e+01 1.579693432917048490e+01 -1.855471305302461715e+01 2.535791512824477678e+01 -1.071293210716097200e+01 -1.361835181793882121e+01 -2.709182027244269975e+01 1.872643194895530439e+00 2.540006266976959992e+01 -1.559826919797363320e+00 2.064666725323308327e+01 7.059033811946138485e+03
-3.802816968282932919e+01 7.056908230271977445e+00 -3.371107835820964027e+01 7.541266611591291635e+00 -8.095507110256418670e+00 1.582151284619042464e+01 6.669317901372502355e-01 -1.500121442022292761e+01 -1.795791610620426226e+01 6.043958676882833281e+00 3.234082945689999633e+01 5.440597866579931718e+00 1.255504808063647815e+01 4.822762660364129260e+03
-3.939757140109762901e+01 8.285241100373736955e+00 -4.515470137578029863e+01 8.222825726715450756e+00 -1.957410031298895703e+01 1.604979444583139880e+01 -1.335245070106067544e+01 -1.469677431252925359e+01 -1.897192978234641103e+01 -3.460317545536658379e+00 2.899997090726860449e+01 -3.356121843673468774e+00 9.152229106428311667e+00 6.070333272648598722e+03
-3.997427154795799709e+01 1.293707404088315549e+01 -4.418256194884754251e+01 8.951448162798664399e+00 -2.560386940875916295e+01 2.349860677417400723e+01 -7.845843668995610365e+00 -6.354178654331717802e+00 -4.560012738035585045e+00 -7.320730327334538101e-01 2.413189472247158562e+01 2.717711443876133171e+00 1.490223101343629075e+01 5.940353408044485150e+03
-4.116837691086391260e+01 6.933622544277765698e+00 -4.216741612869791567e+01 -5.325861642664414752e+00 -3.113815367434921555e+01 1.328357615893360322e+00 -9.530761090595624152e-01 -1.415370769678582441e+01 -2.028347648507637402e+01 -1.252533407916522101e+01 1.154037081397808429e+01 -1.300368169557050990e+01 -3.183598853652126692e+00 5.602665718048003328e+03
-4.132361969376561461e+01 1.336831915609109345e+01 -3.501982888746852751e+01 1.007035024463722728e+01 -3.004170919462287515e+01 1.520475371040600621e+01 5.970423250113809921e-01 1.483189204389508076e+00 -1.434342932975557439e+01 -1.018150243732514681e+01 2.085772235356343174e+01 -9.264075214494408073e+00 1.535495674677715350e+01 5.416438332366088616e+03
-4.236517739993085030e+01 9.309624182505936929e+00 -3.113254490136928254e+01 9.056011006089971005e+00 -2.455038888463966629e+01 8.812327023181673269e+00 3.391733096027577332e+00 5.352692541176065077e-01 -1.265146133432688735e+01 -7.657489160917259063e+00 1.378847040493194953e+01 -6.446981993716748960e+00 1.509191276699407336e+00 4.077552879833127918e+03
-4.375088497501567275e+01 8.160934420694140101e+00 -3.719573801118173861e+01 1.434403366429365612e+01 -2.653562462678184275e+01 1.862622839305068823e+01 -2.290655675486578335e+00 1.718210802350814692e+00 -5.522444654532300268e-01 -1.193194999254868716e+00 2.042440323925933754e+01 -8.993463882379064245e+00 1.738464126863414061e-01 5.129087676057893077e+03
-4.400518391502402693e+01 5.706176950541010484e+00 -3.456325744359077845e+01 2.089568161520152501e+01 -1.634227644508212407e+01 1.573370944715199649e+01 1.159572400172890028e+01 8.285225276974838238e+00 -7.921405357682060888e+00 -4.703378405181757316e+00 2.024058038715829255e+01 -5.558528299469904788e+00 9.850050629339900610e+00 4.940462587379788602e+03
-4.478664499368420593e+01 1.489598261134841728e+00 -3.061643221299466688e+01 1.616607919540606986e+01 -1.605033848955190479e+01 7.133022195319274950e+00 4.780452155996701258e+00 -4.097991987095949362e+00 -2.221823296786317314e+01 -9.112143661236272507e+00 2.492346574625611044e+00 -1.470115355891046960e+01 -6.136799559096608014e+00 4.391587197741589080e+03
-4.663330741286889491e+01 1.233218311118155874e+01 -4.294284712745520949e+01 3.336527758614347761e+01 -2.406644456737603477e+01 3.380177090743531210e+01 3.088704817492566423e+00 1.130712027865013170e+01 -1.267115193416115382e+01 -5.358478977606145222e+00 1.931617332691901012e+01 -1.679917785617897863e+01 1.487399129077688364e+01 8.209056439251287884e+03
-4.504684390223653878e+01 7.716426546999198166e+00 -3.114661482347609933e+01 1.862410515065893435e+01 -2.162220796009146540e+01 2.032279464449596063e+01 1.352560205668650717e+01 2.976214689070346697e+00 -1.746834380194597713e+01 -5.367470799252894942e+00 1.747001981406604898e+01 1.252240913556399438e+00 3.321751297931337721e+00 5.129822425194129210e+03
-4.325099486477214583e+01 5.277513112256674077e+00 -3.037091036461596261e+01 8.159168894663695326e+00 -2.040570286324403071e+01 9.361010219064166193e+00 9.413582572552721572e+00 -3.460335715673406920e+00 -1.646101874513886187e+01 -4.278758300085872435e+00 1.421150914953341982e+01 -7.301169099761096959e+00 -1.645506149819502717e+00 4.039330280387674065e+03
-4.243344640083810759e+01 6.025966270940740444e+00 -2.829708861478924931e+01 2.748075477668013189e+00 -1.796505763544066880e+01 1.185370172077985096e+01 1.118443813449733781e+01 -9.108503301096536608e-01 -6.970861873879595549e+00 1.259253863594322453e+00 1.457816931478653188e+01 -5.258253371779280094e+00 -2.020528808927658737e+00 3.528795052211498842e+03
-4.503339738402649317e+01 1.122321801158049936e+01 -4.835471424019993236e+01 2.147112652347672324e+01 -2.864341277968563304e+01 2.806352316787474876e+01 -1.028969123198097080e+01 -2.382975338244189834e-01 -2.299810069308943028e+01 4.481105973333701087e+00 2.586671229092704394e+01 -4.175002452955491883e+00 -1.521686712580536893e+00 7.904922052455835001e+03
-4.236921876821548949e+01 3.738749997182434281e+00 -3.675167633293785485e+01 1.225093560416650895e+01 -6.260183978987129194e+00 1.472032863017289017e+01 -3.834467921910419630e+00 -1.374450592616747713e+01 -1.332485379268109860e+01 7.814209561071979060e+00 3.075743289931113011e+01 1.006981784262434676e+00 -1.287875213068521596e+01 5.120902199832231418e+03
-4.358123694144971694e+01 7.366785847905216400e+00 -4.540404558986025307e+01 1.746131881820122089e+01 -1.687411603614868483e+01 1.649350944152843468e+01 -1.629269634842485459e+01 -2.081704610779359044e+01 -1.534774335929722078e+01 5.703510141196136196e+00 2.541192225078134470e+01 -1.915012139370745103e+01 -1.804646067873105508e+01 7.181842705583885618e+03
-4.307382219824434344e+01 1.170233286935183514e+01 -4.987608901265443251e+01 3.269920227471574492e+01 -1.623207578346706015e+01 2.478292570727502664e+01 -2.578396506303209890e+01 -1.971513196264159662e+00 -2.069564944707524035e+01 7.373543239724448028e+00 2.380438839793803396e+01 -1.481210675010862410e+01 -5.125644627526215302e+00 8.390532939627819360e+03
-4.052937874654466555e+01 -3.080600239150519393e+00 -2.928912574924411416e+01 1.116383718674333458e+01 1.493360642594062426e+00 3.940107215337166569e+00 -1.308800044630669568e+01 -8.163342487986660956e+00 3.130505106440327978e+00 1.157615997006846698e+01 2.122800360249319951e+01 -1.233674805946387210e+01 -2.029528629655734306e+01 4.048824951800804229e+03
-4.202966214915250731e+01 -2.982984668916802140e-01 -3.622289242681289068e+01 7.890019709123466285e+00 -1.824817992700177527e+00 2.560062614605008946e+00 -1.508623149685887022e+01 -2.795991740261669634e+00 6.648244213231876643e+00 6.280052574561086232e+00 1.143597288139413592e+01 -1.309760655791800588e+01 -9.895299918916837356e+00 3.870111606241013305e+03
-4.295652429312984566e+01 6.810789896281462807e-01 -3.729510331230345344e+01 1.824558038690048178e+01 -6.452057440332174210e+00 1.003562254446155988e+00 -1.476219689168259031e+01 -1.953364644772187741e+00 1.408936209687253438e+01 1.654258893121538421e+01 1.130443511298354053e+01 -1.618149411547488725e+01 -6.911517402378623665e+00 4.743494506262890354e+03
-4.449935114015763560e+01 7.789938229492584298e+00 -4.527963083989639159e+01 1.996342940882335526e+01 -1.385535280369249200e+01 8.729007321200416669e+00 -2.849418678225121226e+01 -5.458105948868793078e+00 2.488097557952698047e+00 4.889981898085525636e+00 4.093425091413738670e+00 -3.242162304505113468e+01 -9.737192653159976174e+00 6.792368086372638572e+03
-4.349434834097815639e+01 6.206719000072042469e+00 -4.252619432019285739e+01 1.392089419608373824e+01 -8.361844827737449748e+00 6.172925038531454689e+00 -2.061750970641054437e+01 -9.532700853255092754e-01 5.512695542204962607e+00 5.113982847260534648e+00 8.255422325480090251e+00 -2.497656099054691481e+01 -5.627634021790951735e+00 5.246759573806450135e+03
-4.472807763159665484e+01 1.002580649832737869e+01 -4.205317438393744567e+01 1.833829692375095988e+01 -1.399582418918580373e+01 1.018553668085522368e+01 -2.468207536374765709e+01 -5.499005254176570823e+00 1.286966625702430145e+00 9.490873979720547027e+00 5.432157880030748842e+00 -3.085447903222915755e+01 -3.559704488375575071e+00 6.230864173271392247e+03
-4.381592176955866336e+01 6.145626288609766341e+00 -3.392478588253827354e+01 1.238681513658636035e+01 -6.487117758400500200e+00 9.496462612626329403e+00 -1.990935568914533960e+01 -1.655271042221347688e+00 4.338782141549542892e+00 8.962784181785952597e+00 7.940073998321412141e+00 -2.016260560604097662e+01 -4.262645939667167205e+00 4.380217995635491206e+03
-4.394172157530675804e+01 5.795872380629440102e+00 -3.730122056189703983e+01 1.782654490859936658e+01 -1.587003080725252424e+01 1.129226926967712963e+01 -2.207978684313011541e+01 -1.533476654477937240e+00 -3.057889035524662180e+00 1.503078560304660449e+01 1.006991766227080731e+01 -1.863414509972246336e+01 -1.601341981777994139e+00 5.229349653873216084e+03
-4.575819240104608809e+01 9.816466639731750377e+00 -4.490429087832397670e+01 2.709198930495631075e+01 -2.757156345987896628e+01 1.950394241031280274e+01 -2.624003223296017850e+01 1.764830839393651818e+00 -1.000182744345925911e+01 9.440365590512133309e+00 1.026090459958258805e+01 -2.120219017507784187e+01 -6.700021098271233377e+00 7.561661582360951797e+03
-4.238949849594915520e+01 1.922704553192740695e+00 -2.694058534054892817e+01 1.854863670643091211e+01 -5.440770535237464678e+00 6.508353622145047090e+00 -9.880788146591273247e+00 3.277890550826100036e+00 8.286977431644748648e-01 5.814902538588355263e+00 2.589749777797924679e+01 1.154755900168332294e+00 -4.888494157916436933e+00 3.781159688408714374e+03
-4.358283134736122122e+01 5.421510099800432414e+00 -3.098137121113983738e+01 3.477548392453203263e+01 -1.783491828426823389e+01 2.656685486650187755e+01 -2.087401299213690820e+01 1.624579683170732025e+01 -1.840167383607462526e+01 2.884154765314770330e+01 1.409419610913235665e+01 8.964329578703253532e+00 -6.552312750586934520e+00 7.313962867257775542e+03
-4.400450477406919703e+01 3.441396418607459928e+00 -2.577051234038647110e+01 3.408664952583325913e+01 -1.631541718402547048e+01 1.571127871400634923e+01 -7.835020017000260850e+00 9.600363956778338093e+00 -1.764674581969225287e+01 1.886524288782778669e+01 1.969302905865446363e+01 -3.928736434528054211e+00 -5.943369613144628971e+00 5.546729308468480667e+03
-4.506138337701258934e+01 2.302873730911197292e+00 -2.738674694319700365e+01 2.937720487477614029e+01 -1.692358165766222911e+01 8.124101093529208839e+00 -3.173394192637544742e-01 3.822940853895358260e-02 -1.436600679954577853e+00 5.033139879976663345e+00 2.201865417656319579e+01 -5.809881899484107493e+00 -1.827528824105727256e+00 4.550708413753080094e+03
-4.560024979323913641e+01 5.098490640444123478e+00 -3.009815528255125372e+01 3.484075907708847097e+01 -1.972427120762542074e+01 1.638843030047842930e+01 -2.769258012350741094e+00 3.861960330098331173e+00 -1.911849427650082234e+01 -6.814704830730063279e+00 1.365841992299822927e+01 -1.189236923463116646e+01 3.237743411233064084e+00 5.655786770945926946e+03
-4.607573950556314202e+01 7.314864959964213043e+00 -3.427238706504326160e+01 3.909811250818930972e+01 -2.395335962175077071e+01 1.799610007293785685e+01 -7.082730755955747304e-01 2.440468461476256845e+00 -1.527934114640032703e+01 -9.203283860487291079e+00 1.753255698066852730e+01 -1.924044458811287583e+01 8.481309343872842632e+00 6.851497099371271361e+03
-4.639986863248095972e+01 6.163428613680426160e+00 -3.548012564062437946e+01 3.197156828357337943e+01 -2.981992931800601809e+01 1.350515094738588928e+01 -9.622226387942761860e+00 -4.432373993333600382e-01 -2.524094745913068039e+01 -2.567454454730285107e+01 1.717104568823529931e+01 -2.449868832681586639e+01 -1.014288159562056535e+01 7.930553395239394376e+03
-4.446552484303872887e+01 2.621874548803571514e+00 -2.724153502388919534e+01 2.697385957856057104e+01 -7.624981794020204262e+00 5.000341159285669690e+00 2.426862322054344823e+00 -2.910086377198614738e+00 -1.441895206288671716e+01 -1.076138598580364381e+01 1.501894055384824078e+01 -6.658785432059824316e+00 -1.240220529686089534e+01 4.298685781202593716e+03
-4.547387003852442433e+01 9.276893815980045588e+00 -2.849139351996111813e+01 3.767959476709695110e+01 -1.505862809003197000e+01 9.890547269607386838e+00 1.677228471002790267e+00 -7.581384224524223558e-02 -6.558701038611963519e+00 -5.334163566144933810e+00 1.242937021268641828e+01 -1.226713486352698723e+01 -7.146196233844602119e+00 5.140358852525225302e+03
-4.565499027254416120e+01 9.745175017903587644e+00 -2.706229890084815892e+01 3.497856661091656605e+01 -7.181919018403477573e+00 1.129493878394395878e+01 3.088469092777143654e+00 7.891105023505188498e+00 -9.411490800094171050e+00 -5.290628364830876507e+00 2.092723110561713185e+01 -3.766324367794796402e+00 -7.715245036574565063e+00 5.014404614158577715e+03
-4.556578729205254774e+01 8.585844282402563366e+00 -2.685707808910979821e+01 3.356192773823158149e+01 -7.062488072475614942e+00 1.130847136615798298e+01 3.525805468665378140e+00 4.709538391315637895e+00 -4.346606752329827295e+00 -1.175654793549819210e+01 1.643026634152608167e+01 -1.068122970057217636e+01 -1.004338036026540948e+01 4.852055867702185424e+03
-4.565003154253003714e+01 6.352967869750762553e+00 -1.846156391347629366e+01 2.856510687578442287e+01 -1.199531007806603888e+01 5.013332159387950071e+00 -3.338165130825309301e+00 -8.265858139097952417e+00 -1.255184218656632389e+01 -4.043990512289916128e-01 1.783202757900783908e+01 -1.272239331768339099e+01 -8.360932360844616440e+00 4.237026944090135657e+03
-4.632032561151447680e+01 6.749404522229152548e+00 -1.802890409587392284e+01 2.686558163930017429e+01 -8.398853400535434943e+00 8.384752994157222972e+00 -4.366037812705212851e+00 2.657471448050054530e+00 -8.320247160018839239e+00 3.218134563315851793e+00 1.151093298111865337e+01 -1.627025562974843353e+01 1.920681353002301250e+00 3.885391863857766566e+03
-4.596496923564968284e+01 6.264120577111957466e+00 -2.083830627048033790e+01 3.708555089274626226e+01 -9.382602157054259706e+00 8.396911183741037732e+00 4.083212840621696094e-01 -2.135437410893064492e+00 -5.630112002519635617e+00 -7.523597940191271150e-01 1.081969289702905712e+01 -1.059605937210252691e+01 -8.901145754222360651e+00 4.465695687313312192e+03
-4.605217019146451918e+01 5.546052735128194300e+00 -2.062296210501687099e+01 4.232976273066723394e+01 -7.101182327139698103e+00 2.475911024878914901e+00 -6.253593423543732932e+00 -2.950474533153231160e+00 -8.116011756892946849e+00 -7.954293115442757411e+00 3.397401025367234872e+00 -1.971993745715516866e+01 -2.249206708076245675e+00 5.007663739289493606e+03
-4.508642597633114946e+01 1.582329284211168030e+00 -2.319531199024783064e+01 3.722333763568894938e+01 -3.987940609691651872e+00 3.107404434799008630e+00 -1.108156327485012804e+00 -3.229143254903159121e+00 -9.880281703061951859e+00 -1.654905851748010193e+01 -1.065406663125177289e+01 -1.441260977634004092e+01 -6.560902779106562832e+00 4.731873151554895230e+03
-4.732017900138212951e+01 5.455403617822928375e+00 -2.409107343042127880e+01 4.807355666534357397e+01 -1.102312894000877819e+01 1.369148660010122143e+01 2.993387585196429335e+00 1.539716325683275677e+01 -1.398554781789710155e+01 -1.447080636406277954e+01 1.666030344716535216e+00 -2.088584936419739435e+01 -8.270158292184057736e-01 6.560084721931853892e+03
-4.799302793431895253e+01 6.900519042365973021e+00 -2.564421629021568450e+01 5.295451830226333101e+01 -1.949246268085393297e+01 1.542098101041019831e+01 -8.225018250246607820e+00 6.564451711421442681e+00 -1.482138525374515048e+01 -1.775225270336024508e+01 7.708506476600418544e+00 -1.561470708365358462e+01 9.625932793624116801e-01 7.380243111412331018e+03
-5.055090949295740899e+01 1.551356825575801235e+00 -2.454662156991961552e+01 5.367979571977540587e+01 -1.047496567919937682e+01 2.123152478570503732e+01 1.178697950386979088e+01 2.381766926056008415e+01 -4.370420083269656253e+00 -1.185886774833168111e+01 -1.009350695878576865e+01 -3.129692370127097689e+01 -1.589388372366958624e+00 8.552210850380697593e+03
-4.960667638704092042e+01 -1.271465598876637459e+00 -2.387491081818683369e+01 4.363543118000889365e+01 -9.997718338829288953e+00 8.093367001016300577e+00 -2.666916557884098093e+00 7.242434929748564620e+00 -1.217063602776255671e+01 -1.114817864015979154e+01 9.282112799363458677e+00 -1.463180171851817946e+01 -8.283173489399893175e-01 5.734863074307339048e+03
-5.205741683259498132e+01 -7.867684538278033379e+00 -3.514098216050611967e+01 4.357959174286769866e+01 -7.932457031348961962e+00 2.424382305568856566e+01 2.144642167531759236e-01 1.609744814534322543e+01 6.942382558811265980e+00 7.281508684373402929e+00 1.904788449068684031e+01 -1.702399942330596616e+01 -4.153226701316145686e+00 7.586910009839736631e+03
-5.400515991937267302e+01 -5.290974333796268247e+00 -4.030367073443131432e+01 5.084204217200236542e+01 -1.664928594370315906e+01 2.276015494667947436e+01 -1.153628993467363273e+01 1.279496699880879085e+01 -4.794767553214666300e+00 -1.477088794598318822e-01 2.639281504019913882e+01 -1.519887634076885874e+01 9.537229754528443237e+00 9.287428268757776095e+03
-5.156579651842379519e+01 -1.338563950393602653e+01 -2.673480485250033922e+01 4.029018476826857409e+01 2.378432741189910882e-01 1.445571228260177321e+01 1.350381904603878880e+01 2.544694369640390974e+01 8.378241137414773831e+00 3.658702200375769209e+00 1.404478161262912650e+01 -4.209814848722821523e+00 7.636658306743862923e+00 6.572057762056470892e+03
-5.170304752393780490e+01 -1.209934888477870274e+01 -2.843148422636049943e+01 4.364176969235371217e+01 1.410669612011868246e+00 1.835369572807854510e+01 9.823951453828522418e+00 1.676994356214873250e+01 3.430313209184989276e+00 6.736996718570811282e+00 2.169247265025448357e+01 -8.874334260258930129e+00 1.456062352149010142e+00 6.857733358087704801e+03
-5.145649908845962273e+01 -1.367915720628744580e+01 -2.974590722564419565e+01 3.972662960497598306e+01 -7.591329693853532845e+00 3.403137028312976375e-01 -2.972491518470734118e+00 7.576174484663455999e+00 -2.334341774537015135e-01 5.564635162805698698e+00 9.444956230769657068e+00 -1.455786843247454243e+01 6.690066321494156476e+00 5.798808337243841379e+03
-5.367692539457387824e+01 -5.182818132278062428e+00 -3.833713274814271443e+01 5.027498240627252812e+01 -2.033559736846809685e+01 1.953189406969104880e+01 -9.718332661784998550e+00 2.083270378275652135e+01 -8.769710578773983300e+00 9.005674969815407493e+00 1.190828721611638130e+01 -1.108816306418194308e+01 5.435103342940646343e+00 8.681167488019196753e+03
-4.731503789425890005e+01 -9.266654445559149522e+00 -4.667935095882727126e+01 2.057401798212050181e+01 -1.223105987118252891e+01 3.428773544475554758e+01 -9.838926286394134024e+00 2.933339369000982089e+01 -2.564826183818543015e+01 1.549936929492181825e+01 1.628710123017466926e-01 2.119478368853612338e+01 9.318335482494910949e+00 8.643476343354039273e+03
-4.622873185988726874e+01 -1.121817785981407134e+01 -2.627908957815548874e+01 2.257891194134553103e+01 -1.785595999103591680e+01 2.107271768137876577e+01 -2.907985149584039419e+00 1.632870991778435155e+01 -2.498431477643309506e+01 1.132698469789216311e+01 1.544117152119560465e+01 1.076212029032945949e+01 2.487135645416621799e+00 5.614274282272835990e+03
-5.081635676395292478e+01 -1.047212439605280387e+01 -3.770960963981929126e+01 2.571573973569613258e+01 -2.731129161603796973e+01 8.179629357938295042e-01 -1.692172487705666484e+01 5.374928701106932216e+00 -3.698166087150509895e+01 -1.319522170732827249e+01 4.377277562537758904e+00 -1.492001651273084484e+01 -1.785459113958437705e+00 7.623804210494575273e+03
-4.635633712709130094e+01 3.321252842224017066e+00 -1.983863856742366494e+01 3.785375624865942967e+01 -7.620622038008797006e+00 -2.388642417992610234e+00 -1.417674000219058250e+01 -4.718572633809737127e+00 -2.038774649278288109e+01 -1.123222887285523441e+01 5.647022642014318805e+00 -6.137964160887197096e+00 1.466718981376627085e+01 5.099956630560776830e+03
-4.364434367734757814e+01 4.689014216483637476e+00 -2.081314876405086522e+01 2.471719904742157681e+01 -9.106199930916432095e+00 -1.064154554337371161e+00 -6.495513475622293420e+00 -5.356457495693594417e+00 -1.581563976942627825e+01 -1.507915584722801761e+01 5.998457629253453938e+00 4.691711867134207736e+00 2.083136713714769073e+01 4.095336227243730264e+03
-4.694869235287362130e+01 1.538769295241763757e+01 -3.820081024100921496e+01 3.135844502759969288e+01 -4.145127900870203064e+01 8.867709172604236301e+00 -2.078372486678115294e+01 -7.700683581315711512e-01 -1.851809656148818561e+01 -1.542114753465761723e+01 8.662235920931451005e+00 -1.266579707985279057e+01 1.301487161016657268e+01 8.098591129095927499e+03
-4.424162245759669787e+01 1.518374165799986741e+01 -3.038145207866972441e+01 2.659403529095170526e+01 -4.067740452537663032e+01 2.247251403750055054e+00 -6.038917280952746935e+00 3.736691578873218234e+00 -9.899898779295131845e+00 -4.633721877414853196e+00 1.774708998683361116e+01 -1.247820253593707918e+01 1.463467887689449931e+01 6.332593217192875272e+03
-4.299994040047492661e+01 1.266679307433732937e+01 -2.846044583667897854e+01 2.427530176575081811e+01 -3.661524393757815687e+01 4.033959931836182733e+00 -5.768781523164070890e+00 2.992793661750495549e+00 -6.158081685451744391e+00 4.463738221329577982e+00 1.681465873807711375e+01 -1.352078518883812919e+01 1.006449588449058652e+01 5.432599736739985929e+03
-4.193399660646675642e+01 8.362400857464260540e+00 -2.746130487917995922e+01 1.767930111648944091e+01 -2.382010514740697005e+01 -4.484545187491693063e+00 -2.836664261940904375e+00 4.083707915473326899e+00 1.195140498409386520e+00 3.839720196537741437e+00 9.052936321659933228e+00 -4.672722916914768376e+00 8.488112965060873094e+00 3.699312531581475923e+03
-4.422005284291779503e+01 1.628921934122701387e+01 -3.682441898301878069e+01 3.243843436880528941e+01 -4.202282820064972668e+01 1.717392487558568659e+00 -1.129150999059263683e+01 1.151550248928365505e+01 -3.247613312294073129e+00 -5.402474849156970294e+00 1.208327086095116165e+01 -2.076600001319152966e+01 3.684535893653150929e+00 7.288555843019807980e+03
-4.262167729615570977e+01 1.258054380194844768e+01 -2.897154393417429219e+01 2.272450144244407966e+01 -3.414477965443477103e+01 4.853833815111325833e+00 -6.376991181667572839e+00 6.284784200119070796e+00 -4.337942606304488358e+00 8.694862938339753100e+00 1.146753292223318788e+01 -1.665170012230389318e+01 -1.048810354247675036e+01 5.213423122731021977e+03
-4.241642824793576949e+01 1.066088614784031030e+01 -2.669960636218973704e+01 2.179540747774959897e+01 -3.362499620044198423e+01 2.802629813236781509e+00 -2.808846586997318262e+00 5.682407530993097700e-01 -5.877737746174186206e+00 2.668832611136632949e+00 1.364645785081372331e+01 -2.931430538714412037e+01 -7.382825445854092727e+00 5.389155158126874085e+03
-4.262617207675626929e+01 1.262277207900311460e+01 -2.589438374475582449e+01 2.694160446925675600e+01 -2.987332867119620161e+01 1.109745171198190228e+01 -6.605784478530527082e+00 9.705961863919640109e+00 -3.431752084140822667e+00 1.994824996832595287e+00 1.763741376636809477e+01 -2.533095146578774148e+01 -8.366788544029299501e+00 5.564600232655644504e+03
-4.237947617807495249e+01 1.366921020948086429e+01 -2.523086847039357039e+01 1.855566217580383892e+01 -2.762583917730979977e+01 1.329741616593883968e+01 6.885394905670691124e+00 6.727565837904734281e+00 -3.450803295415129646e-01 9.837971222591399112e+00 1.404964801808121422e+01 -1.713942073218681728e+01 -4.140193303940758796e+00 4.601652014754248739e+03
-4.279941814474756967e+01 1.787009098495468251e+01 -3.025090275755511371e+01 2.545858439529919437e+01 -3.426990976838961700e+01 1.008331409246157051e+01 -4.139217425642478076e+00 8.265281163740787918e+00 -1.242352152204307103e+01 3.457839906423160858e+00 1.167013185326963942e+01 -2.563272395490828970e+01 -3.989730372997251528e+00 6.051381921729928763e+03
-4.227619167752142459e+01 1.319862307889975028e+01 -2.649671962597685848e+01 2.259491570927691839e+01 -1.750709790085503315e+01 1.208023398859772080e+01 1.206462813989872274e+01 1.261279965282276549e+01 -1.377699942162571523e+00 1.176424188683982486e+01 8.955718594597096072e+00 -1.747229808540672735e+01 -3.306035352044522035e+00 4.467866308128629498e+03
-4.544671776491946957e+01 2.054746595147046051e+01 -3.511861251670666206e+01 3.246815056407882594e+01 -3.507131908537942167e+01 2.580512889127742682e+01 -5.699844398810769430e-01 1.415944327573196837e+01 -1.373581517450634237e+01 -2.692777456944764225e+00 7.580386140183146715e+00 -3.203726327546746688e+01 -5.795563978266256022e+00 8.185177797388583713e+03
-4.540017880280271356e+01 1.666697699730199744e+01 -2.694933482359758870e+01 2.415574648526033030e+01 -2.434156464388395591e+01 1.221615757756975995e+01 1.355627276208282161e+00 7.686323661889781000e+00 -5.332975769980219383e+00 -6.586107872237151994e+00 -7.460477538602504621e-01 -2.600048862799286553e+01 -5.684419923013040332e+00 5.232106738743825190e+03
-4.604114657651309273e+01 1.932801193848215959e+01 -2.749446030504151040e+01 3.131775622576896723e+01 -2.907455110027596845e+01 2.194998624870867587e+01 3.964536152192737362e+00 2.218768755348616395e+01 -7.862912030074065584e+00 -7.745448816306847561e+00 1.120548328349310374e+01 -2.952673201160153837e+01 -7.383515557756852310e+00 7.238973293782420114e+03
-4.420958749560028878e+01 1.045883184983081193e+01 -1.545994627048483316e+01 1.931432860538510710e+01 -1.285092585788884989e+01 2.274529384098713081e+00 2.434699753362187913e+00 1.755807750527446531e+00 -6.258688681388977493e+00 -1.504532687177870365e+01 8.113142372068096186e-01 -1.674627091530621570e+01 -9.733111787934729975e+00 3.496620751553139144e+03
-4.795558208856040494e+01 1.959573777196168010e+01 -2.671021615912347613e+01 4.296036397311729615e+01 -2.979335279120789792e+01 2.077599150380859072e+01 1.679675376035764556e+00 1.462030104841472777e+01 -9.836194710553282761e+00 -1.145787017111791428e+01 1.530354247681262869e+01 -2.913407999646107882e+01 -8.339698747595695849e+00 8.159196637895357526e+03
-4.703435174210618896e+01 1.310375418164642447e+01 -2.595060313679697828e+01 4.050798096884739863e+01 -2.003961741326341439e+01 1.542569684110518224e+01 -4.350819999077184086e+00 7.453106135965030354e+00 -1.318584659890508171e+01 -1.186192748287862919e+01 4.947772119547588332e+00 -2.587268180115383487e+01 -6.227487848864789122e+00 6.459515349208621956e+03
-4.552970274849255361e+01 5.790856016144382501e+00 -1.701953880953958276e+01 3.841304452790491553e+01 -3.559274083828586899e-01 1.150400552806100762e+01 5.397647521055981557e+00 2.561560812845167678e+00 -1.561435236300326501e+01 -1.144446025832366232e+01 3.832057138246089067e+00 -1.666001991430379547e+01 -9.521021734889060895e+00 4.797554007679585084e+03
-4.641263476493351448e+01 1.419883677320997073e+00 -2.264533962267822176e+01 4.256623809244925383e+01 2.744605580005177736e-01 1.471130406149377379e+01 3.769860233280589057e+00 -4.596468009620941153e+00 -1.375406334442950573e+01 -1.891976432740061043e+01 -3.480697043497613663e+00 -2.724219490285421585e+01 -1.075328690536357890e+01 6.149699282569048592e+03
-4.728415971421392783e+01 7.221486471923465267e+00 -2.619660584142350501e+01 5.390526854229357667e+01 -8.059913845637575847e+00 1.616012991075928440e+01 -1.639326242182045235e+01 9.141364178736287371e+00 -1.754401643583091186e+01 -1.248580105741936563e+01 8.607398825783619811e-01 -2.008021239639311872e+01 1.175112969276723707e+00 7.427421797048267763e+03
-4.822386277075589334e+01 6.433196819950603107e+00 -2.542094778546585587e+01 5.322017049793211640e+01 -8.982168529453053551e+00 2.807501727285410809e+01 -3.079296589395282835e-01 1.298134773676957998e+01 -1.376957217780652876e+01 -9.068230018463960818e+00 -5.880000556509073384e+00 -2.114685670599562428e+01 -4.945568781895852695e+00 7.661090771390120608e+03
-4.792112417090810794e+01 4.396957794242122297e+00 -1.996231265311740799e+01 4.388136933079720592e+01 -1.343264675282073028e+01 1.320345057052601589e+01 6.206424557479347515e-01 -3.769422975771828721e+00 -1.381365948290445189e+01 -1.821560063235299154e+01 2.474195037136514674e+00 -1.823712032026987728e+01 -8.936189711897423393e+00 5.950391712768950129e+03
-4.867845818485606912e+01 6.153893053400638635e+00 -3.006148012757859433e+01 5.572354961785763550e+01 -1.490997614187003961e+01 2.330194980642125202e+01 -6.976438281911525152e+00 6.929599087321702378e+00 -1.792620783126272244e+01 -9.916452487120389847e+00 4.654645947165736430e+00 -2.807745268677502537e+01 8.997298155644152251e-01 8.508751097538071917e+03
-4.824129400877833973e+01 -1.812919527019006383e+00 -2.225303729681959197e+01 4.208950251139600596e+01 -3.435867384728537033e+00 1.186646337062690293e+01 7.670601975608856371e+00 9.354526015223079582e+00 -5.897329860240672517e+00 3.299828304453511052e+00 1.531223711349864347e+00 -3.102060360307834586e+01 -1.164182134612065767e+01 6.042018309220731680e+03
-4.811059387730512071e+01 7.601324115425704964e-01 -2.791823563353095849e+01 3.230844160230954998e+01 -1.471173271042575692e+01 7.858061200144380365e+00 -4.097662900832203192e+00 -7.753237596225515560e+00 -2.770686969483461937e+01 -1.315179965447773469e+01 1.891628671124660419e-02 -2.589264320746380221e+01 -1.434092566908863553e+01 6.310290005389193539e+03
-4.888393092512954041e+01 -7.328261982575177136e-01 -2.295339735079200949e+01 3.494138778698008707e+01 -9.851417215085703782e-01 2.524102722500449403e+01 1.239037580266590055e+01 2.295755677342488976e+00 -5.128363858850235601e+00 -2.628893084736426911e+00 1.629514803943727586e+01 -1.662774180809665836e+01 -7.155377665623089634e+00 5.561230905120706666e+03
-5.009402085753556122e+01 -2.218571362794659940e+00 -2.419519897667314723e+01 3.917569525839747513e+01 -2.160560307901495669e+00 1.794134233846634885e+01 1.266789090029951304e+01 1.170385094898182654e+00 -1.091880893697787691e+01 -9.130027021891431005e+00 2.316635183380447938e+00 -1.564382132640347223e+01 -3.215991507132669014e+00 5.585897111610984211e+03
-5.306489168187336958e+01 3.436022782993462865e+00 -3.681822457361739964e+01 5.132104368580921516e+01 -1.565567947149702022e+01 2.435388961054898616e+01 -8.747070612445238424e+00 6.318477100240155409e+00 -1.005022593820734045e+01 6.018521229997120692e+00 2.353717501065069229e+01 -2.038277231722703675e+01 -1.060992383447247445e+00 8.879578162431278542e+03
-5.191093631836229605e+01 -5.414898934661685814e+00 -3.278658642929779887e+01 3.458562268314099697e+01 -1.101519110543516033e+00 2.420976042008885187e+01 2.392896255520304827e+00 3.704326026249490589e+00 -2.024570598254206999e+01 -8.603844823240129003e+00 9.713176346584795340e+00 -1.019262564877928767e+01 7.250269509823432657e+00 6.336682390530521843e+03
-5.183952105987166448e+01 -1.308813331239424560e+00 -3.461051163273735654e+01 3.113734685444933703e+01 -4.814786431608408357e+00 2.015691488469777326e+01 -5.871492173591993158e+00 7.433345823976623912e+00 -8.602073450291541690e+00 2.409706583920120604e+00 2.415780453685194473e+01 -1.098087297856576328e+01 1.534266361974772508e+01 6.395062029027045355e+03
-5.208196194864778761e+01 2.945196264317388124e+00 -3.172722256202247593e+01 3.605256257183815194e+01 -6.497992869785050196e+00 2.229078514542740663e+01 9.848114689950757117e-02 8.495279287774637922e+00 1.219377901967301892e+00 -6.605019050526544255e+00 1.330567531383677959e+01 -1.240435858732958252e+01 2.478456018194024502e+00 6.021056354281179665e+03
-3.417043688176165972e+01 -8.001523217713952363e+00 -6.640982635806176404e+01 4.564201812740716235e+01 -2.955137062584969598e+01 2.785022401686991955e+01 1.988559783585021501e+00 5.902192035975903472e+00 1.016213410232568926e+01 -4.489358718302752571e+00 6.239359480946596648e+00 -1.936704088682426317e+01 -4.612161372600766640e+00 9.971517933829713002e+03
-4.036634210570908010e+01 -4.237177780124493864e+00 -4.008513108084741106e+01 3.089118942878352669e+01 -1.401606518445751792e+00 6.618968019024769944e+00 1.579956558428882607e+00 -8.264327996680362887e-01 6.749724435744727025e+00 -9.507332170986911635e+00 7.232100213632302932e+00 1.411110640965911145e+01 5.237085485270521756e-01 4.645082074214054956e+03
-4.935686859650397196e+01 -5.661686916847883388e+00 -2.519438962490204048e+01 2.805648483884215594e+01 4.650035101602747467e+00 1.792382891660081157e+01 8.549086494180964113e-01 2.011289258229702526e+01 -1.460261383360668219e+01 1.258319660824009745e+01 -4.196955746392226239e+00 1.938354729289502698e+00 -4.225090279920155290e+00 5.049020784906376321e+03
-5.172923454022550516e+01 -6.266019707999258337e+00 -3.606477640050429301e+01 3.876139945251200913e+01 -1.300239704119940853e+01 2.562546045823191321e+01 -1.235417233388181835e+01 2.713572380398673545e+01 -2.943507944201224191e+01 1.742048205437578901e+01 -8.411287594745328278e+00 7.518193923496696129e+00 -1.382570514873351541e+01 8.721310744866104869e+03
-5.063650549603492834e+01 -1.656974592192609563e+01 -3.243325512824052481e+01 2.264542563426691402e+01 -8.193343033054521385e+00 -5.125640966329681802e+00 -1.804277543477400059e+01 -2.561918726757909326e+00 -2.186095114694829888e+01 1.144721787458656603e+00 -1.355206987298227084e+00 -1.050662449902724305e+01 -5.479038550910573235e+00 5.450308928267320880e+03
-5.112549406057289048e+01 -1.618862442163422699e+01 -3.733075334334596818e+01 2.423739795041862877e+01 -1.396879182788875573e+00 1.098390405838145689e+01 6.991544375907736253e+00 1.099171256553453091e+01 -3.778353295055617345e+00 2.098349341205515373e+01 9.761063159163132497e+00 2.346522209328059994e+00 -3.102701887621683419e+00 5.714215394765265046e+03
-5.153826549560647408e+01 -1.283145142721998333e+01 -3.973935093447953903e+01 3.461328470175810423e+01 -3.974782173290114073e+00 2.667771118781702455e+01 -1.605408263558637597e-02 2.027015663566967874e+01 -1.751562972100747473e+01 1.328089278276911323e+01 -4.275618902836456847e+00 -2.319832013423630102e+00 -7.596035938690853584e+00 7.301054819062773277e+03
-5.151910185570974221e+01 -1.872203232312590515e+01 -3.777402133521409411e+01 1.666988164846297238e+01 -2.363617993691521590e+01 -3.164950718625925141e+00 -1.284665711762107243e+01 -5.249681727297996758e+00 -1.909505501983846898e+01 8.463104903649831812e-01 -7.312613937236045913e+00 -1.097688467471110130e+01 -1.726603563640961525e+01 6.308195338742846616e+03
-5.191692250203848147e+01 -1.753196098675821801e+01 -4.059109362394138998e+01 2.286650060046676103e+01 -1.985900780931195797e+01 1.012535599854036050e+01 -1.084740256394011304e+01 2.647601251266475941e+00 -1.828101397309132281e+01 1.101349297306365926e+01 3.682540523414724376e+00 -1.717587627460561039e+00 1.421740913205500056e-01 6.266853114248900056e+03
-5.067495115434108044e+01 -1.249795040592741380e+01 -3.719875285941969167e+01 3.018117962650195452e+01 -4.638880090727658612e+00 2.167617931824302957e+01 -3.700861366243438422e+00 7.363498253524925374e+00 -1.356766330126346354e+01 5.621384307752087750e+00 3.242449298330245977e+00 -9.441331125216692044e+00 2.182432959112008408e+00 5.898190369982969969e+03
-5.255034971751700112e+01 -9.264229833415653204e+00 -3.668679299804849592e+01 3.803460139481152424e+01 -1.126546602953515830e+01 2.415986553153235761e+01 -7.995799617958541106e+00 2.985110231309815454e+00 -1.672258048804982522e+01 2.444509245878640602e+00 5.694081869712835697e+00 -1.138765275737414129e+01 8.259160736731251617e+00 6.939305678940676444e+03
-6.222676619151606303e+01 -1.164617355546341138e+01 -3.554718956090920301e+01 4.034329122132708534e+01 -3.388031026582046934e+01 1.111829946210618303e+01 -2.230114209904864708e+01 2.322646180486188427e+01 6.771958425377150981e+00 2.366137070331461256e+00 1.896598736312668976e+01 -1.532986248862285983e+01 2.466265478105214370e+01 1.046170702189595431e+04
-8.227940602652751068e+01 -3.345522678605305344e+01 -4.572975035966920387e+01 1.651883454188632072e+01 -1.741445326087279000e+01 4.841096795796159924e+00 -1.356794296599482763e+01 -7.667237207309567815e+00 -1.917304872893778978e+01 -1.984599118781251548e+01 1.325858211713541124e+00 -1.575278966641992184e+01 -1.166429730866826331e+00 1.183554782562536639e+04
-1.178080457677224899e+02 -2.711866439601287126e+01 -5.871724191110781810e+00 -3.269203612555454885e+00 -4.798928263425842999e+00 6.022011396402163541e+00 -1.509749371567549758e+01 5.246130908677108629e+00 1.093706011957116964e+01 -1.591189371845149481e+01 9.037220076598122986e+00 -1.098542303202048265e+00 -8.313972561987712506e-01 1.543044999228075721e+04
