-1.837872919722830716e+02 0.000000000000000000e+00 0.000000000000000000e+00 0.000000000000000000e+00 2.658533217257963476e-14 0.000000000000000000e+00 6.864338900890931966e-14 0.000000000000000000e+00 7.681979238110637171e-14 0.000000000000000000e+00 6.748200841563957577e-14 0.000000000000000000e+00 3.507168814121481235e-14 3.377776869050522509e+04
-1.837872919722830716e+02 0.000000000000000000e+00 0.000000000000000000e+00 0.000000000000000000e+00 2.658533217257963476e-14 0.000000000000000000e+00 6.864338900890931966e-14 0.000000000000000000e+00 7.681979238110637171e-14 0.000000000000000000e+00 6.748200841563957577e-14 0.000000000000000000e+00 3.507168814121481235e-14 3.377776869050522509e+04
-1.837872919722830716e+02 0.000000000000000000e+00 0.000000000000000000e+00 0.000000000000000000e+00 2.658533217257963476e-14 0.000000000000000000e+00 6.864338900890931966e-14 0.000000000000000000e+00 7.681979238110637171e-14 0.000000000000000000e+00 6.748200841563957577e-14 0.000000000000000000e+00 3.507168814121481235e-14 3.377776869050522509e+04
-1.837872919722830716e+02 0.000000000000000000e+00 0.000000000000000000e+00 0.000000000000000000e+00 2.658533217257963476e-14 0.000000000000000000e+00 6.864338900890931966e-14 0.000000000000000000e+00 7.681979238110637171e-14 0.000000000000000000e+00 6.748200841563957577e-14 0.000000000000000000e+00 3.507168814121481235e-14 3.377776869050522509e+04
-1.837872919722830716e+02 0.000000000000000000e+00 0.000000000000000000e+00 0.000000000000000000e+00 2.658533217257963476e-14 0.000000000000000000e+00 6.864338900890931966e-14 0.000000000000000000e+00 7.681979238110637171e-14 0.000000000000000000e+00 6.748200841563957577e-14 0.000000000000000000e+00 3.507168814121481235e-14 3.377776869050522509e+04
-1.837872919722830716e+02 0.000000000000000000e+00 0.000000000000000000e+00 0.000000000000000000e+00 2.658533217257963476e-14 0.000000000000000000e+00 6.864338900890931966e-14 0.000000000000000000e+00 7.681979238110637171e-14 0.000000000000000000e+00 6.748200841563957577e-14 0.000000000000000000e+00 3.507168814121481235e-14 3.377776869050522509e+04
-4.622087157204008889e+01 -6.532866358908560933e+00 -2.203032570534993795e+01 1.622637555971907730e+00 -1.465791331454726532e+01 3.314288825340980793e+00 -2.354722595430684962e+01 2.229871084264055625e+01 -1.911475682111351659e+01 9.819681644122606912e+00 1.772341777484982117e+00 9.465554706566040366e+00 -8.508982037195334414e+00 4.571499576116426397e+03
-4.564786697891391754e+01 -7.830056036291931143e+00 -1.781627483318060001e+01 2.813514143505684117e+01 -1.862831142657821237e+00 1.728383990455684227e+01 2.023932667717691647e+00 2.500462293130526348e+01 -1.680632576815427726e+01 1.617987946249765585e+01 4.959240523663527078e+00 1.110340700095327904e+01 -1.614745204952255975e+01 5.138433109389062338e+03
-4.928590049790289385e+01 -1.227891340622230665e+01 -2.469719201229970196e+01 3.545246211295502548e+01 -1.141901806153297017e+01 1.859620618539030046e+00 -1.743875876186720575e+00 1.997889490042121707e+01 -9.815326393979820097e+00 8.535630370474370565e+00 3.541196509074006071e-01 5.677895919126306978e+00 -8.639635492704776709e+00 5.258954394621853680e+03
-4.898159926434663447e+01 -8.477226905092470233e+00 -2.884936554115932950e+01 4.570198648004566166e+01 -1.442807610040788369e+01 2.464435000281536148e+01 3.595971270337537717e+00 4.424528816749330673e+01 -1.090786459915282158e+01 3.080112324300679916e+01 4.848512051336759221e+00 1.612511988993360035e+01 -6.573176896355950483e+00 9.572532722497042414e+03
-5.222789641639460712e+01 -1.355021087349034836e+01 -4.466784994388558516e+01 3.965508871280771075e+01 -3.006374491827493856e+01 2.371763410032715313e+01 -1.367683742282156700e+01 2.286362983187304465e+01 -2.242660285798613629e+01 1.648355673694470669e+00 3.292264378631433619e+00 2.755316603364057038e+00 3.337558299927659622e+00 9.190500296940968838e+03
-4.864050533763271034e+01 -8.459305233522364631e+00 -2.999119625110168741e+01 4.092906001382114312e+01 -1.328275364593854313e+01 2.154881686660444018e+01 7.883843816534156224e-01 2.816523275803875848e+01 -1.979743172208417690e+01 -1.474465252974929141e+00 -1.299557090977944362e+00 -2.739398584759741073e+00 -1.329035082554931790e+01 7.026742278616017757e+03
-4.697107482137845835e+01 -1.014183346120474738e+01 -3.015917930547335502e+01 3.478478392143330922e+01 -8.498025076252615051e+00 1.229693794263788931e+01 -9.345822587692074416e-04 1.562023229462925045e+01 -1.313100409700184912e+01 2.421673535227240048e+00 6.532133435650893993e+00 -1.016519100679595411e+01 -1.268863589074553389e+01 5.381407842944579897e+03
-4.882741927144385841e+01 -8.186640335337937557e+00 -3.262460887815862520e+01 3.219357989700326073e+01 -1.468251934893246258e+01 2.408943309064762062e+01 -2.516987357433075889e+00 1.877289455786217331e+01 -2.589422250022269267e+01 1.542242774855850929e-01 8.311304552037690030e+00 3.509057943116776102e+00 -1.068216756973445847e+01 6.572598119237327410e+03
-4.802462335588083420e+01 -9.604865170470082703e+00 -2.534515974502626179e+01 3.063343643295565144e+01 -2.162991985210855006e+00 1.705854874878167848e+01 9.100821277573507118e+00 1.267261133469458301e+01 -1.927139761710601462e+01 6.171907281432719827e+00 1.322276627270451854e+01 6.185275468753072659e+00 -1.252849071861833785e+01 5.298036545139809277e+03
-4.924655569847043779e+01 -2.378680105273009104e+00 -2.617827467778298001e+01 3.847685441422186869e+01 -1.751153178912182540e+01 2.833294958509592476e+01 -1.338633706053168559e+01 1.437167745817096787e+01 -3.086639473274002654e+01 8.818919109261809552e+00 -4.496320210337877654e+00 5.754179823850897435e+00 -1.185240062734082223e+01 7.316115208140445247e+03
-4.703879080403638113e+01 -5.854602141342534871e+00 -1.965005434261401263e+01 3.093563760325710632e+01 2.273283862968178415e+00 1.244927103694394077e+01 3.127509847210283134e+00 8.714422258976339819e+00 -2.139770329086608669e+01 -1.186424435408918221e+01 1.099902424096674380e+00 6.506780837662260453e+00 -1.834629474130906246e+01 4.814693671316475957e+03
-4.824345097575032071e+01 -1.172383410174553164e+00 -3.016942767402916914e+01 4.138393701960443849e+01 -1.342227603195597041e+01 1.986526187225712192e+01 -1.380394580266765914e+01 2.517930599365012867e+01 -3.471030972797551328e+01 7.566939340615167708e+00 -8.358898432275895019e+00 5.684603785494906525e+00 -1.150163579949372306e+01 7.847499849167268621e+03
-4.922374506617265411e+01 -1.087472379068180928e+01 -3.369057668780295245e+01 2.336355326926844356e+01 -8.815058400996822030e+00 1.428408963514870855e+01 7.589387406246145495e+00 3.147226008037620204e+01 -1.361179828242451606e+01 1.089494784484038803e+01 9.077261508831224290e+00 8.323186896546365787e+00 -1.583690559553107136e+01 6.258450338352250583e+03
-4.891416610437541124e+01 -7.351723300874149380e+00 -2.709675326970528175e+01 2.504226541440900178e+01 -6.176332342158390887e+00 1.274688650053971273e+01 -5.326140831540061349e+00 8.762233646364995465e+00 -2.619748534910389637e+01 -1.347973798735840889e+00 3.762193552671652341e+00 1.619639797348543464e+00 -1.217414152988741272e+01 4.966879614682596184e+03
-5.053141326429549451e+01 -3.229083189174467350e+00 -3.296987819855600321e+01 3.989380495761484013e+01 -1.534372731205525753e+01 3.027916255180467786e+01 -8.619594776274912107e+00 2.512600039135924845e+01 -1.753180493538123130e+01 5.794101343539339588e-01 2.214738243160936815e+00 7.381553391052482205e-01 -9.100958833197760001e+00 7.496227500462530770e+03
-5.149417406862017543e+01 -1.766621632209470771e-01 -4.337659236698986120e+01 4.548344545529784710e+01 -2.472453377779781647e+01 2.613827371953979650e+01 -8.026608152418255315e+00 1.494959729384874336e+01 -2.227703091867567409e+01 -1.118049694911064762e+01 4.664402528399551606e+00 -1.919224900247532517e+01 -5.057760581706601144e+00 9.221332203036618012e+03
-5.118507301182308566e+01 -2.157969801870226245e+00 -4.499244941053321156e+01 4.697747444027855579e+01 -1.592366581269200410e+01 3.021406052908935536e+01 1.269191156232570350e+01 1.850275255841913236e+01 -1.696203825637003249e+01 -1.603996622168610031e+01 -4.317030743956591365e+00 -2.209928683054575771e+01 -1.058547119210634335e+01 9.689719890976919487e+03
-5.013185752321178512e+01 -8.260778847598523100e+00 -3.456244802287866236e+01 3.826624467119791007e+01 -1.327310565590304137e+01 1.013756382546853274e+01 1.506810734598598778e+01 1.088630654360108707e+01 -1.721221099651545927e+01 -9.435667450658540290e+00 -5.266501378614763418e+00 -9.367500440715971877e+00 -1.599144721563178528e+01 6.621321476642418020e+03
-4.965707569685136491e+01 -9.948652769073618174e+00 -3.725912823127440987e+01 3.389295374407860351e+01 -1.847174441270543355e+01 1.475438815822333005e+01 -2.031424364176260600e+00 2.715279191306058237e+01 -1.716124303093443970e+01 1.980659072700753498e+01 3.614802551831659105e+00 3.261061583966533561e+00 -7.274615344987720889e+00 7.165504561083053886e+03
-4.841378425717628886e+01 -1.352816963672139217e+01 -2.690772234579085165e+01 3.472405992145910147e+01 3.968074807257079062e+00 1.029851310407396170e+01 1.093914362170251664e+01 3.527806645859503654e+00 -2.382157832498887373e+01 -1.602111675749675612e+01 1.017982688346887521e+01 1.080267919962913403e+01 5.076920071985744798e+00 5.780852658560904274e+03
-5.012977981408660355e+01 -7.523203134519008906e+00 -3.766714157280865294e+01 4.348111618106876364e+01 -1.319542292724776011e+01 2.291472553183132632e+01 8.118065060488225626e+00 1.346094010736470992e+01 -2.045890764832787667e+01 -9.724899300286812931e+00 6.764545396051383719e+00 -8.944699645053177051e+00 2.977859216267807252e+00 7.473093089789022997e+03
-4.890854125904997574e+01 -1.002913961953642463e+01 -2.818008805614919510e+01 3.947337019022662474e+01 -6.500554692788803379e+00 1.303203329834824054e+01 1.178780515082839564e+01 1.963305224110905556e+01 -1.975921859718209106e+01 -7.758479594206830754e+00 1.711534111754961396e+00 -6.106037760659451585e+00 -5.827851468354794839e+00 6.106191184475007503e+03
-5.021050917107667289e+01 -7.481713435834294934e+00 -2.969237281035789522e+01 3.400929775642027408e+01 -2.543679737198062440e+01 1.785715053434656596e+01 -1.475622553259392156e+01 1.512712109975413632e+01 -4.517807242181569904e+01 5.114267672791908304e+00 -2.345370764464384195e+01 -1.218689720064955750e+01 -3.363540883686626870e+01 9.924976629496324676e+03
-4.937182034829108801e+01 -3.774380840936775616e+00 -2.754570338971158705e+01 4.673160648363244007e+01 -1.161086291543132809e+01 1.609164777198197172e+01 -1.233542677072685301e+01 2.936330828950615413e+01 -3.277711517809814268e+01 1.514186429020123192e+01 1.014494155937873510e+00 1.818701580171975252e+01 -1.543538527642490088e+01 8.676214502367716705e+03
-4.862541545553980882e+01 4.208811729066286311e-02 -2.951455307451416488e+01 3.700650759560713965e+01 -1.306282527034841223e+01 2.102352385708882920e+01 1.527566376854276342e+01 3.650367125456485695e+01 -3.474061231596021315e+01 1.626765902088125770e+01 -8.194126342485914094e+00 2.084938593103184346e+01 -2.620416427076215626e+01 9.443558824743982768e+03
-5.045596838395312744e+01 -5.331457768731225677e+00 -3.265262396477023543e+01 3.696853330730307619e+01 -2.130299275038408169e+01 2.064350432732285512e+01 -6.051734232631468480e+00 2.795776632467386946e+01 -3.676444541619655837e+01 1.159822444848349621e+00 -2.682597011267810672e+01 -2.955606701924012647e+00 -1.850879831920745033e+01 9.129240983850617340e+03
-4.828676547736483116e+01 -5.612155229564693926e+00 -2.175575294179522245e+01 3.411066673287020024e+01 -1.017460007660424459e+01 2.037169769637771211e+01 1.341107287082783195e+01 3.125739027272084414e+01 -2.224110868515892037e+01 2.036404553871068668e+00 6.977265434726206195e+00 3.468934529811863676e+00 -1.517705980244262598e+01 6.465240996589149290e+03
-4.978248204997606763e+01 -2.433325609737944095e+00 -3.198088904962773427e+01 4.113444300034016265e+01 -2.265395392345792658e+01 2.646518881251413902e+01 -5.501462556955122984e+00 3.148145359415507727e+01 -3.377799536838359984e+01 1.294148393832828603e+01 -4.392708138889903857e+00 -4.469993500017941379e-01 -1.069726205651996942e+01 8.876354202197511768e+03
-4.988749702617378290e+01 -6.052387773368678836e+00 -2.802889872751795508e+01 3.414442579164131786e+01 -1.932739569067921437e+01 2.076808628548750590e+01 5.782336489207957619e+00 2.188717275601539569e+01 -3.622044169429467075e+01 -8.456867538926823968e+00 -1.490922801667663400e+01 3.768231575561007851e+00 -4.722271263260422458e+00 7.436423612730586683e+03
-4.881129137015577157e+01 -4.433727890129741667e+00 -2.316960942476500662e+01 3.089049411313124693e+01 -5.736208688848505766e+00 1.791173145925968058e+01 1.275511539849170717e+01 2.302101266989983941e+01 -2.198222924141081336e+01 2.775072404802106263e+00 -1.078225635847275576e+01 1.434183141446787424e+01 -9.541230976591855040e+00 5.843547441166047975e+03
-5.025982260069680052e+01 -1.055725218761583406e+01 -3.096166823757303277e+01 3.126626285999037336e+01 -2.278770468090024437e+01 1.122570088988201498e+01 -4.269530096629402749e+00 2.137777052486914542e+01 -2.827988303807418546e+01 1.136876358942402732e+01 -1.713717494975371736e+01 5.690089947085954947e+00 -5.970401733862214400e+00 6.984949395770462615e+03
-4.770306700378358045e+01 -6.239025507654952563e+00 -2.449026665730940877e+01 3.723705733918346539e+01 -9.773792608712065899e+00 1.782863938993865816e+01 6.786718351165902163e+00 3.878129339048662416e+01 -1.888600840167390871e+01 8.252096428417356577e+00 -1.769230545894797046e+01 1.080362096294878338e+00 -1.129550673049316778e+01 7.130867044374476791e+03
-4.786836446309865067e+01 -1.137096241703456556e+01 -2.697260353045010106e+01 3.580419296539036367e+01 -1.841226974939856431e+00 1.343062531006208715e+01 4.202928803470423524e+00 1.782189398980392880e+01 -2.224340463093579956e+01 1.476662383379062859e+00 -2.205123418435965732e+01 -5.031456053873615275e+00 -2.269546176326241138e+01 6.472803051772056278e+03
-4.882270825767312061e+01 -1.146018376816625661e+01 -2.752608914470136980e+01 3.987526943833488957e+01 -3.224951111600758313e+00 1.676487732201821856e+01 1.413422961222015273e+00 2.245591283096485213e+01 -8.202450161278784790e+00 2.253397608293596122e+01 5.601680829400928374e+00 1.329308633837018405e+01 -2.210022884396885345e+01 6.932007911053819043e+03
-4.739847531803960123e+01 -1.208658721160486493e+01 -2.536909373080520069e+01 3.091923406459683932e+01 -1.450744203050671821e+01 2.398975572563608605e+00 8.097851855920728426e+00 2.561897376243992497e+01 -1.425563676283763570e+01 3.403864285268047407e+00 7.074946724820128097e+00 1.584114573118456715e+00 -8.099696541369795000e+00 5.263397829938115137e+03
-4.820327161958775264e+01 -1.227519992450597641e+01 -2.937877453587726606e+01 2.901048144983894517e+01 -1.355892664050768381e+01 2.139027269378999563e+00 8.317688831929279658e+00 2.493688236667880176e+01 -1.342971670917497029e+01 6.948928853461010247e-02 -7.867165504813905308e+00 -8.383550480191590992e+00 -9.304773477695066575e+00 5.457525475031085989e+03
-4.776769707045417590e+01 -6.994490312527749332e+00 -2.952945772779802880e+01 3.204224287502559321e+01 -1.147911957061714183e+01 8.297981335810449721e+00 9.645961126068984370e+00 2.545322036655146292e+01 -1.777443251386826972e+01 1.399118946038097100e+01 -1.772701321095214722e+00 1.678724202262387877e+01 2.097809769001892199e+00 5.971946257979722759e+03
-4.755543483530588134e+01 1.085017680043913330e-01 -2.600748424586764429e+01 4.271531235472790655e+01 -2.056022869671046038e+01 2.059301392832303890e+01 3.279075023954947987e+00 3.937415242097426216e+01 -1.857637917444330355e+01 1.636694608199814382e+01 -1.858024317085839883e+01 5.641517084985871122e+00 -2.332139210276264052e+01 8.704288008168632587e+03
-4.811750947363054109e+01 7.521919494594311306e-01 -2.980124254919192239e+01 3.892168946414572872e+01 -1.784239766526945203e+01 2.005867580328505895e+01 -5.516431877740711975e+00 2.601442153014045644e+01 -3.673645704073170037e+01 -3.378996682192754730e-01 -1.837262122121475372e+01 -6.734839879309863164e+00 -2.952005442024694304e+01 8.750781600333235474e+03
-4.857158265381806217e+01 -6.027035100426756387e+00 -2.394134188252497353e+01 2.726336704599889771e+01 -1.543177137872446458e+01 1.217684754360283605e+01 3.209551577492320451e+00 1.585470152637186025e+01 -2.203875450247385714e+01 -1.812316588017304664e+00 -8.621370157552233238e+00 -4.898582906741813403e+00 -6.467941057108735237e+00 4.989240384065047692e+03
-5.055191999088667387e+01 -5.033951801784732893e+00 -2.667320139979429783e+01 4.149053510165654757e+01 -1.961692338920694567e+01 2.038819853765818024e+01 1.792723532172761480e+00 2.637597263115150525e+01 -1.842601541947979271e+01 1.136636133344866195e+01 -5.595252959734652309e-01 -1.304071141962560887e+01 -2.512727573382437640e+01 7.783634997106373703e+03
-5.027535926872532457e+01 -7.487660466662949155e+00 -2.809701954381613831e+01 3.972646272982947124e+01 -2.182456441643860146e+01 9.687393724029771391e+00 -6.557253350686076843e+00 2.025574119070580181e+01 -2.028621350234323373e+01 1.002753428180247042e+01 -5.184337961975319375e-01 -2.137236088887601682e+01 -2.661408380435210219e+01 7.652198931300988079e+03
-5.058958595784517343e+01 -6.818123976973766709e+00 -2.644461980558790515e+01 4.310124847698059369e+01 -2.014643324832710647e+01 2.611131128817055469e+01 6.331121508826987210e+00 3.673513638852662666e+01 -1.497338268562676156e+01 2.029370095814670094e+01 -1.389645817177297893e+01 -5.007065942353211341e+00 -2.243443374414426472e+01 8.997583817868551705e+03
-5.005094595322401574e+01 -1.069029577178206125e+01 -1.916225016961693939e+01 3.409195589970585161e+01 -7.955950616025784683e+00 7.044937633930613785e+00 8.344748183224025340e+00 1.869304971502936752e+01 -8.367978062680784035e+00 1.708987623095306674e+01 1.078878537437988960e+01 3.917044195389554950e+00 -1.624539136823260677e+01 5.438566921728716807e+03
-5.122019730289818540e+01 -8.955765930929706187e+00 -2.554872447364958887e+01 4.068992592394774732e+01 -1.172727116127625635e+01 1.742070980146901604e+01 -2.587286952331203427e+00 2.586827961084557614e+01 -2.693168336986479261e+01 7.162385689316371540e+00 -5.820643563582893698e+00 -7.392130451983520700e-01 -1.332911192061511230e+01 7.117700601669859680e+03
-5.035590067165682626e+01 -1.246455210718032625e+01 -2.638170114486172579e+01 3.393264542794834426e+01 -6.556152122383682723e+00 6.153611808130851735e+00 -2.458978079811798834e-01 1.222313086304662733e+01 -1.298894798093272129e+01 9.190154864219181263e+00 -1.084835217358621762e+01 1.685625756188210422e+00 -5.423244288642629307e+00 5.171927209252261491e+03
-4.710736165505237949e+01 -1.714842300630739391e+00 -1.993990260064782660e+01 3.940417423042930523e+01 -4.502275477434961815e+00 7.195042164099858084e+00 -2.518265210448648705e+00 1.605557093165715443e+01 -1.786705911118417589e+01 2.436613168338636726e+00 -8.471400977678317901e+00 7.859793893742179627e-01 -1.357330736587095643e+01 5.090280958539008680e+03
-4.405537639004037231e+01 2.568180627134887040e+00 -1.487584587195051000e+01 2.717870701932562483e+01 -2.013662596145885075e+01 7.594281673621923190e-01 -3.561049432608792475e+00 1.521111864188477014e+01 -2.072801405368247885e+01 -1.223070837801089183e+01 -2.926259634741104065e+01 -1.296859962153073731e+01 -1.199184043589282211e+01 5.305093438114743549e+03
-4.214090938701735922e+01 3.287291693740070353e-01 -2.372829977695163706e+01 2.040354056162072638e+01 -1.076936061892626206e+01 3.132498235690243771e+00 2.839641925791197785e+00 2.577276367874889829e+01 -8.759119160905060042e+00 -2.388163396104326708e+00 -1.929632504677829274e+01 3.675773373348433903e+00 4.128027493059625463e+00 4.038717145898646322e+03
-3.973418618842904948e+01 1.240189543272590633e+01 -3.552051585689489599e+01 1.776381321147774628e+01 -2.495629433308129919e+01 -2.670810356311103639e+00 4.132266145026098236e+00 2.476220042239874530e+01 -7.539328367080745608e+00 3.074239170441651847e+00 -1.560753586545709837e+01 1.284239809443725377e+01 2.538433123085196197e+00 5.051323143016003087e+03
-3.930644545266373058e+01 1.417410713586420457e+01 -4.347956082465798744e+01 1.300705588888017772e+01 -3.437025648130907030e+01 4.129591672116544210e+00 -1.769339271707751138e+01 3.415101731684917752e+01 -1.738241636470301188e+01 -6.493969263088118282e+00 -2.056879394503663505e+01 1.099949870047981193e+01 6.395393384943461879e-01 7.372067169256160923e+03
-3.641178996691986214e+01 1.105459416357676972e+01 -3.318390815351979484e+01 2.437837267368267447e-01 -1.852672111110261000e+01 2.135513327194770827e+00 -4.988978667711833737e+00 2.873092842554985893e+01 -5.621775354936553448e+00 -4.043219555642144414e+00 -5.291993089247742255e+00 1.418652555271808069e+01 1.825602390777295270e+01 4.357906749755529745e+03
-3.601395037085041650e+01 1.281625381577592826e+01 -3.265385942663639440e+01 -6.158784460233626135e+00 -1.132071799775081722e+01 5.631758128668635344e+00 2.057478742142440087e+00 1.443844613419016376e+01 1.131068290758459494e+00 -3.052840673667079674e+00 4.355812798891959936e+00 1.734248180894986291e+01 2.244332002363340806e+01 3.772079991588444045e+03
-3.655771449168418030e+01 1.777584336115788233e+01 -4.108714310618426424e+01 4.730549957078104661e+00 -1.818112174642018886e+01 1.417568155680021746e+01 -1.607676035243349943e+01 2.837736907918143814e+01 -1.087588525869132638e+01 1.064044201888734720e-01 8.576459795825238430e+00 1.311778764994211777e+01 2.480820326706155754e+01 5.937594129283092116e+03
-3.742242422254863499e+01 1.392012981565025598e+01 -3.812749082032987502e+01 -1.847664206433103917e-01 -1.342710208235188851e+01 8.037885270793461601e+00 -2.296534559249712260e+01 2.150023592289527841e+01 -2.061633408918570609e+01 -1.014911580169711947e+00 -3.963693283279409174e-01 1.861319481647979401e+01 1.318834939180046462e+01 5.229113422934164191e+03
-3.619283139428314655e+01 8.540495202123995711e+00 -3.439138139949444195e+01 7.259154240049462414e-01 -4.298585071101431510e+00 -3.187267943302215301e+00 -1.817696364972534440e+01 8.657957943116340260e+00 -1.515312839688371938e+01 -2.318237546974465602e+01 -8.277783380392049750e-01 1.700643607739415586e+01 1.297055776229283985e+01 4.225333210553974823e+03
-3.653277550433093523e+01 2.390801668895854881e+00 -3.093450454993599053e+01 -3.426560993682519651e+00 -1.824447809844035984e+00 -1.597248083568388921e+01 -1.446983072640141899e+01 2.952756141415195934e+00 -2.553314385026223121e+01 -3.023711181314268259e+01 -1.405613782313461790e+01 1.258417502863530757e+01 8.527045278669973527e+00 4.780459373119232623e+03
-3.622023136709226065e+01 5.489619464940585836e+00 -2.201892206630940763e+01 5.816356513549911789e+00 6.710902934359393335e+00 -7.557599233324799215e+00 -1.048181151532836708e+01 2.171452033382745395e+00 -2.110857594222611766e+01 -2.060887021017081722e+01 -2.613543815715134055e+00 2.120592253764193202e+01 1.069722761955737766e+01 3.518691065494715531e+03
-3.992740244439532660e+01 9.204818775857313895e+00 -2.929071679990610377e+01 1.191876443112799144e+01 4.195061241281035969e+00 -6.639493624790032911e+00 -2.025787106464054332e+01 -4.875992340056082064e+00 -3.337380247599846683e+01 -2.832795017462036213e+01 3.552391719841442974e+00 1.793681843897459061e+01 5.633089461379925389e+00 5.457131338980298096e+03
-4.091118968621626806e+01 1.000384397178641471e+01 -2.976038936312891181e+01 2.130944550469499887e+01 6.141023114679774686e+00 3.216485367836035003e+00 -2.191674258503146078e+01 1.900729703715668684e-01 -4.710502008836986221e+01 -2.691914690055903847e+01 -5.337181354454734183e+00 2.026698222269995853e+01 4.851388668343961541e+00 7.048308687421667855e+03
-4.178236891954517063e+01 9.748609542491584179e+00 -3.463678208372398615e+01 2.721065067631822032e+01 -2.950293001406033011e-01 4.082845103955088817e+00 -2.356117067534605880e+01 -5.128437167021404619e+00 -4.347463768475178369e+01 -4.442904671348415491e+01 -1.713717853924410051e+01 6.650729367995051433e+00 -2.254289006272176987e+00 8.586095443710073596e+03
-4.433335661801613981e+01 1.547750111301646747e+01 -3.757906174658893406e+01 4.359537143580895702e+01 -1.553558921669892845e+00 1.424298281404552924e+01 -2.093865415035545752e+01 2.001905822026272652e+00 -3.605782711044277988e+01 -5.168470526250193586e+01 -6.984395902072805917e+00 -9.531789247197187009e+00 1.581766329022373441e+01 1.052676372974751393e+04
-4.227541592406184634e+01 6.421705803974594673e+00 -2.853570906633967397e+01 3.078802763255708896e+01 8.609617034802138136e+00 -1.745606391741361563e+00 -1.634035841102917175e+01 -9.063520930058494685e+00 -3.917878356683934982e+01 -4.474383803473430277e+01 -8.756397123863699505e+00 5.776096877023582543e+00 2.734844910215489922e+00 7.671471092480724110e+03
-4.460184636938620883e+01 1.568204302353256274e+01 -3.922407472277265583e+01 4.794261037303765249e+01 -3.111837098658946310e+00 1.380820647231763054e+01 -3.016032209688968990e+01 2.804112326833518853e+00 -3.242994182149693927e+01 -3.931144071354805192e+01 5.061846292276785952e+00 7.580764284049705815e-01 1.205932941774258182e+01 9.958846162513231320e+03
-4.250382687483222099e+01 1.027562964673305146e+01 -3.027837842910674127e+01 3.837935562110296672e+01 9.388498948934381971e+00 7.444844335025731397e+00 -1.637929510280440226e+01 -1.163539410873415214e+01 -2.577668135787198977e+01 -3.179968545366138599e+01 2.621325947717542335e-02 6.736780724220698957e+00 8.730834889041988234e+00 6.646422001945023112e+03
-4.017282176534582305e+01 1.080073237633612848e+01 -3.508810608296374767e+01 2.815705084636104871e+01 5.445005974573009944e+00 7.476678199679660075e+00 -2.233491258947199043e+01 -7.166418946099081921e+00 -3.336025868818031626e+01 -4.119908922169687315e+01 -1.128071560389593664e+01 3.735613387888614412e+00 6.991613060287205528e+00 7.390624634708602571e+03
-3.999216873514514248e+01 1.414710804862021476e+01 -4.108605091926042974e+01 2.310166488410875019e+01 -5.492714323899648754e+00 1.117042667649583620e+01 -3.119155986021874583e+01 -6.119421862888562158e-01 -6.163456178980125344e+01 -1.998107021898927371e+01 -2.850665013758479205e+01 2.124108788870585229e+01 -3.164362704248493419e-01 1.061147637216193107e+04
-3.755100870477310337e+01 1.442213797645235651e+01 -3.096809641164589522e+01 1.423194271127167454e+01 -5.003761484976560148e+00 1.181061076442741964e+01 -2.684868657547788473e+01 8.829741354240545625e-01 -5.179519373524932746e+01 -1.252514763602534842e+01 -8.233485794092359811e+00 2.064350628414341315e+01 1.080613012344279156e+01 7.116145782681116543e+03
-3.851887300004405290e+01 1.151998888120837172e+01 -2.910275098323539922e+01 4.008366564444016511e+00 -1.303249385209479527e+01 1.725183184825250571e+00 -3.047420127058157036e+01 -6.725353292813662343e+00 -5.494773147899357468e+01 -3.116727640780183961e+01 -7.940921415263241911e+00 2.091453702678283122e+00 5.190119550397719550e+00 7.711202377172174238e+03
-4.064388840655943369e+01 1.179070900868819649e+01 -2.649747611921035428e+01 9.279082240441162810e+00 -2.172220389450875899e+01 6.150471028847300653e-02 -2.918050968960863756e+01 -1.768204141390686601e+00 -5.091978385380785710e+01 -2.724592351176209348e+01 -1.971540146648055014e+01 9.041095560699975664e+00 3.984751336963409329e+00 7.727132151007331231e+03
-4.165639430998243853e+01 1.040671447990246001e+01 -1.620334092475474108e+01 1.451136502666262906e+01 -1.806837194641247279e+01 7.505085028315863660e+00 -9.727934626242397798e+00 9.240360065248722776e+00 -4.832493043364659258e+01 -1.751880725577820286e+01 -6.044979330904781456e+00 9.132105467782158925e+00 1.212259137009862897e+01 5.788594053533916849e+03
-4.338068399457219471e+01 -2.526765161772453361e+00 -9.178198333130030306e+00 2.782694532204834914e+01 -2.523965098881513569e+01 2.037603460749774342e+01 -1.713473317256054429e+01 2.472241750831450702e+01 -5.412555090057990981e+01 -9.369755536711164012e+00 -9.786876829156669899e+00 1.370927084553829012e+01 -6.888767396905326468e-01 8.005435468788517028e+03
-4.962616099438010053e+01 -1.285894867616436343e+01 -1.130597772127289424e+01 3.966693962750537139e+01 -6.869646198667307857e+00 1.505893551385802986e+01 -1.102577321704468183e+01 2.157926825542510585e+01 -2.715500761022539677e+01 8.084328133375178638e+00 -1.434801729281836691e+00 -1.468406569597454858e+00 -1.352479098090904586e+01 6.180481363533879630e+03
-5.250773666736595402e+01 -1.206665413247203134e+01 -1.591032287560144631e+01 3.827922674416953441e+01 -6.100737241895129337e+00 1.252417503373491847e+01 7.692020816773328384e+00 3.031797461410510408e+01 -5.673433036053091350e+00 1.154311347452816072e+01 2.792452426100299423e+00 3.423167366309635362e+00 -1.618546903021528749e+01 6.240441434335324630e+03
-5.463412936835585754e+01 -6.043702258192927168e+00 -3.210704116108770734e+01 5.346570622869376166e+01 -1.011639866760661022e+01 2.558426368292469277e+01 1.529001523413625829e+00 2.556769163600467110e+01 -1.178926628426510881e+01 2.180777263219075834e+00 2.061364365911621377e+01 -1.948831148928511059e+00 -1.064283622804144969e+01 9.009531834650540986e+03
-5.374019539930475986e+01 -1.134858774680628279e+01 -3.173858357769281113e+01 3.313882784597026188e+01 -1.782023126098929211e+01 8.462468442974884653e+00 -5.691283866718341855e+00 -1.062468729785439159e+00 -1.695044291425064387e+01 -2.217724554827006589e+00 8.669891446274471392e+00 -1.693127436207032588e+01 -5.679316919854057844e+00 6.231337737202667086e+03
-5.309299295264246155e+01 -1.364186679090868104e+01 -3.015776315901262095e+01 4.493432895115804371e+01 -7.933388435395410276e+00 1.265078451794018655e+01 2.815291886306813929e+00 1.357531723825351122e+01 -1.023103858679862910e+01 5.982909979671067191e+00 1.525026289240846822e+01 -1.218308015016697787e+01 -6.045622179854687417e+00 6.906764004930691044e+03
-5.110795138508529334e+01 -1.233322946922187846e+01 -2.491035303100101927e+01 3.172964973616316087e+01 -8.449966444832771373e+00 4.865633785376788367e+00 4.447605133403283340e+00 1.799768901544949173e+01 -5.563707214809567425e+00 5.139769323504466136e+00 6.366332367482585575e+00 -7.971093074217498575e+00 -6.268038971092491529e+00 5.030930822626322879e+03
-5.224027441474928679e+01 -1.331579085741527990e+01 -2.957975414084687316e+01 3.234301918890709260e+01 -2.157848597423036452e+01 5.883762116892967686e-01 -1.500125048011972595e+01 5.125971683621260766e+00 -2.744680106332869940e+01 3.276126042249528858e+00 7.633018395404231882e+00 5.602025769127878085e+00 -3.002711982408738489e+00 6.407401479795309569e+03
-4.746196723952607499e+01 -1.675066429610917851e+01 -1.397070951698543162e+01 3.471341479447255551e+01 -1.003976384165262914e+01 1.467968376805101194e+01 -9.676138792200195127e+00 2.231791006213205364e+01 -2.098481194260842742e+01 9.635583576857134958e+00 -7.459088343302406887e-01 7.420971375983162588e+00 -1.898670731737347950e+01 5.790760778742494949e+03
-3.967578965048035400e+01 -2.570038621734996909e+01 -2.582061361457140691e+01 3.671434403206720987e+01 -2.170516157685473146e+01 3.792825764927744814e+01 -8.077797223824561001e+00 2.205367320765233785e+01 -2.758180818409146440e+01 2.242372201701731527e+01 -2.193259839582200144e+01 2.937896775477309319e+01 7.890641691781819844e+00 9.380611655411566971e+03
-3.867202631848578420e+01 -2.132388125057964956e+01 -1.524883753160741762e+01 3.130127314883334577e+01 -2.240210938182598355e+01 1.228960322122121518e+01 9.150531930717244578e+00 2.540658977938093344e+01 -1.565480587834828086e+01 1.949067765319582435e+01 -1.515291526163443647e+00 1.526375800224915835e+01 -2.691544616830529701e+00 5.412128460547313807e+03
-3.545223191984790390e+01 1.163824106634155697e+01 -2.512910700221521054e+01 2.064617720309342275e+01 -3.271462705271891025e+01 1.591201983124453179e+01 -2.721142316591145160e+01 3.598316630482504763e+01 -3.457962465558222931e+01 2.310912118530116022e+00 -2.283179147426869093e+01 1.739054046351288463e+01 1.310470118597718781e+01 8.005280610242522016e+03
-3.325854279915076006e+01 1.637836995492524750e+01 -2.582109855501564866e+01 7.184434012912199741e-01 -1.875791781095429300e+01 -2.319221709445741020e+00 -2.473426412947170050e+01 2.006216352153883875e+01 -2.373551564568965233e+01 -1.261261142019094983e+01 -9.760465528015236814e+00 1.107502347808756227e+01 1.339026871420149867e+01 4.532814258549343322e+03
-3.308875249567408616e+01 1.554392252815355135e+01 -2.270252036115739358e+01 -4.529358977163976618e+00 -1.718001014906224455e+01 -2.700937361385848501e+00 -1.820319644799343095e+01 1.605245527442190223e+01 -1.098554872059553666e+01 -2.000010813397289411e+01 -2.986457474173211502e+00 1.119655973457811271e+01 1.727980742122622004e+01 3.717444314100440351e+03
-3.165169039727688727e+01 1.280077241200374871e+01 -2.427934616480064278e+01 -8.801174068250052329e+00 -1.076373721246387660e+01 -3.247985544122584223e+00 -1.370396916693297129e+01 1.193329825518762455e+01 -1.015927234384758293e+01 -1.766437818337235655e+01 1.246539672654408820e-01 1.257709460339447993e+01 1.022829909632634759e+01 2.967304442408033083e+03
-3.286006098457150415e+01 2.388452503529652304e+01 -3.072465174865788740e+01 1.138116712557741295e+01 -2.514423219105826846e+01 1.548577317664597786e+01 -3.509609416210341237e+01 3.761571588848912739e+01 -2.616919058976147383e+01 -2.698302734513551737e+00 -8.580854320277289560e+00 2.342321116074753462e+01 6.047747187409432179e+00 7.593469326643187742e+03
-3.366129458962598164e+01 1.555251688004573829e+01 -3.231058823821064863e+01 -8.655291124139600001e+00 -2.453879240296244646e+01 1.588316196941020486e+01 -3.146610150305020426e+01 2.118785231406318914e+01 -2.058743542284305050e+01 -3.512828666405940492e+00 -7.415599354094855933e+00 1.658734808316238585e+01 8.656932045140079524e+00 5.628575672897386539e+03
-3.322557630661578543e+01 8.626969685317749992e+00 -2.892811454254086101e+01 -1.830301600717974253e+01 -2.432924572159089394e+01 -8.681029198534119473e+00 -2.594039818771966210e+01 2.089734494365759687e+01 -2.037178391866565619e+01 -1.554592986963227119e+01 -8.462114510723052874e+00 1.390675089362774131e+01 1.031290809260646490e+01 5.155122173239476979e+03
-3.278090280012725799e+01 9.953888637522641858e+00 -2.243713942524964722e+01 -1.259707627922343676e+01 -2.183377313316062640e+01 -3.736755511545220898e+00 -1.614212775139602840e+01 2.204179501500832217e+01 -1.196458029186535477e+01 -1.258848503922870421e+01 -1.195766379859441919e+01 1.353697101489861154e+01 9.937462193158836499e+00 3.799474650343944177e+03
-3.466021562459361860e+01 1.543608003747609736e+01 -2.832888739926143984e+01 -8.440594969809992465e-01 -3.313931078854781020e+01 1.124591413583521948e+01 -3.053592350570294656e+01 4.315808867834444840e+01 -2.051109438256176887e+01 1.055686489217242396e+00 -1.369194344896096638e+01 1.409812060286693658e+01 6.828478495113654567e+00 7.117263064020321508e+03
-3.596988719803914591e+01 1.332486946641959769e+01 -3.070287449419208414e+01 -3.078405944151300755e+00 -4.106780906950132959e+01 1.427554164863497377e+01 -3.240486698650360609e+01 3.349787151267257457e+01 -2.610389808851792637e+01 -1.935320611452384876e+00 -2.386082260387437515e+01 2.569648978953432206e+01 5.782849854257152700e-01 8.401208665769734580e+03
-3.446301160512377493e+01 6.952294942842947911e+00 -1.839244317319892374e+01 -9.874942513132323185e+00 -2.676094648744359716e+01 -4.053598433472120455e+00 -1.025751367070513709e+01 1.724781001475967201e+01 -1.808998795336049525e+01 -1.097753004004418287e+01 -2.893529176106181655e+00 1.632492079592502421e+01 8.686827345003067080e+00 3.605203832898705969e+03
-3.516050303175724423e+01 1.750162363836533785e+01 -2.145852559410284499e+01 8.826910919177446857e+00 -3.949111554656896317e+01 2.231814196211544754e+01 -2.461541018173787165e+01 3.904362312232085941e+01 -3.062614226462510558e+01 -6.522019213827069395e-01 -5.154845229712221588e+00 1.873943755584949145e+01 4.100527384477669735e+00 7.601860304601724238e+03
-3.776187932429414218e+01 1.709905453463551694e+01 -2.420476053551141504e+01 8.014805127632783410e+00 -4.863509250608873913e+01 1.960089718119074931e+01 -3.094687831019560420e+01 3.431162137831160663e+01 -2.972303060068237457e+01 1.411642553663233635e+01 -6.457675044545414522e+00 1.332666755855511198e+01 9.858095807485774742e+00 8.652224468201602576e+03
-3.751520171395232950e+01 3.127679471085002216e+00 -1.605029964556599964e+01 1.439638160786948085e+01 -2.551864305195011795e+01 6.580849200579938163e+00 -2.534900746800114035e+01 2.738055734204859348e+01 -2.120454141028059780e+01 1.349771911824259440e+01 -3.490905627099181174e+01 2.171952472524776567e+01 2.185077543055166771e+01 6.768473828765439066e+03
-4.620977060910923484e+01 -5.349495582178229292e+00 -2.549961614094569384e+01 3.888937148116198728e+01 -9.990603212447901171e+00 1.673247760446177779e+01 -4.278796819869914714e+01 1.335929468981281687e+01 -2.892193037235083963e+01 1.433235160794012408e+01 -3.170630661148179286e+01 1.471037421514746768e+01 -6.334589059533095146e+00 9.019348942901033297e+03
-4.397539571765238975e+01 3.331424310789492971e+00 -2.229460236387143723e+01 2.642647485753983716e+01 -1.878683753355875652e+01 2.228617770945487919e+01 -3.051645438081673234e+01 3.307042715148125467e+01 -1.561460302270542755e+01 6.894461507245025267e+00 -1.397897623420529456e+01 3.130048645401251761e+01 1.464482762694723128e+01 7.695820437858457808e+03
-4.311084035149690408e+01 7.708153668096206168e+00 -1.950389119593496545e+01 3.090353788476154762e+01 -2.863789392131144851e+01 1.860436622585141464e+01 -3.358635372072482994e+01 3.730786537218892818e+01 -3.363103144243599019e+01 5.083928244358327575e+00 -2.055257226902940815e+01 3.025212262062787971e+01 1.463777389139753282e+01 9.648318176856673745e+03
-4.587796425474846274e+01 1.360300562943282054e+00 -1.667555447324223294e+01 2.510016961606837427e+01 -3.193603382565170179e+01 -3.855219804553905227e+00 -3.027160669262270432e+01 2.300694620249622702e+01 -2.877629045356264825e+01 -1.957630373773322319e+01 -1.835254386343312660e+01 1.113857820717506186e+01 -2.177040018620628903e+00 7.172123229378037649e+03
-4.783890260724391652e+01 8.933092509525240033e-01 -1.143243802260391462e+01 3.622206198316268910e+01 -2.256949094011238088e+01 1.153844106702486805e+01 -2.653374619451535921e+01 1.834246038100348741e+01 -4.348560900372228843e+01 -7.761402854800479645e+00 -1.497507301010009684e+01 1.111496097326453736e+01 -1.905907176148713189e+00 7.717765316990862630e+03
-5.066170009163645460e+01 -2.399611260340144714e+00 -8.222209520213027645e+00 3.731135041748891013e+01 -1.067189563976465649e+01 1.267854531292334208e+01 -2.115567372070328744e+01 2.270505177732579583e+01 -3.637636080297151153e+01 -1.781798694283264650e+00 -2.174344938473581834e+01 7.078794131435710568e+00 2.930138186950801860e+00 7.127711423483734507e+03
-5.142390774244098139e+01 -4.492774736892741316e+00 -1.835993688652585476e+01 4.301209548387569725e+01 -1.593368959556491582e+01 1.898059612144649577e+01 -8.468331193574384130e+00 2.081302328319671346e+01 -2.494991396453102794e+01 3.423278585580586064e+00 2.881242955805875194e+00 -1.177154244912892445e-01 -1.173450187698916380e+01 6.751002012679633481e+03
-5.131662820645465217e+01 -8.952447307647902974e+00 -1.919750006053206803e+01 4.333085538131913950e+01 -1.310435037210118558e+01 2.324427685324685910e+01 -1.389552686045457897e+01 2.439573231289453759e+01 -1.974168777426332966e+01 -6.050237359313122010e-01 -1.110445612215091593e+01 -1.974293902839284742e+00 -1.031658991074052878e+01 7.083646606311323922e+03
-4.945300208282843357e+01 -8.858242937283760554e+00 -1.528779752847173867e+01 3.588204023088697880e+01 -8.472716896827048316e+00 9.856890512659132852e+00 -8.219449120248871310e+00 5.373680930712564141e+00 -1.925365904670389838e+01 -4.234097763426115435e+00 -5.558832265948042917e+00 -1.272432861727696363e+01 -8.824840978752529708e+00 4.970004403899142744e+03
-5.043193976289801839e+01 -4.209261340151084774e+00 -2.332336575356045572e+01 4.304576139090062270e+01 -1.885757784546502336e+01 1.863156483182098455e+01 -9.369622052408155710e+00 1.073155831021573725e+01 -1.935462069119637007e+01 -8.945273831546920462e+00 9.072893743499115260e+00 -1.377920824575549297e+01 1.347844166832815604e+00 6.592334935205859438e+03
-4.984113959995520560e+01 -6.951995816537885453e+00 -2.011644143126269668e+01 4.736878927477145851e+01 -2.036626600884089200e+01 2.055586113779366642e+01 -1.463680254526888724e+01 1.832942406388727008e+01 -2.077320752436797946e+01 2.288538342500779255e+00 -8.422946923657017138e+00 -6.565761643031865269e+00 -1.128752947670419360e+01 7.246701990307505184e+03
-4.464219752810904396e+01 -1.177014379689155632e+01 -1.689304280859132845e+01 4.017770616159197061e+01 -1.741286869914322821e+01 2.169067361126771587e+01 -1.038686763745475439e+01 1.349833041790395427e+01 -1.137290703872568720e+01 -2.129396374566036698e+00 -1.433068573817690705e+01 -3.056452936064016690e+00 -9.727585383017633092e+00 5.538084033403568355e+03
-4.431720762312352946e+01 -1.144962235744239365e+01 -1.629297405179449143e+01 5.183482377802828012e+01 -1.519622673492246179e+01 1.539888441089505910e+01 -2.019654351853586505e+01 7.272408383792070552e+00 -3.293535479790535447e+01 1.623511957898521318e+00 -4.112769504402723264e+00 1.247572559376526868e+01 -4.080745742585344615e+00 7.252842419711068942e+03
-4.255702087891459229e+01 -2.248036592305505555e-03 -1.806073489845127966e+01 4.136944346924374827e+01 -4.739246659047177346e+00 1.369531328565899742e+01 -1.842348498309123528e+01 2.027341767592653721e+00 -2.706489036365812595e+01 -1.060362931256686636e+01 -1.080496878495877840e-02 1.539729975722851130e+01 -5.812352607676266381e+00 5.518083652014003746e+03
-4.480772473489810181e+01 6.390525312196714935e+00 -2.657270535326255967e+01 5.168177304439392117e+01 -1.396071470368620915e+01 2.789897375906563681e+01 -3.382895092641881263e+01 -3.257107143117716763e-01 -4.798288422876349557e+01 -1.553138917340001512e+01 -1.137109021552432431e+01 4.774649685001057797e+00 -8.151529094092815342e+00 1.030557127202844276e+04
-4.344250504546715064e+01 3.072844564417564595e+00 -1.182277547343365143e+01 3.720599077639126051e+01 -3.988068339484983627e-01 9.690840684558033047e+00 -2.287331307066013508e+01 -6.433099731855021375e+00 -2.852812329403435854e+01 -1.383799927027673959e+01 -4.063074832290872185e-01 -3.071471254706004128e-01 -1.417790218759101384e+00 5.087015647659187380e+03
-4.553797753285869021e+01 4.444345892368689377e+00 -1.753440918247554592e+01 4.428742427165341411e+01 -1.375441914057602055e+01 2.014545390583161932e+01 -2.712397326734652125e+01 -4.800728114085469400e+00 -4.761885457221966078e+01 -8.883982645930026123e-02 -1.339855251344473253e+01 -7.813865740480442135e+00 -2.057920340726460395e+01 8.647715860818138026e+03
-4.847942315197681040e+01 1.675168940636629911e-01 -2.132060612319799375e+01 4.889159749105733965e+01 -1.040146371103960021e+01 2.206282385510036903e+01 -1.461362087661004949e+01 1.848599420327692755e+01 -2.881837591884422878e+01 1.980397160492966080e+01 -7.515646186589806099e+00 2.775573590614707431e+00 -1.523792789859206742e+01 7.864566897278764372e+03
-5.089547520523971258e+01 -9.075806206961194889e+00 -2.543754850114727617e+01 3.770982932481565797e+01 -8.929433574595467604e+00 7.187167900728362646e+00 -9.268406650058521379e+00 -7.717527417678786694e-01 -2.671590698213870851e+01 -1.089488724227579119e+01 3.245100256184415777e+00 -9.289838468071504707e+00 -7.866379339918957214e+00 5.950858838905325683e+03
-5.178770856013957058e+01 -9.365615257822904383e+00 -3.391187231505824684e+01 4.065523814396856039e+01 -1.091796919394360543e+01 9.791088225060004646e+00 -2.566104755848485297e+00 9.863789079678245031e+00 -1.921783532123491867e+01 -7.844859914294604053e+00 2.160539254435754941e+01 -1.010074727992791921e+01 -3.421293061680449110e+00 6.902882018431972028e+03
-5.303776459767484397e+01 -9.945578475979328203e+00 -3.627433732617095075e+01 3.624762974741170041e+01 -1.441259645863853933e+01 1.608596997337577506e+01 -2.527173894775266438e-01 1.462857632063785118e+01 -1.027622743023784579e+01 -9.969483642919049871e+00 1.476450788138444636e+01 -9.302352141790555251e+00 -8.154321891277273027e-01 6.732358525718905184e+03
-5.163847188205992467e+01 -1.248830752796709120e+01 -2.401334414715021381e+01 3.142127428316226201e+01 -6.233448271763370130e+00 4.868860961756590555e+00 7.674512800714978766e-01 1.250106279137577658e+01 -5.893016393277151543e+00 -1.181973855943108020e+01 4.449714615847326193e+00 -1.726958798452664112e+01 -5.372453206816304672e+00 5.127189759339389639e+03
-5.058116984488081869e+01 -1.001617540658450523e+01 -3.291140758820554879e+01 4.007947817626764930e+01 -1.609023566249825166e+01 1.342755568715688597e+01 -5.082107457303767895e+00 8.868845442175796734e+00 -1.517618369450063298e+01 -7.579167537124710030e+00 2.735362064314040165e+00 -2.417176861680367139e+01 -4.729651978450199579e+00 6.793869547671745750e+03
-5.007034752567955138e+01 -1.227417683578580920e+01 -2.793313649626338702e+01 3.712641824967813164e+01 -1.625219962706470511e+01 1.297139350656956935e+01 -9.093952424754451869e+00 6.546890504090743690e+00 -6.989746217015783136e-01 9.606050087588112518e+00 -1.710480652509789756e+00 -1.756776144047472243e+01 -7.697058404918088570e+00 5.837840411091665374e+03
-4.273529632816552493e+01 -1.249000148976798563e+01 -3.188822853824219905e+01 1.726018152249364235e+01 -9.783267822599276187e+00 2.476116506511109350e+01 -6.411388378973055246e+00 2.206261127898059016e+01 -2.940141875196783161e+01 5.030660407918771782e+00 -4.142905439113778066e+00 1.552907917158412232e+01 -1.034706830917421883e+01 5.788899773788786661e+03
-4.428997708529252719e+01 -1.261394965384872435e+01 -3.327916957680016452e+01 2.051423306199931673e+01 -1.348781148859483103e+01 2.094810329150950778e+01 4.020398085548064770e+00 9.082126433951367872e+00 -2.780287986932342648e+01 1.016792613264202849e+01 -9.484505381011544500e+00 7.694573559428649290e+00 -1.748449776512909182e+01 5.699700211070789010e+03
-4.651571905085837244e+01 -1.176506878009131718e+01 -3.129155577226877938e+01 3.853165571134010037e+01 -1.358768567826895790e+01 1.696992969416939445e+01 -3.666787929211322350e+00 2.788765375957408921e+01 -9.140412199538287652e+00 1.137874179160268184e+01 2.719840011509160327e+00 1.048726878550831820e+01 -2.792303161687986091e+00 6.367949391725018359e+03
-4.238715905344936630e+01 -6.475663684912989382e+00 -1.774846694363944621e+01 3.082511738711849247e+01 -2.170714330676290604e+00 1.274131204725498989e+01 -3.235903551439735626e+00 -6.727565772484974671e-01 -3.156070082845173985e+01 -1.370254619541541707e+01 8.837789782348572487e+00 4.661334054782836134e+00 -6.116084759815186622e+00 4.602856785376026892e+03
-4.115232788964221555e+01 1.137004527077581173e+01 -2.593223141790887709e+01 3.775009091799895344e+01 -1.903037284969927967e+01 2.410245482034050113e+01 -2.365641976997481777e+01 4.120090424669240470e+00 -3.041839924476180457e+01 -3.041722666833434729e+00 1.781235428766254358e+01 1.826671263366697673e+01 1.065836248252336560e+01 7.139111307345810928e+03
-3.890189641540357002e+01 8.118772609966166343e+00 -1.696247238923983502e+01 2.150004454181844693e+01 -1.367507755983077722e+01 1.144077324629151704e+01 -1.057722530708038100e+01 4.834582376750923061e+00 -3.427760193033449099e+01 -9.122124300718057910e+00 1.895287750906692636e+01 2.400336864264660619e+01 1.483206036548579476e+01 5.195929751563926402e+03
-3.931165955230058273e+01 9.659908702098208622e+00 -1.645691901500928367e+01 9.636541372712800424e+00 -2.579473301288834364e+01 6.797303852471832997e+00 -1.258278939967880561e+01 3.717782569045213759e+00 -3.282539983596166167e+01 -7.140979178547787853e+00 1.381695456797454646e+01 1.785575825552345464e+01 9.682602622107784329e-01 4.525307935527571317e+03
-3.991833563668347296e+01 9.224702410186376156e+00 -2.255307591572013237e+01 1.096412274490516303e+01 -2.449264625438638987e+01 -2.154776319333171042e+00 -2.368705364718636019e+01 1.723659907974367744e+00 -3.065490296588960462e+01 -9.579983551817349507e+00 -4.252117353658781407e-01 4.103456471591986343e+00 1.600892890226889020e-01 4.524546120192703711e+03
-4.364190749581669593e+01 1.272577826137419699e+01 -2.496961724993948550e+01 2.595810107641276687e+01 -3.811363937633506538e+01 1.158634005997712002e+01 -2.668482837364631166e+01 2.655750517149218126e+01 -2.719183208685208797e+01 2.912134747989550410e-01 -1.251304850728243601e+01 -5.950141548662828406e-01 -3.021047928322033727e+00 7.273677940995143217e+03
-4.327474359225238487e+01 5.039362273306998929e+00 -1.910002438063101593e+01 2.291406970505961027e+01 -2.296225613934545962e+01 2.283594991537224672e+00 -7.541252262210394797e+00 6.957864111216553127e+00 -2.384998070528089897e+01 -2.121004920009078987e+01 -1.002856197767941637e+01 -1.816046319875758996e+01 -1.063113898604947494e+01 4.987809860439409931e+03
-4.620899761767144298e+01 1.649036532966974988e+01 -2.752739990040720386e+01 4.134202302377860860e+01 -3.669469076963545007e+01 1.963935556482678280e+01 -1.643714257909342180e+01 1.472118244067429238e+01 -1.066073816895732485e+01 -5.340103545749760983e+00 7.851710945381434215e+00 -2.055438133733019157e+01 4.940941630249122696e+00 7.743934614119574690e+03
-4.239644973827019925e+01 6.691022421028600675e+00 -1.823467235547557053e+01 1.980985104255224627e+01 -1.897530609688760705e+01 6.915464367366455534e+00 2.943640464553361813e+00 1.041106575849070026e+01 -9.622996083776655496e+00 -4.991196582753525846e+00 8.227186008820728702e+00 -1.145623157988674023e+01 -1.611262211876716144e+00 3.411145498494323419e+03
-4.396084156878243476e+01 9.555166913562864295e+00 -2.618956086865084032e+01 2.673907657487813339e+01 -3.173800504959120872e+01 6.597651517540964683e+00 -8.657614012865840536e+00 1.903000251049454405e+01 -5.168247218278176014e+00 -9.968835259700956186e+00 3.408716979635143751e+00 -2.643215885841640755e+01 5.223661043998883535e+00 5.776306830582288057e+03
-4.356160636866157887e+01 1.279845604378115986e+01 -3.174891394434661152e+01 2.944960806875744197e+01 -3.995929845859810570e+01 2.465028488488070124e+01 -1.601230938940600979e+01 2.234710047873884520e+01 -6.541650863490817258e+00 -1.666741753810047300e+00 2.511725881307057762e+00 -1.736034110808413544e+01 2.221427606249564146e+00 7.255052183565147971e+03
-4.226355929660399369e+01 2.775258660699690960e+00 -2.431490375737667975e+01 1.752456186388388204e+01 -2.685303633880487340e+01 5.608522355605100707e+00 -6.938662803490329267e+00 6.958368914981949871e+00 -1.311415988564619894e+01 -9.145881819726939810e+00 3.656161667497925816e-02 -2.448472222872920057e+01 -1.379573842837497066e+00 4.398374868511344175e+03
-4.175343206012862396e+01 3.079677849191295724e+00 -2.576698495202715833e+01 1.529172432434658546e+01 -2.122124202686952543e+01 1.697614633397216632e+00 -1.017831126255322438e+01 9.073658351827385005e+00 -2.271557835656818014e+01 -5.627250167219261634e+00 -4.815337104568782500e+00 -6.339146413687789305e+00 -6.356042931859668954e+00 3.941195130388294274e+03
-4.126531325733552080e+01 3.788253950961245842e+00 -2.328890822117799431e+01 2.274911158536928468e+01 -2.125685025637912418e+01 3.101958387972298947e+00 -2.162771699803883507e+00 2.017107275725537718e+01 -9.054501008189671296e+00 2.980275532995049215e+00 -2.593487872261421856e+00 -6.214020670380596911e+00 -7.697889483989150960e+00 3.845561622050910501e+03
-4.174191092629040156e+01 6.435161065112918521e+00 -3.204611599569242486e+01 2.423376820721917113e+01 -3.205631697115527601e+01 5.064273700325267136e+00 -1.258587703268712765e+01 1.391218163062038826e+01 7.968691624521488936e-01 -3.449779673490604992e-01 1.152693056148898387e+00 -8.009170337241478421e+00 3.048216750690497800e+00 4.878756068307040550e+03
-4.172198384710269892e+01 2.931706853607368934e+00 -2.930962158679958307e+01 1.067039576091673858e+01 -4.029591405634747758e+01 -1.209560097425619851e+01 -6.970956538334780461e+00 1.522195352571093530e+01 2.930724239443267098e+00 6.428183126744509757e+00 1.123108656534354921e+01 8.672400281045065995e+00 8.243870689104003446e+00 5.091816380122792907e+03
-4.260997870360249351e+01 7.624535186667232622e+00 -2.851173849397914495e+01 1.816144231508019402e+01 -4.039871417732697267e+01 2.642306760765276152e+00 -1.999627983734269066e+01 2.081291386636460317e+01 -1.685563700600180681e+01 4.431390281218710925e+00 -1.420318707803751579e+01 -4.843396640164922218e+00 -1.901287141499635069e+01 6.378995536322053340e+03
-4.091442561260645761e+01 6.561787470981941262e+00 -2.202097461259920408e+01 1.506478809152412524e+01 -3.487895548219145780e+01 -6.838986680495428239e+00 -4.887101381120115384e+00 3.289483120095673740e+01 -4.634676112316310714e+00 5.752927528585114914e+00 -4.639268619112463909e+00 -1.724878903285073761e+00 -7.141026470518871960e+00 4.928254072567738149e+03
-4.238691977513203568e+01 1.267928159082171469e+01 -2.617471718074169473e+01 2.269362163554344392e+01 -4.652928777972845609e+01 1.460597667589486726e+01 -1.918546999337225500e+01 3.883557507508802331e+01 -3.139482173195612447e+01 9.301123803255178402e+00 -8.129512231711895964e+00 2.182107606969412217e+01 -1.104513218931255025e+01 9.148513768965911368e+03
-4.329533591236407375e+01 4.534880684166874509e+00 -3.297400045445078121e+01 3.751814495825005924e+00 -5.551038854709860004e+01 -8.519711341700693552e+00 -3.791962316105603747e+01 2.815529112436820469e+01 -3.166841628447942369e+01 -6.991123146736686778e+00 -2.966108839804920549e+01 -1.264764253563109975e+01 -3.405962435249298892e+01 1.163258446005430596e+04
-4.394154407545241980e+01 7.281096514846109535e+00 -2.484502047631801958e+01 2.359130484256511195e+01 -4.154508060879283704e+01 9.586875575608006628e+00 -2.064409342235724765e+01 4.642948997431065550e+01 -1.568407732043788627e+01 1.326346639015602769e+01 -1.558437409156624653e+01 -5.544332396825792486e+00 -1.427410614654610477e+01 8.456748673347352451e+03
-4.391247966640410283e+01 5.727149471099449940e+00 -2.769689306161061992e+01 1.122789323313359233e+01 -4.023665727558897487e+01 -2.771252127051164749e+00 -1.606309292532042932e+01 2.458170784624398308e+01 -4.919927137700754294e+00 -1.665401246142428571e+00 -1.174753418224947410e+01 -5.718970564338171414e+00 -1.566199904263775089e+01 5.786229967309482163e+03
-4.400281794655803225e+01 7.748098331677968353e+00 -3.344670137224426298e+01 1.860266201381539020e+01 -4.395031076864941610e+01 1.163616311415847981e+00 -2.959508595689674948e+01 2.462452960691788206e+01 -1.752822699352233826e+01 -1.069449868785618873e+00 -2.271126641914652211e+01 -5.193049841084536489e+00 -2.026888247462332515e+01 8.138221722760576995e+03
-4.298289356301770425e+01 6.383614821657662475e+00 -2.231418307955244629e+01 1.482004478517417922e+01 -3.319472685717876459e+01 -4.155984716147654190e+00 -5.192646787387545260e+00 1.422150042788158153e+01 7.602810158787776551e+00 -9.586964624788203437e+00 1.051951392555626086e+00 -7.981538502439316396e+00 -6.633144554347399691e+00 4.212735704650306616e+03
-4.602695790051447489e+01 -9.667080616597757414e-01 -2.477547756725937234e+01 2.168536727815870790e+01 -2.709349904105680196e+01 8.102218363822776936e+00 2.626455606246494434e-01 2.449229203531716337e+01 2.449880151849553656e+01 9.773320757873674935e+00 2.023379174194221264e+01 -4.818721257775127498e+00 1.500111720385034708e+00 5.733725617732191495e+03
-4.582925212941849935e+01 3.269758883062465316e+00 -2.661358417103367202e+01 2.521368989227315183e+01 -4.269473766615232790e+01 -5.424553016710066400e-01 -6.843885793953977670e-01 2.506409905686924944e+01 9.881313018524053859e+00 5.261165538879923886e+00 8.702070241588376831e+00 -9.217332751815884961e+00 -1.617817313488514097e+00 6.195459817908234982e+03
-4.399020532203416423e+01 8.395742358314205456e-01 -2.386194288796073337e+01 2.229764913380405744e+01 -3.533248468246357987e+01 -1.443568745782799700e+00 8.455094803370141188e-01 3.039755087056202854e+01 1.330930168114575629e+01 6.841908196256995645e+00 8.897161981100573769e+00 -1.047700386398871686e+01 -5.240700554181952242e+00 5.617956136813135345e+03
-4.392742779244844087e+01 -9.609070488573894231e-01 -2.500220873087972251e+01 2.092262378267025014e+01 -3.847557356479357082e+01 -6.392352939096491049e+00 -1.030566256211346321e+01 3.006139547949958768e+01 -5.887833465013582179e-01 5.226725395146323727e+00 -4.738880302001335920e+00 -3.145848682795834517e+00 -1.639078280649815156e+01 5.853211434094720062e+03
-4.217051277535183118e+01 -3.207470841141757845e+00 -1.879591533631689870e+01 1.479742155382359492e+01 -2.727164468129976527e+01 -2.887086817338330835e+00 -3.099329883275463882e+00 2.235582396319420795e+01 9.874737690115939159e+00 6.151677586141495624e+00 -5.496696574333617136e+00 2.589962866966353250e+00 -1.297598520358325658e+01 3.963008074075649347e+03
-4.438843210629531910e+01 -1.368031194069670997e+00 -2.565293332479917154e+01 2.523032354196939764e+01 -2.847154074542595836e+01 1.712624877493142683e-01 -1.562006592594255139e+01 3.489719156314833981e+01 1.056154126004700622e+01 1.256057086838925763e+01 -3.830697699530626998e+00 8.786620729160532051e+00 -7.436663970235581900e+00 5.955802044223214580e+03
-4.486623744686210813e+01 5.585540102235523108e+00 -3.097423578621453188e+01 3.053717954323124673e+01 -3.821955434564593901e+01 1.227053150883073585e+01 -1.256878772873190364e+01 3.545707718969003963e+01 -6.680216167997127252e-01 4.021890285488441741e+00 -4.099584905030289050e+00 -2.410964077673178441e+00 -6.535849528289090493e+00 7.044537691144834753e+03
-4.364107836904168636e+01 3.847847828569012751e+00 -3.157477751268870136e+01 2.314536816808601571e+01 -3.243814388254153158e+01 7.483015916766943221e+00 -7.618498045357711135e+00 3.033536684351955870e+01 3.984035510543843639e+00 -1.356737358333470489e+01 -3.712615353832172893e+00 -6.806968508641322302e-01 7.585528525598481231e+00 5.810262265369779925e+03
-4.423122187718598752e+01 6.062349668346378451e+00 -3.542384640455756539e+01 2.405051884716801069e+01 -3.336526035217963937e+01 1.784643801037208277e+01 -8.556257406804459009e+00 3.725352982741732433e+01 -1.865351623178013174e+00 5.932901003225487635e+00 -2.795661086476198154e+00 1.295338772045193565e+01 5.356229288552856183e+00 6.962174414132888160e+03
-4.411164184203906302e+01 3.322581337728864437e+00 -3.095124819678593653e+01 1.954543006807893235e+01 -2.691687589727925456e+01 1.396188894285355708e+01 6.199458453784417733e-01 2.286373640286977604e+01 4.735081922944278432e+00 -5.713627719767507607e+00 1.213775499064271912e+01 1.156524427464999327e+01 8.439312285000140079e+00 5.146835926030628798e+03
-4.463184242273179336e+01 3.507140258276431499e+00 -3.363636205543387092e+01 2.439916369937422758e+01 -3.819007640754752941e+01 3.024235825356347007e+01 -3.377350376328620030e+01 2.704836391942829366e+01 -3.475748106468494569e+01 9.054850578601074673e+00 -1.308614001226860069e+01 1.873595303287840608e+01 -3.892011401597577080e+00 9.803874706493423218e+03
-4.628754302663320175e+01 -3.235925346501753896e+00 -3.021515958946985592e+01 2.374771814091425881e+01 -1.554894740644912865e+01 1.744776666253714836e+01 -8.079526512017297435e+00 1.571627655483656838e+01 -6.918489622906544234e+00 8.131605000525683025e+00 1.960026137630790899e+01 3.228609873027514254e+01 2.252236883859739081e+01 6.536200276462676811e+03
-4.448078556415124751e+01 4.235672722899927578e+00 -3.171481568631780235e+01 2.506339267134772797e+01 -2.221844657746317964e+01 1.419375709379515449e+01 -8.581084444589944127e+00 3.719543416422966597e+00 -1.226836517825994477e+01 -7.068904932615944325e+00 2.269480899649842698e+01 8.132080138450092477e+00 7.325852196835658248e+00 5.248411910528991029e+03
-4.434997401551785856e+01 2.711816870858219986e+00 -2.936369100201052973e+01 2.764556012904390769e+01 -1.573634754818218262e+01 1.557447198297594326e+01 -1.431134631415916303e+01 5.702320991659758365e-01 -3.657258771439584888e-01 2.355118588550350278e+00 2.898752088657877835e+01 1.196411118173795529e+01 -1.978416272346487093e+00 5.289124893153575613e+03
-4.574780000629783672e+01 3.565928784272206720e+00 -3.847337304416792847e+01 2.894153540507510414e+01 -1.777322848680268308e+01 1.800076612712524238e+01 -1.814912073095018741e+01 -3.948692932207817030e+00 -9.781922648141614829e+00 7.017393373567685222e-01 2.134518269600815188e+01 8.723333846810323422e+00 1.179749080491520452e+01 6.175360565509426124e+03
-4.320077575701965600e+01 -1.582031461829198626e+00 -2.915925648556427063e+01 1.551958248707559918e+01 -1.054697300222183820e+01 3.803055366361959067e+00 2.478593832379699435e+00 6.913654052138949346e+00 -3.419734810909252687e+00 1.953202898219189354e+00 1.331419631893458089e+01 1.470142638052714279e+00 2.053049812865319623e+00 3.338727182554373030e+03
-4.601695949322340340e+01 7.849524040618058862e+00 -4.224575921881289986e+01 3.877467950641693761e+01 -2.865463413408435045e+01 3.295810424731963195e+01 -1.125003038775726694e+01 5.874178423842066898e+00 -1.094944848127083858e+01 -7.421556492203681410e-01 2.319232750608348326e+01 -7.794827707644605752e+00 1.372997102444874962e+01 8.443346095805658479e+03
-4.416374194293048561e+01 8.576258662599876847e-02 -3.446848259961883087e+01 3.305686896608875003e+01 -1.873867555929671980e+01 1.606556912034707096e+01 -1.698115419429548822e+01 -5.775536418647337022e+00 -6.313500583223275342e+00 -5.754897249569828510e+00 5.988522390236794557e+00 -1.306871524434795084e+01 -8.252555460883366223e+00 5.509970749913847612e+03
-4.545943897928631827e+01 8.420659126169500297e+00 -3.920595720776483972e+01 4.895333062704219174e+01 -2.253183526044819018e+01 3.118912876103748388e+01 -8.344373239771648798e+00 9.781071691071240082e+00 -1.252784832408797566e+00 -2.831430254891096343e+00 8.464914343169565925e+00 -7.872740418094863912e+00 -4.057869106815609889e-02 7.859969964037933096e+03
-4.466477353713362675e+01 -5.226376313101646076e+00 -2.556416535636153498e+01 3.146653396305696759e+01 -1.618562512932270891e+01 3.716928213668769576e+00 -1.296823749924781133e+01 -6.792294813757028038e+00 7.340303448518934459e-01 -8.905627663177209996e+00 5.024460252992918541e+00 -4.983066934231606737e+00 -2.422835231679542289e+00 4.291822075438729371e+03
-4.645878637933312660e+01 2.689650852045497142e+00 -3.242334106166797625e+01 4.892291940288151864e+01 -2.122119034724328657e+01 2.262225480584608306e+01 -9.858743920850969289e+00 1.594313233401813967e+01 6.378815471260153913e+00 -5.045651524384926923e+00 1.031567817525201214e+01 -8.463747913009644908e-01 3.874717567209897240e+00 7.112152663470273183e+03
-4.733379870745818607e+01 3.739165311654577994e+00 -3.822430232206489364e+01 4.539594803666952316e+01 -2.189744631948958542e+01 2.309849234004397189e+01 -5.685437873531887121e+00 2.368885936230925537e+01 1.703897779618455033e+01 -1.033194984394607552e+01 1.573079075822003325e+01 -6.869883686131025513e+00 5.946365337384783345e+00 8.109972301243930815e+03
-4.633095119459962064e+01 -3.070343003202419041e+00 -2.443814646772546340e+01 3.504236744318559005e+01 -5.977558997002189400e+00 1.446489092783736474e+01 5.381661899240739011e+00 1.026782033592157539e+01 1.311185824567428426e+01 -8.915960872738461163e+00 3.651108491977218318e+00 1.789202382599512031e+00 -1.486512631655922512e+00 4.630686007049321233e+03
-4.797769453062119283e+01 -1.659326502531525804e+00 -2.641442404787781939e+01 3.807786370791658470e+01 -8.530537603743937325e+00 1.753775900689660716e+01 4.088445389879336589e-01 1.071505890505621572e+01 1.040006086812629515e+00 -1.284831841518940010e+01 1.030383304015538037e+01 5.248878897832419455e+00 1.047265940021130248e+01 5.357137941919180776e+03
-4.850743317615378203e+01 1.892784071056452966e+00 -3.666171376203844545e+01 4.305489853927765864e+01 -1.481286754842807163e+01 2.170319808187996458e+01 -5.219053956825296048e+00 1.890820963666213572e+01 8.116849674705083117e+00 -5.618779324073186032e+00 1.336334882752202624e+01 -1.567748722047871412e+00 1.745882049223699539e+01 7.212869287588673615e+03
-4.739446006423739277e+01 1.434444196071036792e+00 -3.507927391823885444e+01 4.101631898754558847e+01 -9.814239471713781526e+00 2.107514327023445588e+01 -2.442358958592304230e+00 2.871343765505609724e+01 8.077859849430284456e+00 -1.530568677211692474e+01 9.725855262031894100e+00 6.399912360601772043e+00 9.535535324739068841e+00 7.058087376417539417e+03
-5.059270146305500759e+01 5.427516008100710998e+00 -4.404962468328291436e+01 4.202295939513616219e+01 -2.969512219677297793e+01 2.793467142770809630e+01 -2.307128995559671214e+00 1.629112477791592539e+01 3.493698666031762379e+00 -1.454339583922825696e+01 1.749450456742076909e+01 -1.920233272981039363e+01 5.809745982307152889e-01 9.127088759913573085e+03
-4.759113744379484245e+01 -4.520414467272507508e+00 -2.499723169874810225e+01 2.598759089638350162e+01 -4.558277180886991076e+00 1.073703164553912615e+01 2.995525544850015098e+00 1.035747297383205812e+01 8.909427388597531916e+00 -6.407392828433055243e+00 8.196590592556326271e+00 8.515458435843186180e+00 5.501555059017360527e+00 4.128275959489907109e+03
-4.793390423217123697e+01 -8.596476806831844897e+00 -3.157656462700806799e+01 2.465259724113039042e+01 -6.216776477787459676e+00 1.649870644891146654e+01 3.275942026087763637e+00 1.949527624559195615e+01 -3.689351427044566201e+00 -3.640402995782863194e+00 4.157525231653184328e+00 -1.216326965740492039e+00 -8.420092939284076650e+00 4.794568069488265792e+03
-4.716845709853249957e+01 -6.865884796246453980e+00 -3.468157931523450799e+01 3.426470281585185518e+01 -1.447423780822772521e+01 2.217041178355014353e+01 -1.499878376088948784e+01 2.051266392248300008e+01 -1.448768912208340609e+01 1.082689394053084442e+01 -1.158906812914869100e+01 -1.010409928672143742e+00 -1.708638225195322846e+01 6.750035791516451354e+03
-4.884789452753354055e+01 -8.977810084649293643e+00 -3.074933732188937441e+01 3.559488637836064839e+01 -8.321915770556653769e+00 2.331833958278696528e+01 -2.315683108661717782e+00 1.222889789793914161e+01 -5.707279222555000864e+00 1.120146295504810219e+01 1.799507573675515726e+00 -2.622613254442138775e-01 -8.330940838289862427e+00 5.677900522980333335e+03
-4.864363823265612297e+01 -4.788748505896569085e+00 -3.447981921589817489e+01 4.287184021305350967e+01 -2.066193620029426725e+01 2.392136233786443711e+01 -5.431271696260590254e+00 1.666156866145370685e+01 6.353694778745185623e+00 9.645571113775927685e+00 9.609756026400214424e+00 -7.824310004459348988e+00 -4.243959406999052497e+00 7.027226944153668228e+03
-5.002044191657694228e+01 -5.967676311313707238e+00 -4.136468866266513089e+01 4.887654281520016042e+01 -1.131741968149773392e+01 2.554631481302519802e+01 -1.425440289050211184e+01 5.317341728102298326e+00 -9.452113730962794946e+00 -2.531555904350397057e+01 -3.210641374013686988e+00 -1.836303709019359331e+01 1.408331858030875905e+00 8.729484720901979017e+03
-4.901053976965589953e+01 -4.843011934831318754e+00 -3.426221502927933926e+01 4.990173292090029378e+01 -1.264499209035308347e+01 2.302053098190193836e+01 -2.801404418131223650e+00 1.355038660060413669e+01 4.186937848973916410e+00 -1.171352892986696403e+01 6.315502987394566503e+00 -9.395538298094390228e+00 1.961156621570032899e+00 7.257616677460014216e+03
-5.015782723873313387e+01 -9.186038323868945810e-01 -4.188537251246430770e+01 5.647545548580760055e+01 -1.918555844899736584e+01 4.580626876852554830e+01 -9.156618810962619648e+00 1.755387094384884961e+01 3.627453084892521495e+00 -1.265734071279668527e+01 6.605546038563436362e+00 -1.728156181726121332e+01 2.523533152455065931e+00 1.084081546049153985e+04
-4.794257008053771330e+01 -1.196712445434137884e+01 -2.132244812685245350e+01 4.150177609297870873e+01 4.434671209796769098e+00 1.858509610367679343e+01 3.762780097740153096e+00 1.420617764975255781e+01 5.813089785787943775e+00 -3.709645494223115847e+00 4.768867258696235290e+00 -9.321973355525679850e+00 2.116659091737999265e+00 5.361467420462474365e+03
-4.745585785984295057e+01 -9.630851189273647250e+00 -2.442844834371131313e+01 3.830532793391973456e+01 8.323039517888318528e+00 1.968025071452498409e+01 2.383745959696418115e+00 1.033681918033515146e+01 5.343303761037072164e+00 -9.810282094183574442e-01 8.227465026100844625e+00 -5.239122976979580848e+00 -6.547821300224637042e+00 5.145503172553951117e+03
-4.802588395839052993e+01 -7.759650688332134116e+00 -3.355718967311743484e+01 4.812852539578018707e+01 -1.172555493745253141e+00 1.926210880634412348e+01 -1.176155539442105891e+01 2.448963376961819804e+01 7.114351326031212785e+00 9.203178219413910455e+00 3.510855211007943399e+00 2.031688585743928410e+00 -8.428281349725628147e+00 7.142419987299707827e+03
-4.891376941650707266e+01 -3.170547720216576604e+00 -3.768399277453113427e+01 4.889571868297268509e+01 -1.193368368218469122e+01 3.008950385612446610e+01 -4.933638777157381305e+00 2.326688785804421755e+01 -3.854384827085469145e-01 -2.535414908400193568e+00 -3.826702772869577274e+00 -1.876436860945960072e+00 -2.867512515233491488e+00 7.859927928060874365e+03
-4.858199098348856637e+01 -9.669085625793089278e+00 -3.037747177800673981e+01 4.462060324573722880e+01 4.527285745022863739e-01 1.782568007206265293e+01 -5.751107031950626336e+00 7.405871151282915399e+00 6.997628377180742376e-01 -2.906379213435935416e+00 8.163558373482976194e+00 7.991775059170327822e+00 -4.698944442109223019e+00 5.934901024136847809e+03
-5.427951035170460159e+01 -1.278620627405590149e+01 -2.381155916950210383e+01 3.253566606626821311e+01 6.824663454026498322e-01 5.848051472955091867e+00 -9.688174094395998637e+00 7.037716056323247038e+00 -7.855971577479966550e-01 -6.380510048249466770e+00 1.897805021372199974e+01 1.109215981778505800e+01 -8.884248549944373963e+00 5.516828205282728049e+03
-7.491258573297122325e+01 -1.911132746446527619e+01 -3.046804426316289138e+01 3.232869356205357292e+01 -4.037774165013232164e+00 7.098308711271334559e+00 -9.724155805440801714e+00 -1.016734121256909162e+01 7.398183160911487199e+00 -1.063435863759585231e+01 2.260309587703942924e+01 5.843765960587949060e+00 -1.196813570018762896e+01 9.071316641216730204e+03
-9.186681400643824702e+01 -2.550789670472391535e+01 -3.206721160024360273e+01 1.851926636533113424e+01 5.563583983975676439e+00 1.553011083066953546e+01 7.349917446040945102e+00 -2.395185267649020489e+01 -2.756495815036037467e+00 8.128501643557173750e+00 2.033438206059230069e+01 1.504700509142601561e+00 -1.068666036753134208e+00 1.185184801143089135e+04
