-1.837872919722830716e+02 0.000000000000000000e+00 0.000000000000000000e+00 0.000000000000000000e+00 2.658533217257963476e-14 0.000000000000000000e+00 6.864338900890931966e-14 0.000000000000000000e+00 7.681979238110637171e-14 0.000000000000000000e+00 6.748200841563957577e-14 0.000000000000000000e+00 3.507168814121481235e-14 3.377776869050522509e+04
-1.837872919722830716e+02 0.000000000000000000e+00 0.000000000000000000e+00 0.000000000000000000e+00 2.658533217257963476e-14 0.000000000000000000e+00 6.864338900890931966e-14 0.000000000000000000e+00 7.681979238110637171e-14 0.000000000000000000e+00 6.748200841563957577e-14 0.000000000000000000e+00 3.507168814121481235e-14 3.377776869050522509e+04
-1.837872919722830716e+02 0.000000000000000000e+00 0.000000000000000000e+00 0.000000000000000000e+00 2.658533217257963476e-14 0.000000000000000000e+00 6.864338900890931966e-14 0.000000000000000000e+00 7.681979238110637171e-14 0.000000000000000000e+00 6.748200841563957577e-14 0.000000000000000000e+00 3.507168814121481235e-14 3.377776869050522509e+04
-1.837872919722830716e+02 0.000000000000000000e+00 0.000000000000000000e+00 0.000000000000000000e+00 2.658533217257963476e-14 0.000000000000000000e+00 6.864338900890931966e-14 0.000000000000000000e+00 7.681979238110637171e-14 0.000000000000000000e+00 6.748200841563957577e-14 0.000000000000000000e+00 3.507168814121481235e-14 3.377776869050522509e+04
-9.850999782012323180e+01 -9.688565775364915922e+00 -2.106533495069573902e+01 1.884861928735644208e-03 4.552102761388828966e+00 -1.273359567099036660e+01 3.064317707569081861e+01 -1.933678539763396032e+01 -1.511505621348376849e+01 2.062902389739236497e+01 -7.636517713933185902e+00 4.540936699682347921e+00 1.679797393513715154e+00 1.247339776599571996e+04
-5.573307393892055472e+01 -3.413494436385857700e+00 -3.174124312648331170e+01 2.430723543976120737e+01 -1.461147795007082628e+01 1.192708139802499723e+01 1.072348987700833334e+01 2.407356982476252583e+01 -3.400270974462647811e+00 8.505415051287737782e+00 5.308741144461537331e+00 -7.026676756860233297e+00 4.313055596483605036e+00 5.946519537954569387e+03
-4.918950391338111672e+01 -4.781910585388047252e+00 -1.752121815456808562e+01 2.182632453343174461e+01 -8.087793373309354550e+00 1.817923584284262972e+01 2.093145451591488992e+01 2.524640540801759414e+01 -1.097426306533844986e+01 -4.997243609492630689e+00 1.550355424608951926e+00 6.590651507496650297e+00 4.225737874023335117e+00 4.906363327342372941e+03
-4.905866575606644631e+01 -3.360832894690210626e+00 -2.743032374153594333e+01 1.671978750992779084e+01 -1.553720632364826493e+01 2.861218213218540996e+01 1.208765068726778935e+01 2.157247329167170236e+01 -2.911936778674920490e+01 -3.913749097383911302e+00 -3.917437376855261277e+00 5.969318201566575333e+00 -3.144871579523506711e+00 6.045690793162417322e+03
-4.752991336736146621e+01 -2.586713526263785923e+00 -2.455294991043824382e+01 2.062545475934111039e+01 -6.523234147987158948e+00 2.839360060409169506e+01 8.905124813946722284e+00 2.715961759585604085e+01 -2.197742720968054542e+01 -6.271478259577333070e+00 -4.428342584397099380e+00 9.624465733948220247e+00 -5.708280460888963681e+00 5.626899470675256453e+03
-4.894343832267009731e+01 -7.282310009585525323e-01 -2.912018356023993704e+01 2.489782002495597268e+01 -1.333589692784488001e+01 3.931559998058574479e+01 6.958201908333819574e+00 3.078328017389261362e+01 -2.688504961266866999e+01 9.035700058345481622e+00 8.537704988817134133e-01 2.238308557997821424e+01 1.605838277827140947e+00 7.892226397517946680e+03
-4.997522992856185908e+01 -2.283167653564674104e+00 -3.149726743990168742e+01 2.486876855434545419e+01 -2.619785207872860866e+01 2.917514004530573501e+01 2.811150466226594036e-01 3.946322425844754633e+01 -3.297360818219535616e+01 -8.844285077773063719e+00 -1.510493368992199237e+01 4.525530307087187509e+00 -1.330229088015384775e+01 8.799281915368695991e+03
-4.839544611733595758e+01 -7.189031479879575137e+00 -3.225177021839945013e+01 3.696182412583646482e+01 -2.228313792380707170e+01 2.650608748375295676e+01 -1.091812297735705961e+01 5.519525087012517872e+01 -9.759530163525157676e+00 1.156752133995043152e+01 2.747924767272234003e-01 1.762652215277706347e+01 -1.927905885211098402e+00 9.708529135009694073e+03
-4.831730885017497457e+01 -1.389919166557826458e+01 -2.388479695962998761e+01 3.074743163911898947e+01 -1.043730450484559746e+01 1.417148113181399660e+00 -6.345004633928340354e+00 3.067397947886830778e+01 1.809742036378303442e+00 1.922208216260488989e+00 -5.576846618213028295e-01 1.745534409610431936e+00 8.977337726143079788e-01 5.146869555809443227e+03
-5.048087852493053163e+01 -7.768489287788447051e+00 -3.441828886249850683e+01 4.338087940796423680e+01 -1.833686068102880995e+01 3.812714352674038309e+01 -1.429322640771431097e+01 3.540741244972637958e+01 -3.566689844627261863e+01 1.767129336700460351e+00 -7.285239805270005142e+00 -3.660623577421766139e+00 -1.848582355573722680e+01 1.060653948696440784e+04
-4.972049549595235618e+01 -1.199351412979422271e+01 -2.829074049739529428e+01 3.991875189349361364e+01 -8.925145839952788762e+00 2.174314201302625094e+01 -8.556030365418635597e+00 2.020990113822944423e+01 -2.359265669521085940e+01 -6.571895856684861315e+00 -1.053823624585203866e+01 -1.245936698515288654e+01 -2.045475109755442844e+01 7.328403373060081321e+03
-4.851842281285900071e+01 -1.343397449705388702e+01 -2.638698678765528527e+01 3.566801475349195272e+01 -1.182753364897457082e+01 4.201441331590853423e+00 -6.105178790119738075e+00 1.508387648817232574e+01 -2.134687830781020779e+01 -8.191577490413926910e+00 -2.877748352605655313e+00 -2.039330855278399213e+01 -2.161937287047199163e+01 6.339685478564648292e+03
-4.969965134183478739e+01 -7.114684040185460745e+00 -2.511327755329399380e+01 4.969294944364943944e+01 -1.678940694417636337e+01 1.961333189232200169e+01 -2.155609110947457197e+01 3.579328790467466348e+01 -1.967456585834293747e+01 9.032340592582887240e+00 -2.906227093050389509e+00 9.330053440197132453e-01 -1.180321948950861177e+01 8.650435866272482599e+03
-4.954786790719234801e+01 -8.700104353238593546e+00 -2.722139069839133541e+01 4.501112553891380941e+01 -5.755952719936521689e+00 2.056922830509342148e+01 -6.477048341683893096e-01 2.970739192907204540e+01 -1.900291882288780343e+01 3.887297465444149669e+00 4.278360780630428906e+00 9.240277746121249081e+00 -3.131093134746688822e+00 7.126574218688318979e+03
-4.994612187565845574e+01 -7.890511678796397810e+00 -2.466078014322826917e+01 4.308233639791487946e+01 -7.713047558308974594e+00 2.120152095159807004e+01 -6.807037589786415488e+00 2.021338937210984099e+01 -3.172057745699167697e+01 -1.533521102623755361e+01 -2.168377786117073924e+01 -1.963762812197445840e+01 -2.197730839360778177e+01 8.565217991943718516e+03
-4.852424264207557059e+01 -8.950678212863465433e+00 -1.767797274247271844e+01 3.634248898431851416e+01 -4.872592634893749830e-01 1.073314573657491167e+01 5.300855384701400830e+00 1.586151816203074283e+01 -2.262631974736760654e+01 -1.791847057389098907e+01 -5.779845639033990956e+00 -6.488515098101204970e+00 -4.293779062588867212e+00 5.390094570967724394e+03
-5.076897399455030779e+01 5.660832250003239308e-01 -2.067836328795586454e+01 5.086151575554351467e+01 -1.847228338776872292e+01 2.127595799918852748e+01 -1.492790921632325407e+01 2.954300452128883592e+01 -2.605808555616688693e+01 9.210421602237680361e+00 -3.949329111771400669e+00 7.067974379579153421e+00 -2.274018370129774258e+00 8.316401206708627797e+03
-4.976780722308209448e+01 -2.569968751544584595e+00 -1.501015358926146170e+01 3.852773255970550537e+01 -6.519813409502649648e+00 4.514889963594599820e+00 -1.783673947110626656e+01 1.099913744968747586e+01 -2.919144770559953272e+01 -9.757648961957658074e+00 -4.344384029495645949e-02 -8.407151524104914841e+00 -1.363088848703364775e+01 5.898988297494534891e+03
-5.125385281738395804e+01 -2.630848547801925452e+00 -1.970596113619979661e+01 4.364692192771788370e+01 -4.154929505501619325e+00 1.903727496960503984e+01 -1.581001471888073873e+01 1.655962784269431864e+01 -2.575280493551624872e+01 -7.447440727712542952e+00 -1.911723618858713181e+01 -9.452853430586095840e+00 -2.042571426428063575e+01 7.421822904052995000e+03
-5.139654650539630154e+01 -9.196686649408338798e-01 -2.148280569976807897e+01 3.929102968842248345e+01 -1.353997127816403356e+01 1.849590891852312780e+01 -2.030380387133432407e+01 2.730775331604010603e+01 -2.060694863861379389e+01 1.376550492003183468e+00 -1.729990077470563392e+01 -5.762008960766793919e+00 -1.230580027150102218e+01 7.241595307448436870e+03
-5.215433942338305684e+01 -2.960269404737044141e+00 -2.487622518824721141e+01 4.302685952571341232e+01 -1.384065679721916098e+01 1.487567788002410296e+01 -8.617821691066039236e+00 3.528447500425103556e+01 -1.550399950675223337e+01 4.497429164600168505e+00 -1.761727509562817318e+01 5.628972811538845988e+00 5.422408993617827910e+00 7.563143241691322146e+03
-5.102441687215232236e+01 -4.623560792191908853e+00 -1.524089565683116732e+01 3.650526612293946727e+01 -5.269471988998291501e+00 9.689144588728595409e+00 -6.325176130626370963e+00 2.073854485941326686e+01 -2.694028055644164965e+01 -1.961503913946393851e+01 -1.664718642062266696e+01 -5.612719691083056794e+00 -8.519881676577512053e+00 6.273278039283800354e+03
-5.085995464453342407e+01 -5.667686333196061632e+00 -1.811678786995379653e+01 2.692037346871751780e+01 -1.633939308338292307e+01 -5.023558799906164829e+00 -1.663535455497650872e+01 1.954662405327803887e+00 -2.483874884282045770e+01 -1.511136592927177524e+01 -1.693926311089742143e+01 -3.225594205322994235e+00 -1.667237313072282490e+01 5.665177743726369954e+03
-5.061145952324675079e+01 -5.467489461074322321e+00 -1.567359598358275719e+01 3.264161511134057037e+01 -8.482130728967847588e+00 2.608685742316898981e+00 -3.885871748537615744e+00 1.719521413532434906e+01 -2.219189182796912618e+01 -1.227728882206942806e+01 -1.058472833391321544e+01 -3.037847209499919821e+00 -1.805422833641489078e+01 5.382509129744102211e+03
-5.060300700083364234e+01 -5.750326018441938913e+00 -2.766618527418979667e+01 3.206473347574249999e+01 -1.373303524347805116e+01 -4.147042426724324216e+00 -1.844978083636128829e+01 8.628288156548512333e+00 -3.037534689687068834e+01 -1.035330304115371219e-01 -1.561659580579639162e+01 1.305639266271104049e+00 -1.878228186760544105e+01 6.528960783453891963e+03
-4.994413670145484474e+01 -3.677760247499684887e+00 -3.272658870540403342e+01 4.738278938174540400e+01 -2.204804007576155200e+01 6.994624791773587091e+00 -2.581324765945551292e+01 2.035346341845393070e+01 -3.001542033028057332e+01 -6.534373435100350846e+00 -2.779421195928398447e+01 -1.075520959782230790e+01 -2.678691949845416431e+01 9.989084426134153546e+03
-4.917277290055189809e+01 -6.532855933873715770e+00 -2.982358878005659975e+01 4.115234976500138231e+01 -2.414023177999674985e+01 1.861767677080279793e+00 -1.847451002651134289e+01 1.562843905643583398e+01 -2.499249201275597443e+01 -2.048020005192709991e+00 -2.328232115980109818e+00 3.218856861100476419e-01 -1.308386908997802678e+01 7.020905686114537275e+03
-4.870783064542933261e+01 -1.100806308383004861e+01 -2.811935529780047816e+01 3.299581326893701316e+01 -2.229604688320103278e+01 -3.071526770548522300e+00 -2.366723041766073266e+01 3.561579684288755931e+00 -3.836389996855123030e+01 -2.312930323865041515e+01 -2.213492762546425396e+01 -1.748654870311598586e+01 -1.894882450578389665e+01 8.613968529278619826e+03
-4.775926194833801475e+01 -1.111552256211127698e+01 -2.935740119844728824e+01 3.577347396201847829e+01 -1.281593395035084448e+01 -2.143769864146513604e-01 -1.238414383082336201e+01 7.582222395517347557e+00 -1.732360568466660666e+01 -1.755610020902049939e+01 2.750368077246128085e-01 -1.583042433661830906e+01 -1.354234150270763948e+01 5.963648585272188029e+03
-4.836451168839345627e+01 -1.034324123359476033e+01 -2.230400495966336649e+01 3.289743770656528454e+01 -7.481992292651797882e+00 2.704419127916285692e+00 -5.808106779585713753e+00 7.709823707160507134e+00 -1.845872106047867334e+01 -1.119211717342433055e+01 7.823006969784677800e+00 2.714220888422317124e+00 9.884010503297069761e+00 4.814536219138371052e+03
-4.776966075786967991e+01 -8.807674066481537167e+00 -1.620694819725443026e+01 4.063107098885228652e+01 -6.485676557084253169e+00 4.851539569230948423e+00 6.796092715894298808e-02 1.328721826142274054e+01 -1.994191624515385541e+01 -9.813767547677082703e+00 1.387759019580553499e+01 1.850531976519997901e-02 -5.613197267725360540e+00 5.233306828026748008e+03
-4.903671614006942292e+01 -1.081172846072531790e+01 -1.789248618776413480e+01 4.297341129259657322e+01 -5.977359930938634491e+00 5.269661398743427760e+00 -1.897235777098628873e+01 5.820623464592228125e+00 -2.710871905849506902e+01 -8.138344222122590566e+00 -3.999962594102949964e+00 -1.236661927869446487e+01 -2.289557659538366963e+01 6.639932018564112695e+03
-5.021954621249679462e+01 -5.673354037951949813e+00 -2.068289229840302923e+01 4.515794527030694638e+01 -7.025534966977810214e+00 2.983774047544878982e+01 -2.566842944989290665e+00 2.603183359024488652e+01 -3.157295871473066384e+01 -7.480026654456748858e+00 -7.658584375452758941e+00 -3.786247684246600298e-01 -1.031864448753696806e+01 7.863179979884170280e+03
-5.168348487792562196e+01 -1.004749968380774661e+01 -1.801901499605547130e+01 4.291372067795231260e+01 -4.320875967610509960e+00 2.044179273864993363e+01 -1.213093427496228749e+01 2.822210700261228311e+01 -3.030720710794809492e+01 -9.734688428981433939e-01 -2.063156837696211809e+01 8.872688198240473056e+00 -2.170510068251195435e+01 8.213562981890607261e+03
-5.028955819758932222e+01 -1.182037323433160125e+01 -1.843362189652504313e+01 3.242962298598614268e+01 -1.228339318397009805e+01 2.229291438353555677e+01 -5.323715969599268405e+00 3.524358678473426210e+01 -2.930427288074477232e+01 2.163168099523823162e+00 -2.037307415962651191e+01 3.638217622075733626e+00 -1.788511481150446514e+01 7.590143706642456891e+03
-4.960796987494691024e+01 -1.281472337552692409e+01 -1.347831369133049151e+01 3.467871837113166578e+01 -1.348917029301958337e+01 2.114056041175293998e+01 -1.360316638112885457e+01 2.506838364959270748e+01 -2.377380558819603351e+01 7.618104262067254773e+00 -1.196618519517323165e+01 -3.148301675190833038e+00 -2.147091637748009418e+01 6.689128248588989663e+03
-4.915363648073582681e+01 -1.253778061238237029e+01 -1.076222921926484943e+01 4.015038425055266913e+01 -1.263435009058384395e+01 1.241190915071559075e+01 -2.164427073275571090e+01 2.168164265499281029e+01 -3.195647181745288279e+01 7.305157968007965685e+00 -1.728598395654309883e+01 7.354549452103785967e+00 -2.021632230158939336e+01 7.389580980296520465e+03
-4.919800622441335491e+01 -1.230023680513212625e+01 -1.219949405833593481e+01 3.695231638700123966e+01 8.311894609811435464e-01 2.585825875938806107e+01 -8.155428193841352424e+00 2.721335520724924351e+01 -1.841891732983934560e+01 -6.623712681152786885e+00 -1.793725187830436596e+01 8.430322711456005536e+00 -1.059803459589976349e+01 6.450722884759327826e+03
-4.843803382445482697e+01 -8.870774758743307231e+00 -1.666594859220869651e+01 3.476035896184276908e+01 -6.709133027856664100e+00 2.368234297386216625e+01 -1.564581277546350790e+01 2.571248439157980670e+01 -2.790964745038617423e+01 5.492769855285962954e+00 -1.252359839285757381e+01 1.153055631114588309e+01 -1.386621014852270939e+01 6.713944279863971133e+03
-5.004704677936761925e+01 -9.531697253419363136e+00 -1.404414968633219374e+01 4.111085026946564369e+01 1.198576377008086391e+00 7.522882375008454581e+00 -7.479673422813704065e+00 1.940934578668358057e+01 -2.669668253422799609e+01 6.164718469234272469e+00 -1.121407645779490458e+01 1.792961090008970615e+01 -1.316211001599086039e+01 6.344783067137518628e+03
-5.121856471750231066e+01 -1.177626435362006418e+01 -2.172725946376804274e+01 4.459084510832657600e+01 -9.147035816474279102e+00 1.876362232603282365e+01 -2.374031472902565554e+01 4.275041835616576691e+01 -3.501057944809188172e+01 1.967246342912597257e+01 -1.514810528757612751e+01 1.407557488520033395e+01 -1.038805481126831509e+01 1.019762672078597279e+04
-4.864857928085055505e+01 -1.090471838453890996e+01 -1.745403315595070026e+01 3.614958282038066528e+01 -5.385307918879526312e+00 1.445589043163653642e+01 -1.314593272364716725e+01 2.815894790964775041e+01 -3.124090903390421303e+01 1.221974268356260751e+01 -6.667979111698374872e+00 6.282747784791140155e+00 -1.507509962358236422e+01 6.737258967032866167e+03
-4.863683542345299315e+01 -1.238525720336910396e+01 -1.776365599263395723e+01 4.284567694421642159e+01 -5.037374546264117292e+00 1.717586251265743513e+01 -1.673524266122248960e+01 2.656911703495315180e+01 -2.870417487589387306e+01 2.169897050379293546e+01 -1.286742634052671619e+01 6.831006019565060150e+00 -2.434713531874402648e+01 8.076398863682376032e+03
-4.513210532120100282e+01 -6.258150861219122341e+00 -1.406208194174933368e+01 4.566271612615577880e+01 1.786258813074810936e+00 1.193957588024643535e+01 -2.377193857807072774e+01 6.776942661526712541e+00 -4.266004997545271493e+01 7.994763024611833302e+00 -1.804243297522128842e+01 4.331103652938351090e+00 -2.391663397820055792e+01 7.915762710917644654e+03
-4.471677059554847489e+01 -4.342681587719205538e+00 -1.971476670554682187e+01 3.837333058024154298e+01 -4.064290595848502718e+00 1.653090744046005867e+01 -4.147993748824224980e+01 3.365499606056237880e+00 -5.185778668350675957e+01 -2.413168893582598784e+00 -1.551117695800536644e+01 -8.526187307051619868e+00 -3.707577010236772708e+01 1.028429277554342843e+04
-4.300160197602797751e+01 -6.473614703530524039e+00 -1.505275044161250797e+01 3.291519118738958838e+01 5.929592853787909235e+00 1.525413833117353057e+01 -3.628750704049427611e+01 -8.777427349388622346e+00 -4.451446689145569025e+01 5.048978935005835389e+00 -1.126170873518113602e+01 -4.663463811707087459e+00 -2.931667239384653811e+01 7.877786981844280490e+03
-4.228853778369314398e+01 -3.100256769069526186e+00 -2.070095341227505870e+01 3.082951819402305205e+01 1.054189036636458887e+01 1.521770398481846165e+01 -3.007552871661850347e+01 -1.160240134962458747e+01 -3.356313756758410705e+01 6.331517320717907182e+00 -1.448137042190021972e+01 5.136677218041898030e+00 -2.937688409927459787e+01 6.824452972381684958e+03
-4.177887764913548097e+01 4.114616854303071669e+00 -2.690941938964319391e+01 3.205545036833172645e+01 8.023262046600335040e+00 1.945881083492474772e+01 -3.372010392684626368e+01 -1.211132193871489404e+00 -3.731725874470699011e+01 2.153110218630184747e+01 -1.578640277364072553e+01 1.293727526713685982e+01 -1.784428328763750571e+01 7.686771954184702736e+03
-3.994910113932052553e+01 -2.107336075195930025e+00 -2.087881720874624492e+01 2.426234496719380118e+01 1.329977565232711356e+01 1.517482177412731659e+01 -4.142730291449535684e+01 -1.570939410711625861e+01 -3.669570028114005567e+01 1.585753041041291134e+01 -6.769918107996104162e+00 -3.700254652954119816e+00 -2.635583156583570741e+01 7.347312899830468268e+03
-3.861970496802391040e+01 -2.373885425247674874e+00 -2.091118610944140599e+01 1.984906254784775115e+01 1.309244522934094590e+01 2.212315741237815203e+01 -4.252276623754022467e+01 -2.039194280740739984e+01 -4.154167765667201451e+01 4.535634635800666281e+00 -6.094965646587463759e+00 -6.125705688220303813e+00 -1.743630628249194459e+01 7.338223745559663257e+03
-3.757851580357238674e+01 5.396336373438587186e-01 -2.127858409444804622e+01 2.395820939511808234e+01 2.290209208207591374e+01 2.661899949667286691e+01 -4.282746415428874087e+01 -1.346910948423615650e+01 -3.996079637486356972e+01 6.172139184992152749e+00 7.943219986907593011e+00 6.003334585119340261e+00 -1.423550845814239985e+01 7.624640565067064017e+03
-3.898455174326988981e+01 6.802033876140769486e+00 -2.820045504221648969e+01 1.586183784403467634e+01 3.773140417365730137e+00 3.155277857620916748e+01 -5.145182788721556477e+01 -1.643912405625160034e+01 -6.002611443608658703e+01 4.244005790605571704e+00 -1.564329475466415964e+01 2.023062246307357537e+00 -2.242666130656549228e+01 1.091318290945330045e+04
-3.968037870888423413e+01 6.704447517840433690e+00 -3.008894377916418961e+01 1.141574353045322177e+01 2.637163350321164668e+00 2.602407451211869827e+01 -5.256106178923420913e+01 -1.605582848563315679e+01 -7.195886902795683682e+01 2.184793679035919478e+00 -1.629706178059245403e+01 1.228055477080289037e+01 -2.177809016948515364e+01 1.243335135341104979e+04
-3.645436969795965609e+01 4.846758129295161588e+00 -2.389315243028606872e+01 -5.292432276073690822e-01 6.145256945499971479e+00 2.135625660538377346e+01 -2.185887422062681651e+01 -2.037490040040571415e+01 -4.871499655993181221e+01 -1.111435874285844072e+01 -1.714724401197651460e+01 7.484723393901576927e+00 -1.551647708884208576e+01 6.397865776368276784e+03
-3.810503262718987827e+01 3.841631396159501666e+00 -2.158903916084254249e+01 8.800118823368572762e+00 9.029984611665740957e+00 1.708354717471796391e+01 -2.186300001736105969e+01 -2.605494917778214869e+01 -4.961226091084615319e+01 -2.485902808508418715e+00 -5.314702108728635466e+00 1.942341831361702376e+01 -1.007509155218334129e+01 6.515098551805013813e+03
-3.997407458798112145e+01 2.056214066484568281e+00 -1.199979890495051649e+01 1.634237809193335522e+01 6.952010611457877687e+00 2.317835097116816812e+01 -9.126877849515926400e+00 -1.402426619360524640e+01 -4.437877035664678260e+01 -1.046710173321494519e+00 -1.657900331326259913e+00 1.894211639863936369e+01 1.367492204622823837e-01 5.210911465817638600e+03
-4.457818402690438120e+01 1.926932476928905569e+00 -1.879247934623428051e+01 2.243687417702316367e+01 -9.236586630950858634e+00 1.441547559459820249e+01 -8.400766412767683988e+00 6.115674762293777711e+00 -5.630600765350621373e+01 1.860754669019901186e+01 -2.067774539799450295e+01 2.270515552976804230e+01 -1.727157203449210954e+01 8.006600720673492106e+03
-4.705314789913194318e+01 -4.332778432880197705e+00 -1.486224249335999836e+01 3.183807507463324171e+01 -1.235754098526424016e+01 1.604147895913006394e+01 -1.213711376294342514e+01 1.304015254143705960e+01 -4.479757115707879933e+01 5.356192838396080624e+00 -1.377339546758169497e+01 4.227563832199424887e+00 -1.823759122953022072e+01 6.770413583565492445e+03
-4.964319852546584855e+01 -5.926354272536038081e+00 -2.502436453232971658e+01 4.038774538715532003e+01 -2.016311475876926096e+01 2.232767139123003730e+01 -2.221533078774429626e+01 3.077170105223926200e+01 -4.093953208308477798e+01 -2.169538295762093671e+00 -1.903458360975554342e+01 6.659382979359437016e+00 -1.949779271695044258e+01 9.570031105988788113e+03
-5.110370241524176294e+01 -1.149200170561204359e+01 -2.350211793513474134e+01 3.663377247971809680e+01 -1.146461370412144376e+01 1.732165888274083088e+01 -1.348600623058298531e+01 1.952717135193040932e+01 -3.793773941399639682e+01 -9.102897404477504395e+00 -1.101204279830925792e+01 1.158884828857305482e+00 -3.569039087002722255e+01 8.551244270268258333e+03
-5.138549729339756311e+01 -7.105981797340519712e+00 -1.853219712121012108e+01 5.125550353990422536e+01 -1.079327792979396605e+01 2.885201292313595900e+01 -1.246885193228702526e+01 3.036372464551853412e+01 -3.504660214310982980e+01 -1.205498150325635676e+00 -1.404321612587425072e+01 5.085715003986589267e+00 -1.187583207721690748e+01 9.281724175061090136e+03
-5.074585993154432373e+01 -4.412895180677641527e+00 -1.913465213893109507e+01 4.147523134630114328e+01 -9.586862951492374663e+00 1.736295248384297452e+01 -9.550716611624919139e+00 1.732221461240842686e+01 -2.651946816955252828e+01 1.025710925815004693e+01 1.617655239640853893e+00 4.859943134307456170e+00 -3.743225859377642184e+00 6.314339116762345839e+03
-5.093931804075165815e+01 -8.554959195136426331e+00 -1.603022746752767347e+01 4.424996242127430435e+01 -2.334118031048571407e+00 1.892387669890799273e+01 4.183141296363128703e+00 1.915552531675374937e+01 -8.632258805773130206e+00 -8.140180158074205252e+00 -5.974515567148930284e-01 -9.026617284702274091e+00 -6.608504074777277637e+00 5.897310372965841452e+03
-4.799482273772960639e+01 -4.659433191978446409e+00 -2.887759616777873717e+01 3.511309525278666399e+01 -1.429508323125445912e+01 2.740204400834747744e+01 2.758101729632235877e+00 2.727733687560425935e+01 -2.611944368985164644e+01 2.903675528559956831e+01 2.693187028629778101e+00 -8.457900550504049875e+00 -1.339898787470969488e+01 7.882620708900418322e+03
-4.286444597162174830e+01 -1.479645764432011923e+01 -1.378988997326851873e+01 3.011367653922474119e+01 -1.097367400155496142e+01 1.588537164232078780e+01 -1.162934332846494812e+01 2.267146860814768417e+01 -3.548701149353057360e+01 3.362317429359875121e+01 -5.052499104599340596e-01 7.852375694658221050e+00 -4.405462102854068362e+00 6.646463148048190305e+03
-4.297606548160054274e+01 -1.596604572994510285e+01 -1.596323039231401175e+01 2.996340374932480444e+01 -7.465450187551661010e+00 1.612233382394391157e+01 -2.970079454238032102e-01 7.352613947293074048e+00 -4.094965950451131675e+01 1.825771623031996072e+01 4.963207551769948545e+00 8.491688505489062067e+00 -6.773698780461136160e+00 5.777142862870666249e+03
-4.383869753620557930e+01 2.166635045035755436e+00 -2.151453407297009690e+01 3.167763508457940702e+01 -3.747904715641452444e+00 1.453782739237028210e+01 -1.755406433620328599e+01 -7.304404917664242269e+00 -4.810252422939712602e+01 9.118093431197550558e+00 7.303120582256304338e+00 4.411458445668150485e-01 -1.455273270063501379e+01 6.642072844997774155e+03
-4.337379033500473469e+01 1.076447843365641432e+01 -3.255714303246347185e+01 2.993763156844186923e+01 -3.674195352088741373e+00 3.533982306604715973e+01 -2.383763437151991837e+01 -1.125455719397365861e+01 -4.853374023351743460e+01 6.663433582149719037e+00 -1.352349647571690916e+01 5.408586102208099433e+00 -2.572739103542236805e+01 9.184651404426705994e+03
-3.934088620360208211e+01 6.534355125736851733e+00 -2.448502066325405480e+01 8.678058294604573675e+00 8.838258442209102839e+00 2.559416217038706520e+01 -1.893540782265358402e+01 -1.600308809200546634e+01 -3.016658636038978258e+01 7.679625593042898046e-01 -1.734370372567429541e+00 1.540248387309615730e+01 -1.848298348225571530e+01 5.105530431811506787e+03
-3.772644607066572320e+01 2.844780748237967227e+00 -2.289707264018877098e+01 3.364934725374565616e+00 1.658603980561490943e+01 2.347491387395689699e+01 -1.158735377812838330e+01 -2.332611715083391957e+01 -3.476955771887916313e+01 -8.151352958275271732e+00 -5.871841093885943330e-01 3.505774062622897702e+00 -9.884009972926298460e+00 4.857214627679815749e+03
-3.968683762332450726e+01 6.786922493284302860e+00 -2.751775026332447993e+01 4.848461093307065539e+00 6.712308394968598435e+00 2.459186669911854040e+01 -2.312899553782389006e+01 -2.334252293598636996e+01 -5.276117711530842058e+01 -1.220352223133930281e+01 -2.767601391501932628e+00 1.325933548659975791e+01 -1.685099323601228960e+01 7.531573688832404514e+03
-3.978214460548657172e+01 1.015698971924497940e+01 -2.730692979542178378e+01 7.792054925861386039e+00 -3.787856477820646717e+00 3.243046185130670978e+01 -2.339385163045403360e+01 -7.758808201993873332e+00 -5.100061677319709474e+01 -6.224926737135255017e+00 -1.242721271668787963e+01 1.344047316991683871e+01 -1.583979179045807584e+01 7.391515678828420278e+03
-4.402768223074461673e+01 9.412737190848485369e+00 -2.828156586120257998e+01 1.221630554939387459e+01 -1.267586008117773133e+01 2.353974357713261512e+01 -1.497357263482656542e+01 -1.067155649126839023e+01 -3.135259628267758458e+01 -7.108244686896283859e+00 -1.185880319302638819e+00 3.580863540769500641e+00 -8.530310024975698568e-02 5.076757073386201228e+03
-4.461224635708581587e+01 1.103416588654058295e+01 -2.962768122543876714e+01 2.800288745912596511e+01 -1.018569847417372998e+01 2.992222449527609385e+01 -8.349591668406379341e+00 -6.130348267865154632e+00 -2.552491285800853760e+01 -9.511891882066553450e+00 2.665388412161894749e+01 -2.969180382017886366e+00 8.179576433904786725e+00 6.408499670881422389e+03
-4.330449854944087917e+01 1.193055900177175843e+01 -3.304095999736011180e+01 2.258256319986532645e+01 -8.915791611929082094e+00 2.945293590843218468e+01 -1.514205085926074190e+01 -1.747116296803229929e+01 -4.477760946544922405e+01 -1.509374481656552547e+01 5.570792514702026743e+00 -2.097491810576496807e+00 3.012661292546400804e-02 7.369074595087876332e+03
-3.831281520542403740e+01 6.324582933392832729e+00 -2.428248252897016712e+01 2.029648297768955167e+00 -2.283776967194163898e+00 1.813203432630360723e+01 -4.536506632917540749e+00 -2.130439609729952721e+01 -3.718099470225604364e+01 -2.048880268558655615e+01 -4.312689344646448930e+00 1.567198920277304008e+00 -9.100620719939747971e+00 4.816168181641421143e+03
-3.678347472409481611e+01 1.073709912378950726e+01 -2.739164256393765129e+01 3.097269238630482757e+00 -1.053963987364828014e+01 2.997546586238873090e+01 -1.225922984239888081e+01 -3.050901862164822287e+00 -4.358050268985950026e+01 -4.592885799187417462e+00 -1.274418101337619902e+01 8.807549888022728979e+00 -5.364168823098578898e+00 5.586529956853682052e+03
-3.656287029431091895e+01 8.795955784716083414e+00 -2.226353732708231803e+01 5.562576854582276242e-01 -6.453277071579595514e+00 2.246288002854094756e+01 -1.230208286424622877e+01 -2.733789599331745812e+00 -3.924671673930929927e+01 -2.177146659308410559e+00 -7.733745965658534338e+00 1.846361110748128098e+01 1.263716711196251197e+01 4.720685948560729230e+03
-3.734496560178920532e+01 7.530296739444033882e+00 -2.397914299436551389e+01 4.147316208698465623e+00 -8.317266379856686598e+00 2.572090211588515629e+01 -1.973915434472768027e+01 -6.007264136112356212e+00 -4.722079133960455977e+01 -1.423632735126638593e+01 -8.498766027697740810e+00 2.500606519747224610e+01 5.728105638918505882e+00 6.362834183651784770e+03
-3.724416551613742854e+01 1.253561373625096564e+01 -3.027425578213401991e+01 1.040684817377430571e+00 -1.481744051717332233e+01 2.525998434113988367e+01 -2.508077686558389630e+01 8.931885453417674370e+00 -4.906745519824605140e+01 -1.897211971089504123e+00 -2.048257427170548439e+01 2.393970664548495364e+01 -4.735285156230276016e+00 7.454613264591655025e+03
-3.681535340091293307e+01 1.077841872017964242e+01 -2.607590757145760207e+01 1.527399010462549889e+00 -1.273643861526795185e+01 2.362423239577481837e+01 -3.296171653438058513e+01 1.335747041532391854e+01 -5.276174681342183703e+01 3.305188096029794131e-01 -2.166471241356183342e+01 3.735382637799882843e+01 -3.895201888788548228e+00 8.802800333514742306e+03
-3.894380565004951222e+01 7.478911954585766075e+00 -2.637275352958404540e+01 1.038647646268235825e+01 -1.652308355637081050e+01 3.093835546639022382e+01 -3.332322689229346224e+01 1.626108013179236167e+01 -7.047118665136758864e+01 -8.732541704836361163e+00 -3.669558210995712955e+01 3.427096403191880114e+01 -1.527848939992474264e+01 1.277795184440657431e+04
-4.166074286430939821e+01 1.175195085219164604e+01 -2.719947225595141660e+01 2.101819659247814442e+01 -1.385147990413926777e+01 3.526899732731868653e+01 -2.343358210669550701e+01 1.930271181099448796e+01 -6.399959382469057800e+01 -1.218723077072474226e+01 -4.071048775393418140e+01 3.482083839212367593e+01 -6.670299818399315406e+00 1.257159894820472618e+04
-4.404157614942908339e+01 8.478264230525272893e+00 -2.157374950136718539e+01 1.460183781621382160e+01 -5.069718923038830205e+00 9.993807388738174424e+00 -1.207778452327881702e+01 4.465779505567167185e+00 -3.350354594145467502e+01 -1.147642822626461268e+01 -2.414383390544880115e+01 2.103764168623504816e+01 -3.687240112479167387e+00 5.274874849415386961e+03
-5.020563141886823644e+01 1.028081759051499766e+01 -2.713862289889972601e+01 3.951472317613455232e+01 -1.557023617180380803e+01 1.338581236145341968e+01 -1.116061680131894462e+01 1.276677089729481196e+01 -1.548069865757186392e+01 -1.705880004854456189e+01 -1.080307093166448595e+01 4.033132917750032576e+00 -6.971876449608304327e+00 6.345615124521793405e+03
-5.417347655500996950e+01 8.615376746052033852e+00 -3.107147292909762015e+01 4.768467534674276465e+01 -2.400235695726959761e+01 1.777200395045789705e+01 -1.600654874459715060e+01 3.765042990045212257e+00 -1.657560224856618447e+01 -3.811894492110045007e+01 -3.222430254447371745e+00 -1.667669167929913954e+01 2.110251657347400833e+00 9.431351202758945874e+03
-5.375024681762462819e+01 5.578687017029047013e+00 -2.215085756063011146e+01 6.390424854169175006e+01 -1.084135669748087061e+01 1.564264962228481437e+01 -1.406542632072772214e+01 1.571423984361551973e+01 -1.512831216854116079e+01 -1.352544108107844956e+01 1.331340180951862706e+01 2.260988944173396575e-01 9.642911228936450030e+00 8.983712218760700125e+03
-5.537592962023080645e+01 3.524522470662299067e+00 -3.001762460038033709e+01 5.223879884262465367e+01 -2.362571945017814912e+01 1.738996314176451108e+01 -1.915156545941095700e+01 -1.828141302133973467e-01 -2.508732762522839010e+01 -2.914128321131887844e+01 2.518152210757179876e+00 -1.025374077915999393e+01 8.508860876120424521e+00 9.598736447793049592e+03
-5.034466525961312300e+01 3.929471499509773480e+00 -3.099489515067136125e+01 4.025633546276611696e+01 -1.357356262562333882e+01 2.022509274286528935e+01 -1.182142189093767115e+00 1.925520747081941764e+01 -6.635367965636339349e+00 -1.525048916554492529e+01 1.452461054616159819e+00 -8.451527130633603946e+00 8.672254445970374315e-01 6.447634152123148851e+03
-4.778901962814784099e+01 -6.773101144170728283e+00 -2.056333978159295128e+01 3.730605187480420426e+01 -2.874760727192216425e+00 1.887124287909758635e+01 -8.356074346922998330e+00 2.646917212716491719e+01 -1.814888850247080043e+01 -7.008848837936990428e+00 3.307735626954257047e+00 7.391074798985232341e+00 -1.618804854938259297e+01 5.985214987624131936e+03
-4.247157309150357918e+01 -1.394885715032614293e+01 -1.486813807544226940e+01 3.533268430853227215e+01 -1.175889309796966842e+01 3.298200205183604794e+01 -1.715419655009614530e+01 3.843069448060581550e+01 -2.626679905050973574e+01 -1.334971438281012190e+01 1.665556905834173484e+00 2.612659943814130514e+01 -9.410954998677718564e+00 8.107232969179008251e+03
-4.336562451042947686e+01 -7.620953969044573562e+00 -1.584592685841981385e+01 3.021374655753423610e+01 -5.817492171863680284e+00 2.633260342047231717e+01 -2.063276892148874708e+01 3.584281166631029691e+01 -4.196837548534792717e+01 -7.817692785534676503e+00 -1.625050423968139413e+01 2.948238030635360474e+01 -7.325934853921119982e-01 8.496574918362230164e+03
-4.404450585841330224e+01 -1.092651100816137699e+00 -1.968724827909641917e+01 2.380274776244660018e+01 -9.426018634494683468e+00 1.211473435407015309e+01 -1.751757781620391086e+01 -4.652926533641585927e+00 -4.122537488835313013e+01 -3.151644804233640684e+01 -2.935224160617606159e+01 6.651699814616377715e+00 1.640976988981991624e+00 7.060712837327130728e+03
-4.260055624204539271e+01 2.583549499986052655e+00 -2.243956705516156447e+01 2.725856953870056287e+01 8.155830781660350581e+00 3.093249947695552038e+01 -8.429639734585832045e-01 -1.376625831158241198e+01 -3.323809113403945759e+01 -1.931689799663104523e+01 -2.798492207886943461e+01 6.237045786263169411e+00 7.809845719882320125e+00 6.642567003378172558e+03
-4.288263319697401244e+01 1.097150766421562551e+01 -2.833887429741176334e+01 2.985437670055311443e+01 -7.383246465212708998e+00 2.502265044508484237e+01 -1.353374146574895143e+01 -1.710301958306753356e+00 -3.170055093809346403e+01 -4.356866140828113743e+00 -2.936224596835534228e+01 1.501296884317534719e+01 -6.815968883048055815e+00 6.678297835423280958e+03
-4.392374662736935420e+01 1.170710448477943011e+01 -3.141951160889577821e+01 3.113748749374973102e+01 -1.735865897666361946e+01 2.233279519686293924e+01 -2.785140826495380040e+01 2.507309614112728013e+00 -4.295764166698307918e+01 -1.164645735561635043e+01 -3.085324391748733674e+01 1.223379155997656476e+01 -7.993492430942106708e+00 8.751628160916692650e+03
-4.280259715284967115e+01 1.144983089370948015e+01 -2.500150926012984343e+01 2.614356624787568606e+01 -2.136709398213506717e+01 2.593878823634874564e+01 -2.251381512711183674e+01 1.137524281100463419e+01 -3.903544437823947533e+01 2.910179009455676091e+00 -1.754404115472906511e+01 2.339567453120037044e+01 5.894896008522998443e+00 7.459499758397410005e+03
-4.033220377358510689e+01 5.936299390717380220e+00 -1.780144525490006657e+01 1.764240445026297266e+01 -8.015594531564504521e+00 1.134267613195211943e+01 -9.829606006515845706e+00 4.487369699262884204e+00 -3.043935333962702572e+01 -9.425052241394999086e+00 -1.557340001076785008e+01 2.329994747358790264e+01 -4.574584810878538299e+00 4.421466906077032945e+03
-4.221952614046582397e+01 5.359328468479538365e+00 -2.350138757419251689e+01 2.632124683152512645e+01 -4.782023604490326818e+00 2.006912682087025601e+01 -1.833492812064436706e+01 9.603816151923117772e+00 -4.334574180452866443e+01 -6.809594666505731198e+00 -3.289087650725242895e+01 2.613651070415976108e+01 -1.244526971450620501e+01 7.755410116389985888e+03
-4.313463847615528834e+01 5.127341362674197711e+00 -1.606938397094412707e+01 3.141760535485828854e+01 9.998412526451092575e-01 2.346739105468660114e+01 -1.518996963053655058e+01 8.136127163900646053e+00 -3.797176594381028991e+01 7.113735557734696124e-01 -3.014137017400134511e+01 1.154582723997935112e+01 -1.469859713475809571e+01 6.681045702984033596e+03
-4.391009477873586064e+01 7.508452323312021726e+00 -1.247559195816748989e+01 2.983284800257466429e+01 -2.628893544979987063e+00 7.962222216452382817e+00 -1.040308413144244071e+01 1.200729797264747312e+01 -3.627155329359205638e+01 3.667681463868742053e+00 -3.908443407394726421e+01 1.530154834257139740e+01 -1.209881407131845954e+01 6.590009058508659109e+03
-4.464539376320033881e+01 1.021797608182044925e+01 -1.163172313736362007e+01 3.225070760891255617e+01 -7.959351649361883219e+00 5.061287246417041530e+00 -1.017263338933561556e+01 1.150399645675855886e+01 -3.290100620868704340e+01 1.180327978794247912e+01 -2.278218922696039783e+01 1.692145118703520623e+01 -9.368082921337155256e+00 5.712733912885404607e+03
-4.525354514238687642e+01 1.014023972934253592e+01 -1.365163487606993087e+01 3.429636459749343658e+01 -6.025205952050756153e+00 1.626458494283326317e+01 -1.578499512838602747e+01 1.370109005646269118e+01 -3.224671687386877750e+01 -2.839373496242120209e-01 -1.704669332504768775e+01 1.756012952037519170e+01 -1.776402546778010105e+01 6.205481211654534491e+03
-4.717213013568790814e+01 1.173257442469381218e+01 -1.954601374250875878e+01 3.429917215425587784e+01 -1.394281365223053548e+01 2.061606654138968153e+01 -1.031242746517374975e+01 6.667500782119845759e+00 -3.621717044361736981e+01 -1.146125844205213157e-01 -3.027170547939752154e+01 1.042760772853987916e+01 -2.804270623933360440e+01 7.814770106726537961e+03
-4.898696828638366441e+01 1.269643360005304977e+01 -2.499355264025821199e+01 4.084636750107056002e+01 -5.677519623795663328e+00 1.452206266642623689e+01 -7.677452088777728001e+00 1.002819427298202903e+01 -3.341097908959643803e+01 -8.292332296633725619e+00 -2.006836462313867386e+01 1.467988493628934243e+01 -1.920228604986091270e+01 7.428680752357796337e+03
-4.610280614611919248e+01 -5.546049721994147141e+00 -2.051708266121406865e+01 2.748447169860956407e+01 3.879822160764177852e+00 1.093662377766003324e+01 -6.408441216698506970e+00 -2.370337716796214966e+00 -1.968297848659531724e+01 -9.534997498772405322e+00 -1.170387607174692235e+01 2.157022193536997889e+01 -1.229965123906728586e+01 4.745796076369006187e+03
-4.294273373102687685e+01 -1.347255811684589943e+01 -1.976596165328491850e+01 3.122825512644314827e+01 -1.842597849644187047e+00 1.209237162960500633e+01 -1.574873862478506403e+01 1.836589638340146635e+01 -2.119604177844387394e+01 -1.820674385540729645e+01 -1.318403104543708615e+01 1.223576150567801335e+01 -1.304450315139152927e+01 5.400884203116134813e+03
-4.331446838454839821e+01 -1.533801611805498588e+01 -1.985970579672791558e+01 3.575585042197779728e+01 -1.037253573254592354e+01 2.530887607154716790e+01 -1.661620852747064703e+01 1.832470873771532638e+01 -2.846470089046201579e+01 -1.584692260879974413e+01 -1.729351873683525298e+01 2.425128807077349435e+01 5.122409069155754224e+00 7.119102696300998105e+03
-4.464525182676458570e+01 -7.340563551028817635e+00 -2.507355006477850878e+01 2.380268717898856679e+01 -2.325392053530973868e+01 5.495623516727869695e-02 -3.377293396300359518e+01 -3.973670273047976487e+00 -5.456837664192384807e+01 -3.571221014126032145e+01 -4.264843296295382657e+01 -6.314447103080481405e+00 -1.604935372983531039e+01 1.130889469213919438e+04
-4.151093632001392564e+01 7.752137921148899435e-01 -1.702053134746137886e+01 2.596794045326916134e+01 -5.783278440201208070e+00 7.481558286733794638e+00 -1.541324575094763505e+00 2.997143062509956213e+00 -3.235381337797774393e+01 -2.975919903427073976e+01 -9.974551376451728402e+00 -1.338444986891128785e+00 3.549249979192806159e-01 4.822358030376727584e+03
-4.205662712042414597e+01 1.506775098180369810e+01 -3.074127947932189642e+01 3.372408213621059048e+01 -2.872530180322991100e+01 2.035411211483779326e+01 -1.053749197928734027e+01 1.069846628855870385e+01 -3.491665701044887271e+01 -1.333741435280455612e+01 -1.009374909192919034e+01 1.455263177409087660e+01 8.042985066784197556e+00 7.318477775634039062e+03
-4.122121731798089428e+01 1.728087579351521441e+01 -3.036142639088706119e+01 2.733804476872727562e+01 -2.472026060525371705e+01 1.670801882610359712e+01 -8.194158168971329204e+00 4.246854928376646576e+00 -3.227427861021876510e+01 -1.848160817775354658e+01 1.676322464735033657e+00 3.612506368774079935e+00 1.638576476553536310e+01 6.309983958866885587e+03
-3.919922902026493716e+01 1.122548694877409581e+01 -2.559216988625364309e+01 1.623273677466744047e+01 -2.094273729117891847e+01 1.031941761169327165e+01 -1.249849706665514226e+01 1.936301942614069072e+00 -4.112993328095121370e+01 -9.068550426093368699e+00 -1.561245873828306330e+01 1.263008137582216861e+01 -1.026561621277352288e+00 5.464334005635663743e+03
-3.904327856141343744e+01 8.895306515398837988e+00 -2.164997618306065874e+01 1.227525115129554756e+01 -9.437766871459993823e+00 6.057943343147747406e+00 -2.104531551921564603e+00 -6.913128608796486496e+00 -3.182074373308607562e+01 -2.118039640035312487e+01 -3.686193527675866832e+00 1.107240796194812305e+00 5.009787231409673858e+00 3.901978756076170157e+03
-4.189638176202090847e+01 1.090596073064553018e+01 -2.483395242830116345e+01 1.637580493813512916e+01 -1.485496537151108321e+01 1.339381509970540840e+01 -2.507809198202615608e+00 -1.429804089788138377e+01 -2.616876849127159943e+01 -1.614416806909312996e+01 -3.206587075267059106e+00 -1.261461314060872496e+01 4.317483983323941565e+00 4.503416264693967605e+03
-4.803111390675041292e+01 9.847602980210890422e+00 -3.521251017577893094e+01 3.786788156333008715e+01 -2.789017358483379994e+01 2.616046958210469597e+01 -1.203769197270765012e+01 4.299263588481438525e+00 -2.680465637646481625e+01 -9.999977690312936929e+00 5.119932371408792093e+00 -1.967381932461825755e+01 6.893217349834566576e+00 7.982760638338937497e+03
-4.726414346858258142e+01 1.248315545650126701e+00 -2.852195684454591529e+01 2.824975458104243842e+01 -1.282661511923104491e+01 1.851210601677897216e+01 6.411391085593123762e+00 -6.262679694819836662e+00 -2.386653545784319519e+01 -1.606789213116308090e+01 7.098502108658362175e+00 -2.607991040522079640e-01 2.130101048902520233e+01 5.766533891369259436e+03
-4.537278973240446334e+01 1.410143971446117206e+01 -3.642624411741480372e+01 2.858902181744853621e+01 -1.914523717633243649e+01 2.640483805450589472e+01 -8.969780865156216976e+00 -9.852618853854380632e+00 -3.402921703911036388e+01 -2.486345857686516325e+01 6.913403345414134371e+00 -8.141161794214184511e+00 1.124968012209067147e+01 7.659838874096256404e+03
-4.172055213170020949e+01 1.753361798966294316e+01 -2.781977589762764325e+01 1.652660587375291712e+01 -1.890828240543630656e+01 1.728238588338481208e+01 7.586241008570726585e-01 -1.243603822497015976e+01 -2.678281211455693267e+01 -1.907107507649851996e+01 1.040886227038969380e+01 -3.567382452384336489e+00 6.455700180460680393e+00 5.150307050769827583e+03
-3.940068371377483913e+01 1.633725079552049664e+01 -2.065252053030466683e+01 7.491759154485755801e+00 -2.651493649606508907e+00 9.106797120596450412e+00 -7.592102050474900388e+00 -7.466079369976660551e+00 -2.639451770718906332e+01 -2.869216182874074761e+00 7.811107458012971350e+00 1.004136960028452918e+01 6.000377157298449227e+00 3.408069222924513724e+03
-3.855067929364010837e+01 1.631943904339935969e+01 -1.987433404985065621e+01 2.636057599625890813e+00 -9.261874921927534032e+00 4.847885046169531087e+00 -8.243267584171547924e+00 -8.120847155791992122e+00 -2.661517857774590468e+01 2.085541876560146335e+00 7.946257725238193181e+00 6.455669286712042876e+00 5.253027677832555753e+00 3.242731046971781325e+03
-3.871342429325996903e+01 1.273952243597084610e+01 -1.751884491272172184e+01 -1.845254737901864006e+00 -7.869124108986909505e+00 -4.576431272853299426e+00 -1.331843781382289826e+01 -1.580921108472651682e+01 -1.601085252196034503e+01 -5.517787539149077602e+00 1.254138717084344634e+01 3.449756321556233907e+00 3.797116490534145239e+00 2.951917005187169707e+03
-4.221671749726910150e+01 2.243181513640467628e+01 -3.249205460291420167e+01 1.942176762388088207e+01 -2.913067011124569206e+01 2.868146717927708700e+00 -1.762551535354245402e+01 -1.000861268408818461e+01 -1.606070894114384728e+01 -8.749647283365101558e+00 2.275399614382198976e+01 1.675930262649325098e+00 1.287550391503168079e+01 6.006863945676444018e+03
-4.231011844783280651e+01 2.148758256610611994e+01 -2.927226663063481382e+01 1.906763642546068027e+01 -2.640428480446434989e+01 4.977988324633838779e+00 -2.422728596685933056e+01 -4.748919759846816468e+00 -1.951343773055068453e+01 -8.008841446829949362e+00 1.753139423760004689e+01 -9.696325653758295360e+00 8.894167867364924263e+00 5.729173458689595464e+03
-4.379779287978514191e+01 1.559737192976209030e+01 -2.539645766807791105e+01 1.618695391360952485e+01 -2.574876162900907417e+01 -2.539093222300545794e+00 -1.897668246907045742e+01 -1.357738107007915751e+01 -2.241718998457486123e+01 -1.247082533647061098e+01 1.396228499665575740e+01 -1.064001350846880811e+01 3.188944479733135218e+00 5.258804233477150774e+03
-4.621070616182952762e+01 9.477858555537087781e+00 -1.843418225463068083e+01 2.658910323405626386e+01 -2.088776921807849973e+01 -3.006661076117157272e+00 -1.192366420717103637e+01 4.240844683292492867e+00 -1.891859908119609557e+01 -8.869796149087603609e+00 1.785512320451100621e+01 -3.950648758308283881e+00 -2.741067219996722315e-01 4.648630958125725556e+03
-5.066579756356633624e+01 1.384619054033390251e+00 -1.607641080611633555e+01 4.362335161552069707e+01 -1.712086893371189689e+01 -3.369415803865597692e+00 -1.620718837187169825e+01 5.507808863942621258e+00 -1.264493213735181598e+01 -6.392757948602044493e+00 1.318994906367445630e+01 2.188743243147546202e-01 6.613059819116887006e+00 5.746390917954218821e+03
-5.425518332697183865e+01 -2.880888508643542623e-01 -2.761590226508317514e+01 5.248479874330891448e+01 -2.342139296193068887e+01 1.752863366950751356e+01 -4.851800907010535902e+00 1.952296782636997463e+01 -8.627111960886789888e+00 -8.112686064217871973e+00 1.438057739674987978e+01 -1.253786980134777096e+01 1.061907903028250821e+01 8.338507722290374659e+03
-5.237927624736976639e+01 -5.936501460309735911e+00 -2.085230897113670423e+01 4.727839305259639957e+01 -1.497248812129197226e+01 7.624688308505703560e+00 -7.052210252880374064e+00 1.347490020739619965e+01 -1.616358817434312201e+01 -1.115972572542569097e+01 4.058610051766414983e+00 -1.138705787565235994e+01 6.559123588165181040e+00 6.537474312041363191e+03
-5.197095159491513527e+01 -1.190683723854189147e+01 -2.234591124921874439e+01 3.925886907596295572e+01 -7.967382081448020514e+00 1.382332218723854589e-01 -1.216141933832364519e-01 9.021509001352628232e+00 -9.881883194209134302e+00 -7.320580306206593946e+00 4.210310942400038670e+00 -8.261809468171168902e+00 2.634880690224028488e+00 5.272421155372013345e+03
-5.092859718685976134e+01 -1.165838838906307373e+01 -2.337754972666176556e+01 3.951651250764590628e+01 -6.404836095664729889e+00 2.244501116042159072e+00 -1.998237418852109593e-01 1.619772171698676999e+01 -1.419648239190106409e+00 -8.097447355826068005e+00 8.436101891522326923e+00 -2.294139321555919153e-01 2.661550420609284373e+00 5.292058803583418012e+03
-5.188098275500777845e+01 -3.789008145356945967e+00 -2.903208306625782598e+01 5.089735888865708802e+01 -1.569526245854886426e+01 1.128835967740586810e+01 -3.946380490053277068e+00 2.571269684851067439e+01 -3.761282439635515118e+00 -3.662225671463016141e+00 1.209740981201964161e+01 -9.218958787798758436e+00 5.220474541006290714e+00 7.476029991586560755e+03
-5.212464220938734627e+01 -1.575131314241121627e+00 -2.435186256503667579e+01 5.185039507383737600e+01 -1.169015474539412303e+01 7.662510450603636336e+00 -8.694940385531195304e+00 1.499096453609255697e+01 -2.246234604375786148e+00 -4.428521583032823727e+00 1.390170140687350475e+01 -1.840450462166111123e+01 -3.335712524249425659e+00 7.064408277948729847e+03
-5.434986930705241548e+01 -2.570683903653652624e+00 -3.103269497814409306e+01 5.477749520665209104e+01 -1.168578660312360640e+01 2.128067757433619178e+01 -6.932766615404723609e+00 1.761614737260954300e+01 -1.078920476623347291e+01 -1.674254478431690174e+01 -2.103309335734071805e-01 -9.454090331821770832e+00 -3.442863832325911755e+00 8.369932715715647646e+03
-5.092660335241024683e+01 -6.013088697786411529e+00 -2.008151128875198310e+01 3.706717907834357817e+01 -6.382519816445903160e+00 1.305220839917791231e+01 7.455345743570108930e+00 1.860085401643726399e+01 -3.928755189013423799e+00 -2.900399774785451967e+00 4.941899340723653111e+00 5.420010937859576217e+00 2.020551873150350897e+00 5.101318632488538242e+03
-5.219640413492518860e+01 -1.140067399184032304e+01 -2.730799697112891877e+01 3.428998476489326208e+01 -2.142585374243083507e+01 1.184070512963491950e+01 -1.624757518075437446e+01 2.224047046315213905e+01 -1.240595836768152793e+01 2.152631095720696663e+01 1.595500741187994720e+01 1.708779198756177564e+01 -7.665316606684962064e-01 7.298293791829213660e+03
-4.837721444724837738e+01 8.041494531059618645e-01 -2.493698515911827585e+01 3.478214161598917542e+01 -1.378326627859017428e+01 3.360839858233200772e+01 -1.845507567961209716e+01 9.837576165284204421e+00 -2.821101985291900860e+01 6.316312745549412355e+00 2.052428546185360858e+00 9.792733744386449501e+00 -9.573869420852506806e+00 6.957049266616751993e+03
-4.439054027808951020e+01 3.337427732301363914e+00 -1.830922224305314572e+01 2.212742624615714249e+01 -5.237632238412158081e+00 1.098317097078769322e+01 -1.199418731469344124e+01 -4.203533599628811679e+00 -1.704434729191378040e+01 6.235646076855708708e-01 1.871255015148032541e+01 -5.648104134112744923e+00 1.498463974245313191e+00 3.791306776766111852e+03
-4.583155663080975017e+01 8.586588998689206775e+00 -2.224149433428285505e+01 3.197926257465871203e+01 2.821615538985893998e-02 1.055167054765461465e+01 -2.414738360972173226e+01 -7.845389680734184523e+00 -2.721955854125137719e+01 -1.270480384676882224e+01 1.582538707301954517e+01 -1.088474214026529552e+00 -4.252091752126249347e+00 5.619627565171208516e+03
-4.427625974593956215e+01 1.007636970479070904e+01 -2.599825783498793186e+01 3.346569128894294920e+01 -6.837377168625361712e+00 1.759415324067315822e+01 -2.817403839359659301e+01 -2.249038654971867057e+00 -3.094393096789155706e+01 -6.849904585389134049e+00 9.971937404399868754e+00 -1.906001177222655052e+00 -7.027357063614709354e+00 6.169825056455569211e+03
-4.493987560419322591e+01 4.531403389230959533e+00 -1.709733618032945657e+01 3.504060681489065132e+01 2.895867054691526832e+00 2.348786956635656153e+01 -2.131346968039770928e+01 -7.418552901513138842e+00 -4.620399728672851580e+01 -4.235147780798356187e+00 -2.855157487737447930e+00 1.551475235709110123e+01 -4.322641309296183287e+00 7.049944581017363816e+03
-4.376654166983202288e+01 2.912671621898871521e+00 -2.399589833858546228e+01 3.333605046425333995e+01 -1.622133210169427997e+01 1.461868674031629567e+01 -3.188880331479062846e+01 1.045045650000024118e+01 -2.487879621686957066e+01 -1.904674323315758500e+01 -1.494457654907636623e+01 2.198479318429613194e+00 -1.289812475453676122e+01 6.590302889136605700e+03
-4.832502598366031776e+01 -2.111200077945167841e+00 -1.814091040365561014e+01 4.155011790582366160e+01 -1.475009751866764418e+01 8.050779935482932359e+00 -1.822112907626530287e+01 1.350176952171385736e+01 -2.477349429114956791e+01 -3.863118174335632204e+00 -4.110500234738005076e+00 -2.154831000168480060e+00 -3.883131493186536165e+00 5.857225910197998928e+03
-4.983257888516818923e+01 -6.394551945488216482e+00 -1.795187738251059884e+01 4.154661379756443296e+01 -5.966796997431920602e+00 1.078013630446833204e+01 -2.276555578985718142e+00 9.914753607103991229e+00 -2.168750090814207354e+01 -4.873533946048093313e+00 -8.596573958638584756e+00 -1.275013157400042552e+01 -5.838062346042628192e+00 5.592515221776888211e+03
-5.169790949024227444e+01 -2.873063311534128861e+00 -2.735074427280696341e+01 5.287413318940227214e+01 -2.128388682711455004e+01 7.735764669706270524e+00 -1.058189449764809353e+01 1.497940943337756181e+01 -1.279747680875214044e+01 -3.768919911629449615e+00 3.517522966210754110e+00 -1.863100215339433774e+01 -3.889141029392910287e+00 7.626463399862048391e+03
-5.173698062011555976e+01 -1.242622763635826466e+01 -2.538790768186306934e+01 4.162052745919475427e+01 -1.832003158761023798e+01 6.708953625839237489e+00 -1.701476741518960623e+01 1.425613711696673747e+01 -6.332870742841018696e+00 1.441797957026674837e+01 1.541786388382792339e+01 -2.737705790386791627e+00 1.116618612860837523e+01 6.699186490344497543e+03
-5.022354635228504094e+01 -1.203066999251006308e+01 -1.919977444609206430e+01 4.160268907451799691e+01 -5.353864449762493649e+00 1.527770049080019987e+01 -5.610934603284253974e+00 2.582915491740145342e+01 -9.322901927995397742e+00 6.787334353333469572e+00 -1.966569482316029349e+00 -4.607535340861264039e+00 -2.316518105810100592e-01 5.885391381373488002e+03
-5.057461990257177575e+01 -1.396216340107823939e+01 -2.031978375167713580e+01 4.378737605657794774e+01 -1.368097336870693503e+01 1.964834261858923270e+01 -1.082370402051729208e+01 2.733099895863517048e+01 -1.700320915153433887e+01 1.731166394406974973e+01 -8.622721997852064391e+00 -5.921199182564976127e+00 -1.495029885505786282e+01 7.442050771767155311e+03
-4.977568725938013472e+01 -1.316497844635385661e+01 -2.333772705930807589e+01 3.175084920134016997e+01 -1.717297189522543022e+01 1.605634462287015651e+01 -1.192012733078127340e+01 2.499782515759340029e+01 -8.754064056919741432e+00 1.822583877056849744e+01 -3.527249548651182121e+00 1.423639811800614607e+00 -9.253602093851961641e+00 6.032311721298761768e+03
-5.213132963320073543e+01 -1.400225897500532746e+01 -2.330851667969037067e+01 3.743057128598550065e+01 -1.441446673701709535e+01 1.923568645138210442e+01 -1.049300657015978544e+01 3.357461136537222046e+01 -1.956838942903995360e+01 1.866970845864853601e+01 -1.244504006932011464e+01 -7.515059366623182413e+00 -1.720655607449773328e+01 7.912120192450036484e+03
-4.549390244833384145e+01 -9.157894667242917563e+00 -2.004333484180925495e+01 2.291605278741380403e+01 -4.847548999024041017e+00 2.730588928309722618e+01 3.952914649663179070e+00 3.012193837462831780e+01 -3.650242763769534093e+01 2.169353693316872267e+01 -7.385935131728220249e+00 2.157821216277864096e+01 -7.021862570117106905e+00 7.145024568143920987e+03
-4.584727776124152854e+01 -1.166972296553900712e+01 -2.509039405677696877e+01 1.218865327149101319e+01 -1.888142369336312143e+01 1.926756056603615264e+01 -2.332144500955277255e+00 2.859067355690197587e+01 -2.845054077731515463e+01 2.281888928792489679e+01 4.394616476119195703e+00 2.526250908607682533e+01 -6.345981360732748655e+00 6.594772495553978843e+03
-4.617551397766064980e+01 4.637354907267177140e+00 -2.355329623123407856e+01 2.359519440890916542e+01 -2.020800064899507476e+01 1.272797499177735148e+01 -2.941443959237833283e+01 1.544341894347297561e+01 -3.792974650268273962e+01 -1.583556742667112216e+00 -1.019137272193668586e+01 2.031136825713281269e+01 7.662894936571689186e-01 6.897423476743369974e+03
-3.925298816637766208e+01 1.179145844031725154e+01 -1.559313503868169448e+01 1.787949976790199003e+01 -1.113375815046847883e+01 6.017444390717375136e+00 -2.897579943036477346e+01 1.004330938171296950e+01 -2.981416157287712565e+01 3.189940177632341722e+00 -7.600643217431573895e+00 1.082081799997949645e+01 4.467405431952535366e+00 4.437170707369817137e+03
-4.006578910269514893e+01 1.055837856476377645e+01 -2.023652016650030916e+01 -9.745054122906862126e-01 -1.871729167698990892e+01 -1.251890323402412797e+01 -1.851151325307224482e+01 -6.817862970277884793e-01 -1.676564690123719714e+01 -4.169442805884267855e+00 1.191657193771359813e+00 8.534839817823760555e+00 5.648695586456240036e+00 3.382056593704457100e+03
-4.209946928463463678e+01 1.372204961737049800e+01 -2.910704013885182562e+01 1.104409739692510151e+01 -2.011494065437124235e+01 -4.222931571953004060e+00 -2.265288725104064937e+01 2.982559270444183674e+00 -1.601308056368941735e+01 -3.601947590914534203e+00 5.029152059116223761e+00 9.748648984749621604e+00 1.624330030303427463e+01 4.527910889690348995e+03
-4.037209182449954881e+01 1.454604160721310357e+01 -2.687041909424527830e+01 6.326385912427380021e+00 -1.945235469442173937e+01 -3.238526427755259895e+00 -2.366867226881253572e+01 6.270026779024354013e+00 -8.389813780321395242e+00 3.665552478814792181e+00 -1.673574838136746346e+00 5.010717276949997689e+00 1.252681775518092167e+01 3.860591698780238858e+03
-3.919623729784459698e+01 9.550718223904013371e+00 -3.114263042420106231e+01 -2.873131383135941963e+00 -2.225047349320423251e+01 -1.531782843819525652e+01 -3.059942760938045225e+01 -5.945872446585533488e+00 -1.353636240160754589e+01 -1.524114987082318962e+01 -2.081179818548937188e+00 -9.127561889258629435e+00 -1.214144955977743400e-04 4.810246810437708518e+03
-4.125973473968954153e+01 1.604611657644040434e+01 -3.704443511737034100e+01 1.817577507131062831e+01 -3.466092377607620278e+01 -3.526224580191534397e+00 -2.946678656674339436e+01 1.725556345147569104e+01 -1.275481882599313366e+01 1.561009466427220360e+01 1.972497016292658056e+00 3.101113320736978984e-01 1.443882589995734378e+01 6.661179483579311636e+03
-3.948767727639112479e+01 1.131841054167203531e+01 -2.972284464712140206e+01 8.767265357304173889e+00 -3.200622483251560624e+01 -5.013145387305986134e+00 -2.690708375448333456e+01 1.329622223544376780e+01 -1.479903512169951973e+01 9.970777024468402416e+00 -6.091263536119752686e+00 1.544128044391070542e+00 1.092038787184872817e+01 5.075176775405963781e+03
-3.916491171133419869e+01 9.455484915900925103e+00 -2.956836103595328069e+01 9.607654253991141147e+00 -3.150099453731636601e+01 -1.131770017666203554e+00 -3.311710204460665352e+01 1.598388777752567336e+01 -1.784777773210925034e+01 1.126844776385135916e+01 -8.174059828199962130e-01 6.465560239291420430e+00 6.289354364894635729e+00 5.463260860555793442e+03
-3.976482426269994619e+01 1.141673094705014257e+01 -2.809594896334757763e+01 1.640390845383640084e+01 -3.611179204720268388e+01 1.093474491699798357e+01 -3.600377199110495496e+01 2.430720641732451881e+01 -1.856561113191704493e+01 1.704402780648966953e+01 6.870662323171398966e-02 5.039773390563681232e+00 1.077807162531162177e+01 6.857547272494352001e+03
-3.954550729145003629e+01 6.672072162368445802e+00 -2.819853042372903928e+01 5.055247377217691351e+00 -3.183207734912027576e+01 -1.116525207228667860e+01 -2.731168160561652769e+01 1.132505404547042538e+01 -1.829013983733090853e+01 9.441287392191325623e+00 -2.791508122879118758e+00 -6.565687209281296788e-01 5.949110334761779917e-02 4.873099403606143824e+03
-3.998274123226326537e+01 7.234703187109309930e+00 -2.535346098054142772e+01 2.634299430724213575e+00 -2.464170166448274557e+01 -1.142091718387008292e+00 -2.064014303140991657e+01 1.652912004679577507e+01 -8.988771205984187773e+00 1.379546677045872194e+01 9.669358384081615299e+00 1.213984060356768424e+01 1.251913805337466634e+01 4.277157142374925570e+03
-3.982593191115734044e+01 4.596304471234502920e+00 -2.627686319491903788e+01 1.373720241054127378e+00 -2.475054061583533382e+01 -7.703098802936692024e+00 -2.359370538849629995e+01 1.087673906298926463e+00 -1.364098668833740113e+01 1.171400925442836893e+01 4.895771395696054462e+00 1.135212934787680616e+01 8.590101946964869839e+00 4.079288274872448255e+03
-4.333047202767108530e+01 1.233133481519753438e+01 -3.664847878709095852e+01 4.352869295079425882e+00 -3.892715345249501269e+01 -7.863836937634522961e+00 -4.255733214588320124e+01 7.395730781778931950e-01 -2.568313102928440728e+01 -6.610601459281910230e+00 -1.058505667033296227e+01 -9.580234908894693646e+00 -8.097252947950881463e+00 7.753199890029694870e+03
-4.252512638290127711e+01 1.225387443970626400e+01 -2.773377251589005965e+01 1.247156545188055610e+01 -2.045856544665701904e+01 1.276424741751277070e+00 -2.938006997860274794e+01 1.249611482866968970e+01 -1.233327832233898924e+01 4.624185799213283765e+00 8.575779037041922237e+00 9.614369965033688459e+00 1.255115004324609274e+01 4.819773765271596858e+03
-4.221908266147030275e+01 1.142232001860857693e+01 -2.705750445858715025e+01 1.224219089694719464e+01 -2.098628714934015704e+01 2.983577088676114375e+00 -3.043402678104523673e+01 6.192912992077513223e+00 -1.115203855029043289e+01 4.494553913114929244e+00 1.184338492015633193e+01 1.155643990910526853e+01 1.804791960675132145e+01 4.952921709439349797e+03
-4.448916394426032639e+01 1.582126052779459080e+01 -2.847197822563810732e+01 2.323389124632789304e+01 -1.472078040421582479e+01 9.815150592325538881e+00 -2.724591890176279563e+01 1.420884864135867565e+00 -1.612745489575708957e+00 -4.045385393733155865e+00 1.909388599646533180e+01 3.232236254226613870e+00 2.670858833600135185e+01 5.744801422681881377e+03
-5.268163178472586594e+01 4.753319015689578264e-01 -2.613097635222941406e+01 2.875962540349737750e+01 -7.732468694642759210e+00 1.270633190740885965e+01 -4.990447385327185792e+00 1.111026771068651087e+01 -8.711823593990303038e+00 -4.853863271910346278e+00 9.757853780032663238e+00 -1.187972756585359058e+01 7.449652002777779058e-01 4.991463272328292078e+03
-5.440415303558770432e+01 4.533963703557402525e+00 -3.371285346278074968e+01 4.749144723000689083e+01 -1.669291949009638998e+01 2.689485631638702046e+01 -1.236825279415161738e+01 1.617512503884705310e+01 -5.373803434890647601e+00 -2.054409311911810310e+00 1.494448192126404962e+01 -1.270738914132043185e+01 1.239985488300434113e+01 8.360627988353813635e+03
-5.478662253526950110e+01 -6.407934308050716732e-02 -3.631581783795017060e+01 4.677145105799783664e+01 -9.238297225886148212e+00 2.985592565277981336e+01 -1.107219533674845380e+01 3.673723627989895135e+01 3.699932616178275957e+00 -4.802879927912641733e+00 8.510915267150794827e-01 -1.128545910144411124e+01 1.410365563222462981e+01 9.320682048648348427e+03
-5.019010132507551702e+01 -3.655626025774524335e-01 -1.726467814922774480e+01 3.529729852414244107e+01 -3.272574398677593699e+00 5.648023458921721307e+00 -7.167209210245031770e+00 1.253919599779098704e+01 -5.251459181688498568e+00 -9.995618108799657620e+00 1.403390854449627767e+01 8.623933204612114878e+00 1.642931719722364647e+01 4.983094019492240477e+03
-4.964226115517783455e+01 1.092152241685296055e+01 -2.832132742590274432e+01 4.523002859891681027e+01 -1.940730478705263451e+01 1.734360283107930911e+01 -1.271577351969343184e+01 1.814103707472541416e+01 -2.279258421107402555e+01 -6.710334831081099516e+00 1.335177144812830186e+01 2.223393537483098648e+00 1.995090305739824998e+01 7.745501280330599911e+03
-4.640395524319237808e+01 3.979328493918913079e+00 -1.747287481605680171e+01 2.845522497330897593e+01 -1.506863632917731977e+01 6.312518185511212465e+00 -1.028478011466704878e+01 -1.554468020404718154e-01 -1.501474669263992645e+01 -1.064622153793271409e+01 1.111096606248523422e+01 2.402552581771786766e+00 1.406254657455604473e+01 4.322641545662981116e+03
-4.604174362548361188e+01 3.807259155750551738e+00 -1.788764098562499072e+01 3.532747022356252131e+01 -1.416774553698349770e+01 5.994636705915105779e+00 -2.347050781542055731e+01 1.709726193884587575e+00 -3.153461706127166053e+01 -9.278581473907564714e+00 -3.919751096997823314e+00 1.682800606578969393e+01 1.005789166230269416e+01 5.973015383261782517e+03
-4.758572712880692279e+01 -2.954074967819840580e+00 -1.355076807044726017e+01 4.161195893219990438e+01 -1.057518561761147957e+01 6.480531513849807190e+00 -1.816227367534522941e+01 1.637048233750304860e+01 -4.108563344460612399e+01 -1.182419300378850835e+01 -1.797114937016148772e+01 2.393012552777566526e+00 1.800378717401415862e+00 7.099770041360347022e+03
-5.029423966687564018e+01 -9.560839383488925591e+00 -2.040969325148099145e+01 4.153951309760206101e+01 -8.120080540386004131e+00 1.518038644012073668e+01 3.093684656292525759e+00 3.465388056291897811e+01 -1.408123592853905492e+01 -6.701734174799597987e+00 -1.238806083452222673e+01 -1.276311517940252749e+01 -1.647982237386737836e+01 7.100989235688387453e+03
-5.155243769971544765e+01 -1.607107463236358225e+00 -3.093768051694997112e+01 5.201141506961545957e+01 -2.421769618558658266e+01 1.547526618076754801e+01 -1.696995433446787516e+01 2.115260227896914458e+01 -1.705183473796001437e+01 3.085475001204053047e+00 -1.399493456567438976e+01 -1.051561747947973302e+01 -1.296689516928797481e+01 8.658818604400585173e+03
-5.022709936091776228e+01 -7.745418957398012338e+00 -2.081434758988879352e+01 3.981790888936520645e+01 -8.093423680412515253e+00 -1.747456986682643931e+00 1.778206820525782550e-01 1.269092984674989744e+01 2.406387265396980890e-01 7.707800853558466336e-01 1.339998738289961899e+01 -5.351316799950989189e-01 2.882452516663190245e+00 5.019910961536998911e+03
-5.157365041807835837e+01 -7.150225550712379530e+00 -2.284285762173437107e+01 4.040602554243509559e+01 -5.696958552836150602e+00 1.032285796088253704e+01 1.450250064525191895e+01 2.674311157601217914e+01 8.652707097937312852e+00 -4.386351488276348576e+00 -4.881559527613139049e-01 -1.336708096007436453e+01 -2.589771863607181590e+00 6.209676949735144262e+03
-5.321861201314494139e+01 -5.648624797042712586e+00 -2.282439120141647848e+01 4.009692042394805611e+01 -1.361190873321468153e+01 -6.083805875532944940e-01 -1.580865488543662822e+00 1.065353760122583537e+01 -6.965218873937140565e+00 -1.767344230930561721e+01 -9.854885981850603827e+00 -2.874545971024244295e+01 -9.314316941095079017e+00 6.665536242087242499e+03
-5.430450410982609810e+01 -3.721045842222429623e-01 -3.127384117206459635e+01 4.814894338702988108e+01 -2.441344064133571834e+01 1.854282606320256832e+01 -2.195425092725728167e+00 2.776488690083057875e+01 -8.971449620182163187e+00 -7.325803967561798302e+00 5.137290084187594807e+00 -1.361797695859933022e+01 8.529591416093067480e+00 8.379802125328673355e+03
-5.378920501596321202e+01 -6.876016912238818612e+00 -2.123550191483927208e+01 3.913697981129588044e+01 -2.460894416671523288e+01 -7.723844675685945127e+00 -1.766854069958989726e+01 5.842352703526396240e+00 -2.994024224556552483e+01 -1.671691709434826123e+01 -1.621681304045167593e+01 -2.220774756086580126e+01 -1.749759514459937648e+01 8.172984575914608286e+03
-5.131975884617391870e+01 -8.919807994560773778e+00 -1.247598287838829201e+01 3.135387619414396809e+01 -7.514401890209855495e+00 5.744969836243195793e+00 -2.653380590008999285e+00 1.636739196637133631e+01 -2.768044016444349964e+01 -7.787095417075432735e+00 -1.639718401902658229e+01 2.319293527039995695e+00 6.076169892114418047e-01 5.317860773747971507e+03
-4.923990454469981870e+01 -3.513022641479083941e+00 -1.732634405491657148e+01 3.696532401361611164e+01 -5.885570421464557000e+00 2.100467619325067758e+01 -7.610158597397532532e+00 2.192939370559450651e+01 -3.631051681216385418e+01 -2.831760056986715401e+00 -1.008651403756788589e+01 1.432080198445655661e+01 -8.973990416002246562e+00 6.832024223814851212e+03
-4.818373271148212922e+01 -8.457997678014619325e+00 -1.206006108469498272e+01 3.225228379587249350e+01 -3.066134356198803701e+00 8.836466976368386739e+00 -9.630269914150582977e+00 1.710146551820562166e+01 -3.278404692763977124e+01 1.112506972247636483e+01 -4.295869798843662934e+00 3.761792651630796236e+00 -3.795577025990501063e+00 5.297124151679762690e+03
-4.697714110003403221e+01 -8.013965609882767183e+00 -1.023811533321472034e+01 2.538852107877251640e+01 4.010083123175532394e-01 1.958858842782441601e+00 -8.731503117831614702e+00 1.425907333420131096e+01 -4.532869312848777810e+01 4.854173628838997168e+00 -1.338924898003088693e+01 1.042062752474132381e+01 -1.023993971855077767e+01 5.775000947605441979e+03
-4.654628681642149957e+01 7.785977104295366269e-01 -1.660887758719188412e+01 3.458398352632954698e+01 -1.007048922533126678e+01 1.820975713288384057e+01 -2.247885852444475674e+01 -6.465652799121673233e+00 -4.371389232175377515e+01 -2.711910829795413300e-02 2.102579853001512067e+00 3.550627740407283461e+00 -4.082403724538029799e+00 6.563782453727175380e+03
-4.370910644528647993e+01 5.168181904392353587e+00 -2.872220274806016604e+01 2.228018994565191235e+01 -1.478019437762038635e+01 1.121668646414867609e+01 -2.066913203061065119e+01 1.031927491480802672e+01 -3.225807368550518817e+01 -4.522669329035741370e+00 -9.068087046508798821e+00 7.354804098292489378e+00 1.266346598153360858e+01 5.494261112330797914e+03
-4.486438806229534748e+01 6.903736194576172380e+00 -2.748805184052516992e+01 2.931303037877678719e+01 -9.111611243725691978e+00 1.813454196165108812e+01 -3.057354627342541065e+01 6.745672083769576055e+00 -5.492610936411430345e+01 -1.101371845896288981e+01 -1.231588308521389941e+01 8.510212200061534560e+00 1.868646062412239406e+00 8.433226538970975525e+03
-4.384287960763245451e+01 1.731765351695601363e-01 -1.863628108543126416e+01 2.966222611141266441e+01 -3.021488912620724498e+00 5.323149932670357742e+00 -2.789640693555467976e+01 -7.021613085298191059e+00 -3.654518084598292660e+01 -2.520270561921569286e+00 -4.494885860824979762e-01 1.781415755571006176e+00 4.278278131706226284e-01 5.359825129161758014e+03
-4.499005985379188388e+01 -6.923150355706549075e-02 -2.448234617522414069e+01 3.488900048825318834e+01 -1.719232404577068607e+01 6.105487744601641786e+00 -3.632804039847327715e+01 -2.839491412598513342e+00 -4.506255522594798180e+01 2.134048489822271577e+00 1.093704861924169869e+01 1.290372520522769406e+01 -8.490362588490059537e+00 7.894779585335538286e+03
-4.268828780013713242e+01 -4.015703973461722143e+00 -2.784949844088853155e+01 2.058353003560577932e+01 -1.375361989180384015e+01 7.927944802830636517e-01 -2.381061608337585511e+01 6.518980857633446035e+00 -2.411329770086470248e+01 -2.688935044432422927e+00 -5.098586425321048665e+00 8.234011746094822115e+00 -2.117028229718085353e+00 4.523883037934272579e+03
-4.328648124428866595e+01 7.125850815641469049e-01 -3.111108633606302476e+01 2.620741806964890586e+01 -2.113741574441489490e+01 2.002135867532893698e+01 -2.195550850962089484e+01 1.286524047793726844e+01 -2.810174469757444626e+01 -5.841508964937229820e+00 -6.324123676523468518e+00 7.465043012004358047e+00 -3.302121757890256748e-01 5.943821334490722620e+03
-4.445303841245988963e+01 3.908641199902480601e+00 -3.934190775100591253e+01 3.216043621346793202e+01 -3.000516652633632120e+01 3.088577059225592691e+01 -1.391410816576923892e+01 2.777466325155784688e+01 -2.410677857574260585e+01 2.931862542415441641e+00 -1.730963989433760020e+01 -1.036026258740222694e+00 5.399779382113721882e-01 8.283425782316906407e+03
-4.413028978248961920e+01 -3.797773449722270822e+00 -4.009019978041114740e+01 2.688637247185899781e+01 -1.562891211825265181e+01 2.518959489276909025e+01 -5.436873175275644954e+00 1.574749907691448669e+01 -1.444532722880127373e+01 -9.568225548804591085e+00 -1.581326207735668810e+01 -6.685558680343211435e+00 -2.449724017366926354e+00 6.049304123610764691e+03
-4.430819724455310649e+01 -4.443197935564660028e+00 -3.214733076868509443e+01 2.701122082539263047e+01 -1.668432598429522429e+01 1.956628469188557418e+01 -1.365480111401949692e+01 1.441211376300206659e+01 -1.492251300511970236e+01 -9.695874161191859741e-01 -1.543505932434434769e+01 -7.163731532041316186e+00 -4.968164783571312526e+00 5.339248385032862643e+03
-4.483749698105934556e+01 -4.868860823681772310e+00 -2.763822566597687924e+01 2.677056996194287919e+01 -4.646349658143508421e+00 1.879661159761920786e+01 -5.117009156193693897e+00 1.640879350748295451e+01 -1.369833893249388090e+01 -5.344507391121183559e+00 -1.114514353458639917e+01 -4.883696856209830628e+00 -8.659033477274752144e+00 4.624227163984576691e+03
-4.667327305107839663e+01 -3.392166687889658139e+00 -2.770147083066552085e+01 2.770781707641805625e+01 -1.291369082092002074e+01 9.758550367663604064e+00 -6.411190899355801776e+00 2.241741032408970469e+01 1.960381768026800753e+00 1.401898843172044495e+00 -9.118134456142863442e-01 -1.055327315327470927e+01 1.770316438698880779e+00 4.651777611087793048e+03
-4.711492423640500959e+01 -5.349309967852454939e+00 -2.695128241620161802e+01 2.478826966218075967e+01 -1.002231416572556810e+01 1.061609245654240752e+01 -8.151375632813119054e+00 1.906208733702301572e+01 -1.402687731648954816e+01 -5.947825463484098130e+00 -6.856616038220881393e+00 -7.706816556871307178e+00 -8.987302845092211001e+00 4.651527170653247595e+03
-5.030733186544645719e+01 -2.473349402795456786e+00 -3.917809160604242891e+01 3.685209639631916900e+01 -1.416011406848652143e+01 2.478371980452991963e+01 -1.451530794788270917e+01 2.972832692784519537e+01 -9.961198985560235641e+00 2.311039054183716601e+01 -1.789944782903180043e+00 1.498714619593373953e+01 -1.155833368844554343e+01 8.333883319219989062e+03
-4.868741970118315976e+01 -2.969122475866804667e+00 -2.612422251471769741e+01 3.765709201958755159e+01 2.507900236019323437e+00 2.311387867844704758e+01 -8.501181634041691026e+00 2.306815936579905113e+01 -1.665137323732273700e+01 9.643617681186311685e+00 8.384447897943995975e-02 1.575761416535288717e+01 -7.393373263321452171e+00 6.298002118623787283e+03
-4.800698873770419084e+01 -5.318966431121078919e+00 -2.310456952807844999e+01 2.790830591007258477e+01 -4.228277960076492370e+00 2.218917924763420046e+01 -1.339505500911377878e+00 3.161378406385369289e+01 1.078831531040675085e+00 2.820617218095783230e+01 1.281612382873395894e+01 1.436541631461429880e+01 -3.675793579166643621e+00 6.338002372316183028e+03
-4.766888058056675703e+01 -6.782225939347783950e+00 -2.271518199974210006e+01 2.513480501505440401e+01 -5.248667838726392532e+00 2.022837073179453071e+01 3.276719419389346744e-01 1.306065563208348124e+01 -1.667584044313768032e+01 8.452521277055918603e+00 -8.479196902608265418e+00 -2.235989130049227391e+00 -1.681244193988815283e+01 4.782565673817597599e+03
-4.935996750260888177e+01 -4.281108977305952301e+00 -3.197119270628146737e+01 3.457355805679200245e+01 -1.107757628916720805e+01 2.852253818784190642e+01 -1.212686891000620371e+01 2.540810710754137247e+01 -2.310524023633758972e+01 8.524143252253637115e+00 -5.069328025739151117e-02 6.957409081207425849e+00 -1.398381416278787448e+01 7.251571417205846956e+03
-4.863524961035666649e+01 -3.402932693970042166e+00 -2.300808029797373777e+01 4.056293473904883484e+01 -2.959246561918237095e+00 2.273780044648810872e+01 -5.109574478823111221e+00 2.045510316736656975e+01 -8.175634771330368977e+00 5.703133347682291188e+00 1.824116504857827437e+01 2.945647692828160302e+00 -1.356541273522379409e+00 5.964598476306659904e+03
-4.742555148487446814e+01 -7.360043637489418700e+00 -2.023476110274987150e+01 2.769904365415400704e+01 -2.540947497572159541e+00 1.878122972074258001e+01 5.050202096171785726e+00 1.539218170395076690e+01 -1.418980377093371459e+01 3.938219471980215047e+00 6.888103441165007723e+00 -8.011848963340690855e-01 -1.962069726146798132e+01 4.751570286006221977e+03
-4.810506173761061888e+01 -4.374210221087199812e+00 -2.669623181458893413e+01 3.632778623912343363e+01 -1.494635028141727595e+01 2.528199285465879953e+01 4.689342278241749540e+00 2.254057514428443554e+01 -1.286866866448030677e+01 1.119064757559771017e+01 1.259841307885177031e+01 5.539382060119560691e+00 -1.071753199552152758e+01 6.353371018392582300e+03
-4.801568254507172639e+01 -1.298357197669653473e+01 -2.303927676621832887e+01 3.038267038897905081e+01 -9.692349377008277145e+00 4.249264726406194015e+00 -2.840365984748426165e+00 8.569559803812667909e+00 -3.794750711990575454e+00 3.592692828111287540e+00 4.327808168456494187e+00 -2.591240869381371326e+00 -4.441008189102901405e+00 4.193971347983533633e+03
-4.801601365392770759e+01 -8.386623996601198172e+00 -2.873174661134993357e+01 4.449518349093845870e+01 -1.303415049927909486e+01 2.956810155229674919e+01 4.247303949917898835e-01 2.107567212685027513e+01 -1.891301453834009294e+01 -5.788342475181938340e+00 -6.854744668095525961e-01 -8.126131589626716334e+00 -6.022120800005291485e+00 7.163710562981245857e+03
-4.865132386230460781e+01 -8.088731715941996470e+00 -3.022123813676921955e+01 4.604832336689629102e+01 -1.582345224378500070e+01 2.148181675108830646e+01 -5.133595243474164072e+00 2.137263058607887700e+01 -1.114671800242808075e+01 5.456474841862529956e+00 2.651244132961566358e+00 -1.301269002282282727e+01 -1.190613216219717430e+01 7.133281063952269506e+03
-4.894640825917049654e+01 -7.116692109229843410e+00 -3.263182695203254013e+01 4.729139359697418143e+01 -1.616747280348340254e+01 2.310406028075734852e+01 -6.421283888604647494e-01 1.883024891202776629e+01 6.922601826347209553e+00 -4.434532794436119474e+00 6.329890407148551112e+00 -1.039734512441368430e+01 -3.110625317279607671e+00 7.123321393105500647e+03
-4.935492872457746927e+01 -4.967905935598363243e+00 -3.141346118057218106e+01 5.176845098938655099e+01 -1.346604456932583815e+01 3.182281620681197154e+01 -6.564595288790655125e+00 1.640317719788784956e+01 -6.751363399265896348e+00 6.659571767438094980e+00 1.492815934934690425e+01 -3.185794793277330506e+00 -1.187155894139229417e+01 8.097415206741356997e+03
-5.031503232144810056e+01 -7.690295804741239749e+00 -3.338686635365942834e+01 4.929607431625294822e+01 -1.437484829577432421e+01 2.431366384975741823e+01 -4.896213764221912790e+00 2.461043382352757192e+01 1.397721791341563957e+01 6.943163429522858365e+00 2.139176632261884592e+01 7.931286719020253173e+00 2.179605466750741272e+01 8.802116904014126703e+03
-5.037960658791770641e+01 -4.203190609764463126e+00 -4.074755800184735932e+01 3.761888443743134047e+01 -1.908492664597475397e+01 2.031199109954553705e+01 -5.446262889324681389e+00 2.156663490595094501e+01 -1.033928071729782738e+00 -4.101728887506371102e+00 4.980491385395497517e+00 -2.707375728023154515e+00 3.108302757242187297e+00 6.962598359750055351e+03
-5.161114461077935545e+01 -6.701413334375891928e+00 -4.197824601336348138e+01 3.387173352116177938e+01 -1.489672583258410477e+01 1.947603926510132766e+01 -4.342987479642756554e+00 2.251466102719419737e+01 -9.443176595359595860e-01 -9.684410694088333216e+00 8.088353878573474987e+00 -1.621654178311384475e+00 9.675872327478762358e+00 7.001439988575352800e+03
-5.235463397068809854e+01 -5.083101292448440667e+00 -3.503189777999123322e+01 3.427198891071744669e+01 -1.362459267672696406e+01 1.636073336424043134e+01 -3.503189716129806897e+00 2.844586400251681368e+01 -6.852086606863419860e+00 8.422692885715163058e+00 -7.395210060471084645e+00 -8.551215542998967578e+00 7.999163968019511017e+00 6.753083231381099722e+03
-5.260622535493953933e+01 -9.247838666685790798e+00 -3.563588207193717494e+01 3.842009523282608541e+01 -1.492297884745446801e+01 1.981047169369989192e+01 -4.101539547496008353e+00 3.687870289052442985e+01 1.199158941381353705e+00 1.053923867885640675e+01 1.484998869546285327e+01 -2.852498853214052055e+00 1.681017698393345139e+00 7.934966983361749044e+03
-5.098154203821413688e+01 -6.574309645296683158e+00 -2.686930723016940092e+01 3.925227551950134597e+01 -7.167557230720887240e+00 1.281535552129433420e+01 -9.083202305777826169e+00 1.711943914248763221e+01 -1.683124248135128198e+01 -9.319306297168719055e+00 -3.297705190225355576e+00 -4.291308812907825398e+00 -5.003517278689364467e+00 5.920692524202383538e+03
-5.201194297665100663e+01 -3.837801569958664949e+00 -3.232922577845864964e+01 4.524666896723508813e+01 -1.241583186917188719e+01 1.793530616582847870e+01 -1.534413845471832261e+01 3.088900846487631568e+01 -1.450831011270976489e+01 1.314871958611306013e+01 1.078335292715939886e+01 6.561134345159484127e+00 1.023133765188620892e+01 8.125201685762802299e+03
-5.135085076228600087e+01 -3.475520554677205887e+00 -2.707481916242928577e+01 4.500807807602151911e+01 -1.093709171131560076e+01 2.010239927130275817e+01 -8.542706468617618398e+00 2.545574198412866807e+01 -7.257968441555561867e+00 -3.607049936326021111e+00 1.990913740342117322e+00 3.892847614266581768e+00 4.011954146980887259e+00 6.753363798536771355e+03
-4.886825114522829949e+01 -1.244320324906390240e+01 -2.326178116301636933e+01 3.553144845516010975e+01 -1.643100977052106160e+01 1.483701390975602941e+01 -1.619706009271252256e+01 2.163888497888730456e+01 -1.728815685268537905e+01 7.154229572185163200e+00 -3.923944374921938927e+00 5.183278280552761075e+00 -5.778716659121818644e+00 5.992955379454217109e+03
-3.266695928678208816e+01 -2.711087823983399048e+01 -5.461708267851516041e+01 3.675239452086911740e+01 -3.523499741591144385e+01 2.541958865479222140e+01 -2.348922783750411725e+01 1.146749240725543473e+01 -2.398615610110825713e+01 -3.778727896488502935e+00 -1.696225998984266781e+01 -1.907976785679796450e+01 -2.277831371225089541e+01 1.046702375812798891e+04
-4.537897921629387810e+01 -1.518477581354985695e+01 -2.967496517733740546e+01 1.943826260947585283e+01 -1.028354409782889611e+01 7.317026754453634041e+00 -4.710581210004246344e+00 1.443999057968741262e+01 -1.148390874416276120e+01 1.032229489934815803e+01 2.822876490422952145e+01 1.447873512158341214e+01 1.233029463215322785e+01 5.335234882274929987e+03
-5.039757550843680178e+01 -9.519168479355171186e+00 -2.326590920313423183e+01 4.382201894785245599e+01 -8.442870008785060776e+00 1.973740429090957349e+01 -9.523993942921475053e+00 2.529863558572006355e+01 -2.302153217429802723e+01 -1.965168093891434209e+00 -1.462006978828400072e+01 1.585154618170812046e+00 -4.838007930018944691e+00 7.057294972431504902e+03
-5.104507128174570596e+01 -1.519722476906789588e+01 -2.288012844986361927e+01 4.129306236122621954e+01 -3.263591521487911873e+00 1.760318772067589066e+01 5.824851221586262007e+00 2.058057693467833715e+01 -8.143007061074433395e+00 2.681920147114084774e+00 -4.149390025452392550e+00 -6.936370353071811046e+00 -1.152402893338041068e+01 6.114819679944648669e+03
-5.224128659524800611e+01 -1.469807439970558072e+01 -2.979696013506613994e+01 4.310059395567722618e+01 -1.630638256401413244e+01 1.450816753022180627e+01 -2.434087146127559720e+00 3.161863154769035944e+01 -3.808905519688688734e+00 1.098329677075686917e+01 -8.641068983728246167e-01 1.097217660891992574e+00 -1.323419238550390453e+01 7.484988112037662177e+03
-5.080657492231451755e+01 -1.391210821405588405e+01 -2.798112695112708082e+01 3.773389364416718195e+01 -8.378242448640794038e+00 6.096450831753655208e+00 -4.972200726240745716e+00 2.113417981717397964e+01 -3.568649630511621651e-01 1.024202648372730984e+01 2.356284986908054879e+00 7.063977947901492471e-02 -9.784706605800820967e+00 5.766707012554439643e+03
-5.092245644695588425e+01 -1.612010245566632705e+01 -3.141517415555300019e+01 3.521040017514274467e+01 -1.638720430748027113e+01 1.364497200630742846e+01 -3.913635378206564042e+00 1.440954736270731473e+01 -1.094066248215239057e+01 4.138963607232251540e+00 1.524121106184964347e+01 7.987443748018870693e+00 3.055337694060651810e+00 6.199575020605115242e+03
-5.072173091252132338e+01 -1.287740049951186094e+01 -2.996289528503422517e+01 4.031319507806460933e+01 -1.837898262929321902e+01 8.679389020727349191e+00 -1.312804409702194697e+01 1.538262539850407862e+01 -2.384135485920211295e+01 -1.006895943600563292e+01 -2.938235871234317731e+00 -1.732219117796999797e+01 -1.512857971766276499e+01 7.290899331037262527e+03
-5.075546989035233736e+01 -1.346902439402652618e+01 -2.529081372477456213e+01 4.724657145597698360e+01 -1.317367181030862255e+01 1.915434531701064458e+01 -1.138539397841812040e+01 2.822252529176250846e+01 -2.296590158583470398e+01 5.295949799445906159e+00 1.267168279867751712e+00 1.085195428721854327e+01 -8.459867232841313811e-01 7.771534859266163949e+03
-5.061652179144685704e+01 -1.637775035076643704e+01 -2.536903624540552471e+01 2.600851820480317755e+01 -1.511936000070915398e+01 6.194852300965005831e+00 -2.465295969109566343e+01 6.120800725420971311e+00 -1.704034433281802663e+01 -3.308200294702345889e+00 1.710918995899097572e+00 -3.108250803736730905e+00 -1.514175687926786118e+01 5.605676661390424670e+03
-6.830371444853565777e+01 -2.891590677611419835e+01 -3.380267682486005043e+01 2.681808702901230035e+01 -2.222462183591004603e+01 1.011218084942758644e+01 -3.285883278461853507e+01 1.181649901551032755e+01 -3.095166823800230560e+01 2.449590198426305321e+00 -1.010051706777201375e+01 -9.094145640075309345e+00 -2.446500632347964554e+01 1.092614710602819287e+04
-8.940157965409220253e+01 -3.365942391240723452e+01 -2.052171825261063276e+01 2.437432802946155164e+01 -6.017862982486453127e+00 1.064334018973445239e+01 -2.396979229076683282e+01 -6.067905426983793982e-01 5.150147767296417989e+00 8.507755341376055824e+00 4.097486126854155586e+00 -5.584938817970531488e+00 2.524594973618213167e+00 1.101852298909981982e+04
