-8.817080875920269989e+01 -3.226326701206421887e+01 -2.317936090028160123e+01 -2.158662236124265998e+00 -2.372416832970287004e+01 7.493008101115154140e+00 -1.515877512357147872e+01 3.376901532799660988e+00 -7.901113840812143074e+00 -2.245753116487854140e+00 -4.136193767496659568e+00 -9.555461935868407863e+00 -1.433547002818627902e+01 1.059851743009232996e+04
-7.215586268029588268e+01 -2.556095171321274506e+01 -1.529127675953523458e+01 3.535932271142508654e+01 -2.752564327365914210e+01 2.618963528389399187e+01 -3.363419389541130755e+01 5.572696658683181425e+00 -1.300245013197508825e+01 5.469493762116557356e+00 1.268401344584296808e+01 -2.897033774943007067e+00 -5.915549413184922889e-01 1.031841361063067052e+04
-7.129645600894315294e+01 -1.031243511877197605e+01 -2.559475506029615843e+01 1.246695539011142806e+01 5.439726744903486733e+00 2.430832663211418776e+01 -4.095797275026431095e+01 3.998846742530972165e+00 6.885459814143750634e+00 1.451618531949493907e+01 -1.416649372762723758e+01 5.072530601119456861e+00 1.553952107596181875e+01 9.040105118190607755e+03
-7.021921238348197392e+01 -5.357263124489724859e+00 -2.427459817741238979e+01 6.667674763268853333e+00 7.258651986673560152e+00 2.047359952633144076e+01 -3.827167354924124254e+01 -1.253329001088754335e+00 8.645454989631584652e+00 3.264613882846365556e+00 -3.900788333883108194e+00 -4.266042899075038086e+00 7.323311927401134902e+00 7.703747960448374215e+03
-6.963558256491234033e+01 7.094235870145738865e+00 4.736304449246113712e+00 2.357222087689259027e+01 3.670809217364216614e+00 1.835941853879217689e+01 -3.734986596563450689e+01 -9.589326309224405875e+00 -1.183772724445563895e+01 4.570469204287395115e+00 -1.923553358376788225e+01 -8.207222129321312565e+00 4.861639000889764084e+00 7.937056230918145957e+03
-6.652830640463623979e+01 1.111981299786985211e+01 5.410952796860061476e+00 2.299715322586214228e+01 -7.180866508899778067e-01 1.368192684901355349e+01 -4.183929564307957349e+01 -1.462528010423890557e+01 -2.742031065785671373e+01 -6.781856657970829261e+00 -3.523288249986240572e+01 -3.720699277326673382e+00 9.913080187993314141e+00 9.411285297094425914e+03
-6.422155006286418200e+01 9.448321727360109890e+00 9.195683020222965576e-01 2.303063301754444936e+01 7.853279631084433832e-02 8.254890285433331698e+00 -5.738650172418176965e+01 -2.347111930167118743e+01 -1.976879150036612742e+01 -8.759987795358094687e+00 -4.197774651190107420e+01 -1.642447685058478157e+01 4.987390722306515478e+00 1.118149855323853990e+04
-5.994456603503637382e+01 1.426268248677742712e+01 1.864047599150426837e+00 1.359850574049004202e+01 3.541482878886212937e+00 6.611773051940603274e+00 -4.224438708306585255e+01 -1.239337081752337077e+01 -7.376906049481470884e-01 -6.713254021994949916e+00 -2.223791105791279321e+01 -2.128105190811719183e+01 5.850993934387402007e+00 7.006864620338172244e+03
-5.821702174637440663e+01 1.843223822588963401e+01 -7.179825919756646968e+00 1.516576963852083360e+01 -2.787583476537311533e+00 1.072976621873486103e+01 -4.886782751217116783e+01 -1.674438516771661156e+01 3.717409371498078485e+00 -9.026889527521131384e+00 -1.332453097086915506e+01 -4.340751041853512682e+00 1.216988138449011458e+01 7.241652126242930535e+03
-5.865195859663052858e+01 1.800855344440982719e+01 -7.168943636758385196e+00 3.237219563601376393e+01 5.415522935829238271e+00 1.511098095241151995e+01 -5.361348500529889094e+01 -1.728193490094112406e+01 -1.060919905064806323e-01 -8.676803604245721502e+00 1.482278931420231816e+00 -1.710769881876180420e+01 2.816002244311805924e+01 9.457609279888816673e+03
-5.919949122508769079e+01 1.519992993384400926e+01 -1.361181393543919427e+01 3.569021057514859763e+01 -3.743103682281632150e+00 1.157681594436439454e+01 -6.119023033568821290e+01 -2.303167594823582931e+01 -2.042461829118383676e+01 -3.097389142878942891e+01 -6.701493875841087799e+00 -9.843775245571613652e+00 2.814912512264692879e+01 1.192815627792628402e+04
-5.326149730085899137e+01 1.393420256231076593e+01 -2.254646730075443628e+01 2.760119750287978491e+01 -2.258617204440573190e+01 2.362301158623694608e+00 -5.999396403056902471e+01 -1.769005296115337345e+01 -2.785870283517951762e+01 -4.821239262673742587e+00 -1.199326457675305235e+01 -1.435239093308156200e+01 1.277303342903204708e+01 1.004137929073699524e+04
-4.771358370637270241e+01 1.886302999682445503e+01 -1.671110190431893727e+01 1.171094208600736053e+01 -3.780570390505992151e+01 4.200795981953750591e+00 -4.206123190687473112e+01 1.679586616629226592e+00 -2.066919656261052296e+01 1.828295041741622740e+01 -1.354682790425908934e+01 8.376532079696961119e+00 1.596011362638076214e+01 7.537583262956523868e+03
-4.544634014970909419e+01 1.460077067107386029e+01 -6.913440936389305236e+00 3.503251236470179109e+00 -3.552474934610536650e+01 -5.264799962455220417e+00 -2.612191017174831131e+01 -3.646325084804235228e+00 3.148293605930610806e+00 2.663135942256466038e+01 6.406152492114547847e+00 9.971018635007791175e+00 2.189280403093100702e+01 5.662892512423981316e+03
-4.593096040377493239e+01 1.281669955874215461e+01 -1.365798329288598367e+01 -4.973233938633556228e+00 -4.314504147662049149e+01 -1.345764092499604736e+01 -2.890662753342989433e+01 -2.067774118517622384e+01 -9.494538600903654313e+00 5.428042898802902805e+00 -2.377940221765825424e+00 1.681439822394693806e+00 -3.070228249858065195e-01 5.919145289337325266e+03
-4.906129922238564234e+01 2.330751631228186227e+01 -1.913019265183949003e+01 1.414801043814605563e+01 -5.146544448474590183e+01 8.626578217534591531e+00 -4.056607206571715096e+01 -7.489574434413283077e-01 5.197883879853789857e+00 2.237188125933423777e+01 2.478040205801781326e+01 -7.156901264597218315e+00 1.955828664078717338e+01 9.460994042240470662e+03
-4.772733588899390611e+01 1.848106086535747039e+01 -8.992498446752302144e+00 6.028749985728455663e+00 -5.297912020896107066e+01 3.891850524925814625e+00 -2.639665123434991401e+01 -6.112431963126323531e+00 3.133394843718247280e+00 2.460721166920811243e+01 1.511595042925301513e+01 -5.004168205555835414e+00 1.677361669858638749e+01 7.442958659330903174e+03
-5.031600039847158712e+01 2.242191750398281158e+01 -1.701735987167612407e+01 1.029457250352039388e+01 -7.154232753119318033e+01 1.579266114647414376e+01 -4.809614662432758792e+01 -2.988641887291408850e+01 -1.165150073124468166e+00 2.178196229743129209e+01 9.221946197759816499e+00 -3.487558202661825391e+01 1.709625115102586790e+01 1.407360494151907369e+04
-5.221004372828691231e+01 1.885394794213402392e+01 -3.231702074900407951e+00 4.914028210536024233e+00 -5.428355056383823296e+01 1.671480169730952170e+01 -4.500301744503082801e+01 -2.764841937450658094e+01 -1.596436785704580030e+00 1.927914811986308052e+01 1.001173729594097850e+01 -2.119851950550698660e+01 1.631613616649524090e+01 1.032180929628297417e+04
-5.985417129562449645e+01 1.823502456196412780e+01 -1.369432505680150669e+01 5.427737065000608041e+00 -3.142446995120624464e+01 2.982960806008140153e+01 -3.135058549020919827e+01 -1.523985114379344097e+01 5.507617913005804944e+00 1.565795127093317340e+01 1.300406368993818695e+01 -2.602295643823492100e+01 6.819586296084452215e+00 8.392759897432315483e+03
-6.194573021483419240e+01 1.174287638046691384e+01 -2.866117849243518734e+01 1.571076153205355652e+01 -1.555392698886956815e+01 5.609914762364233809e+00 -2.606930416826592278e+01 -5.913338223474947419e+00 5.010598648491421114e-01 -2.902067560023553128e+01 3.413428771849381427e+00 -1.402668721141051833e+01 -3.226671807087816424e-01 7.082386032706098376e+03
-5.620998035509253299e+01 1.768141087046423010e+01 -2.353607162204942327e+01 1.680958027048202297e+01 -1.528581668728626219e+01 5.892731971158960746e+00 -4.044975462699050439e+01 -7.371325637856191548e+00 -4.294931173785486500e+00 -2.309597171193284382e+01 7.066231530546502881e+00 -1.768011833233699548e+01 1.867889222968076268e+01 7.530891981405085062e+03
-5.835747472444065664e+01 1.043436378369518636e+01 -1.706719131481680662e+01 1.054192352207847527e+01 -1.037986931296841853e+01 1.718605559585037312e+01 -2.454392722492342571e+01 3.750388896493770385e-01 6.471079778709287744e-01 -9.977368990677637939e+00 6.885607702663057772e+00 -1.888263629598033333e+01 8.295835921103186905e+00 5.495292267657452612e+03
-5.628426135225058147e+01 1.174134251677360119e+01 -1.735984271820242952e+01 1.162767347538941820e+01 -7.901964019742114154e+00 1.795963495751246697e+01 -2.223625461823730731e+01 5.650215621888962758e+00 -5.789250497949113061e+00 -9.972017774838569437e+00 9.849692892971434688e+00 -1.391847002401008027e+01 1.180992206071040229e+01 5.216880685717838787e+03
-5.108441960076306998e+01 1.599411231207231410e+01 -1.142610258281676217e+01 6.541379372555424787e+00 -2.529502696185784316e+01 2.502044726841227984e+01 -2.890634479858414352e+01 -1.896391017819355085e+01 -4.869582109623600275e+00 2.097321709064128847e-01 3.056792421153574413e+00 -1.438505485379359250e+01 2.303512912452993433e+01 6.270490622642813832e+03
-5.087687341748467418e+01 1.811129389004865686e+01 -8.586546102397623059e+00 7.874081757248756475e+00 -2.521961099487437608e+01 2.388862458111742626e+01 -2.368692587241859826e+01 -1.887399959803072491e+01 -2.068655850790470652e+00 -2.053076539784662313e-01 5.085656187283428054e+00 -9.661358123994000735e+00 2.403461954860213368e+01 5.877388798584343022e+03
-4.977194812357125642e+01 1.617449037193370032e+01 -1.273218819450504036e+01 1.086224752590315390e+01 -2.952507961745575926e+01 2.192200455715000729e+01 -4.457520856330344117e+01 -1.502795485087401062e+01 -8.276680068334769658e+00 -2.599233608231607651e+00 1.407763464908371098e+01 -1.310972979508557756e+01 1.055153458156496526e+01 7.140690394967172324e+03
-4.822078946803695487e+01 1.032695158428129822e+01 -1.482613966333276778e+01 1.182739030803056046e+01 -2.610870820187751917e+01 1.572181184562910161e+01 -4.553835023472900190e+01 -1.965889758866681092e+01 -1.907952696020199568e+01 -1.743597039553221251e+01 2.502046840900529645e+01 -9.303088948953485371e+00 -1.109472319396927276e+01 7.684351251750583288e+03
-5.050229298534887334e+01 1.192615757199017246e+01 -2.121932319633378583e+01 2.578314480161303024e+01 -3.843654272791643933e+01 2.578032070854286673e+01 -3.958984697587614932e+01 -3.185688535443208735e+01 -2.951744109746081790e+01 -8.874264651781949453e+00 1.481950705073876229e+01 -1.003348273996365236e+01 -1.458493891329387715e+01 1.001499585502685295e+04
-5.102949429061087727e+01 8.560728827953791864e+00 -7.529896144783884360e+00 2.702304708133226185e+01 -1.835552091586525236e+01 2.181294639806672464e+01 -1.982778238313793295e+01 -1.996472661028940720e+01 -1.373614954712321179e+01 -2.411470939275471181e+00 1.791239686960565436e+01 -1.190815075932900058e+01 2.140240864627079298e-01 5.725901635549406819e+03
-5.181178705633610804e+01 1.907484334409268012e+00 -6.522223978929575061e+00 2.921857672896440761e+01 -1.918036981045165135e+01 1.882945536444708878e+01 -2.112970886238138490e+01 -4.056712887380304977e+01 -2.173711437120840628e+01 -7.146788445801663059e+00 2.411969600690688154e+01 -4.484997011215370755e+00 1.841282723719989134e+00 7.527799905215892068e+03
-5.328514074019413727e+01 -8.455147954886113038e-01 -7.623893466184086698e+00 3.515888897225774201e+01 -1.694289891866412390e+01 1.373446384367226436e+01 -1.278159958944798902e+01 -1.257923889426266406e+01 -1.662401434133737865e+01 -9.589348019777329313e+00 1.180816619075240759e+01 -1.509735943254246138e+01 -1.403955389272449006e+00 5.669243794008349141e+03
-5.326164816649151135e+01 -1.534074423493026451e+01 -2.104964405788296133e+01 4.021324088876202296e+01 -1.909884182237051320e+01 2.980802567834868455e+01 -1.656484681356528910e+01 4.018911518659174398e+00 -4.097362942646588380e+01 -2.068477857120310848e+00 1.350248422921619529e+01 -1.540756882200932409e+01 -8.463851928695682147e+00 8.850627766241381323e+03
-5.177924144134554751e+01 -2.624755882818588049e+01 -2.672571639832595736e+01 3.970444885462367779e+01 -2.577829627945095226e+01 3.337688939411135181e+01 -1.122926669705525882e+01 1.042096874194672296e+01 -4.362464094188566577e+01 1.774390778998272467e+01 1.364675598513074561e+01 -2.923786042578080835e+00 -8.461161730983256746e+00 1.015829098185172370e+04
-5.160764449389771613e+01 -3.710892002208926499e+01 -2.951607067415950070e+01 3.588686738787345121e+01 -2.334276588255030305e+01 3.001021566478686609e+01 -1.825035428210588151e+01 2.745671080412857634e+01 -3.606117382238874569e+01 9.868136751318868249e+00 8.710427463700419537e+00 6.587740183189476184e+00 -5.065495570676696868e-01 1.024924559743627287e+04
-4.907647377233332264e+01 -3.460200652960970302e+01 -2.676319832745399552e+01 3.741945778599956896e+01 -2.628360709133834305e+01 2.247972349069196341e+01 -2.001852311427334641e+01 2.111650925630131681e+01 -4.689177737582377148e+01 1.758967683075693955e+01 1.576447518085337585e+01 -1.894328192138223343e+00 -1.055919861411393512e+01 1.063693728918634952e+04
-5.030479081935562391e+01 -4.018145443849674336e+01 -3.026969536033960040e+01 3.562288133890916697e+01 -2.443281461551482181e+01 2.561957322207603482e+01 -1.387397283955592364e+01 2.278457997212971975e+01 -3.258342353880252062e+01 8.825853816806242591e+00 1.848317912188301193e+01 4.570712353031099795e+00 -8.100000463014392693e+00 9.863019075713642451e+03
-4.535548812350643999e+01 -2.407089649317466851e+01 -2.800662598883294052e+01 3.651938863681538550e+01 -3.742322753794309165e+01 3.238931512417112657e+01 -2.153856745512937465e+01 2.050041960452526624e+01 -3.903381508017805146e+01 1.684135384349972853e+01 1.441626975597689331e+01 6.418098784468251328e-02 -5.689845297429464210e+00 1.013578520352255509e+04
-4.910063824194913451e+01 -4.195255553197214482e+01 -4.189074638136204243e+01 2.103977248347262829e+01 -3.691395863917441034e+01 1.676091353651546001e+01 -2.472236656921727160e+01 1.776225991001926019e+01 -3.182578553276135480e+01 7.246453316754508656e+00 1.683874290366456705e+01 6.990547084441227632e-01 -2.525116879188848085e+00 1.029445796662481007e+04
-4.896745753536755785e+01 -3.347534089488410558e+01 -4.168217108177496044e+01 3.256411923318120216e+01 -3.319998349675793747e+01 3.843318652815461434e+01 -2.602647756437267645e+01 1.746673659770965159e+01 -3.457032846387289737e+01 2.681116398924087818e+01 1.531614259681471601e+01 4.488884463652549339e-01 -1.001859282468228862e+01 1.212715279733345596e+04
-4.880484224912306246e+01 -3.623335691418476756e+01 -2.844488490857960983e+01 2.810543485448401313e+01 -1.640022472766459316e+01 1.328039205704930659e+01 -1.426024670952125284e+01 9.479727095995068353e+00 -3.385988345953279577e+01 7.167011580827796102e+00 2.071991112159211212e+01 -1.209087639746360665e+01 -5.602937689646351416e+00 7.837106454984607808e+03
-5.485565048569388580e+01 -3.469092246726553697e+01 -5.249268423195441358e+01 3.198624145821714748e+01 -3.523075639325337960e+01 2.753145296469253367e+01 -3.130565940856720175e+01 3.471384642761650241e+01 -3.941413717698718955e+01 2.073083080026669478e+01 9.452694438868354254e+00 -3.958955416955856510e+00 -7.590316925951302807e+00 1.432136780179076777e+04
-5.285045028163921188e+01 -2.005619025601015082e+01 -2.868437843467199500e+01 3.587193884029705515e+01 -8.375387771563648442e+00 2.473024150723841075e+01 -1.263672368111238420e+01 4.874331958513717922e+00 -3.067083540221692672e+01 9.718870405805628110e+00 2.088781819737236489e+01 -2.014837253010684037e+01 -2.046965401341226354e+01 8.466609473989728940e+03
-5.566330289403269660e+01 -7.551583292537378256e+00 -1.856292962085042930e+01 5.153708208515665490e+01 -2.579803972392064715e+00 2.777421923511744595e+01 -2.357784209474567305e+01 -3.416182202509841392e+00 -4.484065191843050258e+01 -1.264611318501544091e+01 9.203307578600425032e+00 -3.125157153869520243e+01 -3.309357380336368060e+00 1.074465215005298705e+04
-5.571485061472400702e+01 3.010180411158386082e+00 -2.069573889545123535e+01 5.394440681863628129e+01 -1.470568175608700656e+01 2.849700207668961482e+01 -3.625645614620334101e+01 -1.880239445866136094e+01 -2.522604783989921273e+01 7.058038196003122877e+00 2.656238602200005872e+01 -2.544983213931993760e+01 -3.714599328720765481e+00 1.120113720157414718e+04
-5.728400676091089849e+01 2.158476429258873619e+00 -2.171493097170009179e+01 5.415300685538092296e+01 -1.430300944307995081e+01 3.103429809416123319e+01 -3.690682038044600688e+01 -2.836150031765749802e+01 -4.145760162159081830e+01 -1.224576612359129513e+01 1.306968051385826080e+01 -2.662302074523756801e+01 8.806980517281544962e+00 1.285025086618914975e+04
-5.330253325505939443e+01 -1.445126851991401784e+00 -1.320269571230947925e+01 4.244617307497218661e+01 -5.737639524469294372e+00 1.621314904102602839e+01 -2.589956279848246368e+01 -2.390707436594435364e+01 -2.382847297515566609e+01 -7.315037447180581243e-01 2.550245290077934257e+01 -1.303853575860208025e+01 3.180732201582881391e+00 7.756186290917254155e+03
-5.400849294125384148e+01 -6.825548324196158312e+00 -1.917362512210004866e+01 3.965109180552359192e+01 -1.018289632609924489e+01 2.994655304270025908e+01 -1.946229009373671204e+01 -1.524828745386902717e+01 -5.926499811452568167e+01 -1.367880677077907414e+01 2.709980735903158244e+00 -2.376702744161658742e+01 -9.240466318702031501e+00 1.087217238707384968e+04
-5.302940006801839701e+01 -1.433595017403343519e+01 -2.220174691545307155e+01 4.321082281277867310e+01 -1.815671419857610758e+01 3.106438827646250189e+01 -2.522647486640841308e+01 5.448724703710075556e-02 -5.212261694064559236e+01 -1.627670114924220757e+00 5.372219173102793732e+00 -5.001184356768391126e+00 -9.094894411103148002e+00 1.016477620065436713e+04
-5.011433247535144631e+01 -2.273839896126356663e+01 -2.590533273584518170e+01 4.188309934252214362e+01 -3.177637892046462298e+01 2.965711497716337064e+01 -3.132022368941681290e+00 2.813095890194336235e+01 -3.257438611015903263e+01 9.703159106981662063e+00 1.303386087377622182e+01 7.371051176996208376e-01 -4.842788702023475444e+00 9.493323903143163989e+03
-5.055812766614533871e+01 -3.470208898402731279e+01 -2.788333203741804311e+01 4.708321136212886415e+01 -3.038745019061652286e+01 4.210921134452225800e+01 -1.885998179098288929e+01 2.257633862763933408e+01 -5.894576956199398410e+01 5.258267667184623129e+00 7.765300214583644056e+00 3.309702332765525945e+00 -1.226115856961922823e+01 1.404048419331122386e+04
-4.881863342880917855e+01 -3.641997373220234380e+01 -2.899694707239667935e+01 3.087502604248070170e+01 -3.513266768625981484e+01 3.122045234459394436e+01 -1.655177072624583090e+01 2.797195690575671279e+01 -2.915020841743461233e+01 2.087639789442475191e+01 5.167732093246709901e+00 1.554513588872962870e+00 -3.246523477133874014e+00 1.009439662181929634e+04
-4.765321353936239035e+01 -2.926777694886712311e+01 -2.632249042118529658e+01 3.416275793523638526e+01 -3.344317763278599642e+01 1.861125091647505769e+01 -1.404932171634352400e+01 2.966145231158811058e+01 -3.658637411076729506e+01 1.133957988022102015e+01 8.121574687270827653e+00 -1.953659741933331029e+00 2.513120883952686846e+00 9.072650425446132431e+03
-5.003369776935540614e+01 -3.156292740504770933e+01 -3.060992716849560225e+01 4.398898424655446604e+01 -3.693369986114580428e+01 2.610105509248634448e+01 -2.042659057174904547e+01 2.504568926101461201e+01 -4.121769025841001621e+01 2.308649255214303508e+01 7.989873686676951081e+00 -8.023962077635673484e-01 -6.220999091959511951e+00 1.179654996997894523e+04
-5.480274173583041630e+01 -3.879789591182682074e+01 -3.195046808945676986e+01 4.027906804288350173e+01 -3.181471435771449308e+01 2.908206065315385302e+01 -1.774124952799267874e+01 2.208908398607844958e+01 -2.806576904011090434e+01 1.761265316950517601e+01 4.651887773040884078e+00 -4.887382669104535893e+00 -1.058983249862617715e+00 1.095701578835576947e+04
-5.450484066101326874e+01 -3.593206232409990974e+01 -2.254543676157460652e+01 3.154618006105062378e+01 -2.474638033265084758e+01 1.983950595859420929e+01 -2.152233988328588055e+01 1.452314521196427144e+01 -2.213600430630742011e+01 1.207308135118816494e+01 3.986136719462423095e+00 -1.540664387812404001e+01 1.135511705624021150e+00 8.335776479037076570e+03
-6.019327997078828929e+01 -3.412926359261292930e+01 -2.269336903019643970e+01 2.917221774208609375e+01 -2.442651390252101251e+01 2.325243830267897494e+01 -2.602818325438261482e+01 1.989312303588965847e+01 -1.853039534072728856e+01 1.306526632619133110e+01 6.499026905895987305e+00 -3.742565634943920472e+00 -5.910072209947942135e+00 8.969827846483010944e+03
-6.938391835771807337e+01 -4.074371021249253744e+01 -2.882659963125790625e+01 3.110678878688332460e+01 -3.112645867231695718e+01 2.796041953931354485e+01 -3.115976711919479314e+01 2.156908413891273568e+01 -2.796071941522829007e+01 1.035473270399592671e+01 1.367671080504997860e+01 8.943656568218415259e+00 -2.356571592525770864e+00 1.262119833180472961e+04
-7.383081580901443886e+01 -3.033658898420277694e+01 -2.728647270143658687e+01 3.053568488920427271e+01 -2.432615554537562730e+01 2.724820972305969491e+01 -1.974036754833609209e+01 2.088624027716889486e+01 -1.607308696131418913e+01 7.333804634503356956e-01 1.023469385661221942e+01 -1.737695456477093714e+01 6.015789019902355150e+00 1.091020075613558402e+04
-7.971507214571043676e+01 -2.964049585317074076e+01 -2.879185953565082201e+01 2.448194891862288358e+01 -1.603024156139914780e+01 2.403689752045749728e+01 -5.396775366685885089e+00 1.772930524709040512e+01 -1.869097330219544162e+00 2.614701713970744468e+00 2.570976494001915924e+01 -1.047490488563991029e+01 2.733479985980948435e+00 1.062810100417199283e+04
-8.481878973329858695e+01 -3.683350017645039998e+01 -3.119414684250763159e+01 1.370053436537056157e+01 -2.483092265305175417e+01 1.036085645761654384e+01 -5.070062935207227284e+00 9.017953537980710976e+00 -1.318560607728675826e+01 3.601981410279159856e+00 9.448739803096348311e+00 -1.280994109067802711e+01 -5.721469505727184490e+00 1.101560732233963427e+04
-8.103359618682509335e+01 -3.088271293394544870e+01 -1.659325184941928910e+01 1.566541462646398841e+01 -2.303318208714125248e+01 1.947065130464818239e+01 -1.841252314904705401e+01 9.556120187236379238e+00 -2.777540102755513374e+01 6.372065248943836302e+00 -6.755142885797464913e+00 -3.501408061735868937e+00 -5.108696909917466833e+00 1.027696778823894601e+04
-6.375155273583831672e+01 -2.227738489862023741e+01 -2.096737489103922059e+01 2.135669999270115937e+01 -3.038532997221212995e+01 2.239499458758724515e+01 -4.610841721717418551e+01 3.876570587765528764e+00 -2.495504638264970509e+01 9.980816750053506325e+00 -7.609134877065891978e+00 3.980395890418591431e+00 7.548938043122384478e+00 9.875199790003567614e+03
-5.540926794941950817e+01 -2.564682679712709756e+01 -2.916483146025282736e+01 2.507185234455797129e+01 -3.136969661790391228e+01 1.561703582400915558e+01 -3.959878735756283419e+01 3.339558102825522568e+00 -2.924626509836114963e+01 1.643184862963310788e+00 5.933892105445946363e+00 -6.747789135685431816e+00 2.066111352531803114e+00 8.957354784441315132e+03
-5.501869458034025229e+01 -1.004259684504442163e+01 -1.928323227726230016e+01 2.556648610708795388e+01 -9.150387134294456715e+00 2.458347654439088359e+01 -2.083300896480561448e+01 -5.405768790318207451e+00 -2.596549081715389562e+01 -1.412240667036692976e+01 9.369412358420426301e+00 -9.057114536648510850e+00 -8.933870285249593479e+00 6.427992599582441471e+03
-5.452454038106058931e+01 4.698720636981104981e+00 -2.630868669622821443e+01 2.724180171450084842e+01 -1.963796599903883333e+00 2.021132877688006957e+01 -4.454327376611509948e+01 -3.415573208301618280e+01 -2.383164449076512170e+01 -9.706507993035385695e+00 -2.299111441242801812e-01 6.510329287657498298e+00 8.004787075823079689e+00 8.761015254915831974e+03
-5.301214019750672435e+01 -4.228814370810756174e+00 -2.928837341175672648e+01 1.036204020470484011e+01 -1.241131649085935429e+01 1.236505134696476738e+01 -4.846415873838038380e+01 -3.046323690728494782e+01 -2.388647281949336332e+01 -3.797682180789577089e+00 -3.374389040202371293e-01 1.077379756095853303e+01 3.574007571467431976e+00 8.091017413273005332e+03
-5.309872628372900749e+01 -7.032842486703843932e+00 -3.758801049987619081e+01 -1.509314082311402849e+00 -2.843242433154783200e+01 2.967497904585400192e+00 -6.211417698607934312e+01 -4.264936352725085555e+01 -2.495608984600271185e+01 -1.240318500711176775e+01 -3.631565787511539245e+00 -5.743902193306198001e+00 -7.219957253381349638e+00 1.165337404179386795e+04
-5.311577311871647566e+01 2.024122779650858461e-01 -3.715750377204989263e+01 1.040644549893638526e+01 -3.095252902951507323e+01 1.375370288868919566e+01 -6.114597243335729360e+01 -3.105264394712421350e+01 -2.556146755872353182e+01 -8.709115869144111954e+00 4.632694144902736788e+00 -2.712563079775318187e+00 -7.904940950119573984e+00 1.098116582452724651e+04
-5.313593575281281289e+01 -2.257261575035118817e+00 -3.794504616130469543e+01 1.222674161920849212e+00 -2.984442509876720351e+01 1.854084483936415007e+00 -6.621495085495378419e+01 -2.588928796500851703e+01 -3.182971184776038953e+01 -1.038562513056074899e+01 -4.029913884766738730e-01 1.873608554070209653e-01 -1.014791397165477882e+01 1.144281607503295709e+04
-5.297393047435323155e+01 -2.889195420850970919e+00 -3.542625722815078149e+01 -1.505003189020339693e+00 -2.118058939125090134e+01 -2.122936512271901499e+00 -6.244708599313375430e+01 -3.244245921638670893e+01 -2.575945502161443912e+01 -1.836557443750142937e+01 -1.377182293521203693e+00 2.115430386149567354e+00 -8.584905471949189959e+00 1.055806155749272875e+04
-5.335938044843258865e+01 4.505235833829591030e+00 -3.522114097157115964e+01 1.347062195651741234e+01 -2.877338061253040635e+01 1.861944036267937008e+01 -5.684496972680356919e+01 -2.138901758683337562e+01 -1.879073699252984397e+01 -1.039660672594328794e+01 8.267072245240926875e+00 -7.953044530127568734e-01 7.346670560619678048e-01 9.683636663358322039e+03
-5.457263214387058525e+01 3.188533418042957202e+00 -3.619781281512418758e+01 1.020330117077655174e+01 -2.373317458274219760e+01 1.213442970561832723e+01 -4.402046563642785770e+01 -2.529370417277249672e+01 -1.560075553317680175e+01 -1.024920292069415773e+01 1.212710271857185163e+01 -7.832457757005963472e+00 1.387574774417011270e+00 8.249577869863887827e+03
-5.546232653864981899e+01 5.158380092623319868e+00 -3.516365672345430227e+01 1.506935695549881160e+01 -2.727032559191596661e+01 1.668566817503667821e+01 -3.207578485110757782e+01 -2.298971198370515623e+01 -1.488784223809935447e+01 -2.215774155018488045e+01 9.007011806198581993e+00 -1.499321948446086683e+00 2.036207867618488709e+00 7.945845562295333366e+03
-5.816010226340988254e+01 6.424969559228798310e+00 -3.289739608930506876e+01 2.816274708489297396e+01 -4.044718814264005857e+01 1.660558482565271277e+01 -2.972840370774597929e+01 -3.165802938942221800e+01 -8.384274950044781960e+00 -1.903163842293167463e+01 1.909026151700280849e+01 -1.385278419935139560e+01 4.453584208717327186e+00 1.010565746449655308e+04
-6.054307869010243337e+01 2.042776183722849748e+00 -3.487752341267162137e+01 1.949248529996494028e+01 -4.561841032247170347e+01 5.809523132357465869e+00 -3.444921329368828822e+01 -3.537861112415748721e+01 -7.917038905462105092e+00 -1.813888609750664926e+01 -4.691551758120639626e+00 -1.097324204481042820e+01 6.536453674962515059e+00 1.039606689479367742e+04
-6.310982302239796837e+01 1.940978873818900219e+00 -2.585811450008977985e+01 1.992481930451002015e+01 -4.025638529342138838e+01 1.249630990203516667e+01 -3.849192717420935139e+01 -3.804364573059103094e+01 -1.444237265253060087e+01 -2.546589126627116784e+01 -1.118556046474894039e+01 -2.530654897075536525e+01 1.041016223594706780e+01 1.148894283416222606e+04
-6.350348635616304449e+01 5.081074732950540351e+00 -2.253115640472348602e+01 3.562643267780008927e+01 -2.024316767769683167e+01 1.906325708838804545e+01 -1.564415161832754642e+01 -2.246627896012912728e+01 -1.384267277908322269e+00 -2.059640653729468696e+01 -4.052689475547205156e+00 -1.886999998221173058e+01 1.389413017353076896e+01 8.349748795465140574e+03
-6.660592515630655441e+01 4.210610615538701751e+00 -1.502949382033409442e+01 3.444839502739866077e+01 -1.819950516975385213e+01 1.666570374799919563e+01 -2.196148901346347060e+01 -1.860980023736409095e+01 -2.504620970459938434e+01 -2.771758436902789313e+01 -2.584955412450464785e+00 -1.382641627225255831e+01 4.897685328612930711e+00 8.921671653362433062e+03
-6.650363995645344062e+01 9.829000552457932693e-01 -1.090593211835916243e+01 2.775228049118729245e+01 -2.141032701726803467e+01 2.522353136529959983e+01 -3.021314691424534971e+01 5.909361308333820340e+00 -2.469927517190263444e+01 -4.680044935695604380e+01 -8.661806377393025613e+00 -1.904181436409401940e+01 3.693456066298970164e+00 1.060680753860492041e+04
-6.618835589315132495e+01 3.469862162757037627e+00 -6.909430552255378721e+00 1.280996886697143644e+01 -2.780194510188119139e+01 1.798508113081977200e+01 -1.745147898043965640e+01 -1.506452846374615406e+00 -3.051008621327184045e+01 -3.781534563719223740e+01 -1.373833986454429024e+01 -1.194627782200312538e+01 -2.948523454130149268e+00 8.709023798704833098e+03
-6.874462869355635064e+01 3.917967321194808950e+00 -9.764448720930788639e+00 1.000987556514828292e+01 -2.474077128225418676e+01 1.960039571374245781e+01 -1.310222940278458736e+01 -1.680937572841532557e+01 -4.285846705225007724e+01 -4.144161070690879001e+01 -1.476197485956849142e+01 -2.499045775153896898e+01 -7.827488555559238392e+00 1.084518506680183782e+04
-7.087320396559479718e+01 7.289061600692639864e+00 -9.152669447884125731e+00 2.146496800426455920e+01 -2.346588719880599072e+01 1.927356230118074976e+01 -6.909172482500595791e+00 -1.655596119570212821e+01 -2.283127449680416987e+01 -4.374120443055245033e+01 -9.637793426241451300e+00 -3.257586935794941496e+01 -7.513119001510373707e+00 1.050969359399269706e+04
-7.166583284359957418e+01 1.676649861011898945e+00 -9.124858237449936738e+00 2.130549559458338038e+01 -3.177678768138529009e+01 1.455884308125871840e+01 -1.120649370416056634e+01 -1.011475583334242145e+01 -2.729320831723788388e+01 -4.625522663474902885e+01 -1.703567531945055435e+01 -3.046303480682321663e+01 3.803893171673520701e+00 1.124275340400274035e+04
-6.701968368462044623e+01 -3.759494597320984788e+00 -2.769491124309461316e+00 3.260000333537304584e+01 -2.896747949362888974e+01 2.834947462630538340e+01 -6.449248943437037029e-01 -1.333534034410377345e+01 -2.888377968460506295e+01 -3.018821613056433506e+01 -1.011807114155483767e+01 -5.523085895155983138e+00 -8.983521276590779037e-01 9.276544909372170878e+03
-6.437119009611014064e+01 -2.133916965258839582e+01 -5.491459347327023011e+00 4.621832054453250294e+01 -2.310819500419257722e+01 3.061801902964583988e+01 -2.381882878670315051e+01 -1.015737682657084973e+00 -4.407043327545484601e+01 -1.079624352948374089e+01 -1.192129013146290717e+01 -1.070017806393254034e+01 -3.732371690881523207e+00 1.113442317990529955e+04
-6.342359026435028113e+01 -3.298953247558783630e+01 -2.386032628287427926e+01 4.009594348027017929e+01 -2.660291957146888464e+01 2.779829000397293015e+01 -2.298303351517381188e+01 2.942680481944209703e+01 -3.246422253352401555e+01 2.662721420967961716e+00 1.708227634666184214e+00 1.106795869601784688e+01 1.310797559263073353e+01 1.152073044274590757e+04
-5.752681406207354087e+01 -3.169075362280529973e+01 -2.236501941804279525e+01 3.362791838918575849e+01 -3.010696451530499118e+01 1.786797519380928989e+01 -1.085954419115181580e+01 1.852511811022031551e+01 -2.860212539104161422e+01 6.196959501043542318e+00 9.641297937757368430e+00 -9.612342985700257358e+00 7.667240586666292046e+00 8.732094966718119394e+03
-5.850698317675303173e+01 -3.069208316422545124e+01 -4.014190253333035940e+01 4.143753373956233332e+01 -4.181592575486611452e+01 2.454637945031255697e+01 -1.699684568485933056e+01 1.072346881983734157e+01 -1.233898218066877916e+01 -3.896635669471507857e+00 1.770730567092880747e+01 -1.935536201076913088e+01 3.629514434152964153e+00 1.131728086695231650e+04
-5.670371004925172542e+01 -4.380198574804416722e+01 -4.596218570950453852e+01 2.483067855674774194e+01 -3.411229780155022695e+01 2.634662227484648156e+01 -1.429144850214635554e+01 1.146333437240386921e+01 -4.551144108675342181e+01 1.167537834553696419e+00 3.267410624335305602e+00 8.342221189724885022e+00 7.160015859480944878e-01 1.220989240264864748e+04
-4.677994522738845973e+01 -3.165750781968081284e+01 -2.148832160387653900e+01 2.354290773919276347e+01 -2.439802055912531742e+01 1.622288844227790960e+01 -5.164329848070252638e+00 1.607760975643022050e+01 -3.098015655272944358e+01 9.600115800405466970e+00 -5.324899332419421594e-01 5.847669411933586581e+00 4.605646566936274056e+00 6.457805988664830693e+03
-4.843553462823461331e+01 -3.873855676135470105e+01 -2.147429727201730643e+01 1.150837755146943842e+01 -3.629071568672492276e+01 1.669229886772765781e+01 -1.278357761161459116e+01 1.850184954071373156e+01 -3.033873336670725607e+01 9.620541566577683668e+00 1.269692628337029738e+01 -3.008930184314123402e+00 -4.640283301742659933e-02 7.724913484846109895e+03
-5.319486686690934363e+01 -4.165973298114526102e+01 -2.634524366849634802e+01 2.673010439833939955e+01 -3.722794620963000511e+01 2.603061644804165908e+01 -2.109753819331612945e+01 3.500483198009072083e+01 -2.552797623517661663e+01 8.474214828701727598e+00 1.659967993016438825e+01 -6.127832731002543554e+00 6.694275624067855257e-02 1.074434898629447162e+04
-5.723284144164907872e+01 -4.504473445003109333e+01 -4.216993386694738177e+01 2.910322921216027581e+01 -4.837012080481603959e+01 2.800305841337983637e+01 -2.454340688324905173e+01 4.687575432900586492e+01 -2.086911510499501432e+01 2.663765524982107991e+01 3.190272574177144804e+01 2.332431648879985886e+01 1.538995213331283196e+01 1.679722546516660441e+04
-5.409242070323760743e+01 -2.948146456613078570e+01 -2.872791649152271631e+01 2.907422675930647316e+01 -2.926287145765306263e+01 2.002210985845654179e+01 -1.976413472665790039e+01 1.345195286084263642e-01 -4.108118671594162663e+01 6.273222477949218501e-01 8.073594576529790956e+00 2.136855610869236588e-01 9.365149177457894325e-01 8.867753310512825919e+03
-5.881230968507752266e+01 -2.354505366829310731e+01 -2.513875067713126654e+01 2.181407638466044929e+01 -1.724213926903780703e+01 3.916531664000191260e+00 -1.904731777451289432e+01 4.505430822630507315e+00 -3.754794493973715674e+01 -2.832141427008715961e+00 2.812020826044270549e+01 9.813969070779908321e+00 5.471932878929672839e+00 8.151669190232348228e+03
-5.900570080006727380e+01 1.480131341294816716e+00 -2.808964200506513720e+01 2.221396151429239296e+01 -2.384093481880666587e+01 7.358567499000876921e+00 -1.883393423055257188e+01 1.161557106588439048e+01 -2.955655074723963338e+01 -6.665930324149257125e+00 -1.377551187769949559e+00 -1.089814909388661235e+01 -2.611013017430120708e+00 6.924037857370319216e+03
-5.514745294312086088e+01 1.364453867230727901e+01 -2.336985977293177896e+01 3.498459986458227888e+01 -2.162837495563434231e+01 1.391320048246093322e+01 -2.633673301578890147e+01 -3.326716916110315836e+00 -2.098898604689215119e+01 -5.458618396315683796e+00 1.576789133094267470e+01 5.324553200377999396e-01 1.739554084446776017e+01 7.385390674493815823e+03
-4.906050845007109729e+01 5.748646026433620548e+00 -2.143482334642070342e+01 -1.064747981685562506e+00 -1.853330613139558025e+01 -6.041734549113308539e+00 -1.541439144751784340e+01 -1.056277598162435272e+00 -1.519119492447198816e+01 -1.310636706940043794e+01 1.081188546023088115e+01 -3.570852337209386107e+00 -1.784910645728254863e+00 4.054653959880867205e+03
-4.805057454503685221e+01 1.365509925369737587e+01 -3.388922857509959385e+01 -1.371078202383062328e+00 -3.243820393551256842e+01 4.447287055187953975e+00 -2.029705470715764903e+01 1.117710290965968412e+00 -2.097116557476518928e+00 -1.289920521896811678e+01 7.809350631672985488e-01 -7.588644520074677047e+00 8.738308544493058605e+00 5.436257075962294948e+03
-4.774263620881126258e+01 1.175697078785761285e+01 -4.031603144966015861e+01 1.019511172499201868e+00 -3.931999953381891544e+01 5.820738318927410226e+00 -1.800958752305068344e+01 8.723190121776328354e+00 -5.744932690430241351e+00 -1.856653903741516132e+01 6.932469511539663287e+00 -1.547009241252414924e+01 1.297452196977810246e+01 6.857831852292453732e+03
-4.946868197197623118e+01 1.547938576228237473e+01 -3.240842534430372979e+01 2.638519165866603622e+00 -2.329398475912584487e+01 8.864932648834804141e+00 -1.829998974326018057e+01 8.676459545446931543e+00 9.623006739237345286e+00 -8.800848712574753208e+00 1.933911371997936612e+00 -5.060827756487503493e+00 1.445625741792482621e+01 5.183789594055921953e+03
-5.320451267231118919e+01 1.530988175861653922e+01 -3.673552921434146867e+01 -1.380677515188540649e+00 -3.248096488482401867e+01 1.382824264895972455e+01 -1.937264719308238270e+01 9.258218450810458577e+00 7.164483439881655258e+00 -9.446691097432569961e+00 1.444111020644882892e-01 -1.357208292476896894e+01 1.429270201195185486e+01 6.652838883914180769e+03
-5.684601299160787846e+01 1.436478109793801750e+01 -4.341088844093810906e+01 -1.881250195698103589e+00 -3.895192123598036460e+01 3.269547872232316799e+00 -1.230610810415441847e+01 2.165626515930029417e+00 -5.959346154078018487e-02 -1.429076425916600179e+01 6.203899583454986377e+00 -1.577723007678502753e+01 3.090903376818498582e+00 7.511125349818535142e+03
-5.655360303896922858e+01 1.621556464569362888e+01 -3.709015831675067432e+01 -7.361426649899858177e+00 -4.361722636661280461e+01 -1.894132158604940885e+00 -2.677629918532064224e+01 -2.094824553566754233e+00 -1.554986713493577710e+01 -2.191414759863105388e+01 4.220022931759547902e+00 -8.609031794038401131e+00 6.610054646494001318e+00 8.376178737567819553e+03
-5.553998688381724236e+01 1.420448594164992961e+01 -3.041057071372312848e+01 -2.252833737920354906e+01 -3.600938678850852881e+01 -1.592674846745939732e+01 -2.761414034843888032e+01 -7.123629062201356277e+00 -1.597774210577583176e+01 -2.430601166980698125e+01 3.716924942139167243e+00 3.064996439899647651e-01 5.154644343373406684e-02 7.942393028140517345e+03
-6.392975149115309819e+01 1.272100172885309277e+01 -1.944993891587296986e+01 2.103287108694362306e+00 -9.728591803336003707e+00 -6.841526058914296771e-01 -9.054590682487244635e+00 -6.266007476120877939e+00 -3.455799438626231179e+00 -2.407043453054699000e+01 1.311222271353071278e+01 1.220475681943880630e+01 -1.605723289274826326e-01 5.760163601814181675e+03
-6.526596533040603276e+01 1.393246621589523038e+01 -1.507709188861043259e+01 -1.126450032688682334e+01 -2.496637468039582330e+01 -5.555169812805515583e+00 -1.619034854700741732e+01 -1.594336821462758635e+01 -1.403840928163671187e+01 -2.418111752015947502e+01 3.539131067354019056e+00 -8.207238148958563073e+00 5.400725685544786714e+00 6.869321089589299845e+03
-5.552373829907443081e+01 1.538225340318267875e+01 -5.286481480626501650e+01 -2.288056677624494384e+01 -2.338279488006202556e+01 -2.462121643820276162e+01 -3.741341625470334975e+01 -9.541047138116427462e+00 -1.571328775927372057e+01 -1.176365488440775486e+01 2.109142565605186448e+01 1.158363114419645434e+01 2.458262739216377213e+01 1.085008821124278620e+04
-7.209390683387732679e+01 -1.676018454474241359e+00 -2.798111458372249771e+01 -1.044673777190413411e+01 -3.022710054001192148e+01 1.938750757794421187e+00 -3.441572922588994032e+01 -1.061315515705060086e+01 -1.970873705352779837e+01 -1.973437964416904933e+01 3.054602110696650996e+01 1.084236935268197399e+01 1.321612706363358392e+01 1.031009783534272174e+04
-7.675675370207787296e+01 -6.470016012093291025e+00 -1.746840302745823692e+01 -3.147802021323829802e+00 -3.684050566860544507e+01 1.457039187787866785e+00 -3.113222270946736003e+01 7.153876047213081790e+00 -2.857261281395978347e+00 -1.461340721244159369e+01 1.851737687908983077e+01 -3.077866382003160428e+00 1.801470741904563866e+01 9.526864966145752987e+03
-8.025096415919061599e+01 -1.185045532986772798e+01 -2.497459229495012423e+01 -1.230218177128935686e+01 -4.060746106595140503e+01 -2.161010129576386163e+00 -3.364821372419326906e+01 -4.196859062588241152e+00 -5.030913457123348920e+00 -2.060319252985406635e+01 1.986103669498599444e+01 6.825051525363720062e-01 1.998504759243848738e+01 1.140330660025097131e+04
-8.136865743846017551e+01 -1.518144802052379561e+01 -2.295879592971040495e+01 -1.300544721880518217e+01 -3.322074053345933464e+01 1.232103800691331053e+01 -1.943134383129578779e+01 3.826505280730279068e+00 -7.836963157518888501e+00 -1.293629032847924698e+01 9.344245378901982590e+00 2.007036727657656616e+00 1.061189904240970705e+01 9.627948708561893000e+03
-8.214757715405430361e+01 -1.688369219129168641e+01 -1.120545830265385412e+01 -4.126416214707419705e+00 -2.656407656674105766e+01 3.953053537752737601e+00 -2.583565780544784474e+01 1.287922205957974775e+01 4.082553381326420094e+00 5.297732512656001092e+00 7.002952576728890044e+00 5.363565674401083783e+00 -4.419882654230439911e+00 8.872583228157014673e+03
-8.407450629606108805e+01 -2.315981258397760811e+01 -2.214241805495201376e+01 -1.982871517127476935e+01 -4.477077119972844343e+01 -5.414882879570049212e+00 -3.297290547894942137e+01 5.423830508228308034e+00 -4.410224856833821150e+00 -3.975491412485280358e-04 1.796686297782326847e+01 1.681449650500254123e+01 6.112273647600293458e+00 1.230108292460845223e+04
-8.408019482520172971e+01 -2.329963718386812843e+01 -2.000119335010773369e+01 -4.410561104574815872e+00 -3.158259977197567636e+01 8.662596936719173968e+00 -1.686092489539570849e+01 1.286325302889771871e+00 -1.230571397435161707e+01 -4.952120341175837659e+00 2.824525081401156879e+00 -3.475680301399743932e-01 -9.872005419653325120e+00 9.671808983355980672e+03
-8.410803488277768736e+01 -2.247465284920624384e+01 -1.799736350662261231e+01 -1.145982561164270219e+00 -1.871707078548566017e+01 1.221315490616655275e+01 -7.926472271011159698e+00 1.546780152660399565e+01 3.755453415807464168e+00 9.833638595847261854e+00 3.294426835436194523e+00 6.840085233087545902e+00 2.167856081382204092e+00 8.879205152586877375e+03
-8.215897890956733818e+01 -1.437854166974360837e+01 -1.934897477803742660e+01 5.890953381389199883e+00 -8.481206600862611467e+00 8.322492680790150033e+00 -1.668384788788744189e+01 8.106532171951490895e+00 7.379161500044205013e+00 3.633514723434288385e+00 9.239763452456246640e+00 -7.192302012814212553e+00 -4.222456575729103712e+00 8.073773856867429458e+03
-6.400411694562389187e+01 9.290805454245278927e-01 -3.092528059790021544e+01 3.633167467638225645e+01 3.161885801896752213e+01 6.708707426015537933e+00 -4.648458121640388185e+01 -1.718074066314207471e+01 6.793704252715285996e+00 -3.778694892768032076e+01 -2.515141677119032249e+00 -2.631733705203530249e+01 -2.010544748755404143e+01 1.245167193242610847e+04
-6.184342079819293048e+01 -8.712883218026200582e-01 -1.981868491955906464e+01 4.045344500068458871e+01 3.211153151231212632e+01 1.765576053664939637e+00 -5.515528283810451882e+01 -2.622286152334858400e+01 3.106098218539317557e+00 -2.030699272437442815e+01 -6.319459018169854003e-01 -2.489667570472575875e+01 -1.895404424351965389e+01 1.202016213962317124e+04
-5.892880491927598285e+01 -2.423005296429453281e+00 -1.968381678460830742e+01 2.404364386679654331e+01 2.774207622598821388e+01 1.793423539528344079e+01 -3.789077740493539892e+01 -6.295913886934538795e+00 8.928691939586666848e+00 -1.425018055099811320e+01 -2.347915560937710922e+01 -2.733561324950079552e+01 -7.587810468152961008e+00 8.649504147092340645e+03
-5.961209377647940499e+01 8.786971797307421284e-01 -2.150689464496619863e+01 2.348390296605131056e+01 8.678655186069839544e+00 1.949185713135126718e+01 -5.288311080910012407e+01 -1.109741072275863161e+01 8.678509643684371611e+00 -2.018146724807621339e+01 7.161126459747451989e+00 -1.796801233046615209e+01 -2.620243258574349809e+00 8.807046556737976061e+03
-6.155640909524498738e+01 7.157530491791446181e+00 -2.035269508399967009e+01 2.985977460148478713e+01 7.951270883507765674e+00 2.563533342990043806e+01 -2.315394684408439474e+01 8.318532478140868491e+00 -2.947912508011140686e-01 -3.187529639134971404e+01 1.590485200478432404e+01 -1.541352525691633701e+01 -5.410821328531405072e+00 8.007895833156406297e+03
-6.454836217210883831e+01 7.193475569371689637e+00 -1.446148682588698975e+01 2.735235647716183038e+01 1.184538805697713038e+01 1.932777644935880446e+01 -4.598883688767472222e+01 -1.808277448858384595e+00 1.965081560910950387e+01 -1.884059726004075586e+01 -3.708580624598848408e-01 -1.542339118008368359e+01 -9.589284327470888769e+00 8.878737866575613225e+03
-6.835713503151582415e+01 7.399547643134209984e+00 -9.394020751901962285e+00 3.358733560762319570e+01 9.536494358556931061e+00 1.915381143690365207e+01 -5.165624861065418827e+01 -9.404618293425658138e+00 4.781235627708274372e+00 -2.150349743630297539e+01 -1.072658142137585635e+01 -2.371435992140834514e+01 -2.172121943932407984e+00 1.032584518245974868e+04
-7.052117746771477869e+01 8.141381076976362152e+00 -1.177154639873602138e+00 2.903133273865605801e+01 9.204202381468181926e+00 4.359660616100847541e+00 -4.399103364398968097e+01 -1.442118106081445816e+01 1.378054148876875651e+01 -1.881920479626219844e+01 -1.569888224423245404e+01 -2.499569857479745139e+01 -1.594366145891135744e+01 9.800134001888360217e+03
-7.199346115925665401e+01 9.449747874631148292e+00 1.486542852051860431e+00 2.620937048500575983e+01 -1.041212084680376515e+00 9.711197946728688635e+00 -3.742273837508964363e+01 -5.419302261333660553e+00 -9.067380734691202093e+00 -1.657402175426832613e+01 -2.996612040595067583e+00 -2.256214477276340347e+01 -4.786156289541645847e+00 8.384571711106407747e+03
-7.228381173015877437e+01 1.142727596570914450e+01 2.946260959232914534e+00 2.005677632764074048e+01 -6.291393112853176817e+00 1.605527949518391750e+01 -3.004812632874313394e+01 -6.322338127372790773e+00 -7.388133154111621970e+00 -1.924867479064070608e+01 -1.469706902557039729e+00 -1.292519064392209494e+01 -4.870564518400832266e-01 7.601256095015456594e+03
-7.247721135295130068e+01 1.093385155931463970e+01 6.649234260351022385e+00 1.886780054715361388e+01 -1.506671691453382955e+01 1.288876385799502167e+01 -1.897810063494756605e+01 -8.630422773319544660e+00 -9.255044863780797826e+00 -1.305914784252014016e+01 -1.559784706221811312e+00 -1.509263346683564855e+01 -4.974488000237984764e+00 7.111643424445904202e+03
-7.312997204314132205e+01 1.295154580058500216e+01 5.704080097198350074e+00 2.237865503673731737e+01 -1.249767768509765276e+01 9.565007585483350283e+00 -1.980237260546506306e+01 -9.786680322739423232e+00 -1.418518391475802254e+01 -2.139626223883533029e+01 2.427020371210638849e+00 -1.351989957108189877e+01 -2.817461321561782306e+00 7.640306151921363380e+03
-7.284377284287280929e+01 1.066723348139764660e+01 9.053676319283731289e+00 2.592021607799104643e+01 -1.308427090803470350e+01 8.347880168882337415e+00 -1.886740480221089555e+01 -9.086546279738088927e+00 -1.873512119654055397e+01 -2.511233138735138937e+01 -4.832753003937380498e+00 -1.148688769189061176e+01 5.526923738214336801e+00 8.020746234736413498e+03
-7.377027129816418949e+01 1.255814008282222360e+01 8.119268529834057446e+00 3.072281041347970287e+01 -9.962676742891330761e+00 9.122881106502688908e+00 -1.729736251941062264e+01 -2.182889317034458898e+01 -1.081698281521796723e+01 -2.843877765727055973e+01 3.528019414612319604e+00 -1.038273733918137864e+01 1.104849782439807582e+00 8.614994666194126694e+03
-7.456764910195921914e+01 9.848234465794313053e+00 1.364950371939233342e+01 3.242815789354623490e+01 -8.946950865612604886e+00 1.099385554077495009e+01 -2.815410282361675343e+01 -2.044519052680527693e+01 -2.033627173499070295e+01 -2.492225532141757682e+01 6.520978238949796335e+00 -1.404238648138026058e+01 9.106433311294510613e-01 9.582012306711061683e+03
-7.575045941868364707e+01 7.795576679225193040e+00 1.567822494939946942e+01 2.906771330780658857e+01 -9.003220097172231817e+00 1.652154492642561578e+01 -2.501798231948722417e+01 -1.429750267613437131e+01 -1.810708938911330534e+01 -1.279961314123511862e+01 -4.823539935542641155e-01 -2.503736311655200808e+01 -4.402301614611537239e+00 9.212158512820202304e+03
-7.829887278899208525e+01 2.702033115500031557e-01 1.109580400524794541e+01 3.368596069698357098e+01 -5.004558653157244130e+00 2.620128335057202662e+01 -1.632855253047345556e+01 -3.005896951810558271e+00 -1.801870903496595488e+01 -1.406324966613907002e+01 3.495844149625660702e+00 -2.931590773681243434e+01 -7.904004333207415911e+00 9.832422728923182149e+03
-7.899877988017621533e+01 -3.931717993606362871e+00 6.637036307781133182e+00 2.848714252444035822e+01 -9.203547508410389710e+00 2.438749416473162057e+01 -1.678811656539118502e+01 -9.983954068703889462e+00 -1.277137618252833384e+01 -3.378049973133602446e+00 4.718609528411035647e+00 -2.838621017268277669e+01 -1.625839324704944033e+01 9.439705350171578175e+03
-7.906159034862454860e+01 -5.093171706070090288e+00 2.416671656549947311e+00 3.029256274337094013e+01 -8.461232887829432059e+00 2.761898002679496500e+01 -9.631263993711609572e+00 -5.431134242381747690e-01 -3.593665599184778792e+00 -1.842725655982459187e+01 -7.593087277345285990e+00 -2.501453506028966700e+01 1.510637701821023082e+00 9.165754045658981340e+03
-6.024200425709576479e+01 -1.916486436363723556e+01 -2.864470460839887522e+01 1.023213562499475238e+01 -2.335419387897883681e+01 4.150843907924889464e+01 -4.581264530123713286e+01 2.501519965880575569e+01 -3.776820813746456906e+01 -1.337062862037896238e+01 -2.256301775148356370e+01 -1.876983652206692099e+01 -2.175493006894119574e+01 1.285441914558114513e+04
-6.030706063645325798e+01 -1.046776048174952578e+01 -3.751964572720248725e+01 2.064034683571204898e+00 -2.559119656181860236e+01 2.869591983510200706e+01 -3.250169533005855271e+01 1.646818924388572114e+01 -3.181506999708772554e+01 -4.678963835519161840e+00 -1.402982907378799382e+01 -1.341736586110501150e+01 -1.183488803294956071e+01 9.515444006467107101e+03
-6.801265811466606692e+01 -3.276170084805961835e+00 -1.330685792651103405e+01 1.643298300987685678e+01 -6.802548010999421635e+00 2.592005546118515724e+01 -2.350285127341530966e+01 2.175562226835352320e+01 -1.532604569099932412e+01 -7.260295028787165705e+00 -1.622330844904190172e+01 7.802179794122727774e-01 -8.506729992779968441e+00 7.451153898268552439e+03
-6.420064652074263734e+01 1.605811219989552185e+01 -8.787541284516660056e+00 1.206628796721775210e+01 -1.572460506098849287e+01 1.660617575465951901e-01 -2.601269403673639857e+01 -1.308784051331691956e+00 -1.747039888469114288e+01 -2.230369648879962696e+01 -1.247056505372623247e+00 -1.275617084616479602e+01 9.856358430390148584e-01 6.495982352667882878e+03
-6.250515549652878633e+01 2.344772956676673914e+01 -2.890425183466434067e+00 1.439394415672276395e+01 -3.944587096244131175e+01 -1.817544196707202175e+01 -3.617259075968672732e+01 1.763812944311981878e+00 -7.801645637431346536e+00 -1.338742103996652411e+01 -8.514033119534840210e+00 -2.157981496057597681e+01 1.358476831681295849e+01 8.832933277331922000e+03
-5.806989301798770242e+01 2.473272321139973329e+01 -1.029857371306834501e+01 5.757021917795962729e+00 -3.624387600132116205e+01 -2.016320606472222821e+01 -3.716199656024078024e+01 4.255248305452536961e+00 4.837882320231075894e+00 -1.315741054993649684e+01 -3.050299576825494796e-01 -5.941025420858475847e+00 5.845603840948403906e+00 7.508401015665399427e+03
-5.535827122124868538e+01 2.673453735500185502e+01 -2.354790454447597980e+01 6.460640437837760430e+00 -4.240534302207330342e+01 -1.118072509988869712e+01 -3.594792738996433457e+01 -5.228085894744657125e+00 1.239079975553099544e+01 -1.746115155561478449e+00 -1.202796060140602780e-01 -9.352572451877865234e+00 1.774124988588298990e+01 8.177143322712795452e+03
-5.193937089149365960e+01 2.718325357150208177e+01 -2.144999063575008336e+01 3.245127782656866522e+00 -3.480857099246323116e+01 1.311986103713531415e+00 -1.401190847930199368e+01 -7.356565243687955835e+00 1.547466249554964968e+01 1.951875465390328301e+01 -5.923921757522338183e+00 -6.909158928524723464e+00 1.823518243352994972e+01 6.406869196490340983e+03
-4.950614061431876678e+01 2.660817501404746466e+01 -2.815593312996020359e+01 7.586849124868434435e-01 -3.924877462688446883e+01 1.135697069792837333e+01 -1.051739808904184414e+01 -1.436355155762130487e+01 7.219210614020996175e+00 1.897350819955156354e+01 -3.213966721329430065e+00 -7.638942473253158560e+00 2.116130205626775052e+01 6.867154222575637505e+03
-4.994870514222301949e+01 2.552687589844806837e+01 -4.065267104600214765e+01 -2.862875618505976050e+00 -4.891493232699029647e+01 5.628251697035929979e+00 -2.092286815266195532e+01 -1.338057582464839967e+01 1.638765307588709197e+00 1.488639443473108237e+01 -4.018874027454105935e+00 -1.891772454372883772e+01 2.435121844908837829e+01 9.039788082668987045e+03
-4.669719187517288361e+01 1.650063005268708949e+01 -2.558988682959483540e+01 -1.864677207151158811e+01 -2.545231005456125217e+01 -2.500977174487310606e+00 -1.282273287938527240e+01 -1.014937939824893931e+01 -2.097485103547137852e-01 1.069143057229324079e+01 1.616482100876125205e+00 -7.940428902046585691e-01 1.197490727456578696e+01 4.637942897255371463e+03
-4.822605895756993988e+01 1.989946472814407841e+01 -3.024735781589838268e+01 -1.389297746375587117e+01 -3.464409769069893485e+01 1.492497329123233740e+00 -5.986192822670677316e+00 -7.108427053373283400e+00 -4.253749282130537601e+00 2.026019008330440840e+01 2.394844867587415660e+00 -1.123668630647600963e+01 2.102869132063659663e+01 6.121238174375958806e+03
-4.792234151060296909e+01 1.938659922638351674e+01 -2.928176255450394194e+01 -1.013219034514192352e+01 -3.200788948140846202e+01 5.402681705844925908e+00 -1.980711311556233367e+00 -9.142241172148883877e+00 3.592818396569775530e+00 2.960764157503470884e+01 4.910199363856319721e+00 -8.083487521127379338e+00 2.764017155483740851e+01 6.516624390074335679e+03
-4.780856007763860305e+01 1.948741933606129706e+01 -2.720211248042900110e+01 -1.032814066109835949e+01 -3.709371118653400146e+01 -2.720453584863315455e-01 -2.322074821250205812e+00 -2.718251070075466558e+01 -5.725087798326636168e+00 1.342568006586706453e+01 8.878328770613100329e-02 -1.718217207149967152e+01 1.715209608925736262e+01 6.434796515080704012e+03
-4.980507936719030226e+01 1.958227881104504320e+01 -3.273390498810258009e+01 -8.994147319963976983e+00 -4.497913963280267069e+01 1.134631575724756836e+01 -2.342875759765447086e+01 -1.920904194224079120e+01 -8.748371077486410741e+00 7.840908732822336802e+00 4.044392397907898840e+00 -2.063212956043766866e+01 1.810455729813899950e+01 7.994001375562103931e+03
-4.984239134878374955e+01 2.199557562602210581e+01 -3.616509873537808062e+01 -1.661660831413889650e+00 -4.845782433298820280e+01 1.264684591775917433e+01 -3.461818744405436377e+01 -1.277042298199748593e+01 -1.272946173202648978e+01 -8.429646744074738018e-01 -2.066284987946492499e-02 -2.653400573579826371e+01 2.017233565895685388e+01 9.422077660256558374e+03
-5.011417380978682701e+01 2.310671058949207435e+01 -3.315769000064940286e+01 3.511167968287849828e+00 -3.289849177001906355e+01 2.198894095296770956e+01 -3.377060595847733993e+01 -4.701130705722019520e+00 -3.257954385284302035e+00 1.065132069536873516e+01 9.326082514473558405e+00 -1.140676750001621897e+01 2.439008773213510395e+01 7.821521378054531851e+03
-5.101957928786880103e+01 1.287457533848320246e+01 -2.167714365718667580e+01 -1.899659135863474901e+01 -1.372080396376103018e+01 -5.660415427507963226e-01 -2.678397879451534536e+01 -3.203156167613521887e+01 -2.028636050110391054e+01 -5.972953623105115462e+00 -8.290995401550393495e+00 -1.314925116158003782e+01 3.683020457040129703e+00 6.233925177066191281e+03
-5.517659506530065983e+01 2.674060037945493562e+01 -2.636194597129976458e+01 -4.906321060450088645e+00 -2.095026297626956691e+01 2.722777739156896715e+01 -3.164495465840693811e+01 -2.267627561645499057e+01 -4.910830526225741011e+00 -2.416483692037469488e+00 -3.393064526993014862e+00 -7.340289778875010995e+00 2.499600190293266522e+01 7.894571046966359972e+03
-5.599173375439800537e+01 1.908960263844512895e+01 -1.771472160253798833e+01 -1.248518362039715157e+01 -9.556057810902869321e+00 8.297097472515844174e+00 -2.716832454726892720e+01 -3.129949964935466866e+01 -1.609674354083112036e+01 -1.028282474609550157e+01 -1.411789917808850880e+01 -2.145874411319637076e+00 1.692940715115454609e+01 6.702481271626612397e+03
-5.685319849750781884e+01 1.302283172636148123e+01 -8.831662935177236662e+00 -2.108743444049017146e+00 -7.968365358832812717e+00 -5.394941096586585161e-01 -1.875562297310890969e+01 -2.206746519106206961e+01 -1.587654699770892996e+01 -1.386055219177131370e+01 -9.228606465190210884e+00 6.132787052035954645e+00 2.025876236249651186e+01 5.364233066544257781e+03
-6.386542051020828126e+01 1.589255767013611909e+01 -1.968415330462729784e+01 3.658602200985264563e+00 -2.050479623921567907e+01 8.721752981868474919e+00 -4.433883662242455870e+01 -3.679136789030990684e+01 -2.467289746356019720e+01 -2.217749790509972030e+01 -1.208444475761915626e+01 -1.405746286844841464e+01 1.179107105152005452e+01 1.013153812230593576e+04
-6.712515757036295838e+01 1.373588739648621804e+01 -9.215989665715744295e+00 1.491151561410104165e+01 -7.131320749596420150e+00 1.687512996417992284e+01 -2.587820876282808413e+01 -2.114844073512723455e+01 -6.856175519098760773e+00 -1.273893489373032750e+01 -6.230871384440862748e+00 -5.610556963465580971e+00 1.651978755414874200e+01 7.006806219543784209e+03
-6.672905649791748317e+01 9.141964635689802776e+00 -3.159802739440566555e+01 1.876354065013426364e+01 1.743746221490444981e+01 1.163745436780016851e+00 -3.032707042131626451e+01 -1.325457661864535730e+01 1.826886301461209072e+01 -2.273295181053658709e+01 -2.829486445703508934e+01 -9.932415177669209783e+00 4.547532949681299952e-01 9.037680165395888253e+03
-6.913612664565098953e+01 1.073506615519234542e+00 -2.724262353165051209e+01 2.004154877725360251e+01 2.731206331537796128e+00 1.535797501268925380e+01 -3.658045537838986405e+01 -7.762283324729936318e+00 -9.441268038350804304e+00 -7.749774407620495076e+00 -7.707850300326741788e+00 -3.759667672633814561e+01 -3.727294684828474924e+00 9.202500609240471022e+03
-6.532508282894127660e+01 -8.935738400233992351e+00 -3.333252242513096775e+01 1.980368926503745897e+01 -1.029655601078739480e+01 2.121232200495602882e+01 -1.391367525380728054e+01 -9.945480169518329916e+00 -1.499163586709400242e+01 -7.883997091685143843e+00 8.508766576302221551e+00 -2.848962662084054642e+01 7.459825464500086101e-01 7.870462612207140410e+03
-5.319491624242847649e+01 -1.750143615001245934e+01 -2.078795730784817763e+01 1.740397532895206822e+01 -1.373980443365229220e+01 1.683738662539239783e+01 -3.755627506052146902e+00 -1.253686420751025032e+01 -1.112251148938066336e+01 7.616121566467409565e+00 1.223938917982628993e+01 -1.750203026195482181e+01 3.070828488196637007e+00 5.161863691941521211e+03
-5.510758565859379132e+01 -1.410749978581962694e+01 -4.057840981288800464e+01 1.851485945932599364e+01 -3.960172023187936219e+01 2.256865692602224982e+01 1.575240233157545022e+00 -1.905536714798303422e+01 -2.679506812718119946e+01 5.182328085973734844e+00 3.109982221622116327e+01 -2.939039361167160891e+01 2.545037728613043893e+00 1.025080742667312916e+04
-7.041981301531410509e+01 -1.683548488698402323e+01 -3.626578672908863865e+01 2.459986003553992973e+01 -3.975881534541218087e+01 2.319859441127321986e+01 -6.730158973791488641e+00 -1.692360552153547104e+01 -1.132569087226209703e+01 -1.157260920501825119e+01 3.111250952077044474e+01 -2.578378186535189798e+01 -1.409142063603367356e+00 1.151035955619156812e+04
-7.614401031532433706e+01 -1.581879743594652865e+01 -2.517574875334222995e+01 1.297653743008996763e+01 -3.914111910987045917e+01 3.562931848163138238e+00 -2.534726836987376331e+01 -1.241872463568917162e+01 -9.887099795072602504e+00 -2.025196852940847947e+00 2.650870032764143858e+01 -8.450949183805633425e+00 5.012639229603687241e+00 1.009289638396987539e+04
-8.196173953986068739e+01 -2.010472045437484923e+01 -1.874075843673164599e+01 6.826117514313327916e+00 -3.807701037614964434e+01 8.993940513134425885e+00 -2.310740354716067557e+01 -1.372552368715898297e+01 -8.878544577728268550e+00 -1.683661070144523464e+01 1.535757485883036644e+01 -9.544901572033952064e+00 1.707208178324804315e+00 1.046500504942823136e+04
-8.455199026522187467e+01 -2.102022473970689020e+01 -1.498417129324147012e+01 5.442953124092958284e+00 -3.704386428626524008e+01 6.931598460404410078e-01 -2.896231821789055871e+01 -8.998114617854707120e+00 -1.002262865653696622e+01 -1.503338035157570829e+01 1.683536788409728047e+01 -2.759600460109202569e+00 8.757069213414265363e+00 1.083173720671887713e+04
-8.552152370718388852e+01 -2.603982965832949859e+01 -1.400727662193496847e+01 2.786726275832067223e+00 -3.176104332145889231e+01 -1.478894754430847502e+00 -3.465503784520858233e+01 -7.736040204047929691e+00 -1.311806638044193996e+01 5.317522457116853118e+00 1.144516398962842274e+01 8.112853036394295003e+00 2.861822868253448338e+00 1.087310226009930739e+04
-8.615775195607643866e+01 -2.917557042822719637e+01 -1.872874503985642747e+01 1.995985049918696033e-02 -3.621645591238549144e+01 -2.727650827736468830e+00 -2.752391422181431935e+01 -3.956129775193112152e+00 -9.133524022494151851e+00 5.082281922868941315e+00 8.361759300329371314e+00 3.709004310310251906e+00 7.270490582215508368e+00 1.096321361137021995e+04
-8.645452846132968716e+01 -2.636048124635496137e+01 -1.728543405879613815e+01 7.421029017909303249e+00 -2.333102058913249266e+01 7.984335389159669560e+00 -1.803875984898410323e+01 5.791449146631921785e+00 -3.315945703681430157e+00 -1.987187491557844909e+00 1.392471331193941841e+00 -6.589448980807622647e+00 -6.960297555300107852e+00 9.598892205113939781e+03
-8.763551776806332327e+01 -3.068934630883942916e+01 -2.051821915892496051e+01 3.384834531126103663e+00 -1.776151968410476911e+01 6.971230928232539092e+00 -2.125402893738064236e+01 5.017202497657531346e+00 -5.031041272013766275e+00 1.451557390679135828e+01 2.640296244399677583e+00 3.602488888182555193e+00 -8.482074571995442014e+00 1.022315802433108729e+04
-8.830171161657074208e+01 -3.479238751351330450e+01 -2.635355870806487033e+01 -8.309646683902018438e+00 -2.769333765228641653e+01 -1.789313472139442140e+00 -3.028135925405445050e+01 -4.665866597463038445e+00 -2.544006362531430909e+01 -1.020032569632267538e+01 -1.497350264514016871e+01 -1.932782148348880824e+01 -2.042330337346240654e+01 1.324624167731797206e+04
-8.798216848978424309e+01 -3.331872560723442689e+01 -2.585708990555733067e+01 -3.009531143462493397e+00 -2.028260451182226021e+01 2.565017623173002193e+00 -1.625793797234873495e+01 1.719217730500370678e+01 4.172146047709268224e+00 1.595343566286341819e+01 9.427894267067980394e+00 1.170225985614209918e+01 -3.362799691539752445e+00 1.101555610304175752e+04
-8.480142877274866464e+01 -2.959094344037831448e+01 -3.126291892319907362e+01 -6.071251163515974936e-01 -2.578420158827552555e+01 1.997398544064123271e+01 4.106875515838378732e+00 1.788694137776014514e+01 -1.959952658481353138e+00 -2.902115212233567387e+00 1.615979673427937868e+01 1.550122167424312636e+00 1.262599058797928109e+00 1.072263895311746637e+04
-5.806541925323124786e+01 -5.449312437685263077e+00 -3.781938447249748947e+01 1.269520924795110695e+01 -3.826986735753049373e+01 2.324809455187002527e+01 -2.762201174962372008e+01 6.001269638088797542e+00 -8.220559533086412074e+00 -8.317588581238869239e+00 1.791058771138856898e+01 3.651223170679462005e+00 3.217081813598695561e+01 9.302651518237911660e+03
-5.700931861338856521e+01 2.928274923091543247e+00 -1.476069660710653864e+01 1.435239194819973818e+01 -3.055305917485643974e+01 1.915632586505573087e+01 -2.693255064442762148e+01 -2.860827137645840068e+00 -3.344479652105637513e+01 -1.558565003798478976e+01 4.024818168986862510e+00 3.144330905067027615e+00 -5.584106563109315635e-01 7.104372085502934169e+03
-5.465422320788918853e+01 1.086279476865746396e+01 -1.160142208319940949e+01 1.446386620349930396e+01 -3.420731860805604896e+01 2.528736278374353930e+01 -2.808561569323201823e+01 3.522627019978084473e+00 -3.127460965556660000e+01 -1.578383626308123056e+01 -5.198264927797630719e+00 9.792939155502843107e+00 3.908537606451104818e+00 7.425113895520348706e+03
-5.791346736688554842e+01 7.514241137763442602e+00 -1.556972791161181568e+01 2.983509471743493791e+00 -2.381351866139442564e+01 1.589503157508861086e+01 -2.621109815807060173e+01 -1.017587328334686170e+01 -3.357176192198635079e+01 -1.911647744326625897e+01 -1.348236949466836698e+01 -1.086457514879811725e+01 3.450779629132715520e+00 7.076281110670693124e+03
-7.256481961899419275e+01 -9.046950191320870971e+00 -1.730656417011868697e+01 1.163210308768212897e+01 -7.671575843151666518e+00 2.378234245986683248e+01 -2.079539262114722220e+01 1.607673752694050151e+01 -1.240894537667378117e+01 -4.587812080039046947e+00 -2.159169858109234497e+01 -4.282227809224655068e+00 1.058018845583618694e-01 7.757266134000363309e+03
-7.243338839025318521e+01 -2.685231486643090193e+00 -2.115847980953604690e+01 9.319940346885141835e+00 -3.920226054419063910e+00 2.690512176245465525e+01 -6.061337464979050793e+00 1.078610242928226981e+01 -1.884562494514561592e+01 -1.730343014041008587e+01 -3.357850750968796483e+00 8.206992409885886630e+00 7.714691449891772024e+00 7.473394969045637481e+03
-6.397437838962521539e+01 1.210623052284354451e+01 -2.424779919764995384e+01 7.330082378980903535e+00 -2.471727064855414113e+01 1.901014176734462069e+01 -2.929760860355796126e+01 -2.939020823453278553e+01 -4.062339963043374524e+01 -5.752519632860108345e+01 -3.740406204854896721e+00 -8.864862129185334894e+00 2.292656678384258129e+00 1.263267245367800933e+04
-5.525373320422720980e+01 1.647597983231898056e+01 -3.304611235514013856e+01 1.615363755101492416e+01 -2.110151794820632887e+01 2.852153754491792270e+01 -4.217798308379196470e+01 -1.633540317334939829e+01 -2.132342412533716924e+01 -3.604220323353924016e+01 1.289469371057326974e+01 -1.821693932786233816e+00 1.325047025876549256e+01 1.008089379696359356e+04
-5.195139751568321174e+01 1.463301659901558338e+01 -3.583427862148644039e+01 1.581897602552049165e+01 -2.402805599268311454e+01 3.090266221535501856e+01 -4.465209815780972491e+01 -1.958266062379197336e+01 -1.883985894783124593e+01 -2.426621633422372426e+01 1.486674276391700644e+01 2.978441645273183447e+00 1.099271329585779711e+01 9.651541320224274386e+03
-4.961613628020649713e+01 5.709762441996597992e+00 -3.273441823622510327e+01 3.616962958885160173e+00 -1.831437970190529896e+01 1.846269070619873176e+01 -4.935761073131439503e+01 -2.208916604283212592e+01 -3.063745361187670113e+01 -2.131665210059658122e+01 2.044359367629344248e+01 -1.204676232430899852e+01 1.201448482324642963e+00 9.136941074333421057e+03
-4.821134692684192657e+01 9.572942053273195029e+00 -2.883769368090926477e+01 1.098462704662159339e+01 -1.946362123429435798e+01 2.502717458621802749e+01 -3.744754759405368816e+01 3.847068740364327777e+00 -1.974391042771365079e+01 1.940516906054859048e+00 2.560744070194209598e+01 -1.442853957463695380e+00 3.414308415920127349e+00 6.853628531911415848e+03
-4.870082687652378439e+01 4.378995759015857026e+00 -2.768612171065068850e+01 9.917486271168643341e+00 -9.900217360562626467e+00 1.300616442460898803e+01 -5.798240535047374067e+01 -2.004959106349728870e+01 -3.083777612045694738e+01 -1.662632683560802960e+01 1.572542471157514044e+01 -5.217607506442186960e+00 -1.174060059694829405e+01 8.926701353424516128e+03
-4.982921669528440844e+01 7.312464875087997918e+00 -2.920124288904545651e+01 1.948992556839702672e+01 -5.696314458032266437e+00 1.921294462028687633e+01 -5.561514538109453554e+01 -1.616895462362123936e+01 -2.964230701745985286e+01 -1.106516080667825719e+01 1.426582100009605192e+01 4.848411004484560749e+00 -5.430373480418201559e+00 8.782671335916707903e+03
-5.005506522675687364e+01 6.956541807550871148e+00 -3.661717721675527315e+01 1.930411990410910050e+01 -1.635393675302623251e+01 1.684106465551109721e+01 -6.144231789665279564e+01 -1.332202419913149427e+01 -3.505299335277877049e+01 -2.232294226293101591e+00 -5.140176573261360460e+00 2.133167605565251534e-01 -1.631527668936645270e+01 1.029742785789716072e+04
-5.090304428438550843e+01 1.029415132943769962e+01 -2.972059600308909921e+01 1.900623779616247333e+01 -8.369168798442363055e+00 1.984582373373013198e+01 -4.829181965370996465e+01 -8.137737950689581723e+00 -1.388805843959205610e+01 3.587869771488905624e+00 4.269460336219902175e+00 3.726112384212140416e+00 -1.514839252633943012e+01 7.271199679335313704e+03
-5.252917332051156762e+01 6.030044016109258997e+00 -2.903553051852266620e+01 1.920841466140704767e+01 6.598000335910834124e-01 1.422877802381862544e+01 -5.146509630908263944e+01 -3.052956710800169304e+01 -2.638483934958301802e+01 -1.287555691483841436e+01 6.236901722947319371e+00 -1.833911449261721671e+01 -8.838667885583781469e+00 9.106588599746963155e+03
-5.385032092958365979e+01 1.247075872624148296e+01 -3.701716983157767515e+01 2.881461604358168671e+01 -9.389763578192393823e+00 2.544474270613670441e+01 -5.441531754191188242e+01 -3.144478971940997525e+01 -1.370023949982070732e+01 -2.220605573628063567e+01 2.261980339904584625e+01 -2.122380971990384069e+01 -1.660434314577802217e+00 1.158700214329349183e+04
-5.563425125058052600e+01 1.395943533324060049e+01 -3.010793673625378730e+01 2.643316481812138008e+01 -4.550040404718144416e+00 1.845129945223882828e+01 -3.392623407768805777e+01 -2.779769364636486273e+01 -1.334398771012828355e+01 -1.491618556710776033e+01 1.120238943899905948e+01 -4.234353444781779885e+00 -3.942900557622095459e-01 7.724223596530722716e+03
-5.831850782253285814e+01 9.986155469536940998e+00 -2.092062886603066474e+01 1.660157393511076052e+01 2.965118506160061784e+00 8.512519298942176960e+00 -3.009681197140784903e+01 -4.082650557457491658e+01 -9.084463972683524347e+00 -2.277341975668697671e+01 -4.172817738189599224e-01 5.908951758924317899e-01 -2.323703157813436615e+00 7.475012196463776490e+03
-6.446057823919697682e+01 1.303334311194484485e+01 -1.849811524574117882e+01 1.633717448791799143e+01 9.372907252277912216e-01 2.785806998583921867e+01 -2.475634763647605752e+01 -1.905898428475726902e+01 -1.452451339656712115e+01 -2.838609409940055173e+01 -1.330012469302816847e+01 -1.719796262004335219e+01 3.711177406174849924e+00 8.190357825500596846e+03
-6.891046270991994049e+01 1.558698033960017382e+00 -1.306093042251295344e+01 1.813879118493182574e+01 -2.279796613304868558e+01 8.639922171048908695e+00 -3.885855774574841348e+01 -1.868014763275714785e+01 -3.335107910962437217e+01 -3.105719879615334378e+01 -1.679850528823472189e+01 -2.267158473133206087e+01 2.814908306825288697e+00 1.058497431796017190e+04
-5.671383332683707579e+01 -1.624277392766608230e+01 -7.758133195376903046e+00 2.029161372047646594e+01 -2.063611590286161146e+01 -2.516275611794663192e+00 -1.750920029001478539e+01 -3.998849116928376191e+00 -4.833211934282052979e+00 -1.425980618829011615e+00 -1.082857532695843794e+01 -1.229416347132214682e+01 5.198260041709608537e+00 5.027788389973828089e+03
-6.002724916215152717e+01 -1.521466904550019983e+01 -1.507144193114808139e+01 3.060390821025775310e+01 -4.007029659319110237e+01 1.553119629288127790e+01 -2.806291808615427996e+01 1.696493442311163236e+01 -7.964466151578638353e+00 1.125382344015139680e+01 6.493165850006491269e+00 -8.942112682861269590e-02 4.399729809618920129e+00 8.172295539002973783e+03
-7.071887308651486137e+01 -1.071649881535009818e+01 -4.953741984645673391e+00 3.108660862303168670e+01 -1.336061643453503933e+01 2.131123470145952226e+01 -2.084056996323845823e+01 6.733045783857513733e+00 -2.306276772423007060e+01 6.129356641651013682e+00 -1.276345462319934931e+01 1.237781290673364287e-01 8.270152107831263422e+00 8.020033989522315096e+03
-7.716311339094335153e+01 -1.310972136557932899e+01 -7.296469600853074056e+00 2.804076588697442318e+01 -9.958917517636864503e+00 3.058382864118145150e+01 -1.560139504033846869e+01 1.091573364442198990e+00 -2.612177188812552586e+01 -3.408596994977967753e+00 1.105518831943588154e+01 -5.311651877832627378e+00 1.122135815715670049e+01 9.214994768111993835e+03
