-1.837872919722830716e+02 0.000000000000000000e+00 0.000000000000000000e+00 0.000000000000000000e+00 2.658533217257963476e-14 0.000000000000000000e+00 6.864338900890931966e-14 0.000000000000000000e+00 7.681979238110637171e-14 0.000000000000000000e+00 6.748200841563957577e-14 0.000000000000000000e+00 3.507168814121481235e-14 3.377776869050522509e+04
-1.837872919722830716e+02 0.000000000000000000e+00 0.000000000000000000e+00 0.000000000000000000e+00 2.658533217257963476e-14 0.000000000000000000e+00 6.864338900890931966e-14 0.000000000000000000e+00 7.681979238110637171e-14 0.000000000000000000e+00 6.748200841563957577e-14 0.000000000000000000e+00 3.507168814121481235e-14 3.377776869050522509e+04
-1.837872919722830716e+02 0.000000000000000000e+00 0.000000000000000000e+00 0.000000000000000000e+00 2.658533217257963476e-14 0.000000000000000000e+00 6.864338900890931966e-14 0.000000000000000000e+00 7.681979238110637171e-14 0.000000000000000000e+00 6.748200841563957577e-14 0.000000000000000000e+00 3.507168814121481235e-14 3.377776869050522509e+04
-1.837872919722830716e+02 0.000000000000000000e+00 0.000000000000000000e+00 0.000000000000000000e+00 2.658533217257963476e-14 0.000000000000000000e+00 6.864338900890931966e-14 0.000000000000000000e+00 7.681979238110637171e-14 0.000000000000000000e+00 6.748200841563957577e-14 0.000000000000000000e+00 3.507168814121481235e-14 3.377776869050522509e+04
-1.837872919722830716e+02 0.000000000000000000e+00 0.000000000000000000e+00 0.000000000000000000e+00 2.658533217257963476e-14 0.000000000000000000e+00 6.864338900890931966e-14 0.000000000000000000e+00 7.681979238110637171e-14 0.000000000000000000e+00 6.748200841563957577e-14 0.000000000000000000e+00 3.507168814121481235e-14 3.377776869050522509e+04
-1.837872919722830716e+02 0.000000000000000000e+00 0.000000000000000000e+00 0.000000000000000000e+00 2.658533217257963476e-14 0.000000000000000000e+00 6.864338900890931966e-14 0.000000000000000000e+00 7.681979238110637171e-14 0.000000000000000000e+00 6.748200841563957577e-14 0.000000000000000000e+00 3.507168814121481235e-14 3.377776869050522509e+04
-1.837872919722830716e+02 0.000000000000000000e+00 0.000000000000000000e+00 0.000000000000000000e+00 2.658533217257963476e-14 0.000000000000000000e+00 6.864338900890931966e-14 0.000000000000000000e+00 7.681979238110637171e-14 0.000000000000000000e+00 6.748200841563957577e-14 0.000000000000000000e+00 3.507168814121481235e-14 3.377776869050522509e+04
-1.837872919722830716e+02 0.000000000000000000e+00 0.000000000000000000e+00 0.000000000000000000e+00 2.658533217257963476e-14 0.000000000000000000e+00 6.864338900890931966e-14 0.000000000000000000e+00 7.681979238110637171e-14 0.000000000000000000e+00 6.748200841563957577e-14 0.000000000000000000e+00 3.507168814121481235e-14 3.377776869050522509e+04
-1.837872919722830716e+02 0.000000000000000000e+00 0.000000000000000000e+00 0.000000000000000000e+00 2.658533217257963476e-14 0.000000000000000000e+00 6.864338900890931966e-14 0.000000000000000000e+00 7.681979238110637171e-14 0.000000000000000000e+00 6.748200841563957577e-14 0.000000000000000000e+00 3.507168814121481235e-14 3.377776869050522509e+04
-1.837872919722830716e+02 0.000000000000000000e+00 0.000000000000000000e+00 0.000000000000000000e+00 2.658533217257963476e-14 0.000000000000000000e+00 6.864338900890931966e-14 0.000000000000000000e+00 7.681979238110637171e-14 0.000000000000000000e+00 6.748200841563957577e-14 0.000000000000000000e+00 3.507168814121481235e-14 3.377776869050522509e+04
-8.428873448381692413e+01 -1.675111299634480844e+01 -2.616477406662559013e-01 3.442163919992188426e+01 1.588884581471871282e+00 -2.360080031844153936e+00 5.338656777504413142e+00 3.888326889262835806e+01 -1.514673267383029120e+01 1.560233186018021101e+01 -1.284368772575986384e+01 -1.850948208782031301e+01 -7.554469481658427021e+00 1.115610016105703471e+04
-5.463086606123527389e+01 -1.873615711429825481e+01 -2.125448667001633751e+01 1.721399334112066271e+01 -1.679815435051074246e+01 1.935633553217265401e+01 -1.072549014441325355e+01 1.729667499320521884e+01 -2.154099794209404095e+01 8.688347479970298437e+00 -2.097693998790414227e+01 -9.852104982793923327e+00 -7.700261422678225998e+00 6.290598683942172102e+03
-5.101829552125205680e+01 -2.101298131118118206e+01 -2.544150709061295146e+01 2.176871751928369747e+01 -2.481817869395477061e+01 1.080855097169159862e+01 -2.256117842376142946e+01 1.973149628831104607e+01 -3.260875231246311756e+01 8.009893512661522053e+00 -1.739730380832347834e+01 -3.492975228624288331e+00 -5.473791653015565473e+00 7.268983264658350890e+03
-4.953762294939046029e+01 -1.912347281271449617e+01 -1.446664900355066230e+01 2.483657860460193234e+01 -1.632383511439181589e+01 4.969771671763517418e+00 -1.460420376946224863e+01 1.933996199439476626e+01 -3.576160164498880789e+01 1.671603665456086674e+01 -3.460290052087488188e+00 1.641368814199770210e+00 9.318799344846964150e-01 6.098160123757621477e+03
-5.041611888998992441e+01 -1.941402549650935327e+01 -1.893674086700423231e+01 2.903862842613084183e+01 -2.333426389436221982e+01 9.070955273082923043e+00 -1.945446348518390423e+01 2.826809975331031666e+01 -3.467864870323786164e+01 1.150830001840364147e+01 -2.048721599690255957e+01 -2.986677567593347238e+00 -6.121858236107488693e+00 7.726036295316814176e+03
-5.106909030802052030e+01 -2.165015743260641656e+01 -2.090789815697585041e+01 2.241733412832027028e+01 -1.893649127891328376e+01 7.981361184280519439e+00 -1.187479225379917658e+01 2.772319492259420670e+01 -2.854766234829556737e+01 1.690052045086061128e+01 -1.714898112304971178e+01 -9.410585963398458986e-01 -6.944024063196795993e+00 6.792126664698933382e+03
-5.324018877080447254e+01 -2.239930434269357917e+01 -2.997735149633105678e+01 2.682964360898155576e+01 -2.189838475810396901e+01 7.370396143569969638e+00 -3.243684505056966572e+01 1.503697373035278240e+01 -5.058764706086301288e+01 1.354001918484823364e+01 -2.296854038643350293e+01 -1.878661545408161437e+00 -1.795942861425381665e+01 1.036290585195255153e+04
-5.168180381291534786e+01 -1.700919129333492918e+01 -2.654777453268169296e+01 1.971388961651848604e+01 -1.642632819929269061e+01 1.577775182349637184e+01 -3.383761186132929311e+01 1.802271438414520688e+01 -4.026638368685239300e+01 9.760114547066949697e+00 -3.414920408434460342e+01 -8.125735218705244733e+00 -1.533124071960650170e+01 9.226191276855404794e+03
-5.145214719812098281e+01 -1.694540636493785968e+01 -2.680264398287107142e+01 1.960184181504744316e+01 -2.113990072486348737e+01 1.876211846931600036e+01 -2.618453290219605734e+01 2.965786399073532920e+01 -2.608802593727913433e+01 2.084402395453955492e+01 -2.688617940449227817e+01 -2.422499022986494221e+00 -1.040915842979476835e+01 8.353359482722587927e+03
-5.153353824039579223e+01 -1.619388174331553287e+01 -2.486933406936723756e+01 1.451220895995830062e+01 -2.684757954844084082e+01 1.854929849311876211e+01 -1.898506048191234186e+01 2.910874333509953615e+01 -1.512599412738388516e+01 2.102864123853820644e+01 -1.922719550670018762e+01 -5.769162662439152989e+00 -1.062960500629721494e+01 7.206612055838609194e+03
-5.099517510883925553e+01 -1.775512390208120195e+01 -2.393178488109401769e+01 8.450006132068731191e+00 -2.481070108539168828e+01 1.612167510415949678e+01 -2.241689347199788429e+01 2.160118567712087767e+01 -2.333175851010328827e+01 9.610521088303157100e+00 -2.044826147261067817e+01 -6.870734346495265932e+00 -3.996913824564214401e+00 6.522539651087331549e+03
-5.151542983816163002e+01 -1.769162055766492614e+01 -2.347912780248728026e+01 9.138617672337987941e+00 -2.310633248606892565e+01 1.765259167844504873e+01 -1.959042980290154645e+01 2.017717790200243044e+01 -2.772883762181675849e+01 1.219847794397060881e+01 -1.754690661852487921e+01 -1.648762525021405878e+01 -1.544948552382616569e+01 6.974150387796046743e+03
-5.201235541755886516e+01 -1.943002330290526913e+01 -2.265256781468742275e+01 1.403898739953793040e+01 -2.596227032606047302e+01 1.114954056049328202e+01 -1.452949457137733802e+01 2.031174451556991301e+01 -2.999185902483204558e+01 1.554281191366834669e+01 -2.112518120044404668e+01 -2.656540127260366546e+01 -2.291188423592769396e+01 8.033106705111967131e+03
-4.640548502706234046e+01 -6.489955653141056047e+00 -9.608304849926234681e+00 2.008197555381987698e+01 -1.391834738898166535e+01 1.370224345234931462e+01 -1.172439344538763883e+01 2.179259678337692563e+01 -1.805676554685927115e+01 1.803501867625559640e+01 -1.778434163113012190e+01 -1.534345312102129988e+01 -1.169055871191199891e+01 5.024726579696421140e+03
-4.571022764374272640e+01 2.104948838852791770e-01 -1.493706295690880914e+01 2.512265258874261420e+01 -2.413692377946825118e+01 2.632404427561890969e+01 -1.781539055470957678e+01 3.059596424968279393e+01 -2.177090392910560723e+01 3.008459922637448969e+01 -2.537043264363800432e+01 -1.928423512265836415e+00 -1.680022173271106567e+01 7.781460796295752516e+03
-4.871227449012322097e+01 -8.466146537430420338e+00 -1.494199526773927467e+01 1.560766790105167878e+01 -2.099611671220043263e+01 1.560781388185849039e+01 -1.297691268340268245e+01 2.545854359509845466e+01 -1.700574937838949552e+01 2.355922360053777709e+01 -1.126317110407580380e+01 7.135713981662098249e+00 -2.033865139356361595e+00 5.438548892357875047e+03
-5.126284654688639364e+01 -1.735850518005593557e+01 -2.350807822241153744e+01 1.111980636230404684e+01 -2.166204896702412341e+01 4.372193841311402984e+00 -1.998359480621685336e+01 1.600367282420043935e+01 -2.101235658416173990e+01 6.920662902197362243e+00 -2.718319163564433438e+01 -5.440954493655771884e+00 -9.682115159712893160e+00 6.100986974594625281e+03
-5.173744439890371183e+01 -1.521587730713491204e+01 -2.211873748275174023e+01 2.184185051811427059e+01 -1.551801032861851404e+01 2.139137483734056389e+01 -2.732240487370058801e+01 2.139799331229488644e+01 -1.800151895829709048e+01 2.607402930340017733e+01 -1.766746104267551587e+01 1.229406622484250144e+00 -1.657349508888645850e+00 7.097685661561103188e+03
-5.156871606401955432e+01 -1.608653552875008685e+01 -2.200276681736595563e+01 1.832984962475547164e+01 -1.622769022594264499e+01 2.204625918865652423e+01 -1.825316194757686716e+01 2.185524819781250727e+01 -1.785409925533471309e+01 2.364819654136265115e+01 -2.223611078877876679e+01 -4.983309134648328254e+00 -8.557552689188440809e+00 6.768935266698576925e+03
-5.316229521474173225e+01 -1.948921648898614833e+01 -2.417735798641951206e+01 1.736581731180985244e+01 -1.818575154167594476e+01 1.394255779790575112e+01 -2.697978647118774020e+01 1.391022454656696894e+01 -3.134120169493949248e+01 1.023267381686016897e+01 -2.708759532865510522e+01 -3.233943290855695096e+00 -5.504544367674525596e+00 7.400169899733148668e+03
-5.272439777706009068e+01 -1.700361025642180124e+01 -2.463844740672339029e+01 1.983594705065527819e+01 -1.656479009496731791e+01 2.359981618766896716e+01 -2.083847191664163390e+01 2.068238681127810707e+01 -3.076125136325247311e+01 1.926656555141866178e+01 -1.826397755581816185e+01 1.589814102111545324e+01 2.911570158059035296e-01 7.666713069805178748e+03
-5.179284222050638675e+01 -1.698528108732228503e+01 -2.040289324248304581e+01 1.004934787145878161e+01 -1.349248495992451247e+01 1.366532727777000744e+01 -1.561397167076589021e+01 1.672123974221541332e+01 -2.260770368450650381e+01 2.558884058961129426e+01 -9.458392987039628608e+00 2.588920613110278879e+00 -3.972380553904490075e+00 5.658290557764142250e+03
-5.211490220312007438e+01 -1.633258262306313569e+01 -2.120282973009255656e+01 1.808890731187527123e+01 -1.599853912749560081e+01 1.869431396500998588e+01 -2.477904775066094700e+01 2.183083258331297927e+01 -2.018290423433890268e+01 3.551749222494993319e+01 -4.038554039473896573e+00 1.497389838323818978e+01 -9.253527307728084850e+00 7.450499127065452740e+03
-5.273751827602544751e+01 -1.289304127127693356e+01 -2.518994199208135143e+01 1.822595110124256834e+01 -3.112287318566535887e+01 2.229472312164424963e+01 -2.638025603305083422e+01 2.381707465351147945e+01 -3.161722011828040735e+01 2.395591068274974944e+01 -2.365100799745028226e+01 3.987371209876299449e+00 -2.487427552719113422e+01 9.410586842179423911e+03
-5.328691300491395566e+01 -1.308684080450177589e+01 -2.527122034166875508e+01 2.114708219924486698e+01 -3.537649280110289851e+01 2.428037794472325928e+01 -1.447464846280378126e+01 3.499667083444401072e+01 -3.879795751908900314e+01 3.158022696597500101e+01 -1.835114825227730861e+01 5.925421599403890127e+00 -1.650704944770232885e+01 1.051885976424785440e+04
-5.256655569465035427e+01 -1.662699061834956282e+01 -2.176710756946041769e+01 1.601969166610861706e+01 -2.298317601741864635e+01 1.660705079105363424e+01 -1.115839804575363026e+01 1.908610120302870783e+01 -2.499389198084904606e+01 1.479407453907955983e+01 -1.555017254941292570e+01 -7.546884360916447321e+00 -2.247564469275754817e+00 6.210320863278431716e+03
-5.324173761616115996e+01 -1.514362733779468151e+01 -2.807026084565912072e+01 2.231188014706694034e+01 -2.472469188221695191e+01 1.735512288947240478e+01 -2.244016011115399678e+01 1.722410950020823961e+01 -1.733789739283077935e+01 1.468603610378150570e+01 -1.093063110759675283e+01 -2.765699684345429343e+00 -7.479547035591468607e+00 6.761866783501098325e+03
-5.510544253056272623e+01 -1.399333935924887129e+01 -3.059286450669083379e+01 2.366660223959469533e+01 -2.856568463492438070e+01 2.116147875691127211e+01 -4.030365865676201764e+01 1.811361575802882840e+01 -2.599368040740147023e+01 2.452962512417697738e+01 -1.508198161298550843e+01 2.687705347225013863e+00 -5.486759098480236574e+00 9.486917646663119740e+03
-5.400750549761069408e+01 -1.761226702374609232e+01 -2.391737690512963965e+01 9.944904073387917265e+00 -2.315640434962860184e+01 9.733424897617428684e+00 -2.343813789787927249e+01 1.403629006085442654e+01 -2.080079406798673247e+01 1.598985345935764713e+01 -1.876305541004307997e+01 -8.798479561962830431e+00 -1.035465919324002615e-01 6.393091664604451580e+03
-5.342871090884843710e+01 -1.572461742073784308e+01 -2.500368182586993981e+01 1.723055460079662637e+01 -2.738171223424865630e+01 1.161846734457798469e+01 -2.689683418802277259e+01 2.318120592356493148e+01 -2.496855029598891562e+01 2.423394511307179044e+01 -1.775071374357479570e+01 -9.209812519550695242e+00 -1.155550370472304955e+01 7.913672555383365761e+03
-5.338745051674297315e+01 -2.139970382032746699e+01 -2.108939169505543632e+01 1.228883693493513363e+01 -2.210387848562951518e+01 1.108950679818797269e+01 -2.481388415849467322e+01 1.208789479230588526e+01 -1.538830732368070109e+01 1.866939607589686645e+01 -5.737617371779302644e+00 -3.658540106082851295e+00 -1.649420661958338741e+01 6.181060177180925166e+03
-5.423825882899947715e+01 -1.542783876125027831e+01 -2.674303828447251874e+01 2.167003642202979918e+01 -2.965536561681707539e+01 2.120490502226622098e+01 -2.175146242167740951e+01 2.489703919161179613e+01 -1.766145084040949698e+01 3.052244903722910152e+01 -9.815765805272627986e+00 4.979710738002545156e+00 -8.357775490612620928e+00 8.221210819270334468e+03
-5.382252501922231858e+01 -1.668389098221022593e+01 -2.632113665126178148e+01 2.030671316259064341e+01 -2.601149237741060816e+01 1.400594239406128239e+01 -2.456831376193719407e+01 1.834540860528554163e+01 -1.243351383687812550e+01 2.469604059884916580e+01 -1.159776629833104167e+01 5.532099710668215486e+00 -2.499104237936693007e+00 7.029145987782344491e+03
-5.375083837785243901e+01 -2.137176199723337788e+01 -1.796018705189384690e+01 1.370755772727461519e+01 -1.226732355778462669e+01 1.630747884164990680e+01 -1.318405637724679025e+01 1.014210600067457158e+01 -4.250269352755466912e+00 1.459366509016391333e+01 -7.341218523752793601e+00 4.124402444330874218e+00 -4.190541068254809431e+00 4.868977714819428002e+03
-5.363229067911456838e+01 -1.776330560861303098e+01 -2.358267044280290747e+01 1.342233720064921521e+01 -2.585135314076147139e+01 1.559383712429010060e+01 -2.130722314071004320e+01 1.620280385328551631e+01 -2.087151578398833962e+01 1.585777902457107658e+01 -1.654182462159545608e+01 1.499759762448390710e+00 -1.811212563580874857e+01 6.847267599836505724e+03
-5.441024154239397603e+01 -1.662250497773050384e+01 -2.817124157738973622e+01 1.245944035774292757e+01 -3.303553947741424679e+01 2.349080595228984691e+01 -2.067437125728853786e+01 3.618088068786532574e+01 -2.102819685028566710e+01 2.101687674230989700e+01 -1.243087244905755284e+01 1.388964088122697760e+01 -9.872014058317247986e+00 8.894088695559426924e+03
-5.380650323151600389e+01 -1.563935187872119492e+01 -2.279208859860412772e+01 1.334309128915870879e+01 -3.210559574318118337e+01 1.768734297258090749e+01 -2.317994752386528035e+01 2.286019919543723944e+01 -2.217326137345533255e+01 1.189832480728058250e+01 -1.568718741016846607e+01 8.779173042943410721e+00 -6.628292284050389505e+00 7.241076198863152968e+03
-5.298401083766793818e+01 -1.484343365464972031e+01 -2.138163769620309296e+01 1.356055436913606194e+01 -3.327519532929574808e+01 1.179994932251601369e+01 -2.804752522709471663e+01 2.043823653447975985e+01 -1.742891811240519573e+01 2.711879792728169036e+01 -7.210550002520882629e+00 9.471097131449207396e+00 -1.156734271219514198e+01 7.434252121919917045e+03
-5.239877412463581408e+01 -1.498475132625670092e+01 -2.027396243356647787e+01 1.511140861987257544e+01 -2.924049214397030383e+01 1.501155519522272108e+01 -2.541799193872598650e+01 1.613052570828459054e+01 -1.866087187418889926e+01 2.985418907642727859e+01 -5.389908839466511559e+00 -3.544504666479764587e+00 -1.391307210885502421e+01 7.070872819982976580e+03
-5.303856091228119141e+01 -1.684542220027216430e+01 -2.459998513549751920e+01 1.055319063108542821e+01 -3.198806422751315282e+01 1.820105816051112058e+01 -2.679462978151431329e+01 1.148620970687750997e+01 -3.024917098155313866e+01 1.953032867832898134e+01 -6.898351158048273035e+00 -7.970472676195918815e-01 -1.129865624406821212e+01 7.490114512981492226e+03
-5.248704300763807140e+01 -1.358686934834668492e+01 -2.496559618581866147e+01 1.398346790751443613e+01 -3.197424944785677070e+01 1.968040055112247799e+01 -2.349571509027395066e+01 2.176784171919523203e+01 -3.268688047427593801e+01 1.893062234104936792e+01 -1.629776389467260600e+01 9.703765093632792826e+00 -1.216558243927415184e+01 8.128451602734909102e+03
-5.335732679344916818e+01 -1.874297349138738866e+01 -2.483661719739399487e+01 4.827293291516730811e+00 -3.433390419622791256e+01 6.433369885253536905e-04 -3.608927125149217829e+01 9.738334650204564014e+00 -2.946241166060962868e+01 1.746070977296551918e+00 -2.715841188167147280e+01 -8.898713007942308906e+00 -2.998889485080288253e+01 9.001734039388513338e+03
-5.308441359136512716e+01 -2.106661266890575135e+01 -2.379203978220548521e+01 6.352532683263511615e+00 -2.805091981515200317e+01 4.579439055062533903e+00 -2.744911967568372191e+01 1.135307762754913696e+01 -1.616516275188968876e+01 9.690875809479640779e+00 -1.326448398880362944e+01 -4.063856814418612018e+00 -1.662906703776669204e+01 6.382557770286776758e+03
-5.408989986690572493e+01 -1.883825124266812878e+01 -2.624828160595388837e+01 1.369771573857183355e+01 -2.336185601123157696e+01 2.390039124673663551e+01 -2.348601889299949619e+01 2.068566019688086044e+01 -2.691793694991723029e+01 1.038507232251219214e+01 -2.600673217689359618e+01 2.531693519429093708e+00 -4.835859841116174174e+00 7.792261508257143760e+03
-5.456314684805316517e+01 -1.903154142308665797e+01 -3.020024587941721350e+01 5.100709991662534470e+00 -2.518285971875281604e+01 2.377134721987327026e+01 -3.050249351459042657e+01 1.978424010568312852e+01 -2.498316124127921967e+01 9.943665778422285939e+00 -1.944298632871752375e+01 1.740132112332035685e+00 -1.322402864015075608e+01 8.077447841269608034e+03
-5.519806312731149234e+01 -1.800750683903309124e+01 -2.649993874709918984e+01 1.111851956848083312e+01 -2.549760175281210550e+01 2.174017668107436307e+01 -3.148453048965733103e+01 2.225334094025988207e+01 -2.073768133885131704e+01 3.692152901517746333e+00 -2.268386752161832476e+01 -9.187901764489874168e+00 -1.767254981042088602e+01 8.161192348720115660e+03
-5.577554406549301547e+01 -1.987954893545994395e+01 -2.994533007863011775e+01 1.471422906540357900e+01 -2.613422775622115779e+01 2.162117257590520936e+01 -3.301275590297724705e+01 2.595450636760915586e+01 -2.590368069883165703e+01 7.356112639913793494e+00 -2.081210370240077978e+01 -7.096182682022535104e+00 -2.072826052025827437e+01 9.171563849543257675e+03
-5.508984231650887864e+01 -1.561681839638861113e+01 -2.837879252541145192e+01 2.627289273623122412e+01 -2.663278619594747454e+01 3.389933446445360943e+01 -3.106940748107807693e+01 3.428624101082985476e+01 -3.140886034867271803e+01 1.957760099572102419e+01 -1.962848078452978129e+01 2.062051709159705126e+01 -3.249013519964047525e+00 1.096455912381987036e+04
-5.438299353721968288e+01 -2.011327930618280391e+01 -2.203577038539350141e+01 1.808508473663982841e+01 -3.158665732639029144e+01 1.731120378413871208e+01 -1.456145829206396769e+01 2.733539415762056635e+01 -2.925527365197554630e+01 1.410630547281129665e+01 -3.025654418044755900e+01 -3.381990588955189558e+00 -1.750102668439878784e+01 8.719395147421242655e+03
-5.300585227579505698e+01 -2.100101752571493208e+01 -1.994010264837316626e+01 1.590542686753712154e+01 -2.392997529981648697e+01 1.833274643135668214e+01 1.469642293330656768e+00 2.217014729886068380e+01 -1.436537960667084590e+01 2.002308660147163621e+01 -1.826689008563827699e+01 1.441680180530037214e+00 -1.142202812797998490e+01 6.377170569348675599e+03
-5.284149322714538499e+01 -1.867684400485130780e+01 -2.002558911962412580e+01 1.352969523116572503e+01 -1.723183881169464726e+01 1.253859047198181820e+01 -1.402522108239806276e+00 1.213417653571995203e+01 -8.699802439394842324e+00 1.093150855202965133e+01 -1.186245873892062797e+01 4.819103043637866790e+00 -2.775125751779252248e+00 4.695310055536237087e+03
-5.399313667902151082e+01 -1.562689115333847845e+01 -2.363805772410851347e+01 1.459057122410528962e+01 -2.425022548043280324e+01 1.511873176693065091e+01 -1.504328164527613687e+01 1.425359834281897875e+01 -6.814589394159732194e+00 7.783395795765067682e+00 -1.182417575186787317e+01 -5.320499237858733466e-01 5.268067725584283600e+00 5.452082577259837308e+03
-5.551905863754903692e+01 -1.455082447773065191e+01 -2.502612185688315094e+01 1.661293856636454080e+01 -3.314625701531586088e+01 2.373376487797479939e+01 -2.130754593398824426e+01 2.361125503521688529e+01 -2.866623844824523104e+01 7.310916203668829993e+00 -3.433761399391045188e+01 -4.892583942502822802e-01 -1.467622477719442387e+01 9.139763100252737786e+03
-5.548063971527268023e+01 -2.060325702278992566e+01 -2.607088164645346851e+01 5.715364491880567499e+00 -3.666614475304836418e+01 9.686952824003775220e+00 -2.567466437255853862e+01 1.393597269115684689e+01 -3.716291018681445735e+01 -5.075469577417552003e+00 -2.922613705851625809e+01 -5.463347702250987759e+00 -1.292949514506697639e+01 8.964624180989343586e+03
-5.474264385411112954e+01 -1.619322148344305745e+01 -2.651333422057422951e+01 1.743453169251091239e+01 -3.195806453765835897e+01 2.050461658541956567e+01 -2.583916908227336151e+01 2.245461035693064389e+01 -3.547298891089646844e+01 1.379790583579904251e+01 -2.892610665403611847e+01 5.700979866357065440e+00 -1.118291844193235640e+01 9.322520270633373002e+03
-5.438949885710274401e+01 -1.779090647077925524e+01 -2.380426728095109112e+01 1.139017129719188937e+01 -2.972314811627858333e+01 2.367688331493129184e+01 -1.659570269820385846e+01 2.196437141793850145e+01 -3.220707157958736389e+01 1.542808131301426755e+01 -2.014222611619420178e+01 1.572719675925373295e+01 -8.036580472748235948e+00 8.165986148473340108e+03
-5.459574389731007926e+01 -1.652882144692017263e+01 -2.355164407385321823e+01 1.221525742787615165e+01 -2.433519716485077566e+01 2.538211310325335646e+01 -1.953854039874659776e+01 3.291993257654110749e+01 -1.533493959230867532e+01 2.638397019597641702e+01 -3.258077732317757214e+00 2.260271460355329154e+01 1.824678946297227933e+00 8.115821137950054435e+03
-5.531781935424698560e+01 -1.537495208526496882e+01 -2.853851631089438357e+01 1.394152906650474222e+01 -3.155408563781503162e+01 2.376436741645526496e+01 -3.651705513666369285e+01 2.101915140608147681e+01 -3.300532298135960474e+01 1.577359700875219772e+01 -2.702661956275078126e+01 9.570432380111146387e+00 -1.553493209406810749e+01 1.004249212029906812e+04
-5.460700826310354472e+01 -1.461965167963391821e+01 -2.135021338283240766e+01 1.454084601584030523e+01 -2.629597700708446339e+01 1.858860596030631385e+01 -2.925592687616410004e+01 1.680934122759038729e+01 -3.062131285950755455e+01 1.525947266319030859e+01 -2.007622159726932054e+01 1.260885338131006250e+01 -1.658903245601059595e+01 8.046155431462122579e+03
-5.446763005325017559e+01 -1.258975338544204803e+01 -2.778289729021649279e+01 1.815873378864420218e+01 -2.874404969250195307e+01 2.383814580830392060e+01 -3.649870379139749588e+01 1.896740902017534225e+01 -3.165953916579224270e+01 1.856980962717976524e+01 -1.962580406371605690e+01 1.883827868572734943e+01 -3.569868494084801114e+00 9.413210320096915893e+03
-5.333749239795753283e+01 -1.416060449595638637e+01 -2.152339517247184020e+01 1.152914656820752271e+01 -2.346476784395722603e+01 1.736426295496383787e+01 -2.892709031161770383e+01 1.432469713744523254e+01 -2.513578810693788412e+01 8.482396087382305438e+00 -1.580488190414809146e+01 1.340276664452254529e+01 -3.713491782283390386e+00 6.682652389339428737e+03
-5.504998290325546861e+01 -1.785144917819856047e+01 -2.586694552912500100e+01 1.395828342628592011e+01 -2.051095173271425054e+01 1.918902175479608729e+01 -3.630711072531691030e+01 2.530449512419462366e+01 -2.427163564750613745e+01 1.338837375865664292e+01 -1.596987732346789102e+01 1.822851674849182047e+01 -6.452067436885343454e+00 8.357854689917909127e+03
-5.430025790237922934e+01 -2.311501000275841733e+01 -3.159070765405007819e+01 1.237031542905175385e+01 -2.340021225715704034e+01 1.105468023282703705e+01 -2.399157611441783544e+01 2.848502036185656294e+01 -3.139791738227856754e+01 6.936178018374870469e+00 -2.581732729673325721e+01 -6.611136564924081860e+00 -1.729903136594802859e+01 8.734024990863515995e+03
-5.419065419747514767e+01 -1.926191851870250815e+01 -3.352975575337889325e+01 1.654210424544023539e+01 -3.127430541707763823e+01 1.957080069789812526e+01 -2.944977371146188005e+01 3.461760520791099793e+01 -3.215062168525015096e+01 2.289389473549947951e+01 -1.373100074871939036e+01 2.224366545645628968e+00 -1.915186505891454161e+01 1.025037543661812015e+04
-5.485079704339975137e+01 -1.657458001230730460e+01 -1.962855162641371365e+01 1.389293456674134575e+01 -2.097084266295865262e+01 2.496611762317129291e+01 -2.554299917553012733e+01 1.323357652091755021e+01 -2.629032958516346952e+01 1.524409694123634473e+01 -1.533824151766150656e+01 3.147907860389496992e+00 -9.430629240298353366e+00 7.009947600161775881e+03
-5.488065124287805929e+01 -1.633624123867224753e+01 -2.067968314506655503e+01 2.014043256534189652e+01 -2.336115853801678810e+01 2.112559926718289560e+01 -3.241701597972789983e+01 2.109469932596006458e+01 -2.651729348429395117e+01 1.868174890616716155e+01 -2.689503177546927404e+01 3.516488749942103809e+00 -2.137405189429797758e+01 8.844662032505861134e+03
-5.362996815170873788e+01 -1.571821464176389860e+01 -1.869089094863713640e+01 1.856627758900071967e+01 -1.913460815978945107e+01 1.706548247809982399e+01 -2.439663986124158512e+01 2.062880108139039947e+01 -2.111273713916830985e+01 1.476277054350290996e+01 -1.624762076015133516e+01 7.477807483191587501e+00 -1.366531468081857348e+01 6.665729889732144329e+03
-5.290786445011791272e+01 -1.694411874735588697e+01 -2.139672839599002074e+01 1.451996030780569846e+01 -2.550670670274379148e+01 1.810773961019705069e+01 -2.486848841298471413e+01 2.353924431272613660e+01 -1.824820970578208090e+01 7.899274008751917542e+00 -1.507743183496221917e+01 6.375823887701824511e+00 -1.339645899293867259e+01 6.748855455425977198e+03
-5.140820086767843122e+01 -2.256751664659497791e+01 -1.508223773641157450e+01 1.080130119355415097e+01 -1.727695153731458788e+01 1.235623008628850528e+01 -2.590681756370216959e+01 1.882974965290360814e+01 -1.002942725754858877e+01 5.369555616991335434e+00 -2.367603136481469406e+01 -6.141164898605039113e+00 -7.149220518351688369e+00 5.751931331453405619e+03
-5.132018553426608065e+01 -2.651564909964999117e+01 -2.086194146447335740e+01 6.176573292902640233e+00 -3.201779404786416450e+01 1.356083389952723728e+01 -2.982393447309529932e+01 9.156486682217678919e+00 -2.766006104721376246e+01 -2.584049645237447734e+00 -3.673875690252444315e+01 -5.220603877548349203e+00 -1.246480153040803884e+01 8.296673947802264593e+03
-4.892781507020058029e+01 -2.619184335809276831e+01 -1.431231734460472360e+01 1.215846842540836370e+01 -2.966164404152071299e+01 1.266532271240337870e+01 -1.543986117789343737e+01 3.327322414233896808e+01 -2.689765798154073195e+01 1.419686824775760670e+01 -1.408310724789225610e+01 2.075023632218678671e+01 -9.631218323224699063e+00 7.465036469445075454e+03
-3.661719555786037006e+01 -4.350432034419416993e+01 -2.090305708645921712e+01 3.885402152459097636e+01 -3.178524514432904979e+01 3.704664542641291192e+00 -2.344511133577194428e+01 2.915902427977203715e+01 -2.198408092966212735e+01 1.952142803125114057e+01 -1.459701004168240779e+01 1.422308430031684345e+01 -1.700666957458604145e+01 9.172947579970979859e+03
-3.145303152467549879e+01 -3.926523512832356033e+01 -1.375497424254602485e+01 3.725705200006643025e+01 -3.588691424408945352e+01 1.634312504642903718e+01 -2.970017864500497495e+01 3.655807429552498888e+01 -3.257655703692277882e+01 2.068052058900631351e+01 -1.233482273784393790e+01 1.108650492363590701e+01 -1.468298459022234326e+01 9.861465359996445841e+03
-4.195710702009200332e+01 -4.270331146338699568e+01 -1.562992781178245316e+01 1.935982396223652913e+01 -3.185067443399357145e+01 9.107923782799163703e+00 -4.487402197029999229e+01 2.162778106682343804e+01 -3.744249517142741013e+01 1.760711883730267147e+01 -9.669868197456494840e+00 4.512817028924027696e+00 -1.119975477012104470e+01 9.733185019700595149e+03
-4.496300929477795449e+01 -2.992198405321434862e+01 -1.631944711585343555e+01 2.271073273371279555e+01 -3.241728095452346281e+01 2.230504364656087901e+01 -4.348683116222032652e+01 2.185359855085696168e+01 -3.390392635412035105e+01 1.988264488147780185e+01 -1.415574035478545056e+01 1.692327032981808088e+01 -8.992293114309765301e+00 9.728617589515777581e+03
-4.983677116779442429e+01 -2.791326654646967853e+01 -2.126632356635822063e+01 9.910135860337463853e+00 -2.235838016122508520e+01 1.768844439086226572e+01 -2.770221718876327444e+01 2.393425984453252298e+01 -2.786747378617873139e+01 1.634254382718112808e+01 -1.040754346679313080e+01 4.254989661043778071e+00 -1.815955381527721002e+01 7.466227507171684010e+03
-5.353802146501545423e+01 -2.584568377843647724e+01 -2.465250922673797618e+01 4.538099838276194120e+00 -2.398620055241638482e+01 1.685875405912597103e+01 -3.131585820399876141e+01 2.005428370479508260e+01 -3.313352899531879814e+01 1.458369346923989163e+01 -8.167593577820678519e+00 1.820513280475282869e+01 -1.002583445070040646e+01 8.214241009624533035e+03
-5.459430106760155610e+01 -1.979739647314800166e+01 -2.682471552306791196e+01 1.214713651196330346e+01 -2.316807577975065513e+01 2.927369341852947215e+01 -3.409485143114451944e+01 2.389742918569714902e+01 -4.563002662561897438e+01 1.112792216278901947e+01 -2.265523115451503955e+01 2.331795421201049834e+01 -2.300651537665863611e+00 1.063505724831575935e+04
-5.093640884477087383e+01 -2.455255941140523390e+01 -2.904473948562827346e+01 1.226250822257627426e+01 -3.494440672599433029e+00 1.180516850867802603e+01 -1.214396305780665664e+01 3.984730399458791084e+01 -3.385063501845109357e+01 5.748578804396387909e+00 -1.016044652413227212e+01 4.764282275993875437e+00 -1.395444588529677077e+01 7.577739781431596384e+03
-3.117105834900139882e+01 -1.997927089232915066e+01 -5.804555077403103525e+01 1.480157239299138539e+01 1.925896716154230148e+01 -1.059689434767068228e+01 -4.800474232330788027e+01 2.337850275602444583e+01 -5.884202379401381933e+01 1.276348961272615767e+01 6.399811382258566717e+00 -1.189646155439432640e+00 -4.438110163044513001e+00 1.198075041332960427e+04
-1.863687697795742082e+01 -5.972806627868605389e+00 -4.370484615941947482e+01 3.793108518109357163e+01 4.891102606734301972e+00 2.559939487953612769e+01 -4.770613358593383424e+01 2.299900856410737049e+01 -4.216109706363266696e+01 1.058106850917553921e+01 -8.690032984368663449e+00 3.997081883835867266e+00 -2.356541194552956142e+01 9.752308976321135560e+03
-1.415270210372188409e+01 -2.873553419670581199e+00 -3.384171224058780325e+01 2.607266870263202918e+01 -1.353070098250900299e+00 1.538414654521594471e+01 -4.903170037809960746e+01 -2.166458443592067518e+00 -2.774693273437214103e+01 7.385204789932322100e+00 -8.230870532217457125e+00 -7.612684910408156203e-01 -9.326209546801546679e+00 5.660644244414799687e+03
-1.769574882459530230e+01 3.991958658253917935e-01 -3.117693640437246572e+01 2.341002948732912259e+01 -7.221462226559418163e+00 9.087549971142266259e+00 -4.944867062174466810e+01 -8.113942122212698393e+00 -3.897257201637396662e+01 1.097761894838087748e+01 -1.463097993826281318e+01 3.113493807320391049e-01 -9.038879508365525339e+00 6.414303234655193592e+03
-2.031771755902778764e+01 -3.880476229384878462e+00 -2.399317957029222370e+01 2.487610843683109962e+01 8.842256611061367622e+00 1.940719403147359756e+01 -3.062637540163562022e+01 -7.931709130367324612e+00 -3.214870275484548046e+01 -8.563684967263113235e-02 -8.603466275982501799e+00 -4.437227181638376372e+00 -2.856608061274099053e-01 4.205409383159329082e+03
-2.168257604021315288e+01 -1.155283465743264415e+01 -1.985857161944860394e+01 3.101143278684063276e+01 -2.173237132140637407e-01 1.434933125777358676e+01 -2.106353875177694235e+01 -6.943741073114338747e+00 -2.834629629020579600e+01 1.310252649781492984e+01 8.941623693343951018e+00 -4.501294833468347356e+00 -1.379167384549463726e+01 3.923125935508569910e+03
-1.762597216231334230e+01 -3.091188864944912851e+01 -2.739175409674309236e+01 2.384377203136238421e+01 -2.217159831162334171e+01 1.516086709211840144e+01 -6.032323102757943367e+00 -1.030317154976546590e+01 -4.343546284072300523e+01 2.767931164165922908e+01 1.856108178630883954e+00 -3.870993275173544301e+00 -1.071342780407142392e+01 6.235020327363620709e+03
-1.708114936715669430e+01 -3.567603423574878008e+01 -2.928915139572025694e+01 2.591118892958722242e+01 -4.615215838195345555e+01 2.353481634165546410e+01 -1.589664712477927111e+01 -7.844252372142874741e+00 -4.465610735715694091e+01 3.045103641214531365e+01 -1.353087607382589574e+01 3.486462965193050323e+00 -1.375942638480940516e+01 9.397929560995224165e+03
-2.167968524481803883e+01 -4.654356709226889421e+01 -2.345675162404992875e+01 2.168667468045581970e+01 -6.615087113647004458e+01 1.929404156143493054e+01 -2.076977047892756190e+01 -2.836772708938293253e+00 -4.407352700500978671e+01 2.920941310105165201e+01 -2.542369260831394584e+01 8.362131386549798151e+00 -1.660101512007789282e+01 1.263202056902719050e+04
-1.549470554433976943e+01 -3.583648516334149292e+01 -1.248801896804587086e+00 2.515233105807388370e+01 -4.010834271362841719e+01 2.172086978402510127e+01 -3.458420172534423465e+00 5.853359692153655702e-01 -1.857752545062784932e+01 1.983930861593607986e+01 -1.543148950235722516e+01 8.351107730302995691e+00 -8.255880791450085354e+00 5.366071514749897688e+03
-2.097040938664527943e+01 -3.842885752323513771e+01 -5.442960892661347749e+00 3.089015885114448423e+01 -3.972628105068625359e+01 1.835779147283899704e+01 -1.114242924026576809e+01 1.337559910072257097e+01 -2.341648493745133308e+01 2.014267593101001808e+01 -2.690122560920854156e+01 1.666786291853489388e+01 -8.453049411060669982e+00 7.145615990450537538e+03
-2.895592570814543265e+01 -4.131401788510945750e+01 2.600021221993376042e+00 2.629877356854292358e+01 -3.361377139918284485e+01 8.999463143593002812e+00 -8.426784369240115424e+00 1.555825844564166616e+01 -2.088126598776000264e+01 1.264889491887511852e+01 -1.830187620301378359e+01 1.344724234796039219e+01 -4.902232555939460390e+00 5.903466069475612130e+03
-3.947232736310627388e+01 -3.935127058048626481e+01 -4.754249096224715032e+00 2.722786718215063573e+01 -3.979108384503777529e+01 1.508586361413894750e+01 -1.128569415781185015e+01 1.293023895620499353e+01 -2.378783156310124980e+01 2.042131138960073145e+01 -2.045410614576379160e+01 8.946336576722256240e+00 -3.737762390398525536e+00 7.471287519550879551e+03
-3.793123145106815741e+01 -3.374483398845033122e+01 -1.137551542575030972e+01 1.948252017539360637e+01 -4.062518416980724822e+01 2.764136755292770076e+01 -1.243467032344938694e+01 1.126556356177999518e+01 -3.005607569332561013e+01 3.377463367568533670e+01 -2.080568162758899575e+01 6.592333536936722638e+00 -1.094843276166382573e+01 8.422744816730000821e+03
-2.956503137901596290e+01 -3.375468160758305913e+01 -9.177335440313655335e-01 2.121229803266884772e+01 -3.477016989043273298e+01 1.855120879134053880e+01 -1.984255414212112356e+01 1.609989956640310282e+01 -2.276293558162060293e+01 2.270427511575315194e+01 -1.468022134080093011e+01 -5.027341006490944064e-01 -3.783102612406813225e+00 5.934028066708529877e+03
-2.107081921442279793e+01 -3.684345376143163264e+01 -1.378796544424284143e+01 1.293580889143102119e+01 -3.904116919089496918e+01 2.728972146605258686e+01 -3.947913296680214046e+01 2.010354389142836951e+01 -2.293612316081399882e+01 2.140773555190059341e+01 -6.547414264661545857e+00 1.094453235358930598e+01 -9.302807393393683455e+00 7.624109390995322428e+03
-1.669742017794878208e+01 -3.342333804512780659e+01 -1.535959381916837607e+01 1.099112456137341631e+01 -3.195337412594043158e+01 2.377250721939242339e+01 -3.006506110568188461e+01 1.629135136211221635e+01 -1.941997557267919561e+01 2.064805249196227876e+01 -6.638482981737961808e+00 1.533332600666143719e+01 -4.869645190644665611e+00 5.614482864074325335e+03
-2.142918182643776959e+01 -3.238937219102881926e+01 -1.434612265875362525e+01 1.013705486781410059e+01 -1.736642260210758337e+01 1.671588031631768345e+01 -1.533847773798008518e+01 -8.681666060723196299e-02 -1.623044988710663006e+01 1.469693742348318821e+01 -1.283280111095408316e+01 9.203393246998341937e+00 2.981413826694820468e+00 3.370841639793985451e+03
-2.085447777555008031e+01 -9.625596998505389079e-01 -1.472887765798263437e+01 2.385410451074918470e+01 -2.432392791692040745e+01 1.970694099498447471e+01 -4.382382305174044745e+01 -3.915586607763565929e+00 -4.410031724508024809e+01 1.205758354062034776e+01 -2.244237966915419946e+01 3.819193963025693250e+00 -1.097854964943556411e+01 6.866668683683307790e+03
-2.311928530125689463e+01 7.930542445851027189e+00 -2.694521121848610079e+01 2.515139239954954320e+01 -1.689394727444893718e+01 2.536765192388257262e+01 -4.206515673929926180e+01 -9.407342760982773555e+00 -4.738462755681221950e+01 1.338322600355065362e+01 -2.338326755136783675e+01 8.326646151530003870e-01 -1.376208559871212045e-01 7.714833669738964090e+03
-2.980700045427316525e+01 5.556074600849291834e+00 -2.979412312642315541e+01 1.581009668323027739e+01 -1.031821535832605718e+01 3.336489366186665961e+01 -3.142705228446889976e+01 -2.356676926535035577e+01 -4.718360006093498527e+01 1.609177626332915390e+00 -3.568280914922866742e+01 -2.515961554362820607e+01 -4.816625479785002106e+00 8.978060668641588563e+03
-3.366437362924861532e+01 1.261212598273596086e+01 -2.182776011390321713e+01 9.212135601917319505e+00 -1.331421801292603568e+01 3.127082864353491942e+01 -2.547475465662652638e+01 -8.756501734303000717e+00 -4.228077704953585680e+01 -2.332628630193054420e+01 -3.647439500647125499e+01 -1.184782470228438100e+01 1.407923294620350774e+01 7.735199882549291942e+03
-3.377117869752486712e+01 2.133038560502277292e+01 -1.477179798161794899e+01 -7.546955949087974069e+00 -2.296881912741168108e+01 1.843541174896709123e+01 -1.063841815307819338e+01 -1.233246274157897027e+01 -2.087967141391996151e+01 -2.112483068050444857e+01 -1.197556050025834651e+01 -2.232847685729261400e+01 -1.934478583324257706e+00 4.531273342004798906e+03
-3.258908250409984220e+01 2.473518878588584258e+01 -5.961501249463361241e+00 -9.043123302632281479e+00 -2.162617662806707841e+01 1.553058821876205542e+01 -2.352724752842911471e+01 -1.237108037650117254e+01 -2.157944226848314528e+01 -1.768699572295703604e+01 -1.404967553096148514e+01 -1.927881626810692950e+01 3.306296561206387263e+00 4.565161013359400386e+03
-3.673529388384442029e+01 2.110200884981968272e+01 -2.016134721602425461e+00 -1.030171444691102245e+01 -3.772384419473196004e+01 1.089089838635428187e+01 -5.715510668519185344e+01 -3.658231355124213824e+00 -3.924040430899641052e+01 -1.916440933437924699e+01 -4.782523092106274731e+01 -3.595412231052308982e+01 -1.018388296560635453e+01 1.231750269082455998e+04
-3.801495005977962904e+01 2.321166771384692851e+01 6.304698034054752931e+00 1.615888790419688581e+00 -3.797831699190737709e+01 9.818971851075293245e+00 -5.929534857766523714e+01 1.591688099183250671e+01 -2.721070322390455232e+01 -6.870654825878906635e+00 -3.962536079828354474e+01 -1.726171242996597854e+01 -1.813891292711397796e+01 1.031911285745638997e+04
-3.509068961196189917e+01 1.623276229430220141e+01 1.162685216426336332e+01 2.653977051970282552e+00 -1.915085515916799608e+01 -6.404769209161738530e+00 -2.448178779770346125e+01 1.063023838969318824e+01 -1.596973941938563613e+01 -1.185640630031042164e+01 -2.681753419509417924e+00 -1.470356996088959356e+01 -5.834926616289725310e+00 3.410262665628368268e+03
-3.965936284540030243e+01 2.104378060149391061e+01 1.481780030960421257e+01 1.417544862283878615e+01 -2.572625594537800708e+01 -5.682465098078220755e+00 -5.480072056714814011e+01 1.752904269060457310e+01 -2.625738485777866416e+01 -5.257667140439090225e+00 -4.996661599290941780e+00 -6.641359057810372057e+00 -1.612977858796821806e+01 7.487070637765266838e+03
-4.025039306835707720e+01 2.059617421502156276e+01 1.645418777110741715e+01 1.360505969842911611e+01 -2.948484128855320918e+01 -7.882714170348420701e+00 -5.587410608427309455e+01 1.979502347510834426e+01 -2.962204098553617015e+01 -2.234426415141864963e-01 -1.091451688718690072e+01 -1.076628488225549773e+01 -1.629258165806506398e+01 8.323389237550845792e+03
-4.018815564626899572e+01 2.028872345886156481e+01 1.798695103955076036e+01 9.866569918121737004e+00 -2.880375185192283638e+01 -1.105123397408807229e+01 -5.488795973344328161e+01 2.192633155347431639e+01 -3.125231917854513242e+01 3.607775487742265863e+00 -6.389228980452237749e+00 -5.657519198662969373e+00 -2.014596227149255014e+01 8.361250859977350046e+03
-4.107116377612029368e+01 1.891506024165362376e+01 2.257923261108193458e+01 1.652929203777760847e+01 -3.444076833785371150e+01 -3.128607115164446029e+01 -5.799932924289485214e+01 2.974635130766603908e+01 -2.918663114433934780e+01 1.279312500563064781e+01 -2.922843346325153746e+00 -1.023536160022400310e+01 -4.094208983390460332e+01 1.204649546424546133e+04
-3.951180815789629719e+01 2.577644465125468543e+01 1.085606017396564482e+01 1.115165486013466989e+01 -4.167848468049079713e+01 -1.520618826800541434e+01 -4.731178652714932298e+01 3.203190167345894679e+01 -3.007981818623067483e+01 6.935061134806534966e-01 -6.680126852386923275e+00 -3.833291402823768568e-01 -2.067229823562019675e+01 9.077985010680873529e+03
-4.173163102045336359e+01 2.557661173403965549e+01 1.260545603279477866e+01 2.064105342667927445e+01 -4.053932165330996185e+01 -2.403937743204207678e+01 -4.209403861054837392e+01 2.410432258014503759e+01 -1.643168774981506886e+01 2.563540960171426963e+00 2.905483427728249524e+00 -1.046296198812289191e+01 -1.173037606983179515e+01 8.086986659618847625e+03
-3.902365151602778326e+01 2.270950552601239991e+01 7.015089109415510116e+00 3.766437462071710485e+00 -3.415290915941418604e+01 -2.717852754015278549e+01 -2.483675099115822960e+01 1.726454279116183699e+01 -1.408735767866283872e+01 -9.129300147408605071e+00 -1.374383356121895794e+01 -6.781256092793752188e+00 -7.742238765158740321e+00 5.498605169935124650e+03
-3.762988877585895864e+01 1.972121555488612543e+01 -6.417725390501352045e-01 9.986599556403336075e-01 -3.324827765564950255e+01 -2.574269840203158211e+01 -2.064739707524296009e+01 1.845148677713239493e+01 -2.396232098399624988e+01 -1.994399333713901257e+01 -8.898409641376275658e+00 8.502726480950393295e-01 -7.338522294058361872e+00 5.446965188653382938e+03
-3.828179804236248884e+01 2.100524938427711064e+01 -8.725508691790905047e+00 8.447316554072207495e+00 -3.280298260493036366e+01 -1.185478524751150431e+01 -3.434320092962320103e+01 2.261702872638695538e+01 -2.050029211465717083e+01 4.710356901726081014e-01 -1.007324824200330049e+01 2.297968782341768268e+00 6.354254183873085715e+00 5.529376649804388762e+03
-3.948042645948884655e+01 1.728996694857031713e+01 -1.945908941432294625e+01 2.122606008216803897e+00 -3.520246271729816812e+01 -5.606026871361874164e+00 -4.855283828656986600e+01 1.761173591005266559e+01 -4.112294704721803384e+01 2.856122474420634383e+00 -1.361665615188941736e+01 4.870600946786255214e+00 -6.359909349311504201e+00 8.127839648409209076e+03
-3.739246853766932333e+01 2.011750403991909053e+01 -1.544691280062449934e+01 1.345505994975114250e+00 -3.463196709593606926e+01 4.695962681775116554e-01 -3.838690908400698021e+01 2.585485933666291558e+01 -3.541010345708038898e+01 1.146471485463804640e+01 -3.193174913178567498e-01 1.907167354613345722e+01 2.001600163039721103e+00 7.138102591783413118e+03
-3.783514737913990444e+01 1.254129238961213311e+01 -1.413699378561372555e+01 -1.447115834192906902e+01 -1.897433514207830996e+01 9.546289863694160105e-02 -1.364585971565504430e+01 8.260789415136629898e+00 -2.356648411204478677e+01 1.451454076047018260e+00 1.071077474564276599e+01 2.412670890744092134e+01 1.109317509874244401e+01 3.989899249909920400e+03
-4.224402944828858608e+01 1.083132119185861875e+01 -3.231846581551452147e+01 -1.317555834589241037e+01 -3.361689740912993329e+01 6.170210358966444986e+00 -1.268777560029719176e+01 1.480246642249758793e+01 -2.175632542664446589e+01 -5.369030764569503233e+00 4.759034015271569551e+00 9.434828188518121550e+00 1.654774703768843835e+00 5.284780916792754397e+03
-3.931461135070475166e+01 6.027243713929124169e+00 -3.871336172318405744e+01 -1.096735769401946570e+01 -2.706849844195749455e+01 7.762561259116478318e+00 -1.616773751945602200e+01 1.290149377343278125e+01 -1.555114226419960843e+01 7.400466016009879411e+00 2.115913285168757341e+01 3.846964432874644402e+00 1.483097379405668903e+01 5.400849631469120141e+03
-3.705124901447499042e+01 7.016824841691496673e+00 -3.349931472270687749e+01 -4.609320549549872581e+00 -2.284136687616779327e+01 9.766275454870907424e+00 -2.286780814231771330e+01 1.913124124364574996e+01 -2.510378726791532245e+01 7.680893942221670656e+00 6.749280220520026408e-01 -3.082399312059044050e+00 4.427775296127667737e+00 4.790288199370951588e+03
-3.547244407259871224e+01 1.393244025455062740e+01 -3.078778280276732460e+01 1.293192062791768127e+00 -2.616041940891095052e+01 1.706885943724640198e+00 -4.380255533481013686e+01 1.688950290707895618e+01 -3.789776827999736497e+01 2.097425471800044505e+01 1.170959175644548722e+01 2.440084497364949101e+01 -8.261531854842563138e-01 7.902525766330766601e+03
-3.334431683063519358e+01 1.371266202875376194e+01 -2.143803647657095013e+01 -1.153654417321272163e+01 -1.060614731327209981e+01 -3.477689696803337949e+00 -3.116816585895578839e+01 1.066198140811567541e+01 -1.405405738391325343e+01 1.279608285402588130e+01 1.198406834038478053e+01 2.951112390036660571e+01 9.483181710070962556e-01 4.478958821825030100e+03
-3.666230910404382826e+01 9.485557840644290195e+00 -2.260028774763555859e+01 -1.790746409908417291e+01 -4.560498617027240797e+00 9.849033511213479031e+00 -1.693775177085896999e+01 8.472700354488223340e+00 -1.649145628526794027e+01 -1.351122991886029245e+00 -2.317304129793248180e+00 1.253456846089118670e+01 6.733178012365319987e+00 3.223641343038703781e+03
-3.175159308203426534e+01 2.140242552092494677e+01 -1.826980313516267174e+01 -2.562222384148751431e+01 -1.180510263057086462e+01 1.310220449460825698e+01 -1.819499213964956397e+01 -1.784345535834833996e+01 -2.720333074397774098e+01 -7.786839232746687323e+00 5.497286660124169444e+00 2.114125974393072038e+00 2.846445407540340700e+00 4.260434400951018688e+03
-3.470280160843817185e+01 2.947599525333563975e+01 -2.522495922631789256e+01 -2.317334435726031927e+01 -1.505192276967473930e+01 2.225032264317083275e+01 -2.033465663507047694e+01 -2.339938185937351278e+01 -2.272662509623927463e+01 -7.792275663932713314e+00 5.124375875859385587e+00 1.355531877515631223e+01 7.276833635135247391e+00 5.769265012229661806e+03
-3.498179616779812307e+01 3.070549472399265056e+01 -2.996825998740697372e+01 -2.692563090797339598e+01 -2.117895821888896180e+01 1.861986801978670059e+01 -4.046222262171961859e+01 -2.048388305284150945e+01 -2.609817603962754617e+01 -1.643805759177230286e+01 -1.225424870334726535e+01 5.417911535996200456e-02 7.597850026066701012e+00 7.800889758223995159e+03
-3.696221919639237541e+01 2.851344922673390414e+01 -1.928377936846480267e+01 -9.114392377457072314e+00 -2.074994659793209451e+01 2.465382648557288192e+01 -3.192005958673375687e+01 9.589460104492742332e+00 -2.374906488239521352e+01 -4.403270509622495332e+00 -6.683523329023565829e+00 -1.136205600769192969e+01 2.207549884510257954e+01 6.027878447224410593e+03
-3.938122260329433999e+01 2.203140902804651802e+01 -1.303524140152087440e+01 -1.260089790165213053e+00 -4.300832052598226340e+01 3.277001788986186881e+01 -4.586465605741336304e+01 1.331710187580031679e+01 -3.143201967535535601e+01 1.776069012782665979e+01 -1.152514839019676351e+01 -1.341599658408170725e+01 8.473893583109232353e+00 9.100309463675890584e+03
-4.236809111571819386e+01 -7.883715908517109128e+00 -1.167882573016581205e+01 1.906411739815639450e+01 -3.629692863104589406e+01 3.004359716098184663e+01 -2.124075218184459501e+01 1.917035286279126893e+01 -2.308313169017710464e+01 1.671053492511408223e+01 -3.303846288361141248e+00 -3.558104275187497834e+00 8.662389782617037071e+00 6.306485853661068177e+03
-4.191562610945262435e+01 -2.927109043703665137e+01 -1.347720154646768975e+01 2.303367663730752568e+01 -5.296615201556542729e+01 2.054714645303355169e+01 -2.098132414906691423e+01 1.636473160233073898e+01 -3.248341323921368229e+01 2.715896372462739450e+01 -7.716868674976297804e+00 -5.814904089955737376e+00 -1.048031326490321602e+00 9.148763546288366342e+03
-4.075248778340656486e+01 -4.470014629132231221e+01 -1.504330145784630091e+01 1.947711376900970137e+01 -4.868366534032769977e+01 1.508767281432733931e+01 -1.850231557180452313e+01 1.298354574183146148e+01 -2.295523927017967836e+01 9.050861177981060379e+00 -2.311550424465286913e+00 -9.546357660300820447e-01 -2.689454356316543393e+00 7.995521359554615628e+03
-4.067729298896541223e+01 -4.661349195937550860e+01 -1.027667211144497550e+01 2.464809517795235294e+01 -4.536138869990502087e+01 1.837187232147315896e+01 -1.591088927234106976e+01 2.320007106638416516e+01 -1.442225925503636574e+01 1.075796773165472864e+01 6.263311314347029535e-02 -1.173350505677127842e+00 -6.037926968526363680e+00 8.088752023574902523e+03
-3.901112956502442586e+01 -5.031545751679695400e+01 -1.030375894606643250e+01 2.799642949277779280e+01 -4.182060548304871617e+01 2.231751366396788683e+01 -1.661799568111755576e+01 1.844755900320301123e+01 -2.136389067619408877e+01 4.926287268959720578e+00 -6.492790950359424329e+00 4.133955979477081044e+00 -7.672702780079185381e+00 8.405786105968385527e+03
-3.120633739227973535e+01 -4.144113369061118135e+01 -3.360370262333176594e+00 3.371790382272579478e+01 -3.489968423352733140e+01 1.722557734319159195e+01 -1.510989530254942004e+01 1.472672051885715838e+01 -1.938078467735910593e+01 6.386222067425352478e+00 -4.089750739263791068e+00 1.140986210067940654e+00 -2.036348368795428243e+00 6.237859161527788274e+03
-3.080620648080190094e+01 -4.634504903543761145e+01 -1.607339647518830716e+01 4.000588494616892632e+01 -3.511658788472753656e+01 1.816317501049040217e+01 -2.732750124544872605e+01 2.842560588269466493e+01 -1.771676377082961196e+01 4.477200640800510278e+00 -7.175838057205154996e+00 5.720632423961230728e+00 -8.689713809157955993e+00 8.567252354983145779e+03
-2.282818649180681803e+01 -3.114635538864816056e+01 -9.289714579532178718e+00 2.820447356925600957e+01 -2.703695338439817775e+01 1.357353207145657770e+01 -1.946483248663282239e+01 1.868741942402636269e+01 -1.432221374146452675e+01 4.049812098556143880e+00 -5.186490121291885913e+00 2.225806057034852792e+00 -2.981597465903337962e+00 4.278620248776132030e+03
-2.348834966735904572e+01 -3.326073095377444844e+01 -1.587925721940814228e+01 3.618031351517485206e+01 -3.324353411430978156e+01 2.212338735371153930e+01 -2.829555520366686494e+01 2.768834714437442912e+01 -2.963498587338120771e+01 1.565576100689137462e+01 -8.360044338906741146e+00 3.386800465633575286e+00 -2.889558802976428531e+00 7.594050079093518434e+03
-2.465201875779358076e+01 -4.511175927051485246e+01 -2.746488774003476507e+01 3.723257686709025904e+01 -2.538048226626903414e+01 2.131517639649340268e+01 -3.311941444339741736e+01 2.594629829879173144e+01 -2.269938560661963223e+01 2.320228941799637212e+01 -5.603430355153690812e+00 3.111103682181847851e+00 -1.331117851241433669e+00 8.748446939172130442e+03
-2.455036065772914711e+01 -4.618578800135708207e+01 -3.628211948135872689e+01 2.740327632650523526e+01 -3.585313428519754098e+01 1.995366139260404381e+01 -3.864790398757486400e+01 1.873861566233760101e+01 -2.711765772046049605e+01 2.366761770622551353e+01 -1.105243174133337192e+01 -4.481049954718031580e-01 -5.579280686179195925e+00 9.780579916425043848e+03
-2.048951113752370290e+01 -3.175343106247230907e+01 -2.207840486408054659e+01 2.197670426740238625e+01 -2.008016283227163612e+01 2.714078305523786128e+01 -2.587970328050855073e+01 1.172307092868516420e+01 -1.883773198270574056e+01 1.542284413242635210e+01 -8.848814125887374260e+00 1.738461531751528399e+00 -6.318841079369290625e+00 5.059532200704766183e+03
-2.500314544151916962e+01 -3.244525905956443523e+01 -4.327682668949949374e+01 6.060425041829471837e+00 -3.368231219712367874e+01 3.261802981584806105e+01 -2.457749719036198854e+01 2.660948322127705623e+01 -2.113222394741787724e+01 2.391855140278963177e+01 -1.742731804083692282e+01 2.060539582708662998e+00 1.786556022565737312e+00 8.427833596932221553e+03
-2.604285344764702259e+01 -1.939336995555913390e+01 -3.548024018633098819e+01 6.835222712295091263e+00 -2.589174404103219373e+01 3.495871713258656399e+01 -1.413245979500975302e+01 2.606422962227328455e+01 -2.491055087790333644e+01 6.938837101395547435e+00 -2.453361474812331267e+01 -4.648192884023227833e-01 -7.948866791545931010e-01 6.402894685611112436e+03
-3.252565872688908399e+01 -2.077349527974282495e+01 -3.334203635510189656e+01 -8.747228450370139186e+00 -2.567291117289554236e+01 1.430293132861334016e+01 -1.231073329945879813e+01 4.762339862361249843e+00 -1.994354215696917976e+01 -1.226306057318754483e+01 -2.933125070149758429e+01 -8.863454704562139241e+00 -6.817000041680413069e+00 5.249050338611579718e+03
-3.157082731348304350e+01 1.569406174355593819e+00 -2.251098499588065494e+01 2.598919374403410387e+01 -6.979878323978715216e+00 2.470511255209494550e+01 -2.315115271739276182e+01 2.933837413519803050e+01 -2.922824314161449877e+01 6.791396924711982086e-01 -2.443334568669492057e+01 5.076779389850711866e+00 -1.719344015204022469e+01 6.010268049165464618e+03
-2.299937768105781544e+01 4.958452054219841365e+00 -2.016739455299350325e+01 1.195764207380191024e+01 -1.327826255519410692e+00 -7.595487323588067774e+00 -3.031975023225073684e+01 -7.838731814609415594e+00 -4.264926361017022316e+01 -1.541632651692453848e+01 -2.173358529344091750e+01 -1.243569840317711339e+00 -7.458098670358639382e+00 4.729595389564323341e+03
-2.320354504772741677e+01 5.787337704256863447e+00 -2.188287674626117152e+01 2.121316858510891024e+01 1.186520288506744958e+00 -8.594193679919550632e+00 -3.441871158441254153e+01 -6.663930979265757060e+00 -4.458256746703723650e+01 -1.948985754834242101e+01 -1.220118805985744714e+01 7.413612205537126520e+00 -5.035026276767395892e+00 5.401722270049180224e+03
-2.707503044848053264e+01 5.766078041990502889e+00 -2.692980993911798038e+01 2.762350668732786119e+01 -9.818983562467950010e-01 -2.880889985126181330e+00 -4.145230586499067726e+01 5.697771852056972897e+00 -5.728525164040247120e+01 -2.258405068132116256e+01 -2.307269602174653755e+01 9.028952777849180933e+00 -1.358541023672032821e+01 8.604673693882823500e+03
-3.182223923056641013e+01 4.054091273477035684e-01 -1.951499726194439788e+01 2.671440485450019153e+01 1.345600351912847437e+01 -8.770518344712904479e+00 -2.643350520517880398e+01 3.336101589691287117e+00 -5.413399491326998714e+01 -3.250780379745491899e+01 -7.773079529103934959e+00 4.677280351228453981e+00 -1.233665723973597039e+01 7.296897146766735204e+03
-3.778342551129112081e+01 -4.204756665879905597e+00 -1.291726199192969204e+01 3.663685682853485304e+01 -1.041412478218071236e+01 1.196504831562324611e+01 -3.285326707795108803e+01 2.721113683093451030e+01 -4.142466381994326241e+01 -1.773125048952189076e+01 -1.199399771803154557e+01 4.326194192778197056e+00 -1.687004715878472183e+01 7.503352104241194866e+03
-3.496213235523151752e+01 -2.804673374003419539e+01 -1.383831388460345835e+01 4.115028120098629927e+01 9.076098352878455344e+00 4.040292343846049405e+00 -4.502629472033610192e+00 2.360927744462122035e+01 -3.227775424396056536e+01 -1.312676304974103836e+01 -7.215521123594331954e+00 -8.537596018015996435e+00 -1.699806086995758747e+01 6.198239414940768256e+03
-2.184145561019855819e+01 -3.470839879799334682e+01 -2.264020454625369183e+01 4.411327205304110066e+01 -2.053725270958087279e+01 -1.445055909313098796e-01 -6.843817691010312565e+00 2.612109252146881744e+01 -2.702783042746517950e+01 3.235057401814453559e+00 3.692621091946081791e+00 -4.369204965378447270e+00 -8.756655619598392448e+00 6.141604343447825158e+03
-2.040575199345971313e+01 -3.930038573882748665e+01 -2.184221901778172992e+01 4.913039212647959886e+01 -2.747907040131267209e+01 -3.291596579301713010e+00 -4.100323901698797791e+00 3.229495411668494143e+01 -3.334486869076631166e+01 5.005265670007283951e+00 8.876345783360124031e+00 -7.664187089711880674e+00 -8.813684826039658304e+00 8.029646902276856054e+03
-2.060755880617726632e+01 -2.894046591593069806e+01 -2.872484416022021136e+01 5.076036186242647119e+01 -3.196224551412566228e+01 5.452835487270220050e+00 -1.696554095278033003e+01 3.887257340464419286e+01 -3.484056856254517243e+01 1.315508004633106154e+01 -1.242669954628902174e+00 -1.982746063290120375e+00 -6.001653297957070698e+00 8.942594853554312067e+03
-2.366539940397115416e+01 -2.702385863733809401e+01 -2.143392866692122567e+01 3.871095536991183650e+01 -2.455232828518398946e+01 2.250763689144389623e+00 -1.512728318276224826e+01 2.408857658485429099e+01 -2.214962075681483000e+01 1.116495070637937959e+00 -4.803868437308682182e+00 -1.534552644882979155e+00 2.300686474085667843e+00 5.187845831082382574e+03
-2.761733281266254281e+01 -1.654937561082664033e+01 -1.411721860265057593e+01 4.804419651605242336e+01 -7.953914630580857903e+00 1.285697196505431172e+01 -2.827370588862984846e+01 3.540036297146137212e+00 -4.548445284320039406e+01 -3.472261117959243748e+00 -4.637276410875457167e+00 2.720588226117810393e+01 1.291219453831049080e+01 7.593921550096027204e+03
-2.601260376355270765e+01 6.018574913540560622e+00 -3.020512626570969772e+01 4.412162016879043591e+01 -8.456178116834838221e+00 1.139600888055187777e+00 -4.180489294783530596e+01 -8.138848134893407860e+00 -3.361482508274001191e+01 -1.248060744299649905e+01 5.383790157291528544e+00 2.498621422339821052e+01 1.633593900507448993e+01 7.664522407808695789e+03
-2.433787360652109300e+01 7.174205995869602503e+00 -1.773698008991499009e+01 2.056415549857430136e+01 -1.667886317877354330e+01 -1.077385107454058755e+01 -2.976363991141081300e+01 -8.740516377460734176e+00 -2.155811876875911892e+01 -2.445606414415187757e+01 -2.641646678228145806e+00 3.768299358324838977e+00 1.009635746029880643e+01 3.923783878134637234e+03
-3.080078027931537576e+01 5.926665225622524069e+00 -1.315096827045838523e+01 2.249170286464362434e+01 -2.521968130711069023e+01 -1.603434648370826210e+01 -2.743631695152732064e+01 1.529844644716484048e+01 -1.953148840194711866e+01 -2.203805473585194008e+01 -9.879977709189741830e+00 6.879156989815875534e+00 1.466525971631752867e+01 4.769726133374025267e+03
-3.855462745918025291e+01 -4.077175418680957897e+00 -1.322418796009236175e+01 2.557744613444248927e+01 -7.309307474835870622e+00 -3.899304395275023261e+00 -1.626846050644757824e+01 2.901003570256081332e+01 -2.497574721660080854e+01 -1.663286723936183265e+01 -2.564071162784631852e+01 -8.992971464732669062e+00 -8.496159457863775799e+00 5.217987660828526714e+03
-4.352188815954276180e+01 2.057313406772193876e+00 -1.867147398469199615e+01 3.861796863829145821e+01 -1.240905103250293173e+01 2.072342107879154227e+01 -1.997481211602054074e+01 3.136047972779958570e+01 -4.999571812502437496e+01 -4.177560032264115542e+00 -2.748114062837938221e+01 6.753406897737246339e-02 -1.102510460378916513e+01 9.098070687770530640e+03
-4.666819080079041271e+01 3.610768373371680440e+00 -1.700788253496490299e+01 4.625782302798781842e+01 -9.779468045868286552e+00 1.634405631367950207e+01 -3.222427603351231795e+01 1.734424498122554681e+01 -5.061567427879549541e+01 -5.415685186950276453e+00 -3.526489127012943214e+01 -1.802818658462188850e+01 -1.148509036399753569e+01 1.061381640960902587e+04
-4.473045899932653668e+01 4.053905666883017567e+00 -7.634287106303896842e+00 3.526254048807555819e+01 4.044985340378741689e+00 9.932806043484958991e+00 -3.379507703775441030e+01 -2.963352280428551561e-02 -3.885908355623627841e+01 1.973898313276919891e+00 -3.166646536101214693e+01 -2.006346362977450326e+01 -9.705482587317288079e+00 7.589536510093759716e+03
-4.403659351491651819e+01 4.365042844135190947e+00 -7.362183103863343403e-01 3.396754456243616715e+01 1.476204220656939903e+01 2.598378201313448876e+00 -2.724895060285762938e+01 3.463651670200612820e+00 -3.256455155379211419e+01 1.140974692321578488e+01 -2.216467792296377226e+01 -2.198711848761704601e+01 -1.299121342979902671e+01 6.425893215613051325e+03
-4.621766687926344019e+01 7.858816117605237572e+00 -1.237959133193081041e+00 3.628334224235019434e+01 -3.145769973039715811e-02 8.822114955599854369e+00 -3.546539057883632040e+01 1.215884874128232873e+01 -3.985607986368476219e+01 1.033192422865778504e+01 -2.523857343885532245e+01 -1.028141052460088289e+01 -1.268420053660501523e+01 7.598147118347174910e+03
-4.588754998166218968e+01 1.259583380917643325e+01 2.231812492093653955e+00 3.475204976151819380e+01 -1.936609598310073110e+01 7.730322297705932044e+00 -3.886902872529999797e+01 1.791697511178191249e+01 -3.156072956928731443e+01 1.469384072371786232e+01 -1.619521651385538163e+01 -1.171250457969579628e+01 -4.846397547357016222e+00 7.378575146759081690e+03
-4.297039206044594550e+01 1.545798033455416842e+01 -7.892638742096581561e-01 1.753090668513852179e+01 -3.679681805616245072e+01 1.084797674996806016e+00 -4.196990288280201042e+01 3.661960402649835089e+01 -2.410260218293231205e+01 1.677092075197839449e+01 -1.785025292200884550e+01 -1.376017382588858595e+01 1.195348954036641986e+00 8.222612115699537753e+03
-4.142355272680434553e+01 1.572349766437739937e+01 -2.236813843497154508e+00 1.092867738860414129e+01 -3.890619629205374252e+01 4.815103658802367903e+00 -3.368785153559683465e+01 4.600092466306681160e+01 -2.309918430902525799e+01 5.322776910702400777e+00 -2.457925471736854917e+01 -7.587357809596109171e-01 4.020056080729537684e-01 8.042193489787998260e+03
-4.128679067301766281e+01 1.434765385403425419e+01 -4.133887673769890192e+00 6.714711515207899772e+00 -3.676420202817247684e+01 2.060517981486322370e+00 -3.359854743290372170e+01 4.421200907788716705e+01 -1.666706850742412627e+01 1.089068591841031441e+00 -3.199514041022452560e+01 3.070754644054984439e+00 1.024682590804227367e+01 7.829140282821741494e+03
-4.311727041714980402e+01 7.770647803230021466e+00 -1.402415851642617284e+01 -2.810630162426404066e+00 -3.857412694656387231e+01 1.965954767281370419e+00 -3.193284966012889470e+01 4.400901577144571775e+01 -2.423114255622486368e+01 -9.645346145753867617e+00 -3.842183782362217670e+01 5.851426825434811185e+00 1.672314933566616091e+01 9.042708757128262732e+03
-4.399686374315925264e+01 6.097489080139901763e-01 -2.166777277281854808e+01 -1.695778057797867078e+01 -4.303894325645038066e+01 -9.032438453014345114e+00 -1.945832575959418165e+01 3.790559576312855228e+01 1.142612044975057639e+00 -1.516215337081693626e+01 -2.217931180816004400e+01 9.750603099264132823e+00 1.434492157816487712e+01 7.466520089886119422e+03
-4.459085488850828227e+01 -4.637966883013757702e+00 -2.761629445846448405e+01 -1.673565836089461456e+01 -4.517820184307421982e+01 -8.554863676455942922e+00 -2.254024970140549655e+01 4.567963061794683455e+01 2.262913937578164170e+00 -1.450430992324320023e+01 -2.376602193165418697e+01 1.347287078993404918e+01 9.472225364645478152e+00 8.813105066150345010e+03
-4.544097238879371048e+01 -2.821601526453364261e+00 -2.605640623878667483e+01 -7.597035830477220308e+00 -3.690106484337331239e+01 -2.622089132275265300e+00 -2.542285029758828685e+01 5.256062822774377707e+01 6.096573268222535980e+00 3.454151893734034862e-01 -2.133087514006798813e+01 1.966431393879557632e+01 4.421480217738628760e+00 8.485528042752939655e+03
-4.638897105920068498e+01 3.085751482053377792e+00 -2.463680349496353017e+01 3.995466401936339285e+00 -3.519647911410230989e+01 7.947085368996900989e+00 -3.163517399395608365e+01 4.357689494456633383e+01 -9.157334187361756861e+00 -1.786247802517316963e+00 -3.176916545428116478e+01 2.191736104574487953e+01 1.030670506785250140e+01 8.668998859745759546e+03
-4.467361784909977018e+01 1.237712881239732710e+01 -1.658422410548939752e+01 7.804177859192884981e+00 -4.906413734069195698e+01 -1.902462687042573708e-01 -4.648833176185275562e+01 1.971113280085491581e+01 -2.907031775419555331e+01 -1.009271813309982058e+00 -3.728548462704724642e+01 1.406644530289914563e+01 9.272968808092436177e+00 9.962048845299283130e+03
-4.239310737131457785e+01 6.651098348751996348e+00 -1.625762028509284196e+00 3.201706574069565825e+00 -3.535869445932105037e+01 -2.584502377128722106e+00 -3.167239988315116506e+01 2.285904174220584650e+01 -1.256053535987445180e+01 -2.041552552024700873e+00 -1.433507839170852094e+01 1.728782006672788896e+01 2.857592165373745630e+01 6.119781798001374227e+03
-4.476033517381498683e+01 9.995184982595958445e+00 -6.084779203117604673e+00 1.798709927660855357e+01 -4.071558724001280183e+01 1.121935759533910471e+01 -3.826491565486478663e+01 2.404067714211612738e+01 -2.981524601099265936e+01 1.192180592560159091e+01 -3.155404159994098023e+01 1.173332162940192092e+01 2.043994286155810869e+01 8.871940555879684325e+03
-4.717223910087700034e+01 6.748330453871679069e+00 -2.595119161229461735e+00 2.655515865745924131e+01 -3.682693363181800805e+01 9.292909686859177398e+00 -3.395752625344162112e+01 9.801501947519165370e+00 -4.221787471147408866e+01 8.207996882130757399e+00 -3.605018673897173898e+01 5.493898723526214667e+00 1.622742380657550854e+01 9.117283769807723729e+03
-4.776302536833657797e+01 3.968325368205221970e+00 -1.802720467604765231e+00 2.462022667283092048e+01 -2.618526130144120145e+01 1.661725718028610288e+01 -2.180630900265056837e+01 4.557388058210520398e+00 -3.750297065994259782e+01 1.004417968878543910e+01 -3.959654538280028646e+01 -5.261830489102581332e-02 1.557156094537204893e+01 7.682266644077657475e+03
-4.962245663033627352e+01 6.883327413159483488e-01 8.907605789789422301e-01 2.353702335028295067e+01 -1.934038595409522898e+01 6.039938475490000513e+00 -2.618245485908285985e+01 3.128428463679061355e+00 -2.653483356903105062e+01 1.330467418447117112e+01 -3.969123727637588672e+01 -3.047710956958317396e+00 3.113510686509146197e+00 6.598974874427388386e+03
-4.637145122434361610e+01 9.363285296398602853e+00 3.682770356342234486e+00 2.882305286782224840e+01 -2.205546452425351944e+01 -4.778631733980846619e+00 -2.358300698506725013e+01 -1.775825624002870384e+01 -3.875886129240330291e+01 1.391647295991295685e+01 -3.594605726614770447e+01 -2.119633665053936689e+00 1.275961795428158752e+01 7.618443772608299696e+03
-4.373896095035120624e+01 1.629665360912214567e+01 4.201011530345046374e+00 3.578941489717815472e+01 -1.963878331449915393e+01 -7.139121065253223541e+00 -1.492613498116607040e+01 -2.074054904428513169e+01 -3.174697466501620369e+01 1.198862838264574826e+01 -1.595660800683679525e+01 -8.778816621788673169e-01 3.029637044320756090e+01 6.891668768432147772e+03
-4.024369249056206144e+01 1.888773519676935919e+01 -1.926659126055726701e-01 2.890578900169279208e+01 -2.682887106081517103e+01 -7.973348134828436073e+00 -2.976019398324282506e+01 -1.300301808534746861e+01 -3.844445682653186225e+01 1.414759290542625259e+01 -2.460292051194637963e+01 -1.920324222020299487e+01 2.251617537454785634e+01 7.809170320914673539e+03
-3.944910236739718812e+01 1.781201378399912727e+01 -3.321866337716891104e-01 3.176749302792051566e+01 -3.067362426271053977e+01 -3.982783216161452255e+00 -4.051500940257045613e+01 -7.846753077630425288e+00 -5.146875088133348441e+01 2.337840655457189598e+01 -3.881474147829963783e+01 -1.164683310612614875e+01 2.025055680575333739e+01 1.079045492086979721e+04
-3.690750773565852683e+01 1.147800052861007458e+01 3.698376153248561060e+00 1.803446268114167239e+01 -2.558798168952460372e+01 -1.354317151151837706e+01 -2.345917187444324981e+01 -1.624593443695095729e+01 -4.479127522808425255e+01 1.935450616591541717e+01 -3.214913060136778711e+01 -2.035312126756997486e+01 8.849016503362950203e+00 7.392230368376557635e+03
-4.027822269359377572e+01 1.219934680432060681e+01 1.999003393070098333e+00 2.860452793351712941e+01 -2.854025402746085049e+01 -5.558878156105204305e+00 -3.347503868088815437e+01 1.470614681834864212e+00 -4.186657810600190999e+01 2.832675499958863696e+01 -3.341768041608812467e+01 -9.839823383122979550e+00 1.205051561823152984e+00 8.331793516189676666e+03
-4.095930306813880861e+01 7.299082123152842883e+00 3.800378154283083898e+00 2.016829482186533085e+01 -1.579231174241521352e+01 -9.594280447241683163e+00 -7.159013987613551677e+00 8.399586727324310775e-01 -2.291210093060984576e+01 1.491142745396413005e+01 -1.725756667163421909e+01 -1.037817566206773279e+01 -4.901516895719249867e+00 3.722418480269045176e+03
-4.634175707601320227e+01 9.035792738078384900e+00 -3.182415108991849539e+00 3.700817902779782287e+01 -3.325888634887868989e+01 9.483523029473457377e-01 -4.094627241963743813e+01 2.329529096672469990e+01 -3.213909197069227019e+01 3.855930447497021873e+01 -2.343713639107970081e+01 -5.255392740659241113e+00 -2.228285642043829995e+01 1.052844317934345418e+04
-4.786220867401895873e+01 2.277749076452425747e+00 -2.189029141475484219e-01 2.581369579070252129e+01 -2.486812538541958517e+01 4.594438299467660247e-01 -2.956262926864905083e+01 2.079097308044178405e+01 -1.172639841672513761e+01 4.208302954567650289e+01 -1.407346112259491200e+01 -2.029472437163293108e+01 -1.987908231086027300e+01 7.800828182978192672e+03
-4.914434308662588791e+01 1.186396309976561980e+00 -3.136721852405965905e+00 2.528802484116506832e+01 -2.220585638256995509e+01 4.214924651436933623e+00 -2.252929441617241935e+01 3.118573583232808843e+01 -1.469019407447894920e+01 3.058740137197508346e+01 -1.960080387627943210e+01 -9.072928576502459208e+00 -1.722124884277353729e+01 6.971353973653579487e+03
-5.276013804943723073e+01 -5.165469086124129028e+00 -1.657345605951816481e+01 1.983562182651467865e+01 -3.103481203471173444e+01 1.604234612317153719e+01 -2.722432524911483043e+01 4.503599774952521528e+01 -1.429995984332458114e+01 5.005865526808878485e+01 -4.883388645137615391e+00 3.202117789526063962e+00 -2.226662339208316155e+01 1.070862836165939007e+04
-5.413074930922266503e+01 -1.220718292660007265e+01 -1.763205077418936284e+01 6.123640794540677668e+00 -3.371531317030176211e+01 -6.752634918000519626e+00 -2.965052406912845129e+01 2.521450468612284723e+01 -2.014339342725528326e+01 2.322058563324097591e+01 -1.475078570609738726e+01 -9.973386298233934966e+00 -3.766757335493698378e+01 8.805638863079777366e+03
-5.622407958361866775e+01 -1.689025962234146405e+01 -2.128974405500696676e+01 2.458519430092794167e+00 -3.507702489272201518e+01 -5.481171422486651679e+00 -2.184255385545528938e+01 2.760425897301386655e+01 -1.504528415054847024e+01 1.946528750134018182e+01 -1.311297794200665656e+01 4.176296378712880397e+00 -1.607547013208364817e+01 7.458329077314529059e+03
-5.760627713056910437e+01 -2.210170760938767387e+01 -2.736761611575768072e+01 -2.045799490352329997e+00 -3.859346968568905112e+01 -5.609326968566153759e+00 -3.469156877975488840e+01 1.419635166066437293e+01 -2.132786531093426774e+01 1.870581330226773886e+01 -1.069789413529614919e+01 -3.835905382705947275e+00 -2.223636271688735633e+01 8.914502373735900619e+03
-5.712195646336709132e+01 -1.686527546962530621e+01 -2.095962242649518359e+01 1.457535764113226939e+01 -2.565412977676330186e+01 2.389475736293338670e+01 -2.998333853878946087e+01 2.020439944529865528e+01 -2.454931103859551556e+01 1.770127286897808716e+01 -1.909032521602344445e+01 4.610021214063543482e+00 -1.551450519105586601e+01 8.277810817833300462e+03
-5.777967967089722379e+01 -1.569211356155024895e+01 -2.178489556762175638e+01 1.540606206020455460e+01 -2.952831717266508704e+01 2.604680125472301810e+01 -2.933677627270414945e+01 1.627748114144226577e+01 -2.590167210571118872e+01 1.620939692407895194e+01 -2.102617981227350086e+01 7.653190877701913308e+00 -1.042360751308015310e+01 8.515586767241851703e+03
-5.795372786679153165e+01 -1.555503995095478054e+01 -2.332493656451105579e+01 1.164399178356794984e+01 -3.320825028397363354e+01 1.786662524576067668e+01 -2.827505418897602496e+01 2.024846350405610806e+01 -2.644275068650578220e+01 2.173143453455059770e+01 -1.172403233951881774e+01 1.884015589997296658e+01 -3.448123207559139036e+00 8.587480473274339602e+03
-5.904323228951295022e+01 -2.051783826307793390e+01 -2.560975974945355915e+01 3.073158210497186626e+00 -3.098736545042953594e+01 8.843956236095923629e+00 -2.284285230325407312e+01 1.478160762701066844e+01 -2.400538010868955752e+01 1.240581250180232686e+01 -4.912640658037413566e+00 1.091130506341518824e+01 -6.175394167637092480e+00 7.262601834386463452e+03
-5.967106848849309841e+01 -1.829818753291447209e+01 -2.485663798521994039e+01 9.394025494525353182e+00 -2.764280851037436904e+01 9.756628771926257215e+00 -2.805501197330322327e+01 1.984862942067143976e+01 -2.511505581612848204e+01 2.178720788882084491e+01 -1.492871871468758016e+01 2.281686918246386142e+00 -1.726642678660774166e+01 8.273579390374339710e+03
-5.999477221300210061e+01 -2.193336191305120764e+01 -2.442358326549394221e+01 7.446542873058514367e+00 -3.034494100609327560e+01 1.133396185300593828e+01 -3.142205297781301354e+01 1.007088980892288532e+01 -2.744704812622627799e+01 1.064439241807119352e+01 -2.138239138850320131e+01 1.890183205480471251e-01 -1.286295961958087197e+01 8.359791509203218084e+03
-5.923931269749279949e+01 -1.865557707960186917e+01 -1.861037739597265883e+01 1.471940644713096802e+01 -1.954843258602404532e+01 1.529172968564934898e+01 -2.535850699455249568e+01 1.579458446916090431e+01 -1.617207378744449287e+01 2.336514085681549702e+01 -1.173114386150156641e+01 2.134802240561477049e+00 -5.443585964043082370e+00 6.908110309815049732e+03
-6.009970966213555954e+01 -2.226438340272606808e+01 -2.464345182520958843e+01 5.258060395313643554e+00 -2.456855216190241720e+01 6.339625482753705299e+00 -2.528003807933209757e+01 1.202986360540778854e+01 -2.327993621373431310e+01 1.681169326144069842e+01 -1.160517459603596713e+01 1.654380332888945260e+00 3.015375463259927225e-01 7.132323774024144768e+03
-5.959128803746229863e+01 -2.010371995517480670e+01 -1.837591822975096534e+01 9.955107322109041590e+00 -2.324364186120389775e+01 1.055409743798589695e+01 -2.123042629071563425e+01 3.751104784802096859e+00 -3.291527313158216828e+01 7.880281694672417458e+00 -1.016847661015819249e+01 2.358892943997636937e+00 -1.001822254308326748e-01 6.763003719760492459e+03
-6.063764982567391826e+01 -1.983913325056986565e+01 -2.332564480792573036e+01 1.035781188835432332e+01 -3.438605302649288120e+01 8.890645206651321075e+00 -3.600988505913828419e+01 1.317627258337450513e+01 -3.193895977381144036e+01 1.968674254371815735e+01 -1.526729722215682905e+01 2.227270715272040569e-01 -1.430861770220463214e+01 9.299197449211735147e+03
-5.970843460396171309e+01 -2.198561152202299240e+01 -2.358760578237631123e+01 1.196461489468793271e+00 -2.970365537188020255e+01 7.542738695084616474e-01 -3.002000238424141543e+01 5.050597472085758710e+00 -3.351661265179016169e+01 7.840031031152926211e+00 -1.953195467720070511e+01 3.745744738450280664e+00 -8.779768229828169845e-01 7.996984203669132512e+03
-5.823913031191470679e+01 -1.853101358700975254e+01 -2.230785560641698595e+01 3.797280703761257925e+00 -3.339857500370979437e+01 2.717355416664815504e+00 -2.114574909891433308e+01 3.317811073981830816e+01 -1.915419962340799742e+01 7.890351540256323126e+00 -2.879875843885517028e+01 -6.725456861179696766e+00 -8.173285684345534818e+00 8.288576963638055531e+03
-5.488713723314451443e+01 -1.046849641582129564e+01 -2.314864352234542721e+01 1.471703757668221613e+01 -3.437649312274248814e+01 8.721372855917415734e+00 -1.054529233332829463e+01 4.731329305631098947e+01 -3.402892938538580836e+01 1.116370318325362199e+01 -1.931159473237326196e+01 -1.256056640435399174e+01 -1.309631217703467598e+01 9.467009872977134364e+03
-5.337220131988453886e+01 -1.351149593524721304e+01 -3.522727912147395557e+01 5.428268791964195650e+00 -4.698563902888496813e+01 -5.627809179632495606e+00 -1.329309319499044584e+01 6.487136166854145358e+01 -2.364884548140538811e+01 1.505771447666428386e+01 -1.397736258430754219e+01 -9.094296535753501942e+00 -1.702178249130017917e+01 1.227971872639366302e+04
-4.921121253488758640e+01 -1.783081062032561093e+01 -3.249608454343304942e+01 -1.143621471935537759e+00 -4.361830555553580524e+01 -1.592933084212911332e+01 -1.771855270056856213e+01 4.397733919978954731e+01 -2.992755162625472565e+01 -5.863242328846496321e+00 -1.196877800960976046e+01 -1.303004178171305050e+01 -1.515154361854523657e+01 9.673877127617181031e+03
-4.253199910578875631e+01 -7.004910750217518967e+00 -2.340330859958586629e+01 1.534091215142942133e+01 -3.472689378114444736e+01 -9.344420886526773273e+00 -1.441389077690671172e+01 5.459584671304702397e+01 -2.327324635835391220e+01 -8.583583989044063500e-01 -7.689476519913617025e+00 -1.328275923033122830e+01 -1.843869559001919711e+01 8.240766252813473329e+03
-4.161861996629848903e+01 -8.801473483293444033e+00 -2.766634118961511390e+01 1.588479273759054600e+01 -4.583195672531898879e+01 -1.565657460844516891e+01 -1.764370822096605451e+01 5.816271057589109716e+01 -2.674857224711499271e+01 4.086174277759901940e+00 -8.259739587750644318e+00 -5.755832615059790491e+00 -2.196512372989087325e+01 1.018322897068229577e+04
-3.925315556557531949e+01 -8.448933041696138346e+00 -2.883301654144639770e+01 8.058670922237443079e+00 -5.432766580869469664e+01 -3.047403485811700818e+01 -1.498397266121825488e+01 5.372176612807657392e+01 -2.160610273131693759e+01 5.185494676491214427e+00 3.190176092380053507e+00 -2.188289449937189701e+01 -2.849127603503067618e+01 1.129369351224888305e+04
-3.839376469100961486e+01 -7.421557602992570501e+00 -2.578729315026063063e+01 4.371463689752500770e+00 -4.298938474756906203e+01 -2.114662164189986981e+01 -8.072092747897828824e-01 5.203575364157910599e+01 -2.185575905071445746e+01 7.726032190518822951e+00 5.060991727800129070e+00 -2.234827769758832261e+01 -2.720100538399110590e+01 9.019212543221186934e+03
-4.284292971602775424e+01 -4.045347137633876322e+00 -2.457284781842014709e+01 1.269431082584224413e+01 -4.819686162193910661e+01 -1.438193521943873243e+01 -7.983555217058944109e+00 5.749974541998720667e+01 -2.584660205442551728e+01 2.661093888777250172e+01 2.156559793762831134e+00 -6.275972841743319819e+00 -2.708390304032086604e+01 1.067035254089490809e+04
-4.619405356303795429e+01 -8.375402121540311384e+00 -1.681885554838558861e+01 9.957628583651754184e+00 -3.878890944980945932e+01 -1.843261684762326880e+01 -1.364748516897515174e+01 4.826161678806989386e+01 -6.812746266717986998e+00 2.531449741450808943e+01 -4.368459254166049632e+00 -2.246440025155222742e+01 -2.463238335260476219e+01 8.763568896433194823e+03
-4.235115545932960401e+01 6.122662230354923629e+00 -3.922835030802104939e+00 1.907010533586362655e+01 -1.612564864161404898e+01 4.046799961853551508e+00 -7.247423457587685469e+00 2.631012955916216356e+01 -1.984519536337315060e+01 1.385848700409341205e+01 -5.302371301342682308e+00 -9.063769959401962950e+00 -1.577209377516192923e+01 4.176241562364513811e+03
-3.270802391548762245e+01 1.508351890061491751e+01 -1.024541248305641972e+01 -4.283700913943093269e+00 -3.079085131750459681e+01 -3.310858902627600031e+01 -3.261561835999238212e+01 -4.650113058051339898e+00 -4.313341662971901513e+01 -1.558121781407174744e+01 -1.662766235602900622e+01 -2.911487109119192240e+01 -3.145449066052278297e+01 8.767109081492460973e+03
-3.068712044670996519e+01 1.999855727441751085e+01 -4.433389402731878093e+00 7.800136044078404218e+00 -1.953072264353948029e+01 -2.302420839735601632e+01 -2.126912425889232239e+01 2.088790128015108749e+01 -2.604128573348840803e+01 1.047744063158682692e+01 1.764569972799753528e-01 -1.488880442522390091e+01 -1.606203346053028014e+01 4.490003962217976550e+03
-3.002531178342626461e+01 2.110769224823027201e+01 -6.185817219067428319e+00 7.169290053017013165e+00 -1.997283807822423540e+01 -1.387276049851482007e+01 -2.862468961253473054e+01 2.155634826973643925e+01 -1.200293484291781532e+01 -1.067004146280473087e+01 -1.827365777025936211e+01 -6.580294405665034763e-01 -8.358283836257351496e+00 3.974274534556152958e+03
-3.085227017006589989e+01 2.071221052369821436e+01 -1.025684586167916379e+01 4.256061982753784001e+00 -1.564451258437578751e+01 -5.376926596623668786e+00 -3.567647371125538314e+01 1.652511364249777870e+01 -1.457156537186154388e+01 -1.157778623001421003e+01 -2.660713584383097441e+01 4.369963009452722424e+00 -9.785489026535142187e+00 4.492895162430395430e+03
-3.239384238459157928e+01 2.781910269728586016e+01 -1.814984717544643189e+01 7.943241486959073949e-01 -1.346524720160180522e+01 2.357825429452594790e+01 -4.946974088438005879e+01 1.816307126195690103e+01 -2.168947108948083979e+01 1.709116091935320103e+00 -2.510137091752860172e+01 2.567042695860246937e+01 -7.030761380718034914e+00 7.479546263003396234e+03
-3.611848148679317205e+01 2.423366464410398535e+01 -1.639736167604198513e+01 -1.893447453969234751e+00 -1.030873777298666205e+01 3.469438505760357572e+01 -3.821369871133978080e+01 1.009863001299694396e+01 -3.384216248914516001e+01 -6.163534866599637674e+00 -2.292989614704743317e+01 1.343460576522042516e+01 2.201929806397131539e+00 6.930911734775578225e+03
-3.767007987628545607e+01 1.992334492401622370e+01 -2.244819865890688604e+01 3.036197370174598564e+00 -8.578029202531817887e+00 4.352477497259584993e+01 -4.477677975447084435e+01 1.178210028161679013e+01 -4.121849437693919072e+01 -2.219091304773998519e-01 -3.426607622463284741e+01 4.936998049645163533e+00 -7.641854341199369571e+00 9.396830611699124347e+03
-3.711266038963256619e+01 8.409921833109427425e+00 -1.664982975753448713e+01 4.726621105400509393e+00 2.120638922127022497e+01 3.623327986241874044e+01 -2.888251778999741859e+01 -9.101919532060669837e+00 -3.324395245812947763e+01 -1.594932740796975779e+01 -2.919604059882664160e+01 -1.470795093837521605e+01 -5.413365269617838038e+00 6.884818961715379373e+03
-3.978357595118574608e+01 1.523767217504403604e+01 -2.878752643130620825e+01 2.149313790719893902e+01 1.275073911734792986e+01 4.073023755997848383e+01 -5.798192011438435856e+01 8.704443579659416841e+00 -4.113018150786126625e+01 -3.776543793138983585e+00 -2.451057126056388213e+01 -1.061163133989496288e+01 -2.355667372234633916e+01 1.133904603578738534e+04
-3.525836010577015855e+01 8.494271600627973484e+00 -2.029350879054978662e+01 6.997869347157387843e+00 2.439990763904478754e+01 6.936674122751999683e+00 -5.006528934972683231e+01 -1.252028203486466218e+01 -4.265990051642673109e+01 -1.853816047738360595e+01 -7.967822176461674566e+00 -1.453088659301505281e+01 -2.437379836236482689e+01 8.115110290369655559e+03
-3.242257868197006587e+01 9.543379648116887992e+00 -2.247328795745731256e+01 2.469230067193666756e+01 3.831952867411560248e+01 1.030977530793435193e+01 -8.135220617680974442e+01 -1.923423616871599506e+01 -4.619416202614419831e+01 -1.061602127453542010e+01 2.061209049879370259e+00 2.908396100622999469e+00 -3.065981106532941425e+01 1.401920500130948676e+04
-3.056118899705928271e+01 1.231925115684731331e+01 -2.746564724257171974e+01 2.537482893765261593e+01 1.412060365158791875e+01 6.778850397072668343e+00 -7.337485225243715092e+01 2.422873043948785554e+00 -4.620810797096680744e+01 -1.130462363262659053e+01 -5.911486579191623569e+00 -1.673565259497025792e+01 -2.652884774246107824e+01 1.140086872272323308e+04
-3.121251304296334084e+01 5.473064461713377682e+00 -2.052329031802207382e+01 2.817430214077612760e+01 2.161289267874142439e+01 1.629409888763120540e+00 -6.249248525512162189e+01 -1.325793423492138601e+01 -4.461622407095254061e+01 -1.236596847240771524e+01 4.473616191914164375e+00 -2.478504806889819534e+01 -2.625045509157011026e+01 1.023695066045899330e+04
-3.502643522629985995e+01 9.339677627283466066e+00 -2.212980458052703980e+01 4.046217223074045677e+01 1.043808549610537639e+01 2.538562535577440826e+01 -6.703112584638553528e+01 -5.675118516773486554e+00 -6.430418384877462756e+01 -4.339528498013064173e+00 1.279975612922658890e+01 -9.710588899015245801e+00 -2.815767334127889754e+01 1.392460221095691486e+04
-3.475890295330020052e+01 9.238615121905395355e+00 -2.756391835989682093e+01 3.492543756461948590e+01 4.832944245122441806e+00 5.747990362937771636e+01 -3.528701555515601740e+01 3.471811502753169076e+00 -8.580929971077490848e+01 -1.022415337895102461e+01 1.361606371835096141e+01 8.789709174881490839e+00 -2.403010979372251299e+01 1.616548432596777639e+04
-3.273336810703096234e+01 6.166225219208592456e+00 -1.095171278839856122e+01 1.960373941242416507e+01 -2.340367942554035352e+00 1.429896121932146258e+01 -2.830432309285336956e+01 1.929055682415901751e+00 -4.772174717094213037e+01 -1.451857786889361890e+01 1.691969182558534612e+01 -1.731224627636687075e+01 -1.896392974877091575e+01 6.062310639168015769e+03
-3.511127730900862076e+01 8.119693979646342541e+00 -1.041490733877244246e+01 2.425130985131941230e+01 -8.683499160292175389e+00 2.750644753447468105e+01 -3.789085307007722037e+01 2.294558193777780275e+01 -5.283407234024171117e+01 -1.679059555353650035e+00 2.552562168331887538e+00 -9.118350058795199331e+00 -2.125662518091308684e+01 8.125314275992262083e+03
-3.738370930752705590e+01 6.089847518293047379e+00 -5.166672222166162065e+00 2.170336011359630390e+01 -8.147612719281202232e+00 9.064761861823866340e+00 -5.029832160710795108e+01 3.851259505564871066e+00 -7.263329203510400589e+01 -2.570066083920445976e+01 -6.651825544267647494e+00 -8.707822870360256928e+00 -1.934573226389366241e+01 1.105611456183144583e+04
-4.040973745888508262e+01 6.428170211265006095e+00 1.377062734375753106e+00 2.036367235970605094e+01 -1.241179354267708135e+01 1.633465681059119490e+01 -4.194383451262648066e+01 1.146055254035111481e+01 -4.343437647352889286e+01 -8.915891376361301468e+00 -6.741558461050161988e+00 -1.644455078171807116e+01 -8.755498674786668545e+00 6.760915654347222699e+03
-4.375587530557616844e+01 1.196266077621243262e+01 6.441632070929213860e+00 2.947611628785189808e+01 -2.131364560605796754e+01 2.432609479254360352e+01 -5.012584872663543933e+01 8.319534552787663628e+00 -3.447464936178325701e+01 1.419361759185055583e+00 -1.506424316353890980e+01 -1.413198920729748131e+01 -3.403147004211164006e+00 8.224605661372084796e+03
-4.491859604615567747e+01 4.454357072414703467e+00 4.040918983315987312e+00 1.420955974044015235e+01 -2.272966342825927200e+01 7.907190199940023589e+00 -3.849738023819916322e+01 6.413687074644548680e+00 -2.685845620188823091e+01 1.260151387128752098e+01 -7.180105015220591191e+00 -6.226963731570979377e+00 -2.396555505547796283e+00 5.334354390481137671e+03
-4.981818921895033725e+01 2.937572641057428324e+00 -2.064704624870577376e+00 3.100413788362507006e+01 -1.768335569718894362e+01 2.970853252299154690e+01 -3.555278693177734795e+01 1.637510245659364827e+01 -3.696690502598016081e+01 2.077579585641701954e+01 -2.450121752451363122e+01 7.613057447113140697e-01 -1.254252855219083962e+01 8.739833523405013693e+03
-5.102622542090117008e+01 -2.121026095684597657e+00 4.318773291104637480e+00 2.660754602075417097e+01 -4.898240223494667589e+00 1.591377168258255814e+01 -2.547044060734951287e+01 1.417838306172496310e+01 -2.331559488190421092e+01 1.022458287757118534e+01 -3.121027937272076969e+01 -6.021548596946280085e+00 -1.353396783318756569e+01 6.303466448875480637e+03
-5.292716740680634047e+01 -8.354379364323313295e-01 -4.058930003059072478e-01 2.791262440392628363e+01 -1.638442968513026088e+01 2.333315913867253855e+01 -3.327705405292802965e+01 1.533717941181303956e+01 -3.665166704473663373e+01 7.918330845810925389e+00 -3.717533368145080885e+01 2.870457627986415794e+00 -1.823225451960467680e+01 8.865444333476199972e+03
-4.808022597631463668e+01 -6.757544116482507413e+00 3.062594797996217810e+00 3.378691956148974640e+01 -1.751044588141907710e+01 2.495740319842146704e+01 -2.386697487026479791e+01 1.126215238753113823e+01 -2.965043690640771956e+01 6.778943929115737177e+00 -1.943227522983007560e+01 1.038000928125821609e+01 -7.670084122232209367e+00 6.603554801267442599e+03
-4.625744974926584518e+01 -1.502884500845254712e+00 2.575524858213541712e+00 4.594762153884656897e+01 -2.995970727359295438e+01 1.938362355030107054e+01 -3.077886195492708055e+01 1.131573394791502096e+01 -3.906239926121794781e+01 1.764542152900727690e+00 -2.986265847857881184e+01 1.658672172314343385e+00 -1.350733137574435538e+01 9.214482883110484181e+03
-4.649736197293083961e+01 6.470687592193843152e+00 2.635117900030101268e+00 5.382290033376686722e+01 -3.063356852379776285e+01 1.480058418226855288e+01 -1.897618976085588471e+01 1.068691853354817134e+01 -3.658192603581034064e+01 1.499049926539118616e+00 -3.188784347958157284e+01 -8.059908623944549433e+00 1.758615614291586526e+00 9.164875614119739112e+03
-4.316887269068880073e+01 5.055094174234595172e+00 1.920348589376687842e+00 3.548883770053129183e+01 -2.977080106269829685e+01 -5.827355148802969786e+00 -1.798304923135491862e+01 -9.930666903760199560e+00 -5.093281050013730749e+01 -8.597202209786161120e+00 -5.654912187465664886e+01 -2.931489323433812544e+01 -3.246822136527306668e+00 1.123028883069096810e+04
-4.110681357363516497e+01 7.005447485035497301e+00 6.660662039178226301e+00 2.975411829526935747e+01 -1.947372121002830170e+01 1.327701611865241160e+00 -3.292293757457203096e-01 -4.204724356633124493e+00 -3.495349042460057376e+01 1.189092574150548920e+01 -3.393759622747723625e+01 -5.974143125699093559e+00 4.729852312489352784e+00 5.640258033741608415e+03
-4.623114559040634219e+01 -2.979984833243286779e+00 6.587634142073969024e+00 3.800748826164700489e+01 -1.801279328255126444e+01 1.484623184149892872e+01 6.278552972422231093e-01 1.545344814727025451e+01 -3.350505768108678950e+01 1.601239594345528872e+01 -3.502925139675798505e+01 -6.516273636523897572e+00 4.767251633189608206e+00 7.089462481123280668e+03
-4.862285288470042133e+01 -5.874700106123823318e+00 5.913148646207066150e+00 4.978867834175800766e+01 -1.896430460832824849e+01 1.413037128754436544e+01 -9.559541247933234231e-01 1.099611456346488936e+01 -4.807857065217271497e+01 2.022296311509229128e+01 -3.473217194550861819e+01 -5.292227107396045405e+00 1.522705195319825178e+00 9.550879627729002095e+03
-4.987605990256341215e+01 -1.996208039347877516e+01 -1.324339902021373305e+01 5.360292518983315091e+01 -2.860066664711382245e+01 1.396034204531835243e+01 3.276874711084926783e+00 2.408309352693122563e+01 -3.528298239092400479e+01 3.019449298246776436e+01 -3.428682069711705793e+01 -6.562671477188048996e+00 -9.447620575559424694e+00 1.100289831377596420e+04
-5.221987448544573596e+01 -2.717819571661107503e+01 -2.312328938563866387e+01 4.995291942189982137e+01 -3.032962897431126947e+01 1.607459440711409115e+01 -6.216357545201302237e+00 2.952158627679721192e+01 -3.231703732594448297e+01 3.982497403270265579e+01 -3.475488458706470851e+01 6.758376907029981506e-01 -9.465953086728573496e+00 1.251237890628613786e+04
-5.523585450209936454e+01 -2.906250058243648837e+01 -1.910209740019495683e+01 3.123637360801919982e+01 -2.589747075413739097e+01 4.303480271678935765e+00 -2.056065684693033191e+01 4.647466515481657012e+00 -4.572743116210151015e+01 1.061819026515197706e+01 -1.883656033603189783e+01 4.834658775799097086e+00 -9.275469901586001598e+00 9.037736410705691014e+03
-5.590872300432841513e+01 -3.023001092853494853e+01 -2.006788057403814207e+01 2.891890696404873040e+01 -2.401423874528302349e+01 7.504293025064298739e+00 -1.983326761409436045e+01 2.017502846183941401e+01 -2.966088416621020230e+01 1.291046599669398276e+01 -3.845737509625730155e+01 -4.180295112060239404e+00 -1.223261131384926870e+01 9.404579761300012251e+03
-5.641542598720352686e+01 -2.852096136909644741e+01 -2.154024724573912053e+01 1.990914990166399789e+01 -2.271391834667216614e+01 9.444524201586462553e+00 -2.565679161853849166e+01 1.828045253386315849e+01 -2.526625005530650014e+01 2.436384890382222324e+01 -1.829708082099246980e+01 7.708465246988753350e+00 -3.265263148186030584e+00 8.090915124729624949e+03
-5.727619129895483496e+01 -2.484773872077102652e+01 -2.026091476842952588e+01 1.929967468061068203e+01 -2.421142921305726148e+01 1.377134198322857372e+01 -3.012139032846543785e+01 1.295761986248009023e+01 -2.869542745297191999e+01 2.576303572035168798e+01 -1.854921171023750404e+01 2.478331398247837214e+00 -9.936240122016160470e+00 8.468101367249379109e+03
-5.906116390508592673e+01 -2.329519177869315882e+01 -2.445252204126071405e+01 1.125217639672909975e+01 -3.228713488303059620e+01 1.317760861258788552e+01 -3.540955929038755556e+01 1.633493296178627929e+01 -3.372711428894622543e+01 1.522861602310981866e+01 -2.442138337318733576e+01 -2.578758533986111878e-01 -2.950965295349013306e+00 9.466807367607323613e+03
-5.869712145747801202e+01 -1.931907408354804190e+01 -2.352806833966391054e+01 5.054843859431929154e+00 -3.005847179990821871e+01 1.205409810090407952e+01 -3.107005570005306794e+01 2.294089937509884081e+01 -3.977901372518336132e+01 5.124293739180703966e+00 -2.855791220534479180e+01 3.823170614440772219e+00 1.075482525834496661e+00 9.378102335405994381e+03
