-9.677035009989251080e+01 -3.481907817912239267e+01 -1.603885043081797335e+01 1.651378971077668290e+00 -1.840511702220125301e+01 3.199633731256847913e+00 -4.748850310907506866e+00 -3.337170406529879063e+00 4.866494461944566474e+00 5.293875251952670169e+00 -1.280031777826671835e+01 1.371359695480001406e+01 -1.279751942838462675e+01 1.178691017727518374e+04
-7.240165460996588820e+01 -3.015077655983875715e+01 -2.875149861997649126e+01 1.558164758961228458e+01 -3.023937752205940654e+01 2.650096275659085165e+01 -1.939868437210158802e+01 -1.109553913702568728e+01 -1.671399136981527889e+01 2.906679150079277107e+01 -4.426953275939352395e+00 2.665668936370833109e+01 -1.572684989883406992e+01 1.143839294252289801e+04
-6.604667744639478144e+01 -2.060714298205581585e+01 -2.170804845082860624e+01 2.043467543972733225e+01 -2.176262316021735899e+01 2.654467456669512870e+01 -1.671370716925713396e+01 -3.296362442620324629e+00 -1.846929897324977077e+01 2.574035107819361912e+01 -1.647260668621574098e+01 1.619104375749570224e+01 -2.548035678663303827e+01 9.330504727981662654e+03
-6.989298681667888502e+01 -2.685872728197450954e+01 -3.020776612623093982e+01 6.344178039979359696e+00 -2.945839505381317025e+01 2.235640270992123391e+01 -3.003365295575128613e+01 1.653539660797388455e+00 -1.933632262766998977e+01 2.721563041169085295e+01 1.921686344657464796e+00 3.210690253324755616e+01 -2.899606940596893878e+01 1.182144087240454974e+04
-7.095762036314292232e+01 -2.559507746387432903e+01 -3.475024494335909253e+01 2.330782384506517424e+00 -2.943610604412630494e+01 2.119809110294946564e+01 -2.688870477548034899e+01 9.361344797279711472e+00 -2.140594143827987850e+01 3.550272289498926881e+01 6.774913324550070115e+00 1.574990488702628610e+01 -2.187791768130990988e+01 1.152084447288868614e+04
-6.794191119637972065e+01 -2.086847091126428211e+01 -2.573284747314299992e+01 1.103536351356976830e+01 -1.751440923156485852e+01 2.443997278507908533e+01 -2.048649133504195419e+01 6.557388872227327248e+00 -3.207038929147815765e+01 3.226858314291914809e+01 6.307972330543403672e+00 1.182878051851405488e+01 -1.490622306091041516e+01 9.673994915430330366e+03
-6.138377132422323257e+01 -3.279927628509158666e+01 -2.349197037069755112e+01 2.408849705200283609e+01 -2.045753150550247668e+01 1.667047508585695681e+01 -1.320823408219459694e+01 8.127256190191571861e+00 -3.559803988987717815e+01 3.382872507666663608e+01 8.271397219564645908e+00 6.080420913822589313e+00 -1.931056303707557120e+01 9.802701804146163340e+03
-5.694273263213193559e+01 -2.221117185906642177e+01 -1.678661398439308883e+01 2.403877492360308210e+01 -2.539132323741999642e+01 1.306067863294700615e+01 -1.286505119872161096e+01 1.677458116761408036e+01 -3.217451329382335246e+01 2.187036478304190013e+01 -8.077731472237132948e+00 8.170732525381026790e+00 -1.150367954107062829e+01 7.635518221811253170e+03
-6.461741016466532983e+01 -3.453259529900044100e+01 -3.426334682433766687e+01 2.069182331121616158e+01 -2.521928532429463488e+01 2.164680700512473877e+01 -2.042471790307519441e+01 5.415008024480652438e+00 -2.544564566980431053e+01 3.352483738079525466e+01 2.858367693760175854e+00 -1.250818987288079942e+00 -1.805291599807615555e+01 1.062816453613855265e+04
-6.503092250933407570e+01 -2.893420954240869847e+01 -3.156422827165685163e+01 1.921232649506436374e+01 -2.263420476363505784e+01 1.961221778143150729e+01 -2.469832097853318587e+01 9.414093389000077750e+00 -3.158999836980893505e+01 3.031059912952682112e+01 6.299884931576872127e+00 -7.489528084591290380e-01 -7.854071835284797132e+00 1.004579822653079282e+04
-6.362323694059582380e+01 -2.110501845081339667e+01 -2.554584736462741290e+01 2.003863462338246393e+01 -1.919263412577594607e+01 2.045553396358691955e+01 -1.734706018838835462e+01 4.676144074184113819e+00 -3.926398473168187309e+01 3.077132178376815119e+01 3.134986301610285686e+00 4.719124280145980954e-02 -1.883269858694354681e+01 9.510083816279386156e+03
-6.822124208088408182e+01 -2.932190760130792029e+01 -4.036563424226025631e+01 4.636043350255818929e+00 -2.039362166711933000e+01 2.068504444142187282e+01 -1.914793849981006346e+01 -1.554136341494890994e+00 -3.859091859200307795e+01 3.106663262233007217e+01 5.947249563159699548e+00 -7.090917323287075913e-01 -1.529474285424750768e+01 1.110181562666361970e+04
-6.820953495376238607e+01 -2.192127279445176669e+01 -2.809408193737238335e+01 1.222804907884890646e+01 -1.613300647885048988e+01 2.224040676830285079e+01 -1.706987875965625534e+01 5.948225704506667100e+00 -4.230944241453833143e+01 2.376367710975448233e+01 1.038521442565499342e+01 9.356064070143933264e+00 -3.811398509916626320e+00 9.718273864241824413e+03
-7.073375114114182338e+01 -2.363551877810218826e+01 -3.590653820833824739e+01 -2.231476751026011840e+00 -2.215605171486738456e+01 2.668368603152793384e+01 -2.808053468477487158e+01 2.171550426056842564e+00 -4.153959837060748583e+01 3.145982926468938956e+01 1.202107404372105215e+01 7.772482242587520851e+00 -4.127186683774950460e+00 1.178951252171449050e+04
-6.996314591154632012e+01 -1.938576024907198914e+01 -3.264510581183082394e+01 -2.447908254219455237e-01 -2.016826276888939518e+01 2.642769122233493917e+01 -3.229128433120874320e+01 -7.311043661676018823e-01 -4.327072292154169020e+01 3.330715045840791788e+01 1.729174979998107986e+01 1.680134715962569203e+01 -3.874817328779157855e+00 1.206288140676657895e+04
-7.037611950117924664e+01 -1.762309388441962099e+01 -2.873043298451781169e+01 7.379888602389189645e-01 -1.919473154360158418e+01 2.440898957383327783e+01 -3.288837950152238676e+01 5.397496339282206179e+00 -3.609442711651777103e+01 3.325462820546741227e+01 1.438599048579672690e+01 1.371476298716855169e+01 -3.362473248286330207e+00 1.097940464350476032e+04
-7.045303293950324530e+01 -2.102263059745673957e+01 -3.065824945231529952e+01 -6.857486225707381422e+00 -1.221121956570323874e+01 2.473575108567522207e+01 -1.493968152365006041e+01 1.943361621648751836e+01 -2.363137439807378470e+01 2.621997018641787136e+01 9.946496604993292578e+00 -4.224931528252342527e-01 -9.562570868423685866e+00 9.190847762069655801e+03
-7.088881264476044919e+01 -2.237858267147190716e+01 -2.827147232676031763e+01 -7.354645725518867749e+00 -8.508887147950222385e+00 2.163214023458089130e+01 -2.091628524528127286e+01 1.407002547391945768e+01 -2.750618462053819968e+01 2.680984390837426901e+01 8.234502805344769527e+00 4.215836037363944300e+00 -1.147683437821165775e+01 9.247854898822952237e+03
-7.287912269081904526e+01 -2.357996619182569731e+01 -3.503672105909605250e+01 -1.561120618396944160e+01 -2.173858963151829826e+01 2.197138360116804989e+01 -3.623117185701422471e+01 5.795578404498432867e+00 -4.204042533992370778e+01 2.032167652033568217e+01 -2.405405511551429232e+00 8.624884843487695463e+00 -1.262189163866765362e+01 1.206011209271038388e+04
-7.278989823332723574e+01 -1.933501751851617101e+01 -3.214860631854101314e+01 -8.770527712413644039e+00 -1.377754895211857189e+01 3.133239921475806256e+01 -3.620706288011081853e+01 1.244019962440645610e+00 -4.987737605658505657e+01 1.075397794472480939e+01 -2.009249218134214310e+00 1.205350110983693313e+01 -1.321291524267905748e+00 1.202117678223360599e+04
-7.245746721884424346e+01 -1.659513763675906262e+01 -2.874554035930039220e+01 -6.012036881604967853e+00 -1.304033878873515739e+01 2.639936727367187785e+01 -2.617902574577779973e+01 1.465636891472225223e+01 -3.560299008430846612e+01 1.556162771428557789e+01 1.938647805415299186e-01 8.622304793954064905e+00 -3.935444720682974573e-01 9.739335154730417344e+03
-7.220211156077904491e+01 -1.680352937038613703e+01 -2.812110633360462231e+01 -1.179626843495572430e+01 -2.042753801797589830e+01 1.827731182512729902e+01 -2.857231554637747450e+01 1.368271771784941748e+01 -3.684818689835783800e+01 9.653947964478188482e+00 -6.432868020102990414e+00 6.585297902416749949e+00 6.903637265097422038e-01 9.716602630908628271e+03
-7.281810252541409056e+01 -1.720065574117905172e+01 -2.725890282213171645e+01 -7.360546428089460136e+00 -1.970045211433371080e+01 2.520995323931775900e+01 -2.870519278191415324e+01 1.488620445213947541e+01 -4.222308549972691338e+01 6.427047243272902222e+00 -6.214451346839684476e+00 1.403636006651876755e+01 9.532773968751367955e-01 1.052544420422935400e+04
-7.336499514057133808e+01 -1.903044902453529019e+01 -2.766436608791467222e+01 -5.952058867132574704e+00 -1.635077988297935647e+01 2.548911259209491931e+01 -3.181548601319516578e+01 1.663882673980420890e+01 -4.117094189671664139e+01 8.080486592874363438e+00 -6.232538742752086414e+00 9.279575855157176534e+00 2.534471554099059443e+00 1.064316256043313842e+04
-7.439794976207578259e+01 -2.181828763323173703e+01 -2.985551341624479349e+01 -1.078588368514733453e+01 -1.477925951806006388e+01 2.494109949067141585e+01 -3.676327709768765573e+01 1.409474222688646972e+00 -5.357113722725906513e+01 -4.728489514020837170e+00 -1.263580991433321898e+01 3.612775757419274925e+00 -2.133912436038706772e+01 1.273308911475406239e+04
-7.472597696797865297e+01 -2.266551189768906127e+01 -2.471303285487378076e+01 -8.867254597617801437e+00 -1.718168881445456364e+01 2.772557263842313091e+01 -2.628905648586814436e+01 9.275359481128162997e+00 -5.309388045214532781e+01 -1.150987443045457859e+01 -5.487094017658921352e+00 1.118781137612450038e+01 -1.999012277083816258e+01 1.213444153686583741e+04
-7.384547700195187758e+01 -2.539924544989840172e+01 -2.434333400180685558e+01 -8.809797917159437830e+00 -2.695607064022835786e+01 2.366776902957720807e+01 -1.763683849082877231e+01 -3.806214729998549817e+00 -5.109004518172784515e+01 -1.214797133166765164e+01 -1.572258770409702322e+01 7.161456306200162381e+00 -9.734255210912786893e+00 1.153183283965136434e+04
-7.461266517354705741e+01 -2.717466626377305872e+01 -2.470518000863756569e+01 -5.083781801757163876e+00 -4.038828619386561058e+01 2.178458047436118150e+01 -1.438684554722649622e+01 2.253794393445957223e+00 -5.415916804578806421e+01 -9.125878283999760754e+00 -3.370445194604938166e+01 9.425515145693143637e+00 -8.714974202943905013e+00 1.357682389957305350e+04
-6.399362336093887649e+01 -4.041123960652267044e+01 -2.684522226389108468e+01 1.829365737809522230e+01 -3.516642452619250037e+01 3.730970079007975926e+01 -1.270027122356673921e+01 1.008951948914802799e+01 -3.461334917821408652e+01 8.381350441432905640e+00 -3.400102751857061634e+01 1.466876102278178884e+01 2.080872857862947001e+01 1.274793903961429714e+04
-6.463507529546417629e+01 -4.061270493975830220e+01 -2.995697795154337228e+01 1.809045696684139770e+01 -4.118793994364211386e+01 3.152556662398501430e+01 -2.568724322134361415e+01 3.321043969390635286e+00 -4.152066824237450504e+01 5.544551860496219398e+00 -4.762425088809857243e+01 2.299401319760956852e+00 1.006870205313598099e+01 1.454238469409982281e+04
-7.234098877951160489e+01 -3.337347515822079913e+01 -3.128680205969744321e+01 6.333112339885636821e+00 -3.504480159161273889e+01 1.719673443001989455e+01 -2.547032916273795067e+01 8.122613466660821402e+00 -2.747762163769339239e+01 1.583276713125864177e+01 -2.988815067067381648e+01 5.391901266960619665e+00 3.207132495090760482e+00 1.154291616212875670e+04
-7.308206901292625446e+01 -2.797231982535969053e+01 -1.671689807899600666e+01 1.202070085297761359e+01 -2.465107170093176236e+01 2.368655909260042947e+01 -2.531977707393251009e+01 1.278527546157242867e+01 -2.267201265968386181e+01 1.680042543947448763e+01 -2.834459062511448835e+01 9.043911926833322568e+00 7.813102155914420699e+00 1.026320139428890616e+04
-7.453478434247992368e+01 -2.648058576171799317e+01 -1.408337610034866039e+01 7.091500198764370211e+00 -2.206115806681291147e+01 1.964396950940341213e+01 -2.398260436798403816e+01 1.723065291052733272e+01 -1.992740508833255575e+01 1.100820685674103672e+01 -1.872316485526207686e+01 6.427257841296198926e+00 9.155461915883030599e+00 9.243898422250535077e+03
-7.716281350442093867e+01 -2.772530927999122952e+01 -2.163869770209486987e+01 4.289881705270301104e+00 -3.140015478848027897e+01 1.586083843389957870e+01 -3.199650338688070761e+01 1.111209884570438078e+01 -2.645212595168772296e+01 2.496409738836452785e+00 -2.242223061504881798e+01 -3.769987184250930490e+00 -9.487690295493683701e-01 1.081803619293062366e+04
-7.643399019788563464e+01 -2.811612398397558366e+01 -1.397318579276338468e+01 9.628104804912917203e+00 -2.459757536941558698e+01 1.449060124605166955e+01 -1.869702318743983582e+01 1.623812600911327664e+01 -8.572438777688416778e+00 2.120700533768238927e+01 -1.401988121477758042e+01 2.035869402495728009e-01 -5.791698344214246674e+00 9.102261328290685924e+03
-7.692432759797701181e+01 -2.589880001897101280e+01 -1.461654488605607582e+01 1.102276331708710799e+01 -3.252773104045587615e+01 1.306648970074631855e+01 -2.009926640089430450e+01 2.550087129735165448e+01 -1.435291695712650473e+01 1.834807188904955666e+01 -2.058132623580108955e+01 1.156322496283806789e+00 -5.690280318533650572e+00 1.020627142955959062e+04
-7.626795127945675290e+01 -2.239353464559974682e+01 -1.263124026376659081e+01 9.690550252889243765e+00 -1.885536003354430079e+01 1.841877717940541359e+01 -1.686500137970744362e+01 2.566177977835922519e+01 -1.693969088235658660e+01 8.470288289192014375e+00 -2.398209827050765242e+01 -1.305517568236988168e+00 -6.923568314923555178e+00 9.192937071484233456e+03
-7.620890246368530541e+01 -2.310707738417084656e+01 -1.781544720773769086e+01 5.034463370208612787e+00 -2.732908845761938821e+01 1.372705152605721679e+01 -2.202049715902414562e+01 1.923465439199896920e+01 -2.253989570720054303e+01 1.651410793375968211e+01 -1.881349571440973634e+01 5.153617339065628578e+00 -9.599941700849079496e+00 9.728083997501546037e+03
-6.819909194450798395e+01 -2.496239623847276334e+01 -3.180746039342027487e+01 -9.642766180173397705e-01 -7.410974397075284159e+00 2.559524879950846454e+01 -1.480598292813100691e+01 1.133268556453546161e+01 -3.296270144250301293e+00 7.177859659503508238e-01 -2.146396583211167908e+01 2.025613347698038424e+01 9.549106193255113340e+00 8.318146744618767116e+03
-5.455743120113407940e+01 -3.277736242886528828e+01 -5.729801714621946473e+01 2.663355108827391859e+01 -9.131161977843357036e+00 2.743265491967959235e+01 -2.359708489184365732e+01 3.116393259671553295e+01 -3.305711472353313241e+01 1.039639711319648363e+01 -3.415165621386529438e+01 7.702039860025861273e+00 1.284979486162918505e+01 1.299885155973469591e+04
-5.463873853555474369e+01 -3.977638192773159176e+01 -6.426975073785217774e+01 3.007973817650267989e+01 -2.027644280462518367e+01 3.368480884284528543e+01 -2.921048717960426089e+01 2.526076041360767377e+01 -3.981892808626238178e+01 1.876030694941498567e+01 -3.123292838586425546e+01 2.544769639372429637e+01 2.574081342677367701e+01 1.686326956817273822e+04
-5.355950771383901099e+01 -2.779868669089026056e+01 -2.308752859818109471e+01 1.681197461752518407e+01 -1.981758567444658325e+01 1.495606899606437423e+01 -3.879728122011407265e+00 2.813258814620061443e+00 -1.538855223558317142e+01 1.985746914413583752e+01 -2.008004723747458087e+01 -3.118165266405435787e+00 1.760019728005784501e+01 6.450276549539396001e+03
-6.616371208609899668e+01 -2.427352790681735684e+01 -2.770814063445561004e+01 1.936685082250965806e+01 -2.126612404819584157e+01 2.715681459131920406e+01 -1.567115396498653901e+01 1.308791494672766298e+01 -3.001243158762233421e+01 1.916515493570086548e+01 -1.070623813797694801e+01 5.872387694154888038e+00 1.770616428717406876e+00 9.136568885629298165e+03
-6.934288322009446404e+01 -2.168565666515572943e+01 -1.899357243170701182e+01 2.059969910090010714e+01 -1.958021964219867783e+01 2.515080063909211106e+01 -2.041948775123750082e+01 2.044803978765437336e+01 -3.089512679024574027e+01 1.214703910711635793e+01 -1.333385220463130061e+01 8.416148173222772755e+00 -5.820547223418589544e-01 9.265853511088896994e+03
-7.215136218477660179e+01 -2.096496498442138190e+01 -2.161220815823115515e+01 1.196218204120760475e+01 -1.773151540318429298e+01 1.452619370724640824e+01 -2.351423374153178258e+01 2.454598889901986780e+01 -1.766886221994191430e+01 2.063495711944021593e+01 -1.187859186561016855e+01 1.497063160556511363e+01 -1.480282228547813217e+00 9.041774002498399568e+03
-7.499497088272170231e+01 -2.509923904317944476e+01 -1.925332879905371186e+01 3.048192977944033100e+00 -2.038949093141521729e+01 1.002290694833906315e+01 -2.600296753304623465e+01 1.702705420382313051e+01 -1.538316094140811430e+01 1.830947534527175335e+01 -1.437433888847498054e+01 1.511096122137926123e+01 -5.997346691060808865e+00 9.159273970860020199e+03
-7.692494321805365587e+01 -2.710847225404282668e+01 -2.300528821221166353e+01 1.543841505365229461e+00 -2.267504346097585355e+01 1.065965940979212156e+01 -2.214842834480404221e+01 2.750360345103961990e+01 -2.017751428729819096e+01 1.949272917810522898e+01 -7.642234037748769637e+00 1.340535726968973229e+01 -8.077846673187659476e+00 1.014918743011283004e+04
-7.739135425060453599e+01 -2.780010335005788846e+01 -1.525213853518895135e+01 4.658301856119556383e+00 -2.405811013541946863e+01 1.101792842345974677e+01 -2.614737657945914151e+01 1.073479969860903438e+01 -3.342756303336638268e+01 9.493244423241591790e+00 -1.076377586962422939e+01 8.001578162015501761e+00 -1.619667418557429173e+01 1.016544364044263421e+04
-7.711085602025478636e+01 -2.526711904801095088e+01 -8.075474161159084119e+00 8.760408054727431448e+00 -1.406990910076777190e+01 1.643280045675924939e+01 -3.157984198212061244e+01 6.907024423130748048e+00 -2.179384460552271463e+01 1.426293663986561810e+01 -1.571240194438638760e+01 7.090045112509475445e+00 -1.124193979402565269e+00 9.216277283273864668e+03
-7.757669973353658577e+01 -2.689613768122831772e+01 -1.103526270971709522e+01 6.259521383434738517e+00 -2.026819665493257716e+01 1.067095828638341892e+01 -2.379827189126864440e+01 1.272222404217139768e+01 -2.606061637554096677e+01 9.334156781385059887e+00 -1.876566230121320800e+01 1.318499715039718723e+01 -1.460787247869488992e+00 9.449797410255025170e+03
-7.734500199893909667e+01 -2.783819485932413684e+01 -1.519243003964184879e+01 9.454953393158735508e+00 -1.800294952813002780e+01 1.253466643600692976e+01 -2.033260352305104846e+01 1.600233365039716560e+01 -2.890283907074031688e+01 3.880332063305924173e+00 -2.896464141692220906e+01 1.038189934420593019e+01 -2.323062523885203401e+00 1.003069599324100818e+04
-7.663358527081355476e+01 -2.668399226423433035e+01 -1.603258291484007003e+01 5.074917192296912738e+00 -1.804034377701690772e+01 9.247202516432986741e+00 -1.821570498973831320e+01 1.559227055717909671e+01 -1.223926689960160097e+01 2.476768998249265863e+01 -1.530599264470438747e+01 1.000022163574794831e+01 -5.205743349528310304e+00 8.978051630154524901e+03
-7.717060259734394378e+01 -2.508239091768091100e+01 -1.992288447570695809e+01 -5.295886808044178995e-01 -2.871308707529821547e+01 1.405689200970771680e+01 -2.226234903645179486e+01 2.364381246579403495e+01 -1.628924885738612360e+01 1.480665603621140036e+01 -2.111944676395818732e+01 3.896746125851549003e+00 -1.134399256662398336e+01 1.013278818494158804e+04
-7.430501162940062443e+01 -2.281836451023181311e+01 -1.770772638635641627e+01 1.168829448998742926e+01 -2.761609879456903016e+01 1.917686106153536230e+01 -1.777917416034111753e+01 1.223939186141850755e+01 -1.676335905910103108e+01 1.980733890127090291e+01 -1.024376051100246698e+01 1.039371652845576044e+01 3.528046388229995500e+00 8.987146939084143014e+03
-4.179837345348814637e+01 -1.685539023367764955e+01 -4.617263139973700703e+01 -6.987282216927001244e+00 6.314780704840867287e+00 2.739965028389997226e+00 -1.847364343902253125e+01 1.050834471748608578e+01 -1.304666990182059649e+01 1.879720529457382128e+01 2.441701580350417800e+01 8.312966304009082208e+00 -9.950979565124928428e+00 5.998895467001593715e+03
-3.415333567030590700e+01 -2.968491457951028867e+00 -4.762568676333617645e+01 3.045931965727597657e+01 -2.480790115716780520e+01 2.750601962170793513e+01 -5.019935669427324143e+01 1.741921142117562482e+01 -3.415456042206172782e+01 2.343213952747796469e+01 9.340817600650398234e+00 6.978942371083238783e+00 7.969270045040219852e-01 1.041884665009361925e+04
-3.688246533899041424e+01 3.957463158210056342e+00 -4.655851675590598404e+01 3.650295907183141253e+01 -2.514391929843099760e+01 1.946723289641320420e+01 -3.721081547641749410e+01 5.856216510045620938e-01 -2.753190016747410240e+01 -7.663038497375282532e+00 8.638597604154512055e+00 -1.090609551587399650e+01 6.439832926439635896e-01 8.283027531400610314e+03
-3.909745964180345368e+01 1.128615429642881862e+00 -3.529288318488588772e+01 3.393740142673402715e+01 -9.505116218881429546e+00 2.099039383896050737e+01 -2.098212433132253096e+01 4.375112325331701690e+00 -1.895312121417139295e+01 -3.579983282334774142e+00 -4.104013561332826576e+00 -4.812618844920981687e+00 6.144681361276451703e+00 5.367353380045808080e+03
-4.230721213957985327e+01 -7.140546134564483616e+00 -3.689893264046947507e+01 1.863249564849404516e+00 -1.706681507014038957e+01 -4.522579095621125589e+00 -1.653908832996010858e+01 4.010336468704961632e+00 -2.144901091145364447e+01 -1.386275742465758398e+01 -2.371602510644820416e+00 6.768802448885814727e+00 7.774794321859162416e+00 4.571369391065349191e+03
-4.050882113078923652e+01 1.183746907486716715e+01 -3.224719305576728345e+01 1.409188559997675227e+01 -1.894413176089027573e+01 3.776547952210555170e+00 -2.978947095109047183e+01 1.331418083216495241e+00 -3.513062874839327066e+01 -1.415955957626769113e+01 -5.980506728338776945e+00 1.268737120767212900e+01 3.899257964572180768e+00 5.928474924725529490e+03
-4.124589429945118013e+01 1.856945052133162122e+01 -2.663904959887404189e+01 4.196594762551333346e+00 -1.528857597463830409e+01 1.185280028307458089e+01 -3.734683151398180456e+01 -2.050353476806753861e+01 -2.470287838705252170e+01 -7.864506950935278518e+00 -1.060349999914025076e+01 8.342896336070657171e+00 5.905727723822683295e+00 5.851707274000798861e+03
-4.297898444156150788e+01 1.537550761304004787e+01 -1.678720174024283551e+01 -4.597007194372865868e+00 -9.266691615691753370e-01 8.868076495934783310e+00 -3.546750776531089144e+01 -2.480018335392168183e+01 -1.525207791499459908e+01 -3.318631450870006550e+00 -8.842735668215192746e+00 4.021037585645975909e+00 5.462715929328187059e+00 4.706879831462051698e+03
-4.551667582466965456e+01 1.862993285240822061e+01 -2.090349213543446183e+01 -4.020130901391635092e+00 -5.539626037295859895e+00 3.097679864571065522e+01 -6.296397108126591746e+01 -1.822685143235156247e+01 -5.317981326181088519e+01 2.002476074197767986e+01 -6.460574913483276838e+00 6.808864021542436973e+00 -1.351935153694314806e+01 1.165884499535385112e+04
-4.442382158808850079e+01 1.138651867508861315e+01 -1.419803269372874510e+01 -3.966946557757477620e+00 7.522675383055259957e+00 2.840799098329214800e+01 -5.457543362780666740e+01 -1.802073994607550134e+01 -3.480940327093433950e+01 1.710762696494216684e+01 -3.376588146343563857e+00 -3.865115144835981731e+00 -1.547722528602599112e+01 8.257529571483020845e+03
-4.235393928210691428e+01 1.213871328828001861e+00 -2.554813220754352798e+01 1.182211607774019413e+01 -1.511626490978335191e+01 3.408241594253265561e+01 -6.119874297825705867e+01 -1.647595591328735765e+01 -4.594382100283400661e+01 1.003279394516126999e+01 -5.448204281792715653e-01 1.709569697191109405e+00 -2.063965576609828645e+01 1.063536144152100678e+04
-4.111700825176560414e+01 7.511662189033553316e-01 -1.649545745630560489e+01 1.180814120655104738e+01 -5.768322579019055318e+00 3.220500871817360888e+01 -4.884625018712233668e+01 -2.002461062823115867e+01 -3.078436356518988504e+01 1.922228744988430904e+01 1.823430153258428632e+01 6.942616129672769532e+00 -1.616082555414538291e+01 7.919117582395782847e+03
-4.581554619961125496e+01 2.872435251071973283e+00 -1.951701687764576221e+01 1.810727921298804333e+01 3.431697260321099119e+00 1.370335038693235674e+01 -2.695563661578304604e+01 -2.135698220531886804e+01 -4.090901966174415350e+01 1.685399934769738550e+01 2.099608270946469446e+01 -4.779295215507676886e+00 -1.419187026179732491e+01 6.821079575458215913e+03
-5.194974260118991793e+01 8.181222383512896101e+00 -2.506583993520815667e+01 3.680956273428209613e+01 -9.371265188159078718e+00 8.712301176159479965e+00 -1.335607917013417634e+01 -3.174661755309292843e+00 -4.931603086420626880e+01 -3.679082417922219239e+00 5.599222444008183253e+00 6.734806306220821881e+00 -4.345872814989322208e+00 7.642338593556400156e+03
-5.476189227572045581e+01 7.315136142944480113e+00 -1.394802232699573530e+01 2.636463727767895193e+01 1.890613595093678434e+00 2.138485387199451182e+01 -2.285782067459771483e+01 -8.369993726842217541e+00 -5.398014547112225614e+01 8.580742008501156093e+00 -9.421885813962315837e+00 6.680498384183067628e+00 -8.963554536393113281e+00 8.196672183276617943e+03
-5.601280051446162389e+01 9.539985334230001612e+00 -9.709993457479866308e+00 2.968858620862577169e+01 1.264613881513601434e+00 2.875510566532136636e+01 -3.896889219118154557e+01 -1.062170638004445777e+01 -5.309093964688052125e+01 2.545796367795170312e+01 -6.722098963084861545e+00 -1.170809776947261405e+00 -1.190509525725817319e+01 1.031903631109073467e+04
-5.431390025056184356e+01 7.436826499661020051e+00 -1.116037533114050850e+00 1.841446334990425271e+01 8.551020321927570222e+00 2.271320644867428840e+01 -2.689822752432101538e+01 -2.773886171265665368e+01 -5.238388484287482783e+01 2.474321453355880251e+01 8.515451053632959955e+00 -1.999099829585312627e+00 -1.036116279478357072e+01 8.967773995765237487e+03
-5.268393406150366332e+01 9.117942021825832910e+00 -8.763357951819257252e+00 5.907783323568990497e+00 4.539150987640398482e-01 1.527537134651992901e+01 -1.739006050759752853e+01 -8.220056651053912589e+00 -3.903724695318738469e+01 7.954337692985768093e+00 -5.271469155303657672e+00 -9.562703105696586547e+00 -1.290359717386611216e+01 5.446873301382219324e+03
-5.557689061349559267e+01 1.217682696121617880e+01 -1.818475495409577292e+01 1.117904846806155383e+01 -1.804516363823375213e+00 2.747114900633949475e+01 -3.786904646387637285e+01 -6.941433366909590674e+00 -4.650231941297192151e+01 -1.509623540944883047e+01 -2.397780112600254299e+01 -2.151139709505165598e+01 -9.251264073435420343e+00 9.446513879905047361e+03
-5.335256191848782947e+01 1.121636465536362159e+01 -2.207603072141121814e+01 2.200632766433342269e+01 1.060180611914097781e+01 2.257793673729436534e+01 -2.414642471695949055e+01 7.399797160782564553e+00 -4.439840500786161925e+01 -1.302124713812936818e+01 1.868595799928576828e-01 -1.180071290775422455e+01 -1.438547612376320650e+01 7.690905543180094355e+03
-4.329283296996087671e+01 1.663267853563418797e+01 -3.279821299768510556e+01 2.263676934376695371e+01 3.228407753847089889e+00 2.133072841379039275e+01 -3.797623175586686273e+01 9.320445390786650464e+00 -6.674651445472296984e+01 7.755153335266585124e+00 2.196364553440432488e+01 3.500499118607653060e+01 -2.322397236927103137e+01 1.249589257675999215e+04
-3.846395905365045564e+01 7.044868518520724265e+00 -2.771815737371516164e+01 4.573085156688199149e+00 3.897752062736775436e+00 -8.228013467218776356e+00 -1.606385560064620677e+01 -1.054656032350578698e+01 -3.629079614715792701e+01 -1.931368689872826394e+01 5.165849892374764885e+00 3.954282564553771362e+00 -1.560449469874652273e+01 4.746348739874337298e+03
-3.918499868146366794e+01 5.674875467981330246e+00 -3.680189355277127561e+01 1.421429578334298327e+01 -3.543902112199509347e+00 -1.546673268024143333e+01 -2.839334366270836796e+01 -1.417886073430672411e+01 -2.525303406658290939e+01 -1.968067794369607526e+01 -8.256168360725407496e+00 -6.895385739512114753e+00 -1.834184259106991277e+01 5.860273689008081419e+03
-3.912892855733029762e+01 1.077150527183881223e+01 -4.338825912585456734e+01 2.356113585592811432e+01 -1.231611801322947919e+01 1.110758165290374677e+01 -2.631109793783889117e+01 3.044941671045854115e+00 -2.253736504133736673e+01 -7.194577799873753676e+00 -3.995250649851834090e+00 5.916486389278547975e-01 -1.655889934117830364e+01 5.911581202209347794e+03
-3.946326341017365280e+01 8.569493990610336454e+00 -3.122464151166355251e+01 2.379106281173816129e+01 -2.072602163128054187e+01 1.890540021640939372e+01 -1.881109959801747422e+01 -4.010980348794011441e+00 -1.393691393182227856e+01 -6.555862493953996228e+00 1.311163293047729494e+00 1.126523603902356285e+01 -1.669230893366784230e+01 4.973180627643309890e+03
-3.805459281252306880e+01 1.965457455081718319e+00 -2.477093922584155194e+01 6.949042263051198098e+00 -1.535283157020581868e+01 1.566853121820230754e+01 -1.596135262880815731e+01 -1.676519139905962419e+01 -7.741046063404062316e+00 -1.461942879720302635e+01 -1.354886708186285205e+01 9.113155390503436593e+00 -1.809126528579651350e+01 3.998519176312575382e+03
-4.013317371388924926e+01 4.072296270270591378e+00 -2.810588097573313249e+01 9.962822135256294231e+00 -3.218006401520604243e+01 1.716416005742091144e+01 -2.281936409526007381e+01 -1.455159208687383199e+01 -2.285598792506657873e+01 -3.160557325764459335e+01 -1.625897573871501223e+01 1.378420977127711744e+01 -2.462140212735140921e+01 7.160971338839804957e+03
-3.792752933278759286e+01 4.304180929526244093e+00 -2.259164141554459349e+01 1.259998022492010605e+01 -2.884220942923964159e+01 1.304489744544375007e+01 -1.548854321506183496e+01 -1.637369516028172045e+00 -8.485686771794712868e+00 -2.174766323681900815e+01 -1.292418394908226098e+01 1.295611660056877490e+01 -1.761179139266725002e+01 4.560821982686788033e+03
-3.783098574837704575e+01 2.967886136436985289e+00 -1.561547467328485794e+01 7.016778570288245476e+00 -2.254366668243858030e+01 1.503032257420072604e+01 -1.001017404484615270e+01 3.744687182505592293e+00 4.782630446571098481e+00 -2.010966264018547278e+00 -1.170741740572682232e+01 1.658906876870645064e+01 -1.165023757309980823e+01 3.156330232003514993e+03
-4.084432863929735191e+01 8.196922566773537255e+00 -2.399302223330335337e+01 1.694946543155321095e+01 -4.849665245683523551e+01 2.877646849865085699e+01 -2.671933009899900213e+01 1.758392265663847098e+01 -2.597505057755685343e+01 -9.873480754003974846e-01 -3.596808506866495492e+01 2.045523748700620104e+01 -1.248433634160452321e+01 9.345182238346123995e+03
-4.371275779993406729e+01 4.030074767946866920e+00 -1.419525560122802332e+01 1.526550143165797202e+01 -3.425217827650750735e+01 1.169166398639761262e+01 -1.501658322674235002e+01 1.275015304906247593e+01 -1.675535902322397064e+01 -1.580050306074231692e+01 -4.334524573651334833e+01 2.411924295353839298e+01 -1.378859584910586966e-01 7.050523584809512613e+03
-5.359141545756887126e+01 3.566541417099162281e+00 -4.512056376601652374e+00 2.804078016284762853e+01 -2.664516702054104869e+01 2.181852396566797481e+01 -5.466503786513582597e+00 2.275765583135130399e+01 -2.935628437932788870e+01 4.586369596464721532e+00 -2.964462090226421154e+01 1.870001493257358050e+01 -1.085455287892791532e+01 7.654352153245801674e+03
-5.787156022266363209e+01 -1.539414318942431237e+01 -9.262467441182172578e+00 3.982374412286990406e+01 -2.865359054886619106e+01 2.324128737268618394e+01 -3.692821825456946261e+00 3.044370620249368642e+01 -3.082039777327829100e+01 2.731385633657722067e+01 -4.624615348691380490e+01 -1.968486485870357683e-01 -1.142518397696595756e+01 1.152468685417627421e+04
-6.434513008375280663e+01 -8.717521807763256803e+00 -5.067664698758096442e+00 3.615279882468855988e+01 -1.971917026628087299e+01 1.638175044243580913e+01 -1.350076020459530035e+01 1.939930289650192208e+01 -2.007228631112013773e+01 2.357551264410032132e+01 -3.111074122003113729e+01 -4.027590454580161961e+00 -1.222648330284631513e+01 8.857096015114437250e+03
-6.954478830126831213e+01 -9.478880624038547253e+00 -8.815700294899711409e+00 2.328618512833372378e+01 -1.962645368011833114e+01 1.383410345100493188e+01 -2.667138876140961656e+01 4.512059693550535044e+00 -2.570429357555606487e+01 2.183495222938092084e+01 -2.775337385682269442e+01 -6.273153546203657172e+00 -1.118243021947258242e+01 8.926716319306782680e+03
-7.236293020007350663e+01 -1.404550278541938013e+01 -6.272240404878809628e+00 1.960965875635325517e+01 -1.744425649225602726e+01 2.118299981540781118e+01 -1.845825724692332770e+01 1.387206019184888461e+01 -2.690281029587276862e+01 2.976481936934666805e+01 -1.969154329759919264e+01 7.440960670909748664e-01 -8.284032950438177778e+00 9.210353844407991346e+03
-7.416414491539309495e+01 -1.701016530030960183e+01 -6.811458390647919359e+00 1.449398107930504942e+01 -2.189492250397483986e+01 2.023957745951666709e+01 -1.014450911742892814e+01 2.559674174569247640e+01 -3.053226472348344345e+01 1.797424452621622848e+01 -2.531183150474110022e+01 9.836560966657479810e+00 -5.039646681075054424e+00 9.711407387812507295e+03
-7.538797945734809502e+01 -2.116828404478004799e+01 -7.707144301890585858e+00 4.840343066566728858e+00 -1.427673380866774977e+01 1.952167094462643959e+01 -1.009428324743629624e+01 1.919685944453921067e+01 -2.636221319753983749e+01 1.580068412254209953e+01 -1.423908661323697089e+01 1.099373399245937399e+01 6.083066458817666167e+00 8.574852797512459802e+03
-7.769983730950914946e+01 -2.325711537967988818e+01 -1.559688585344097334e+01 4.201525445380892343e+00 -1.305701682199464209e+01 2.894747536579433245e+01 -9.513617246099199676e+00 2.472448779019102361e+01 -2.793371945681519364e+01 7.255658971485988040e+00 -1.646028609415516897e+01 9.045378749930165441e+00 2.653898745031901263e-01 9.735092622656262392e+03
-6.991497762961728313e+01 -1.961560622269274745e+01 -3.347814608701733619e+01 1.995089949550945718e+01 -1.552596795586385170e+01 -3.883026734294138915e+00 -2.811166972485606319e+00 2.026953143735451235e+01 -3.067097034463721883e+01 1.242281397385923825e+01 -1.119681416978279387e+01 1.978103875939572598e+00 -6.002201655171022665e+00 8.726933598676794645e+03
-3.692725934874153637e+01 -2.062192835647359601e+01 -5.203727609152336697e+01 1.364141595947199015e+01 -1.665553520898416906e+01 -9.513379670701034740e+00 -7.066917742133889568e+00 2.389569627705274257e+01 -2.479369961342290907e+01 -7.717222135333924316e-01 1.837766122859546103e+00 -7.069603211018312905e+00 -3.685051057047319834e+00 6.353968988221498876e+03
-3.531335347470673725e+01 -1.737639665439587233e+01 -5.351695912524976251e+01 2.071614667568679380e+01 -2.305842234129889690e+01 -1.632941773071029168e+00 -1.480479092815529008e+01 3.467656554005287006e+01 -4.033379486305759798e+01 9.525682700891028531e+00 -1.201853953140127906e+01 -7.402700682755959605e+00 -2.724625180761030663e+00 8.722421604421864686e+03
-3.992819076981084692e+01 -7.855471665666071246e+00 -3.105887596055744382e+01 2.652635074589259290e+01 -2.388490183992644944e+01 2.444763104322419611e+00 4.745697207960851705e-01 2.793360487699125017e+01 -5.192779459727018576e+01 1.063541206411743367e+01 -1.942023744453613787e+01 -1.558533705378891732e+01 6.524951412762683312e+00 8.153477999381982954e+03
-4.029925121952184242e+01 -2.118290476355044749e+00 -2.333646282350135337e+01 2.050793429598025952e+01 -3.102676419830097032e+01 -1.945043581847775727e+01 -1.539841777135887746e+01 6.747665017097689066e+00 -3.913897234478279330e+01 -1.266154120461540167e+01 -2.156783813852138110e+01 -2.072599311612470530e+01 1.889853438097435001e+00 6.807788233305651374e+03
-4.576838125271993363e+01 3.343361728158148249e+00 -9.756663409426762357e+00 2.733732667126353988e+01 -2.741791948046973459e+01 -5.311423147106951070e+00 -1.266461997847156518e+01 -2.007286876012757570e+00 -6.100537448258228856e+00 4.992968564711504520e+00 -2.686169421571009508e+01 6.620509533617592979e+00 9.962288530491306915e+00 4.819595272476312857e+03
-4.891323276859141345e+01 6.038337305279153355e+00 -1.148325622142523983e+01 3.150218033043490351e+01 -3.186586838802523403e+01 -6.496031228711173888e+00 -2.610805483181438902e+01 -9.765118200864623788e+00 -1.930617107698990154e+01 1.702195036486251567e+01 -3.851667362204580058e+01 3.218940161371845576e+00 6.660225870177819418e-01 7.544652791364046607e+03
-5.279451610850653509e+01 3.574848421429447587e+00 -7.479271876504141048e+00 3.236988120696413063e+01 -2.636492578908927698e+01 -1.429514710830808610e+01 -3.184081446270396398e+01 -1.813893658019632760e+00 -2.298144561179347178e+01 1.048454682477488475e+01 -3.176360881328631791e+01 1.691430101529012298e+00 -7.201138631815411806e+00 7.522094150841665396e+03
-5.380004800083618477e+01 1.100181491727052929e+01 -7.441127039194154191e-01 3.657915145264575330e+01 -3.793670947858793596e+01 -7.656655733957986598e+00 -3.670239176210182563e+01 2.527985427923290729e+01 -2.638331020889456013e+01 1.200018331336434585e+01 -3.427868477482032716e+01 1.857238731153507683e+00 -1.187836600213521443e+01 9.997684619216855936e+03
-5.538043858603123937e+01 8.385619324823169407e+00 5.125583225529266151e+00 2.933358452997140375e+01 -3.749493118129333880e+01 -2.054998402387509771e+01 -3.829260362299408627e+01 2.649028222400605515e+01 -1.578403840410833325e+01 1.009160609494949590e+01 -2.531342575638098680e+01 -3.155263784412987604e+00 -1.292526036631826436e+01 9.189036576955651981e+03
-5.752502011338683729e+01 9.252916608297839574e+00 6.680191019570242084e+00 2.239130524219475404e+01 -3.766943396378856335e+01 -8.951975298146097160e+00 -4.162382962770406891e+01 2.622856160670125192e+01 -1.521520111824173149e+01 9.610020076207060669e+00 -2.623849829500415609e+01 -3.737455574553490756e+00 -1.717296685090074959e+01 9.181537649380741641e+03
-5.878584076641583067e+01 1.280897533947387679e+01 6.901915507037578834e+00 1.980849504815903117e+01 -3.410553647705170732e+01 -7.190094141351463186e+00 -4.037873996912166774e+01 3.376602488011186409e+01 -9.182669297597024993e+00 3.681138090463503154e+00 -2.264672733685768691e+01 -3.328017715309208313e+00 -2.167621313872118805e+01 9.137010357536903030e+03
-6.020978514038816343e+01 1.131678271979761696e+01 -9.934980036407587978e-01 1.920064514699338432e+01 -3.728688834302769806e+01 -1.478163245224875588e+01 -4.809146221824569523e+01 3.482409107650124014e+01 -1.440252055985023638e+01 -7.055403004638098885e+00 -2.871984582361518079e+01 -5.832568512862744470e+00 -3.786355595009207775e+01 1.180696294678499544e+04
-6.079151026584155204e+01 8.658544967416016647e+00 4.276876726829555331e+00 1.154705724522759169e+01 -2.931990932595924448e+01 -1.250106119055636000e+01 -3.246364260989378181e+01 3.724901703792172469e+01 -1.156280879184401478e-01 -1.918978946742848635e+01 -2.106843044107689167e+01 -4.797092974485071437e+00 -2.988567723537762078e+01 9.107821258215008129e+03
-6.256637888997326513e+01 1.111344433771684237e+01 1.089926832770367615e-01 1.677748459364364209e+01 -3.334497481359224480e+01 -6.658459450876208496e-01 -4.174974137263211560e+01 3.469447521165720616e+01 -1.400439264162809927e+01 -8.731799636452350910e+00 -1.990207938340356364e+01 -1.559972235684437969e+01 -3.084894306795590424e+01 1.024210322013778750e+04
-6.289697884259020810e+01 6.999882962469707870e+00 1.993389178859136024e+00 1.659488915614397087e+01 -2.126323955791066211e+01 5.480657580700007081e+00 -2.997890732640753697e+01 3.349812354905864709e+01 -6.791133959164254108e+00 -6.968539378841768217e-01 -9.605850877441854507e+00 -1.286084086509249147e+01 -2.695481704836919690e+01 7.818255252153919173e+03
-6.388210246286852367e+01 8.355008028430400913e+00 1.675861710965869111e-01 2.203492718278998908e+01 -2.519949678812118066e+01 6.621128303846663954e+00 -3.110381394914325170e+01 3.503166654565477955e+01 -4.204806274401164501e+00 -6.014239180701938636e+00 -1.772123826745885111e+01 3.145611233229991477e+00 -1.573165211714671408e+01 8.135087659672097288e+03
-6.098778454112296288e+01 1.705850684298846343e+00 3.950671983208070781e+00 2.311418359646835441e+01 -2.549502053354528286e+01 2.427077936565085281e+01 -3.329435544292528704e+01 3.620203180414694089e+01 -1.670348792554436912e+01 4.168444719105321106e+00 -2.291270942579099312e+01 2.093067424823371070e+01 -9.337287692819966622e+00 9.277113855801959289e+03
-5.414490542171346732e+01 -1.547855415200545615e+01 1.107398045271420806e+01 2.592706040832390002e+01 -4.424128654220625378e+01 4.308890568360283879e+01 -2.469133581293701241e+01 3.974757138716867644e+01 -2.815005792319393052e+01 -5.492093827883423707e+00 -3.622942207196802400e+01 2.327431774785461371e+01 3.605582332555118619e+00 1.265943261951933891e+04
-5.686411115302140473e+01 -7.158792829965612725e+00 5.255407221926308381e+00 2.151203012855432561e+01 -2.764622056997015420e+01 3.972100010965975514e+01 -1.533713510888465770e+01 3.004926963802935447e+01 -1.738637470159703824e+01 -5.945074204329227063e-01 -2.732206323935790948e+01 2.322295002817780940e+01 1.158812361045141870e+01 8.978144498782952724e+03
-6.189451540177976341e+01 -1.626537890496556615e+00 3.161619956178117530e+00 3.562553827604734380e+01 -1.903001746659258231e+01 3.391836887225130681e+01 -2.961708868575626141e+01 5.850877427938502962e+00 -1.766815790676567843e+01 -1.165081112227142235e+01 -2.572750411966397621e+01 -2.836946597753631671e+00 2.658600683680062193e+00 8.661679596611775196e+03
-6.315169256062475256e+01 4.361313139219849866e+00 2.778244357770350614e+00 3.417921040508996811e+01 -2.420264239628334479e+01 2.719016482052140304e+01 -2.480351873018975084e+01 2.313169623470671965e+01 -1.211912182280001282e+01 -4.752154658600210024e-01 -3.310586966668714837e+01 -9.814568628178657050e+00 5.594149631517113974e+00 9.029175082559570001e+03
-6.292851574633641576e+01 4.183744006503403057e+00 7.248410695703173090e+00 2.361476791354466798e+01 -1.024596251356706134e+01 1.697503508590273569e+01 -2.549119710922837356e+01 -5.485315045175848780e+00 -2.427326573770431395e+01 -5.601555085676507950e+00 -2.761908788596768716e+01 -2.929911497035516010e+00 1.511067842174445985e+01 7.281019752726162551e+03
-6.681724428466134214e+01 2.326411473310069145e+00 2.698064905611373465e+00 3.226612189715950763e+01 -1.545412202164967752e+01 2.526739169189761469e+01 -3.285766899610432290e+01 -7.563477350441115687e-01 -2.260450547169426017e+01 -1.100904068904871247e+00 -2.232300153703745238e+01 -4.050111542031679335e+00 1.619903323603041301e+01 8.765112081078461415e+03
-6.478097710691083932e+01 8.352374323027634162e+00 3.837905441217348557e+00 3.285021426660272681e+01 -9.025195881822019928e+00 2.915871529555721509e+01 -3.030484043956091966e+01 6.130691171680384244e+00 -1.252558450890004593e+01 -2.349621791756549616e+00 -1.831932526523057447e+01 -7.172019335211182955e+00 2.168400177604573997e+01 8.267499276393305990e+03
-6.492456085769396168e+01 7.332654325667129491e+00 3.781669234173818950e+00 3.501677843587033578e+01 -2.759044872683220628e+00 3.324633653638839093e+01 -3.413916067278203315e+01 -1.662932161372612683e+00 -2.257305033554280627e+01 -3.402471992774145804e+00 -1.976868102210794831e+01 -9.061558950470958607e+00 1.555292256166435472e+01 9.026546490051690853e+03
-6.573766655012157401e+01 5.298065105646021067e+00 -7.693339880255074537e-01 3.200695907974129994e+01 -6.473568778498891341e+00 2.613953780795157300e+01 -3.086379837496605560e+01 1.292534881153122317e+00 -3.167308950556322245e+01 -7.214104732893679817e+00 -2.876669425510068834e+01 -2.537912154307749191e+01 -4.698706231872854744e+00 9.602903082571605410e+03
-6.461230335103719824e+01 8.037719532172079795e+00 -6.042399001513244272e+00 3.170821159805427669e+01 -5.751079828982252895e-01 2.171743485732154966e+01 -2.558236083095114921e+01 -1.113968492622182538e+01 -3.302673951868007407e+01 -4.963546195996759280e+00 -6.447879915689710195e+00 -7.876259237055548645e+00 4.296006086688492154e+00 7.769272037307121536e+03
-5.482513135605526600e+01 2.150107571375334814e+01 -1.938124307623408171e+01 7.668772842637760156e+00 -7.643035865556530695e+00 -5.156163197557901423e-01 -7.851031183741520536e+00 -1.403906818584257898e+01 -2.657760430369741655e+01 -2.996775511331809483e+01 9.439918232025956257e+00 7.870270679519567381e+00 -1.367107111585467294e+01 6.162336728062236034e+03
-5.456484248001104476e+01 3.237710115992926774e+01 -3.817482854713639995e+01 1.650948970600787646e+01 -1.029642865956938103e+01 4.743626222410612492e+00 3.648674718080376245e+00 -2.645565430069643398e+01 -1.890621418770982132e+01 -3.932620126457121756e+01 1.962110278872473401e+01 2.658001307709647065e+01 -6.452114771413944183e+00 9.634321999561554549e+03
-5.218924019653174895e+01 2.270031346908734449e+01 -3.918043133699402603e+01 1.267417630104432424e+00 -1.729294598551292239e+01 -8.670969686940406262e+00 -3.355820136914165364e+00 -4.260469604344050509e+01 -2.916671880747060186e+01 -3.785735267232858092e+01 -3.212741020310508677e+00 3.118755480395502389e+01 -2.704521421046637641e+01 1.097469244955751492e+04
-4.505799793065702374e+01 1.562136499302322079e+01 -2.509806099739066099e+01 4.292498927977843159e+00 -9.871252398348637769e+00 -6.795165952890855898e+00 1.359894516679962884e+01 -8.120241540544537173e+00 -1.528672295871099784e+01 -2.046898845162896663e+01 1.054606558373069092e+01 3.789334506420384230e+01 -1.720199805104867252e+01 5.812771194654171268e+03
-4.655786962140169294e+01 1.879538354169628178e+01 -3.665728894234040069e+01 1.927437216561361666e+01 -2.813100433410212631e+01 1.190706853493476913e+01 1.616352129635518553e+00 1.925838944216405579e+01 -3.610365792727223067e+01 -1.077836862291996134e+01 -8.389479109360948428e+00 2.513951083628888128e+01 -1.699102331908509100e+01 7.953510349342673180e+03
-4.213863381614999781e+01 4.747767054847968460e+00 -2.834713552139258752e+01 9.157262941075311247e+00 -6.091214960955246838e+00 -9.023509357940525888e+00 3.253813294985499649e+00 1.028619620643926602e+01 -1.507896681697139485e+01 -1.117443354844618497e+01 4.222224452894667301e+00 2.314414444330308385e+01 -9.165298027098602418e+00 3.910265557592864752e+03
-4.436249481424508190e+01 1.253321104504360406e+01 -4.038991135283039569e+01 2.863648320558822746e+01 -2.186101566128222728e+01 -2.043128829100070654e+00 -2.447383599257139508e+01 2.515985471750685676e+01 -2.038239625992703097e+01 1.648773480909979661e+00 2.654436731582847653e+00 1.576100485959719677e+01 -8.114384686040894579e+00 7.030029832136739060e+03
-4.109429705491881890e+01 -9.949968021833170084e+00 -3.388855177653672257e+01 7.796498570095148573e+00 -1.934111952446095017e+01 -1.758384813730809881e+01 -1.937976241071654471e+01 1.450032033757846506e+01 -1.090095447845065557e+01 1.319860583019152322e+01 3.409970389592180595e+01 1.666942619451668861e+01 1.169205685346967627e+01 6.136465319612299936e+03
-3.331207474419965564e+01 -1.014631791126967464e+01 -3.392919927870948271e+01 2.456985110293221197e+01 -1.952939190185615459e+01 -1.116720496976996380e+01 -1.740060538092543041e+01 1.376243261905372606e+01 -2.377256815161272385e+01 -5.080041287995240573e+00 1.744165281607069318e+01 -6.782688326284636027e+00 -4.222685282851993627e+00 4.924788472840848044e+03
-3.193390390698436221e+01 -2.660414008373460604e+01 -3.739718442518695696e+01 2.433960461063165681e+01 -3.428579839744153190e+01 -1.979602655308022463e+01 -1.115139947793220898e+01 6.819338745021737758e+00 -2.999874348649058575e+01 -4.856453807153420676e+00 1.813307060549942307e+01 -1.533876837135954396e+01 -1.684533812505414474e+01 7.228137209775781230e+03
-2.995703673694140790e+01 -2.170961025291655488e+01 -3.290598810774996963e+01 5.568772163923738105e+01 -3.200178410525801098e+01 5.244409585760280379e+00 -2.008651680357581171e+01 2.393254719592123081e+01 -2.011787811301083906e+01 3.302460039685949589e+00 1.684577406831716218e+01 -2.278796058836394689e+00 -3.545725518286896971e+00 8.297691059489925465e+03
-3.196185953514262934e+01 -4.279164323926710978e+01 -3.509318415627190291e+01 5.059533285544397074e+01 -2.953684710727700491e+01 -2.436956406639180450e+00 -1.374005546004267764e+01 8.722057705190019661e+00 -2.702223234599530954e+01 -2.180186403740635370e+01 2.242256861274676716e+00 7.402773056139007046e+00 -1.020579138400992747e+01 9.156841244257384460e+03
-3.120694503517525220e+01 -4.172714773046556758e+01 -3.386457862245370620e+01 5.649906732102801499e+01 -3.187266968205149809e+01 -2.805043175836236524e-01 -1.907322859416026972e+01 1.855136200602203900e+01 -1.071932715629795041e+01 1.959491449240591932e+00 -3.096481273303657300e+00 8.143436414347004160e+00 -1.314329526156311090e+01 9.145262950854321389e+03
-2.829728462400079891e+01 -3.111683741633413192e+01 -3.664499365101045214e+01 5.493288889000214681e+01 -2.841759441685340093e+01 8.804639090285753866e+00 -2.550795134500190287e+01 2.388917290183389852e+01 -1.461747509619655538e+01 6.598396692541753650e-01 -7.021092836990848518e+00 1.641263723785128192e+01 -8.454425695866094159e+00 8.840154921224782811e+03
-3.145862861341053929e+01 -4.185381782309786303e+01 -4.487472688214861449e+01 5.730876137281687477e+01 -2.167904198659601889e+01 7.324549491350755837e+00 -2.396458343344875530e+01 1.330351138808556044e+01 -1.155187695585508934e+01 -1.022823755791152589e+00 -3.121329600231511847e+00 1.347460429938370652e+01 -1.707978980206031139e+01 9.931856093358384896e+03
-2.579864991259307772e+01 -2.565828800480145588e+01 -4.139141530234990540e+01 5.643300345536466978e+01 -2.790139789274520155e+01 6.138004823903981944e+00 -1.651108448904851400e+01 1.150019774140787909e+01 -1.183999960012726049e+01 8.112167678303926266e+00 -1.443190664907089804e+01 2.555086240742180337e+01 -2.309895396043481952e+01 9.043565815386938993e+03
-2.164095345882897803e+01 -2.769506117917362076e+01 -3.247280678041366286e+01 4.060438718152516202e+01 -1.173222396556051095e+01 -1.033083239813701759e+01 -3.050476404720240176e+00 3.181816914611612646e+00 5.109131432021913000e+00 -6.676061927864276768e+00 -1.684315053347332736e+01 2.451245202841270299e+01 -6.769501376637931500e+00 5.203398461382121241e+03
-3.335753707059352280e+01 -5.706431056152578662e+01 -6.678344706230572569e+01 3.492748513535722310e+01 -1.127049755406910059e+01 -6.712198466403288322e+00 -2.564597775436246252e+01 -1.552663666082598581e+01 -3.540221249800247882e+00 7.845845554639182318e+00 -1.771869663912005066e+01 1.639274979616962824e+01 -1.036166373008389208e+01 1.188401817371500692e+04
-2.352039167575460965e+01 -2.709485987688815101e+01 -3.881644905033032700e+01 3.610204761617571734e+01 1.067343905753045608e+00 -9.959407544747460150e+00 -8.404288439967722013e+00 -6.639110832941059748e+00 1.258660593839391595e+01 2.370011154570870637e+00 -1.483542558585762627e+01 5.829700854276889999e+00 -3.783136240412058537e+00 4.744880679874990165e+03
-2.576736293390325727e+01 -1.239955399638817468e+01 -4.290143058687906574e+01 4.538828563969170915e+01 -1.764362014946618373e+01 6.745667141461828109e+00 -2.325373766670900366e+01 6.957548679606266440e+00 3.063437509478020182e+00 1.577050800189748792e+01 -3.225358717537640274e+01 1.371079855240849810e+01 -2.977469311733883739e+00 7.159519085990181338e+03
-3.355438056387812651e+01 -2.947670995822480933e+01 -4.195135375898959751e+01 2.737274063390657020e+01 1.586736145417849686e+00 4.066248021593057871e+00 -1.335387338195081597e+01 -7.548704372841429588e+00 7.982320766684824598e+00 1.642734517890550094e+01 -2.636945873095898563e+01 1.747240881350201835e+00 2.733343550880105166e+00 5.797764359465403686e+03
-4.036980470950992128e+01 -3.282784170018516079e+01 -5.050461612773695919e+01 2.815045267397168161e+01 1.112153556755096195e+00 1.493254775283830149e+01 -1.992375136974829175e+01 -6.886636335229582073e+00 -7.715609055886617718e+00 2.464019743929657125e+01 -2.302327125068258695e+01 9.854290429052738887e+00 -8.892097227017064398e+00 8.092069460505972529e+03
-3.985757537787090854e+01 -1.415699597195205683e+01 -4.972408188038321697e+01 3.070355315161872412e+01 -6.351358711603827700e+00 2.611613641999706559e+01 -2.483796009824737183e+01 -9.106907564775816866e+00 -7.993474708458928824e+00 3.378354064905445142e+01 -2.853606526347147110e+01 1.048200183240110839e+01 -1.470588613333467976e+01 8.972157437963975099e+03
-4.769737877366141987e+01 -2.697787243651710654e+01 -6.057442383594468538e+01 2.747090181524886177e+01 1.018931712670052292e+01 3.043910422281793515e+01 -1.319964717500133666e+01 -4.271918461975978687e+01 -8.056457201391072687e+00 2.371601631241820130e+01 -1.711663210065351848e+01 2.219533196416429099e+00 -9.205137427354259216e+00 1.146627339170083906e+04
-4.837129806548834665e+01 -2.517832312155360963e+00 -4.641475178325921291e+01 3.754559980854650547e+01 1.028184982176156659e+01 2.349596747246253159e+01 4.354406231782800951e+00 -5.957020636023315774e+01 7.252446336108692826e+00 3.064429213500453830e+00 2.318709942260011037e+00 2.992327667197079322e+00 -2.889315956503256899e+01 1.104660428141130433e+04
-4.576723537742151393e+01 -1.223871032115367630e+00 -2.886866720250640839e+01 4.041475702262955849e+01 9.891209143652806901e+00 1.025736165026465407e+01 -7.479265462778474927e+00 -6.192839674763362012e+01 -2.208147890316424977e+01 -1.017850463957239349e+01 -1.173739553297207827e+01 1.942954850561213220e+01 -1.766003174190185732e+01 1.007534964498867157e+04
-4.629105530677524172e+01 1.009545811991754638e+00 -1.932012336231701610e+01 3.166599353330791189e+01 -3.113825919937473596e+00 6.293288161651896750e+00 -2.603876147210506531e+01 -4.299904748534431320e+01 -3.317295461105088350e+01 -5.863306556040764894e-01 -1.168524632002744212e+01 1.667598966782858128e+01 -6.482747567557598956e+00 7.653568198991877580e+03
-4.636603037822052897e+01 2.480002818091761263e+00 -2.160459611841459093e+01 2.204794466520783303e+01 -1.690366937960185467e+01 8.643916464320067661e+00 -8.229055966318874482e+00 -2.203679651064750189e+01 -4.192566002654145052e+01 3.724102424070421247e+00 -2.579416919551463394e+01 1.138992388908755515e+01 1.385894583452625950e-01 6.589337362547331395e+03
-4.717725717996337664e+01 2.210257436150550703e+00 -2.430169091486079935e+01 3.120340075773897581e+01 -2.241129332534766050e+01 1.059791959090465951e+01 1.872115608436920153e+00 -1.881912859369640501e+01 -4.898842725316798408e+01 8.275577814398124232e+00 -2.168232512992689465e+01 2.507653503631551217e+01 -8.178754852284857435e-01 8.335025564853291144e+03
-5.148645975988507928e+01 4.175979574103094727e+00 -2.050667688786499809e+01 4.383620566277598130e+01 -2.884765362033644109e+01 3.301624285792094327e+00 5.577337329061965443e-01 -4.774092794628201020e+00 -3.405066872054022298e+01 1.432773832225145227e+01 -3.677727405685903506e+01 2.398289422388324610e+01 -6.097125077919381297e+00 9.206276101524035766e+03
-5.333031180766568724e+01 -5.583723667870995611e-01 -4.935950639780918969e+00 3.070601942155025199e+01 -2.508981942770791562e+01 -6.491764845113621618e+00 -7.084244568734984426e+00 -8.091163483019823133e+00 -1.093579201509045795e+01 -7.918440387310246020e-01 -3.570468272080901784e+01 1.815190977806462991e+00 3.888779675206495590e+00 6.012413129796496833e+03
-5.631722785911681939e+01 2.398917313153555941e+00 -8.710521326809891107e+00 3.216867457455352763e+01 -4.244993431938230799e+01 -5.490733439422557538e+00 -2.074506912057207231e+01 1.186589749299405305e+01 -8.083092743674546554e+00 1.027521508354979574e+01 -3.629084316630573426e+01 5.193509172228027104e+00 3.162005237155933735e+00 8.216296802912858766e+03
-5.662237174035834641e+01 2.086718107052357496e+00 -1.616531030909564626e+00 2.226503234967386646e+01 -3.503563202908568286e+01 -2.756775257745120555e+00 -1.730163001995615346e+01 1.494706605283864143e+01 1.482734048916566350e+00 1.210832575706308667e+01 -3.212219936905206197e+01 1.246663654780835095e+01 -1.026076799143845975e+00 6.803764324119124467e+03
-5.756312436242608754e+01 7.201202679588467603e+00 1.473488304316745989e-01 3.294357445950515739e+01 -4.514161217336198462e+01 -5.642845583516663766e+00 -3.515545258921692806e+01 1.770651550818300990e+01 7.835609162672964700e+00 2.846557571890759064e+01 -2.555894210013685353e+01 7.490672765278820755e+00 -8.545472058024879303e+00 9.723785374735425648e+03
-5.816466015420771640e+01 7.321466208209677973e+00 1.386763734081313926e+00 2.503353584079529881e+01 -4.787440118583162985e+01 -9.686439739164903528e+00 -2.190121099307991770e+01 4.867639603231219247e+00 1.274053140770753378e+00 2.041951478924736918e+01 -1.518955471683378455e+01 2.931730543165149250e+00 -1.011994719072767346e+01 7.714785693882091437e+03
-5.937492002167908112e+01 9.021093246315816216e+00 8.849106935944943686e+00 2.305881315444406354e+01 -3.959702068231339211e+01 -1.976752021213016164e+01 -2.943688746358768071e+01 8.526173166711837226e+00 -5.946977078197441813e+00 3.260326004830893964e+01 -1.713448178260031796e+01 -2.543962217595873376e+00 -2.242720014747887447e+01 9.016062301584233865e+03
-6.001145279939086663e+01 8.562401608126206654e+00 6.773794934715975380e+00 1.796441047330006313e+01 -4.108048701346096720e+01 -2.015210455444698567e+01 -2.772957894595642614e+01 1.688300186658035784e+01 -1.225909120330405955e+01 3.217182658708235721e+01 -1.080590077523349812e+01 -1.552903808145585707e+00 -2.147709427905634882e+01 8.956728885199887372e+03
-5.760719996206938021e+01 1.371157813761505828e+01 1.872277882068426047e+00 4.292157093824764402e+00 -3.740276006499619399e+01 -2.344413116152553656e+01 -2.918836826692221464e+01 1.716450990534685062e+01 -6.437046087493327740e+00 1.513996312235717134e+01 -1.260089465466384873e+01 3.189011902338529936e-01 -2.734363317012504524e+01 7.800912452942509844e+03
-5.988192508176065587e+01 1.542060167487820266e+01 3.831199938258964099e+00 1.045281678791910096e+01 -4.110753400668484403e+01 -2.533885239207015161e+01 -4.618380785723602600e+01 3.337531231034672885e+01 -6.878484516504734358e+00 3.002919215353120208e+01 -1.759347503672718105e+01 -1.951782542084112615e+00 -3.378404278126257765e+01 1.193008904818992414e+04
-6.441168689842618278e+01 -8.034728478855820422e-01 6.506969714330104182e-01 2.158331029165538872e+00 -3.673323090502939436e+01 -1.613548421383987730e+01 -4.217094820860661031e+01 1.827339525093286809e+01 -1.179194028281139772e+01 2.279331152046234266e+01 -2.039914188284646457e+01 -7.189879414828101112e+00 -1.607479751779151655e+01 9.261386103941846159e+03
-5.746413911395305263e+01 1.279021842745712689e+01 -9.385243895449061569e+00 -5.533085469336628037e+00 -3.993400068267883540e+01 -9.686530154653377522e+00 -5.113342909831214911e+01 2.748038777755890649e+01 -4.677544581361327225e+00 2.697519024028274259e+01 -2.101533646258074484e+01 -3.100020425759367093e+00 -2.846196445694143762e+01 1.065364559587005533e+04
-5.660753284323232037e+01 7.811393140856832673e+00 -6.636795486154643875e+00 -1.177765841166298699e+01 -3.015185796748821545e+01 -1.897197159704507285e+01 -2.217340957562532466e+01 1.704848440447149471e+01 1.722187372211038570e+00 6.883629825452214135e+00 -8.125101464667967122e+00 -8.529008131245873869e+00 1.449064904250341179e+00 5.690783418783714296e+03
-6.658236775616686032e+01 -5.006560400383382792e+00 -1.143810959701024998e+01 -8.381413324947596166e+00 -3.753349582145203556e+01 -9.962865271800877665e+00 -3.244267654247459376e+01 1.863347858003328028e+01 -1.153309675726857009e+01 1.763556398343293807e+01 -1.062860577746405788e+01 -2.340028720866435208e+00 -1.178690442514026948e+01 8.268511110713056041e+03
-7.264752227324785849e+01 -1.501988228764666644e+01 -2.107297733503850878e+01 -2.026321222050099902e+00 -2.863207966757598300e+01 6.912867121128414283e+00 -4.302628725292610312e+01 1.327565680496092781e+01 -3.419480147701028017e+01 1.151889618185544073e+01 -2.253148674703438559e+01 -2.116280669208964405e+00 -7.562661598731438950e+00 1.071783369079408658e+04
-7.486837021272930315e+01 -1.838285193014892016e+01 -1.755821737568635044e+01 3.475630752684285785e+00 -1.834653071926591394e+01 1.157645296385828182e+01 -3.521954041678998237e+01 2.692015704560862943e+01 -1.931323105733906687e+01 2.551029727678266212e+01 -6.285888504629120632e+00 1.419025086219884457e+01 8.925394174677613535e+00 1.004360788114658317e+04
-7.519201005804221438e+01 -2.029245621283631351e+01 -1.513081906135055199e+01 1.877342228865667373e+00 -1.500249287197729764e+01 7.705984618151578758e+00 -3.670427840497262650e+01 1.429742598620414640e+01 -2.590291083792451232e+01 2.585530301783965967e+01 4.612902032897839288e-01 1.148211543531778389e+01 -1.238469751643736405e+00 9.607208744268982628e+03
-7.600405427625646837e+01 -2.394465165943567797e+01 -1.710101981593406961e+01 1.639745618498377633e+00 -2.225451611147835962e+01 1.314616493309158152e+01 -4.111498697522058166e+01 4.504478926641166225e+00 -4.040966881680159872e+01 1.922279466601179010e+01 -5.103700201282214799e+00 5.795803351542767601e+00 -9.572548890736985783e+00 1.117764383129053022e+04
-7.486769697245563293e+01 -2.507356788187953356e+01 -1.147078156244534597e+01 2.620470959368941699e+00 -1.207921701814891691e+01 1.928429184101384308e+01 -2.303943164792838871e+01 1.399172550740574650e+01 -2.677953280909781242e+01 1.452548041564200076e+01 -5.043378920226457396e+00 9.035633153888372959e+00 -2.060560793504233157e+00 8.656133949891083830e+03
-7.599421794566723065e+01 -2.371414594143659116e+01 -1.845898044432225404e+01 4.123142587452154117e+00 -1.262336799196242687e+01 1.533771608416364174e+01 -3.327070284141412060e+01 1.157826743196013730e+01 -2.603759456488931079e+01 1.104689317701156526e+01 -1.670041691889011304e+01 9.015765025274498967e+00 -5.128473006698342829e+00 9.517286400398246769e+03
-6.573131283544383052e+01 -1.693436843818884086e+01 -4.507405497561773444e+01 -1.615963393003049919e+00 1.433121739986795973e+01 5.418881518285033394e+00 -4.967294413461348057e+01 1.882874063751929583e+01 -1.007496002206221597e+01 -5.437078912122514929e-01 -1.149807434706279707e+01 2.322568062070666173e+01 4.851084236157061191e+00 1.049530242313979943e+04
-5.704315668139915374e+01 -9.211872435724826058e-01 -4.267849366868294680e+01 3.405120290943367323e+00 2.180501974068025817e+01 8.431007232195517176e+00 -6.349980320500235820e+01 6.234914246216475497e+00 -2.757372708044459131e+01 1.373926991432198363e+01 -6.950549707676116462e+00 1.368794400922295651e+01 -3.050531608576757314e+00 1.089951256613133228e+04
-4.593395219603351620e+01 6.715833026989172616e+00 -2.051013847032867332e+01 8.489089605687540896e+00 2.042965935131089950e+01 -6.450424008431267175e+00 -4.468607752479645256e+01 -5.702396141264753915e+00 -1.481482242665207494e+01 -1.392900998232434295e+00 8.465360618628047007e+00 9.322085975176587880e+00 -7.489208788320226517e+00 5.572173599733687297e+03
-4.960095922806849700e+01 1.295597706615890665e+01 -2.735160836047776201e+01 2.309536055924784748e+01 1.186407603133082489e+01 5.289509329931094683e+00 -7.722565070404536414e+01 9.715884090175434196e+00 -4.520704685899520570e+01 1.269506832006164743e+01 1.485880770902315717e+01 1.115744442300270123e+01 -1.510583509010871950e+01 1.291485422841364016e+04
-5.258467987814293565e+01 6.174673623252810550e+00 -2.045192148506551888e+01 2.352349041388230333e+01 -5.120316627759215145e+00 -2.711099775019850111e-01 -5.346925607539248659e+01 8.453336828787698209e+00 -5.407035097037395133e+01 3.271553784866776393e+00 2.106934923595561671e+00 -1.067385723717772628e+00 -2.316157075381363128e+01 1.020796500277507948e+04
-5.090519510692957539e+01 2.813043337888920803e+00 -1.490965348862757445e+01 3.668227026197207152e+01 -1.155554382440821648e+01 1.112955111463007185e+01 -5.379581810771772865e+01 -1.454052789500207510e+01 -3.682438764527907438e+01 2.034305682291094897e+01 9.156692060671534072e-01 -1.566726873775990514e+00 -3.419716776343631182e+01 1.047256817143620538e+04
-4.996758791514617570e+01 4.586680747732962082e+00 -1.572321409230949030e+01 3.084580054346032085e+01 -1.540070381920982001e+01 1.702441554020974479e+01 -3.977111646558400082e+01 -8.768046645499261160e+00 -3.894530127393594654e+01 1.261436800607481956e+01 9.396288518944591051e-01 4.446531377127315388e+00 -1.909957366499164877e+01 7.963420133770333450e+03
-5.178624643509949266e+01 4.126824265546355619e+00 -1.403758256757005007e+01 4.095403700809136893e+01 -1.238685369394069014e+01 2.480042774004780171e+01 -3.950055647670647829e+01 -8.547882941880239116e+00 -5.179801428511754580e+01 1.786759867795266032e+01 7.222180642407367124e+00 9.861839787814634661e+00 -1.589360652721938649e+01 1.037929636731078608e+04
-5.156390518135962964e+01 7.246900550921344664e-01 -1.044643213513391800e+01 3.647492633534065476e+01 -9.518575752391159384e+00 2.106550592214572504e+01 -3.241832675801645536e+01 -5.271090270873156847e+00 -5.486871960880114329e+01 1.060818905620820196e+01 1.159177513614659993e+01 1.890109805892772954e+01 -2.410491516584927751e+01 9.907778575648339029e+03
-5.104671880607604351e+01 1.652725510306355616e+00 -1.099526022228213051e+01 2.988984493126756448e+01 -1.657090437304527697e+01 1.886378137772967989e+01 -2.634778412510905099e+01 7.527181005279086623e-01 -5.301835907633788736e+01 2.857705268618006667e+00 1.088643909179891800e+01 2.322650868346125819e+01 -1.727674574255792805e+01 8.723591096024669241e+03
-5.146761203505793247e+01 6.993168182892552931e-01 -6.844996567204616689e+00 2.345216332561990313e+01 -1.367932825073915915e+01 1.863350104165511212e+01 -2.130551006171192441e+01 -4.876918643340199644e+00 -3.857522254343760437e+01 -7.905814390300824002e+00 4.224319504395270819e+00 1.439081167200141387e+01 -1.306725205552241142e+01 6.204545659750882805e+03
-4.787799150570954509e+01 2.878167398333331128e+00 -9.407113781327760549e+00 1.367309663504921602e+01 -4.078696524900865761e+00 9.177912547129233545e+00 -2.678640165601587952e+01 -1.994732760495826085e+01 -3.533308605096235055e+01 -1.034674245652325908e+01 1.291247323627979782e+01 2.182075941060069368e+01 6.774460182093821281e+00 5.836563182239861817e+03
-4.555056394718653934e+01 8.179169078707920093e+00 -1.926042622337167742e+01 2.141225507153463781e+01 -6.151453726305899927e+00 1.141416091825739088e+01 -3.745637505478675422e+01 -1.836592944442028807e+00 -3.944602925432162976e+01 -3.813553906767378265e+00 2.827898593582338904e+01 3.052317625466738349e+01 3.947820866450013177e+00 7.863160967740592241e+03
-4.649666119691283939e+01 8.438262219238355399e+00 -2.783642404320709574e+01 2.327635589543964656e+01 -1.649105215680671677e+01 1.541748992165648247e+01 -3.308279267004166968e+01 2.034279218987674653e+01 -3.545263548295503853e+01 5.832580942355552800e+00 1.290850954257768635e+01 2.092456654471360977e+01 -4.533651922597658590e+00 7.483682647264556181e+03
-4.623136622352091507e+01 4.042938803294295447e+00 -3.039661681553121042e+01 1.793636224927409373e+01 -1.123117277560696348e+00 1.033390613221353327e+01 -2.911745140844783464e+01 7.771347796868288249e+00 -3.676762894668724613e+01 8.562185379730179235e+00 1.576457671395894167e+01 1.729331904074758341e+01 8.338632887257428905e-01 6.389068460337481156e+03
-4.471218828152871794e+01 6.847128732312658173e+00 -3.684339067615700003e+01 2.194948735804251072e+01 -1.845310374452271063e+01 -1.244328906955807668e+00 -4.639065748554654789e+01 1.760465921140739098e+01 -4.140851434662253183e+01 1.208315928326265443e+01 6.614048413219626887e+00 1.615566476347270708e+01 -5.522167506255255098e+00 8.885274177710834920e+03
-4.318343362172813471e+01 -7.437056818464444774e+00 -3.678054395730099202e+01 2.687179668243391717e+01 -2.964483675948062924e+01 6.227068685969730844e+00 -4.705436201191638901e+01 1.497992788749944104e+01 -1.122363175416260361e+01 -5.290678258101744191e+00 1.260841382226424123e+01 1.412038278002078506e+01 -2.173187863747185489e+01 8.335717623264861686e+03
-3.621975882512421663e+01 -1.477948449868727288e+01 -3.745333856851231502e+01 2.459966729038997002e+01 -1.806520495755210476e+01 -1.116093140917604920e+01 -8.850036370312134082e+00 9.811092826529526079e+00 -2.765962123787793914e+01 3.043207269168833662e+00 1.298242111370110763e+01 7.273974003359238161e-01 -8.934114394661643033e+00 5.186905520882297424e+03
-3.115555788040090235e+01 -2.539677695419439374e+01 -3.597137240190343022e+01 3.864602541093685772e+01 -1.777324892154127411e+01 -1.178398568216541342e+01 -1.381467370824504570e+01 1.361327285553620037e+01 -2.418805943066326591e+01 -3.747279840246150684e+00 1.450038891830709709e+01 -2.444751889702527325e+00 -3.465812848182063810e+00 6.061391356833814825e+03
-3.387567010588144001e+01 -3.908121936011432496e+01 -4.489446171738811842e+01 4.237479933229508333e+01 -2.534754401739758833e+01 -1.184732634793671835e+01 -2.143018984682955974e+01 1.412185766740562620e+01 -2.632484747362034838e+01 -1.997043637715585618e+01 -4.307511333416607080e+00 -9.176622179892859776e+00 -5.036855490467477381e+00 9.147526958655505950e+03
-3.219662829910968327e+01 -3.314487547722767857e+01 -4.026659950927798803e+01 5.866690352582241275e+01 -2.562719794121974815e+01 4.034155027143976335e-01 -3.787005167750024981e+01 3.261760547757717887e+01 -1.873526170938860247e+01 -3.848376187909612334e+00 -5.122925857736388089e+00 1.260296656777782331e+01 -6.679976030777690532e+00 1.094889651514150864e+04
-3.240237886177294513e+01 -5.043412832000734625e+01 -4.418048940222843157e+01 3.965227838783502534e+01 -1.305743217709119008e+01 -9.349918453820405873e+00 -3.107699594337753979e+01 7.789876192224010509e+00 -1.138507598593754722e+00 -8.492544516666036714e+00 6.034790300461697399e+00 1.104687349106121985e+01 -3.451207749016042214e+00 8.645896093319470310e+03
-3.307409053129932630e+01 -4.076378237851845654e+01 -4.805425255664528805e+01 5.959097457317867708e+01 -2.133189900523748861e+01 1.404978960085206730e+01 -3.579784767996163453e+01 1.889569012759714894e+01 -4.910605981589660551e+00 1.177130706719215070e+01 -8.461740740399209315e+00 1.507520495644696723e+01 -1.003056440134696636e+01 1.146900916877137752e+04
-3.485512591338164867e+01 -4.817659163316940152e+01 -4.556650496702358311e+01 4.269021098747590770e+01 -1.347747944503386819e+01 6.947531149830796338e+00 -1.527614543087598165e+01 5.389610714959677473e+00 -2.524236665510790179e+00 6.898499055641253541e+00 -5.945961786572501850e+00 7.073524742774642604e+00 -1.229748561278261221e+01 8.217521863259924430e+03
-3.651591367656303078e+01 -3.882544987054610175e+01 -5.200260031448238607e+01 5.649382852859589832e+01 -1.815868890998340390e+01 2.029550950876396698e+01 -3.208129573091100895e+01 5.033669508524342362e+00 -8.390912339796431141e+00 1.711826187172118452e+01 -3.159774645546834737e+00 1.643656768939110080e+01 -1.810816670556530283e+01 1.150433659827388146e+04
-3.787004373024356596e+01 -4.178868782019997496e+01 -4.461448153465771327e+01 3.434664631663525824e+01 -1.618655541885335891e+00 1.769535568222939048e+01 -1.126834015746983653e+01 -1.571770477960699175e+01 -3.087374451630590322e+00 4.823253684635528948e+00 7.686021942835475906e-01 8.224981159482817716e+00 -1.379559361813224605e+01 7.331701234392738115e+03
-3.895734785239683617e+01 -3.008675160139397775e+01 -3.711016355960550328e+01 2.606946114668642167e+01 2.524256387549700609e+00 2.108802897020860101e+01 -1.783494486905101439e+01 -3.218103460410902983e+01 5.783884542500608017e-01 1.361016961421530347e+01 8.342997111686520029e+00 9.877969371958538858e+00 -1.732426293428726538e+01 6.937330916414291096e+03
-4.294018703270476323e+01 -1.338935209630820999e+01 -4.016391332219679811e+01 2.564356787615860611e+01 -2.969751406448364506e+01 3.266546042500455371e+01 -1.245768869064305306e+01 -1.319996111250572390e+01 -2.058196113026708218e+01 1.767825323807308990e+01 -1.212665060153449437e+00 4.652372022491524817e+00 -1.439787832553506064e+01 7.538826329785011694e+03
-5.063299524420363440e+01 -2.454986021011551500e+01 -3.868083457937060388e+01 1.966527759457583002e+01 -2.008264410179165793e+01 1.580891336119154644e+01 -1.007528930338066253e+01 -2.909396269558900627e+01 -2.317874650736196429e+01 -7.286859288544813573e+00 7.783942323670712149e+00 8.936741520089867663e+00 -1.659455367727525399e+01 7.656717332810845619e+03
-5.279069241176974714e+01 -1.044464657099938520e+01 -2.675498361349160703e+01 4.387729631573073164e+01 -8.541703581115632105e+00 3.577732401789821637e+01 -3.493083281500076520e+00 -9.475219118848798416e+00 -2.763641059279613188e+01 -1.602487201810610173e+01 -6.888953442883047451e+00 1.708051508185496559e+01 -9.715219807212273295e+00 8.446108034107259300e+03
-5.288718507237703648e+01 -5.049737962284808646e+00 -1.003024167205951933e+01 4.837105859495856919e+01 -7.867515125509946472e+00 2.447542076719931003e+01 -2.971202985388719853e+01 -1.856434595560025969e+01 -3.253586554799503006e+01 -1.680400581993422904e+01 -1.028267087831332915e+01 1.454990655468668770e+01 -1.067532268293311759e+01 8.923655704823677297e+03
-5.151798591205663769e+01 4.418137822391338815e-02 -6.859194940621071268e+00 4.175329263205810548e+01 -1.292248564324171944e+01 1.507206003992881982e+01 -3.123667235650048823e+01 -4.785389203170336891e+00 -3.201501566002116306e+01 -1.366823707264028620e+01 -1.322454122483568639e+01 2.410152958969239734e+01 -3.229706578466245759e+00 7.815263260199437354e+03
-5.066220154388086172e+01 2.040695392213141279e-01 -8.421026379163121689e+00 3.193905151095217576e+01 -5.011579398997882073e+00 -1.010942057248376935e+00 -3.077722037906505648e+01 -1.499808602818186998e+01 -3.890943744974923391e+01 -1.890055383742542006e+01 -2.092608963966463875e+01 1.700378344796247632e+01 6.599393134416947859e+00 7.497791943945751882e+03
-5.336201502943676189e+01 2.111415413881096548e+00 -8.024193165396425798e+00 2.659711228376664849e+01 -2.045264791543006311e+01 5.310013153536694119e+00 -2.844048803389599200e+01 -5.812739693050221312e+00 -3.571775900004708149e+01 -1.322326806106575603e+01 -2.431840726969686273e+01 1.277941446894336686e+01 7.942954972584998607e+00 7.181315155831958691e+03
-5.264521132894339672e+01 7.230230143991297709e+00 -1.184026972986847426e+01 2.904297564571739443e+01 -2.215104380476918777e+01 1.468951936835351546e+01 -3.291475032083054941e+01 1.263830246590609718e+00 -4.652499640979064566e+01 4.209543569937641116e+00 -1.622085015290112864e+01 1.215983388848379754e+01 1.155646394672007737e+01 8.325734648755282251e+03
-5.023188046386027139e+01 3.685303331522756576e+00 -6.673168851648015654e+00 2.683585328902937661e+01 -1.323819947167991806e+01 3.569096151564161268e+00 -2.544120308102798589e+01 -1.845238142342878618e+01 -4.768341975146203993e+01 1.159406681118896554e+00 -7.037990474297846966e+00 8.673669645198415878e+00 1.630109434160241477e+01 7.142795321661206799e+03
-4.807566127712959059e+01 8.002775619502683568e+00 -1.680752464638995036e+01 2.515651024724436624e+01 -2.560182340382769439e+01 4.863218985542037132e+00 -2.452427046035048264e+01 -5.205476969683413557e+00 -4.982197664517507718e+01 8.416534031584241404e+00 -1.644204495164990476e+01 1.104788105000715248e+01 2.243360750359993716e+01 8.047028275454506002e+03
-4.483703857085927780e+01 2.636802389859811857e+00 -2.057880732087264875e+01 2.426969471029822500e+01 -1.721024869990524309e+01 6.309556197192521587e+00 -2.236555083083724327e+01 -1.633736529213705424e+01 -6.001789781442417393e+01 5.010945058169665955e+00 -1.585132292555657685e+00 1.049134664245496573e+01 2.322295843626582723e+01 8.412093100830421463e+03
-4.334270567033379962e+01 3.941317931592236867e+00 -2.445085239882747885e+01 2.897790702814307906e+01 -2.043212160229266416e+01 8.725809535211649148e+00 -3.151831028406386537e+01 -7.338683486212134177e+00 -6.273924708562505970e+01 -6.364231631646545262e-01 2.484142961807412231e+00 1.605884936755656156e+01 2.306437624987335511e+01 9.605200124687036805e+03
-4.189536695600386906e+01 1.118876928136932491e+01 -3.394394616228666450e+01 3.177780355184343009e+01 -2.724910546269843081e+01 1.121984890469194163e+01 -3.607372906922812206e+01 6.778132629226705674e+00 -6.304408851985468942e+01 2.128545868090603221e+01 -1.097937621875384240e+00 1.634811200480589477e+01 2.387878698459271831e+01 1.152437692847313883e+04
-3.869460461911901206e+01 5.818384472719324130e+00 -2.487222155000008783e+01 1.891707477513015689e+01 -1.567882557014369560e+01 -1.197743288558107011e+01 -2.736099810540843080e+01 -1.216782700798023598e+01 -4.151278708302971410e+01 2.669462091555109495e+01 1.821625960502605057e+00 4.237102946574367479e+00 2.004621833524857522e+01 6.652610357880609627e+03
-3.727845123107785952e+01 8.769723125670767061e+00 -2.508951395763394743e+01 6.988736360465146014e+00 -9.728554398415109716e+00 -1.189541099545708747e+01 -2.302962324564133212e+01 -1.901331815213540111e+01 -3.298173480141111469e+01 1.080430735609923865e+01 5.206673626327690485e+00 5.855355908301337564e+00 1.961659591028875482e+01 4.923665869986645703e+03
-3.676872525513649492e+01 1.286801730696134882e+01 -3.144556615276780320e+01 1.283802072227653035e+01 -1.687509102110606563e+01 -1.056966489841312651e+01 -2.572283014616153096e+01 -1.433029015314213339e+01 -3.900255556508610510e+01 1.727561693562084955e+01 -6.001102960977910961e+00 -3.574460389087522394e+00 2.691780607324479035e+01 6.527675721402712952e+03
-3.500780748590635483e+01 1.286439027225120846e+01 -2.741549185385555631e+01 1.125596830996842357e+01 -1.179537343448991038e+01 -8.936019646815744011e+00 -2.196432301623326211e+01 -3.753960519022238262e+00 -1.775364430354657586e+01 1.215161946484582955e+01 4.194382228490354692e+00 1.302624692054227040e+01 2.907492097365321726e+01 4.480332847371128992e+03
-3.410906419615213991e+01 1.343802635216704466e+01 -2.286838166292121244e+01 2.452853199200144996e+00 -2.138955301721534141e+01 -1.080927249379062083e+01 -2.232723349557166159e+01 -9.974934190466086648e+00 -1.157492081420990004e+01 1.358265903109943551e+01 -1.161281129313142024e+01 5.908118106547823878e-01 1.277592626707644996e+01 3.662244353985412999e+03
-3.472674039515626987e+01 1.416752424422778311e+01 -2.884399594339553730e+01 1.496895465094452504e+01 -2.594535934557304913e+01 -4.250320933702408155e+00 -3.439772481386426506e+01 -5.717111358549055389e+00 -2.765121302601494335e+01 1.208122857265267669e+01 -1.252131778319461297e+01 1.655371095800992975e+01 5.428226336732504542e+00 5.740646733581398621e+03
-3.525627879770957662e+01 1.245730129633359873e+01 -3.278223578858450793e+01 1.858423214556153980e+01 -2.925781695181129294e+01 -4.291266805042172727e+00 -3.574504458991180655e+01 -9.746814601121116084e+00 -3.543429233793897737e+01 4.394257057744713535e+00 -2.300077434424903089e+01 1.606262389839621463e+01 4.259125298042778063e+00 7.145463872989979791e+03
-3.786780972929177835e+01 1.903265954032465856e+01 -3.325490222896075210e+01 2.458150270680570415e+01 -3.206706497475297368e+01 9.863393779927328353e+00 -3.967855822432183288e+01 8.730241783677865186e+00 -4.514723123498234969e+01 1.143540196108466311e+01 -3.465895446329593454e+01 2.206726831613939765e+01 6.323681306294163917e+00 1.017977754465493126e+04
-4.012827802770197394e+01 1.618477627932587026e+01 -1.922940003732653480e+01 1.117068335060849016e+01 -1.789123824079482006e+01 -3.095123777511360696e+00 -2.207913018480501677e+01 -4.342884719664557025e+00 -3.987276467390133661e+01 -3.453192063166108827e+00 -2.997813405983660928e+01 1.501591116159545436e+01 1.158441048686782970e+01 6.062931081604477185e+03
-4.721282458529283588e+01 1.471524867224945332e+01 -6.932791912970956538e+00 1.489356282779254848e+01 -6.039194292426397936e+00 3.811743379583088842e+00 -1.626223724287304506e+01 3.592368432326055849e+00 -3.674722909575148577e+01 -2.846422288516072818e-01 -2.055782653636103774e+01 9.865914047757556204e+00 2.122284579856159326e+01 5.364647435712724473e+03
-5.382802570790111218e+01 6.938120386001410900e+00 -3.145125835223080202e+00 1.724867628324045654e+01 -9.030429333262233627e+00 -3.340498536987408063e+00 -1.535384104279730444e+01 -2.583391727386774583e+00 -4.342014846957644636e+01 -1.163027070335905222e+01 -2.874152997981618185e+01 -4.876440856948738301e+00 7.175011209153576708e+00 6.510032944764740023e+03
-5.367607854850514570e+01 1.081956507412940205e+01 -1.627986406159487842e+01 3.159250224598392620e+01 -1.390790245851186135e+01 9.250451171389308058e+00 -2.662940059700875395e+01 1.476578369943278446e+01 -5.242631354425188306e+01 -3.029832918178602785e+00 -1.798096013056800402e+01 -5.586099882360059610e+00 3.095219064205760429e+00 8.589256570369754627e+03
-4.621841738626679330e+01 1.630671876306916346e+01 -1.276620227094327831e+01 3.501894671987275132e+01 -9.196349260153211524e-01 5.662019036467220268e+00 -3.350500134202244595e+01 1.742896564477586097e+01 -5.281471506575113040e+01 9.830613229061683001e+00 -6.792414227635620527e+00 1.318695572559607676e+01 1.210921717637332407e+01 8.503312795552166790e+03
-3.721367143292420820e+01 1.239265457125772407e+01 -1.256632474012989853e+01 3.050723785720452952e+01 4.766310191598345014e+00 3.322953476667017902e+00 -3.238389991727616035e+01 6.407112593794622057e+00 -3.020730366436317382e+01 8.257711884402622715e+00 1.267703120331508870e+01 -2.005504340666417029e+00 4.963563929265688124e+00 4.920604241189971617e+03
-3.754976686848176115e+01 1.070386411744891042e+01 -2.436496565515712476e+01 3.722047651848996708e+01 -9.018596429682762539e-01 8.290631637599830128e+00 -5.255834147658848821e+01 -1.850761862806603819e+00 -5.093838631503292902e+01 1.586371485974052931e+01 6.065745476591430929e+00 -3.059557294274228401e+00 -6.068427779667223687e-01 9.231824691282668937e+03
-3.776733831408203912e+01 6.946896330213482962e+00 -2.118385047615385375e+01 2.960383266505226274e+01 3.754008198427455145e+00 6.055247708449654986e+00 -5.017134700082585397e+01 -1.269414459179101229e+01 -4.588657986383542919e+01 1.441356826475117892e+01 4.593172343754284626e+00 -3.533965526401542157e+00 -1.094706587129705966e+01 7.995591168003170424e+03
-3.854918028752120307e+01 7.756660205167660749e+00 -2.220398509160081346e+01 2.275570983539879677e+01 4.441757228891422132e-02 1.296209652090543152e+01 -4.183693705511861793e+01 3.900454934512548877e-01 -6.392389747737212957e+01 7.083996858233859051e+00 2.545080529575915573e+00 3.140027800380953860e+00 9.676620064500387475e-01 8.629264978651024649e+03
-4.326875895731999577e+01 6.182301752633255099e+00 -2.007805649906049794e+01 1.626955974457466780e+01 -5.684677075720438566e+00 2.087273420396886081e+01 -3.867447952283394130e+01 -9.779815004126329869e-01 -7.039732899320145521e+01 8.374154821677660010e+00 -1.490751466453778207e+00 5.702624184070521629e+00 8.848257407862524460e+00 9.681836004540768045e+03
-5.226808989711272346e+01 3.036374604324436621e+00 -9.622864782038227816e+00 1.442869994620928509e+01 -4.953786580473822809e+00 8.135120659444643465e+00 -3.283273214645588212e+01 -8.109375750131830429e+00 -4.958120331859338137e+01 1.233068587376785263e+00 -3.737708495371166340e+00 2.249975133171056019e+00 5.744208382016345205e+00 6.788275129361079962e+03
-6.294233607082078663e+01 -1.097756317435098516e+01 -1.488929351939803070e+01 1.983916506209958541e+01 -1.659984099814123759e+00 1.725079453027645471e+01 -2.488161110672616871e+01 9.538893628870431129e+00 -4.187503905737101206e+01 1.512968604796066430e+00 -7.753573954087459086e+00 1.231581368020983280e+00 -1.871454093843754718e+00 7.528903629442122110e+03
-6.800633022594489319e+01 -1.230956405869440395e+01 -1.561870456663201878e+01 1.860710309606702495e+01 2.694943732871591724e+00 3.639189083533046443e+01 -9.889940573569688809e+00 2.306541845468792928e+01 -3.359341473356303709e+01 1.299823260249080903e+01 -1.150410894020935260e+01 9.908530430038982928e+00 -1.073855052971392432e+01 8.971322958935375937e+03
-7.199391401713549499e+01 -1.889666224842186892e+01 -1.618010074336014625e+01 1.512924369072964481e+01 -2.247289286638904038e+00 2.456566813979203090e+01 -1.726647682280973584e+01 2.558591743303972876e+01 -2.871057697179287516e+01 9.330299834721087038e+00 -1.371331016380442591e+01 1.035359564108101793e+01 -8.347562467629380478e+00 8.868475269969314468e+03
-7.365216933422442480e+01 -1.992499869167831861e+01 -1.363951097536012647e+01 1.821117927108900858e+01 -7.964656765011929984e+00 2.184247563844218476e+01 -1.925809731431678529e+01 2.457118746427926936e+01 -2.976215811181585025e+01 1.439028424437252163e+01 -1.550143191096335471e+01 5.258494040769661204e-01 -1.060575603962466040e+01 9.300397301728802631e+03
-7.438873263958487314e+01 -1.913325728468878850e+01 -1.215010973310663189e+01 1.769749408153037962e+01 -8.572842085597127237e+00 2.056961750892559948e+01 -2.018673685512837679e+01 1.487308151032684478e+01 -3.004148080202735116e+01 1.941022934027428448e+01 -1.627278451263576287e+01 -6.307922994792408922e+00 3.713420188670504274e-01 9.069886100715688372e+03
-7.552672573291755498e+01 -1.794780906119400044e+01 -1.282234391262283424e+01 1.878043400050815848e+01 -1.272731208070682207e+01 1.697651637203080099e+01 -2.050507855782043265e+01 1.217659255550384323e+01 -2.946986058914394846e+01 1.986439424468370873e+01 -5.602129764575177973e+00 7.150024962583436228e+00 -3.159587649668720744e+00 8.917998139380570137e+03
-7.293926709981199963e+01 -2.220474725229135515e+01 -2.471043177589231021e+01 1.062614497372299560e+01 -2.117636829370040985e+01 6.742385125428669745e+00 -3.181879299568366548e+01 2.020577410893948311e+01 -3.343958981184088941e+01 1.291225936279790254e+01 -1.773199031532170267e+01 7.353098714219549414e+00 2.430612026162452199e+00 1.011064713218494398e+04
-4.210013099981478035e+01 -3.164298402651569475e+00 -2.834578661783319120e+01 1.427860249835069339e+01 -2.691723837688106968e+01 -1.110973069346082198e+01 -2.736777738845258767e+01 1.745416109179591047e+01 -3.135404994499087294e+01 5.790410031506365129e+00 -8.101807558927696107e+00 1.987824802943787006e+01 2.260853491451501895e+01 6.679937917102095525e+03
-3.888638827080729499e+01 4.666764508204652162e-01 -1.836258430804031150e+01 5.606924679685530322e+00 -2.097589201433038752e+01 -2.103759037699274259e+01 -1.569881356572748565e+01 3.082826726522337246e+00 -1.751776966022988802e+01 4.871101998912595321e-01 2.500042466297589527e+00 4.934484306380046981e+00 1.345414886683529687e+01 3.538238908805378287e+03
-4.255116863793030291e+01 1.594275703415620882e+01 -2.398336063046277644e+01 4.124402286309966748e+00 -3.300028445333646943e+01 -1.806224780625579029e+01 -2.369977772332131138e+01 1.256259290640642945e+01 -3.408834484345347704e+01 2.021793181328811428e+01 -5.642376434019956477e+00 -8.311218962638404761e+00 6.853008138556717199e+00 6.510404024124711214e+03
-4.162001236269315285e+01 1.633216846300917524e+01 -2.216830661236813071e+01 4.704262770343899391e-01 -2.670976529754231521e+01 -4.861822664876876310e+00 -1.459973847004811986e+01 5.681578549231920405e+00 -2.533424730731579544e+01 2.458273146696384970e+01 6.797295514184392928e+00 5.029882391690156496e+00 1.511649703736220829e+01 5.019248053663392056e+03
-4.350638300859406371e+01 1.940051379442924429e+01 -3.011041407117489399e+01 3.504939092850936522e+00 -3.599603358328793945e+01 1.867501047498224054e+01 -2.408316513559744010e+01 5.607374805133888529e+00 -3.675854509471655973e+01 1.979823722563028099e+01 -6.797501009973299091e+00 7.170146874634568235e+00 7.883832366697157035e+00 7.346951550377365493e+03
-4.566347100022233718e+01 1.628608975771586032e+01 -2.094400849184697577e+01 -6.685091054601941529e+00 -2.527756983246358402e+01 8.121838090358549422e+00 -1.316320304643428685e+01 -5.674761572306904256e+00 -1.735647887592739025e+01 1.505481882718123465e+01 4.313768410679022836e+00 3.037000114379130089e+00 1.098761748046604403e+01 4.420578495827178813e+03
-5.575568119785938848e+01 5.441213868785515828e+00 -2.033340722003257284e+01 1.812200863501185566e+01 -1.622184997395723016e+01 2.007889967241528240e+01 -1.803383370137181174e+01 6.844115374411284591e+00 -4.661021414028926557e+01 1.451029429167195062e+01 -2.437462753749330702e+01 -1.688693554054587764e+01 -1.782046191146311909e+00 8.184056593009800963e+03
-5.430871891523379702e+01 3.603945818733973905e+00 -1.336093263746487914e+01 1.941337115393794122e+01 8.248031222018006314e-01 1.055499578713950548e+01 -9.265164711364555217e+00 -1.142351236528494240e+01 -4.993614803595435347e+01 1.298397712034476470e+01 -1.805474388366135585e+01 -1.179730264379132265e+01 8.479548560466598772e+00 7.045502437020635625e+03
-5.516512581035249241e+01 1.015386444321416448e+01 -2.184322400028804623e+01 2.350843635723218839e+01 -4.584807626390240642e+00 1.781568773885499013e+01 -1.852283264897305770e+01 1.055729335895121324e+01 -5.001506611363713262e+01 2.185854569185017127e+01 -1.353304891949187727e+01 -7.461505898175991192e+00 1.715556453153933703e+01 8.481469782316076817e+03
-4.908483993929241507e+01 1.300247075457003376e+01 -2.100720306074586929e+01 5.003460734142850086e+00 -7.444824079659884575e+00 -9.246305996236820590e+00 -1.970832078433113921e+01 1.515137859341576076e+00 -4.372723505747224237e+01 1.046495373201604373e+01 7.890458384891634314e-01 -2.015605387320339403e+01 9.762544148243540221e+00 6.100138800072747472e+03
-4.644520577123699212e+01 1.756002867821458580e+01 -2.961947621076079429e+01 1.159015482384828033e+01 -2.260272055179030914e+01 7.779294737248708458e+00 -2.414546629739531625e+01 1.276915383023981398e+01 -4.433969940999617876e+01 2.001986353011284336e+01 -4.896855249460319470e+00 -1.552224427478459567e+00 1.839234827579991016e+00 7.191187297654721988e+03
-4.013301118928096400e+01 8.696794906538107384e+00 -2.689564073638954156e+01 -4.109521098483361001e+00 -1.723813605151185158e+01 3.082294753773238971e-02 -9.519030652045538332e+00 2.666600011676155457e+00 -2.760085723027761873e+01 1.016631577469431846e+01 -4.161115125109310142e+00 1.670890408611984679e+00 1.503520023414120388e+00 3.708962090386314685e+03
-4.009702697615840350e+01 8.434367325976996455e+00 -2.888307512170323221e+01 -5.614229124839817509e+00 -1.715214806103422163e+01 2.009887707898105447e+00 -4.244710325129615214e+00 5.566695501934494139e+00 -1.908931087008307159e+01 1.240687697727233818e+01 6.834213700751756271e+00 2.523692956431755174e+00 3.038165293678094958e+00 3.472541555151393368e+03
-4.381248511758897735e+01 1.236192087594611877e+01 -2.665825225878141325e+01 -8.793090335310013828e+00 -2.464643172459412668e+01 1.600770723737442669e+00 -1.090451874782135100e+01 1.188780232293977512e+01 -2.400572558922737088e+01 2.846213915272911787e+00 -8.294192026301093534e+00 -2.050636431981292418e+00 -1.143379149556362151e+01 4.518675341741915872e+03
-4.617084762325621483e+01 1.354927625653916046e+01 -2.111226176372121444e+01 1.654437962174211574e+00 -2.867686662891365046e+01 2.185445080948475116e+00 -1.497046068127661300e+01 1.731805021533514477e+01 -1.270201338836602112e+01 1.870967258279677026e+01 -1.137626056060662805e+01 1.063181441140877581e+01 1.159188006176793984e+01 5.003182682862943693e+03
-5.136923879049133745e+01 9.394073692798329489e+00 -1.891138001313591488e+01 1.035080917979824022e+01 -2.203747974847098234e+01 1.343741420014124088e+01 -1.844632082611252244e+01 1.550303176882070666e+01 -3.344687025737707131e+01 2.848130250322104118e+01 -1.285259982581978910e+01 -3.484953889277358385e+00 -5.123289020759716372e+00 6.572112257810528718e+03
-5.210885059769020700e+01 7.413778835594875716e+00 -1.915942853522595257e+01 1.689285601507713253e+01 -1.183868523848320820e+01 1.839195785548669448e+01 -1.371947140894470074e+01 1.525572561385958714e+01 -4.535108213579006531e+01 2.918072252023630497e+01 -2.915446184784931205e+01 -1.625054362584913292e+01 -5.114678653192383351e+00 8.370586324247125958e+03
-5.473876250511015940e+01 9.392622704071060369e+00 -1.966877996138762086e+01 1.821921631866015190e+01 -5.389285606737099776e+00 2.731904876002675664e+01 -2.253120748370644577e+01 1.150043273721128223e+01 -2.821445335530111009e+01 1.760538161997199680e+01 -2.498959028738147836e+01 -2.019247289233297593e+01 -2.063559042474156868e+01 7.782692335147942686e+03
-5.212036045779242954e+01 4.643274778139907077e+00 -1.717987442743269355e+01 1.742956352974377765e+01 -2.105222013874353537e-01 1.679158544528035080e+01 -4.073415038900828122e+00 -5.144564169182894275e+00 -2.980921534130051498e+01 8.578811225387765305e+00 -9.721309431387156863e+00 -3.291900171616639170e+01 -1.231877453024169711e+01 5.954192715310204221e+03
-4.960292876489220504e+01 1.570355326423471531e+01 -2.094255234836267476e+01 1.581282610622283791e+01 -2.486772428746487762e+01 4.138247778285252032e+00 -2.853149124459872255e+01 1.459676227144212390e+01 -2.814291594737109747e+01 2.837189755947296987e+01 -4.836746797590163460e+00 -1.905389037630440185e+01 -3.194454289826918369e+00 7.051966048280683935e+03
-4.854524575937908537e+01 1.895033130049771586e+01 -2.234505830040563268e+01 1.328214599956996445e+01 -3.458280428800896544e+01 1.003094346453610086e+01 -2.701325935603690809e+01 1.566722439403860001e+01 -1.740201510411054286e+01 2.619377694764517273e+01 6.019308099429028225e-01 -6.612606882697347643e+00 -4.282008963089023901e+00 6.714609827212389064e+03
-4.745336365333474760e+01 2.126708465183974894e+01 -2.846311294164144101e+01 7.343147086050868744e+00 -3.685618856061504545e+01 1.982613113110767600e+01 -2.511197166504260281e+01 7.361775054336691326e+00 -8.077440875208818483e+00 1.544461167431877868e+01 1.626491225180199507e+00 1.358045449749824662e+00 -2.409459661043046541e+00 6.318518520630574130e+03
-4.391916620434891172e+01 1.384681053703410214e+01 -2.095333635182356602e+01 -3.077354275750191714e+00 -2.560408207990424856e+01 -1.366075461523771073e-01 -6.308343870920278817e+00 1.913142461255519233e+00 9.387416867455756764e-01 -7.176573973489217551e+00 -3.800809676922588753e+00 9.947854539780429661e+00 5.682028928745013197e+00 3.466258599835157838e+03
-4.418661505364813280e+01 1.418688617225126158e+01 -2.821853366586584144e+01 1.151036005119787475e+01 -3.675293868631104743e+01 3.954392288068697248e+00 -1.735757466380094982e+01 7.160349348209392950e+00 -6.076469331861123813e+00 2.260261502625746033e+01 -1.937026933711945986e+01 1.348420392094631737e+01 -1.881962336654819268e+01 6.260481440168207882e+03
-4.404469876398214012e+01 8.290331956979752448e+00 -2.498192941895590735e+01 3.684907101600035872e+00 -2.931792400146838062e+01 1.107954572847332031e+01 -7.941846654704065145e+00 6.966959115636846889e+00 -2.077083840312359442e+01 1.121726884979415395e+01 -1.923615690517652865e+01 2.393258639653902264e+01 -7.355749718240721435e+00 5.294409206361973702e+03
-4.791273980032878654e+01 4.814972004430260633e+00 -2.435484580041974922e+01 2.286444924567935466e+00 -1.894065916890089341e+01 2.168388502291479725e+01 -1.100875581941599712e+01 2.579154215309894127e+01 -2.859143231634608284e+01 4.952632413821909552e+00 -1.761246927144980035e+01 1.579543315921983826e+01 -2.748423529137237420e+00 5.941783909846125425e+03
-4.971827620501389333e+01 3.330883334578612409e+00 -2.700577809099430482e+01 -7.398174993620938444e+00 -2.566695703510427862e+01 2.323952423275760992e+01 -5.580000838102778360e+00 3.390340504174091052e+01 -1.653912234231706080e+01 1.550641879307478810e+01 -1.185278547511414615e+01 1.853092654704729725e+01 1.147974413058444298e+01 6.776152148062459673e+03
-4.911350097922849045e+01 9.319000023483431372e-01 -3.555011750352176847e+01 -1.308608365432128195e+01 -2.912193494102498548e+01 1.011472810929109301e+01 -2.250683866062592742e+01 3.962622343486817300e+01 -2.746366180901822673e+01 9.185024215410614090e+00 -2.284089169155788568e+01 1.799362200473959916e+01 8.355498033306169248e+00 8.629159548910187368e+03
-5.127864787562451454e+01 3.906497876815119064e+00 -3.743278998751002717e+01 -4.186223556422485892e+00 -2.002692274008417783e+01 5.647657594567569106e+00 -1.570514581882425986e+01 4.041086769692489611e+01 -2.221484996739599538e+01 4.589879623803212461e+00 -1.469705403610804417e+01 1.954325872791064000e+01 9.499391667583701349e+00 7.578909546614318060e+03
-5.531162223743245221e+01 2.002350287931072614e+00 -3.799753524257823045e+01 6.058659379081190899e+00 -2.160554373923174154e+01 -9.300619487253147799e-01 -2.130886704709987711e+01 3.937949771042061542e+01 -3.841618100109553069e+01 4.500800201240819476e+00 -1.987085720149477908e+01 2.697759040005280440e+01 1.558443850123330421e+01 9.877958427721399858e+03
-5.854064224006364014e+01 -1.704948958784867408e+00 -3.699575832970263889e+01 1.009810638317981812e+01 -2.349208359796576318e+01 2.628025851129899060e+00 -1.019019941722983980e+01 4.472794587200682770e+01 -3.043345681053641627e+01 1.423941415159384682e+01 -9.262131515560053430e+00 8.368970587697667440e+00 4.011297330863698996e+00 8.864658813492336776e+03
-6.229754183954742075e+01 -8.263437298596610248e+00 -2.484003772207578820e+01 -1.580176535386558223e+00 -2.027042694162524938e+01 -1.986029507190515409e+00 -1.729417497829271788e+00 3.291197461160206927e+01 -3.299142299188199701e+01 6.949391927122595014e+00 -2.871008800039724917e+00 1.149038087024504406e+01 1.193971643104098490e+01 7.489372438183775557e+03
