-5.047391902136682518e+01 -2.490587844081722402e+00 -1.571014700469965852e+01 5.164839403854757194e+01 -2.829823146752267604e+01 1.167210132169605608e+01 -1.579508793998000726e+01 -4.883681305122524208e+01 -4.857576505380534826e+01 2.323021847990517585e+01 7.313607291965918966e-01 -3.833287426274328169e+00 2.774477449821984010e+01 1.272398131449272842e+04
-4.697885552546141952e+01 -1.984452215058094282e+01 -4.076960985087421996e+00 4.955071512339332429e+01 -8.591952441207979518e+00 -8.202189028575871177e+00 -1.621996204234190486e+01 -3.633256689112801041e+01 -3.560636665549863977e+01 6.390841672260327400e+00 2.220873716322078195e+01 6.547880309947739619e+00 3.231057108127693311e+01 9.685684993368831783e+03
-5.157430764438479542e+01 -1.478589373829344567e+01 -2.326426475295773244e+01 6.307815763147274879e+01 -3.710467237330836809e+01 8.977381201994358406e+00 -2.034046259344583518e+01 1.143232519002955305e+00 -3.046393793711845888e+01 4.862206369480411183e+00 1.062957414955238811e+01 -2.876830840128825173e+00 2.434817029356536722e+01 1.093679329594276714e+04
-5.096306915301593676e+01 -2.590942802978838699e+01 -1.929110954366349162e+01 5.260009042189838624e+01 -1.349982187851422566e+01 1.524273888029317270e+01 -7.099254767178925896e+00 -5.596002616350811643e+00 -1.577298057026585987e+01 5.046693508114517890e+00 6.083448819624583059e+00 -1.686817764855241109e+01 1.823031663721128481e+01 7.831894483851237965e+03
-5.190361498441849619e+01 -3.318794419579948141e+01 -2.289636263121473192e+01 5.802951934110092935e+01 -1.452795322297396652e+01 1.924304404217718201e+01 -1.781801438418399286e+01 -1.368729745586277069e+01 -1.717068861204410624e+01 1.589452698389038243e+00 -1.824087688099228899e+01 -2.549830873786353891e+01 2.841190607470554497e+01 1.086076199416090640e+04
-4.757063444066693592e+01 -3.746968687298075906e+01 -2.497588110292173980e+01 4.413878384021740686e+01 -1.333128626893316770e+01 2.021173243757690230e+01 -1.926819156102087049e+01 -1.418206028994408641e+01 -6.246590589857065723e+00 -1.547112347256061504e+00 -1.166057775574263822e+01 -3.094774584509887916e+01 1.532431683630182917e+01 8.767581116622006448e+03
-4.565129157063511656e+01 -2.668745674743583507e+01 -2.446892343984942642e+01 3.257707968538367993e+01 -2.752710677493413982e+01 1.306728295090063341e+01 -1.930448954213889934e+01 1.384857146898668567e+00 1.058193971195317218e+01 5.460535275034133385e+00 4.460201302957551128e+00 -3.049658764933301214e+01 8.871390808484001411e+00 6.929763464114353155e+03
-4.914060993881984984e+01 -1.056626977580108750e+01 -2.620679847734360379e+01 2.811389017166348836e+01 -3.255718811456402051e+01 8.830547080992307230e+00 -1.472192254894115671e+01 3.736526373774532672e+00 6.539911202642132437e+00 8.216093296598812046e+00 7.704224039378757993e+00 -1.379257231227852820e+01 7.231272709152397837e+00 5.784434453335735270e+03
-5.290318955825646441e+01 2.838603625696843324e-01 -2.324183092084467717e+01 1.764375428709601223e+01 -4.669122821863705042e+01 -2.937386141956296548e+00 -9.915755349710467570e+00 9.007048099930042184e+00 2.628023742865999779e+01 9.358963744207658308e+00 1.470318345702741070e+01 3.557832418664532703e-01 1.233992243449292658e+01 7.165285914428010074e+03
-4.504202587286122395e+01 1.769461260313348205e+01 -9.794069144462090648e+00 -1.222943641058426428e-01 -2.333344978862596264e+01 -1.232487467046252050e+01 3.010891746065736285e+00 -7.705966512646960531e+00 1.359951422957591838e+01 5.654935513065093566e+00 -1.936521680236975129e+00 9.619837833031406049e-01 -7.729058124813467323e+00 3.483960911357441091e+03
-4.430715947774989161e+01 2.270959891803889263e+01 -1.601270641088004965e+01 -1.552811451630460304e+01 -3.179221899586192279e+01 -3.044254971255995912e+01 -1.398267991074230565e+01 -1.028226297175915249e+01 1.483898615777895813e+01 4.458179748088364924e+00 -1.124247857317376997e+01 5.521870759631584136e-01 1.077894429750845928e+00 5.583044630320518081e+03
-4.797003542569036938e+01 4.203433001574025951e+01 -4.556686873445308095e+01 -3.918263580094202503e+00 -3.546615992869509171e+01 -3.403917836197233271e+01 -6.527880374545605768e+00 -2.361751247120958652e+01 1.702634364960639246e+01 -5.232245301278497074e+00 -1.464477030866082252e+01 3.029262352470989850e+00 -3.761333157246372405e+00 9.731681919398759419e+03
-4.702488375005698629e+01 4.166363825800828380e+01 -4.408608759365900198e+01 -6.239900623219777565e+00 -3.767619758538937447e+01 -3.302906879759949987e+01 -2.030483385367381644e+01 -9.134035752493630866e+00 8.704247242851737454e+00 -5.736697229087751815e+00 -1.502850875591804147e+01 -1.091295256838180805e+01 1.168993792035752755e+01 9.526126933718154760e+03
-4.657417397474537069e+01 2.693832338152916606e+01 -8.125796041890374966e+00 -1.155404124316762626e+01 -3.377650227733106192e+01 -3.043490676094227254e+01 -1.004825700510660447e+01 -3.947988663491453831e+00 4.050542760776382423e+00 -1.321154175870752567e+00 -8.652928095755783033e+00 7.774071339023231886e-01 7.856720346218278195e+00 5.433399043460581197e+03
-5.532830394258095197e+01 2.369795603802024786e+01 -9.070889224557081576e+00 -5.083914190153124402e+00 -3.231165837743929359e+01 -2.174837125380652481e+01 -1.344953587931420103e+01 -1.257326662762723402e+01 -2.333563229361187208e+00 -1.371822672495524564e+01 -2.065692203493783552e+01 -1.064504172980060659e+01 3.795659722340078979e+00 6.335021156648885153e+03
-5.962746196743552929e+01 2.710072079437714265e+01 -1.146645577313146447e+01 -6.092879185654492824e-01 -2.292289972137402998e+01 -3.533396688595479063e+00 2.586459156400019221e+00 -1.243271265027035000e+01 1.368125068644615361e+01 -4.108812262391953851e+00 -1.481455020802364331e+01 -6.265160782221919078e+00 5.473477996761251241e-01 5.584022152284632284e+03
-5.979521946615869865e+01 3.093088111937903761e+01 -6.556568045210635631e+00 2.606344487491915718e+00 -2.150297761738525537e+01 -5.632293311377057243e+00 4.154198065639695514e+00 -1.073336145376639728e+01 1.970706942700190467e+01 -3.874749174256871154e+00 -3.890989725149634371e+00 9.683245903014279676e+00 -4.727707322564801196e+00 5.743171013322490580e+03
-5.658236625868789815e+01 2.629273769225392954e+01 5.835253532151610800e-01 1.515585909280619203e+00 -2.912138488266406355e+01 -7.300288346367866943e+00 -2.201264195881504548e+01 -7.107282010216561474e+00 -4.754619537005129182e+00 -9.255566170814137905e+00 -1.580678006810819980e+01 1.712524553794137816e+00 2.166776513071019039e+01 6.162479854588831586e+03
-4.417601110257758990e+01 1.967697904313329005e+01 -1.049614938940125342e+01 -1.373253125686093234e+01 -4.885536139022539359e+00 -1.229776409626627220e+01 -3.173362067643518003e+01 -1.581743346153130858e+01 -3.174291071633769334e+01 -1.687556107450702569e+01 1.123422911727751483e+01 9.511970344897294538e+00 4.640767946148526946e+00 5.600391528759704670e+03
-4.135671152464463773e+01 2.544732561009938721e+01 -1.920609238543806896e+01 -1.333941295739894883e+01 1.183382359737320577e+01 -5.550866433740994310e+00 -5.122601946685504970e+01 -8.796256462653220254e+00 -2.790390099298158688e+01 -1.855272370664100379e+01 1.195551637676961043e+01 1.267055400889771555e+01 8.107609517333299598e-01 7.204054480488994159e+03
-3.759233714546406446e+01 1.900862645826200392e+01 -1.775541138084002668e+01 5.410361998109266324e+00 1.984806296515022339e+01 -1.121394542216363810e+01 -4.563287134912644660e+01 -1.648044714475368266e+01 -1.775258821748039040e+01 -8.125098428435419962e-01 2.115808219540311086e+01 1.287250285034071062e+01 -8.471013157883258149e-01 5.922598516321017996e+03
-4.129095708274054743e+01 2.721471895120488327e+01 -2.636433066086469168e+01 -4.089952433671148468e-01 2.295609313910268412e+01 -1.086090116843633524e+01 -6.054065542519754928e+01 6.103139277516006267e+00 -3.707353629358588165e+01 5.910869101934334013e-01 1.351046453966791105e+01 1.548625873174930589e+01 8.491313674785464727e+00 9.357445674016393241e+03
-4.371134909583447836e+01 2.345362819248088826e+01 -3.039216980936333456e+01 3.194317487550288437e+00 8.759584215317701705e+00 -1.204860404909124494e+00 -7.075500657730775345e+01 -9.127961668234789272e+00 -4.482873978937183779e+01 -8.027233271756842869e-01 1.072321252503704470e+00 7.265025006160369614e+00 -9.031765465983898622e+00 1.070817853377812571e+04
-5.182479759724400736e+01 2.076697512453462480e+01 -1.817880644863696205e+01 3.765081215831947770e+00 5.397292826633046658e+00 -2.174902028829083234e-01 -4.792479070525324403e+01 -5.772174260234439913e+00 -2.466898334174997132e+01 2.595134062717387113e+00 2.504253883853613694e+00 1.256533007762027410e+01 -8.461669264441017191e+00 6.672055488088923084e+03
-5.748856042669361699e+01 2.118986330949357821e+01 -2.019970334084534613e+01 -5.648427504458961579e+00 9.542381949516997253e+00 -8.682535706719814783e+00 -5.708195417230797375e+01 -1.576835890293929765e+01 -3.913350207470752906e+01 -2.512121232638664736e+01 -1.457155442229854714e+01 9.195356047987125692e+00 -2.192269663261101798e+01 1.080730744168551246e+04
-5.921490812091603573e+01 3.074908185763212387e+01 -1.838461684873237445e+01 4.196971055358567959e+00 1.825194055130057791e+01 -1.144271524501231596e+00 -3.563314454771880690e+01 -1.575743822796833093e+01 -2.020559973804586562e+01 -1.688949519361459650e+01 1.240662187519289361e+01 1.644760184141787462e+01 -8.282816160432153296e+00 7.846554847551548846e+03
-5.968441259093714990e+01 2.458056941748675683e+01 -1.808241108053283241e+01 -6.495890369735094261e+00 1.333331791757490592e+01 -1.443759150424473070e+01 -3.243166839374710264e+01 -2.886858894717356350e+01 -2.684689111000178130e+01 -1.826474742747791424e+01 7.814079539773069349e+00 1.136704599205614841e+01 -1.532136241081013317e+01 8.286403919756165124e+03
-6.128289542345275720e+01 2.529598253898921811e+01 -1.230078703958208131e+01 -9.263600422987272154e+00 1.204303833744603835e+01 -1.016032826112139809e+01 -3.458634551512576394e+01 -3.142914119549864793e+01 -2.160456854756700906e+01 -1.783728953535242212e+01 6.055529367571508281e+00 1.253495818151797714e+01 -1.287660773208196652e+01 8.209404833148153557e+03
-6.710069473632411530e+01 3.267893123640202901e+01 -1.722667060051495369e+01 -3.389952066767993433e+00 2.807671378123802697e+01 -1.253076250930865676e+01 -3.023060610013924077e+01 -3.661217337996447441e+01 -2.801615097844734237e+01 -1.878653314123609164e+01 4.279000962139730468e+00 1.693691900815256801e+01 -9.186127310488165776e+00 1.060572093925021727e+04
-7.083470322023676147e+01 3.822341604092201806e+01 -1.421040986336902989e+01 -6.066855007806744027e+00 4.213491011495684546e+01 -9.038048685995310194e+00 -2.228307063358696993e+01 -2.668713037066864757e+01 -2.791108405628702727e+01 -1.828409641897070514e+01 7.561412974405042675e+00 1.611272304410214673e+01 -2.033450545388679132e+01 1.162672604821045752e+04
-6.974428725905163162e+01 2.658740090941124379e+01 -1.443745191255832516e+01 2.004926370981123807e+00 2.862688403186333375e+01 -4.545427380246227500e+00 -3.939222494882339731e+01 -3.070736535987166960e+01 -2.491114654289285468e+01 -3.565991792354900269e+01 1.197896945591727125e+01 4.704553268875194760e+00 -2.670852525424950841e+01 1.188963313341566027e+04
-6.641622966616382939e+01 1.839237653134138384e+01 -1.793990453365470827e+01 1.403477395025873697e+01 3.731389732278896254e+00 -2.257103592101727674e-01 -4.302746701222960013e+01 -2.102505872844703916e+01 -2.061503118106040588e+01 -2.301079016674316335e+01 1.405717311896198041e+01 -7.599521343275372764e+00 -7.473068411466348593e+00 8.841279925494127383e+03
-6.067538593487206811e+01 1.565880457459053332e+01 -1.158580655632296086e+01 2.412761327619495333e+01 -8.520748122758234899e+00 4.080176679702521292e-01 -3.446459390366908337e+01 -1.132021957515264532e+01 -8.311624919680935974e+00 -3.548258244989153987e+00 1.718443812972896723e+01 -7.178494193568529802e+00 9.572678327182702895e-02 6.460316587897611498e+03
-4.481589937793244616e+01 2.383486742895395949e+01 -3.946139077618369573e+00 1.750873670958377559e+01 -2.380873109722617897e+01 -1.902055456774812470e+01 -4.431107988079453008e+01 -5.779079817091020921e+00 2.183383841031432127e+00 -7.247202084932733435e-01 2.738545740109937121e+00 -1.358074925947042999e+01 8.535569111485990845e+00 6.094285061107490947e+03
-3.997725588696221877e+01 2.484814997440682660e+01 -1.134853462177599326e+01 1.809696467819183852e+01 -3.155235161436415225e+01 -1.714774642329586740e+01 -4.528405058264556260e+01 -1.130134791310416720e+00 1.218963657834787462e+01 1.626652318412850740e+00 6.088975886488614542e+00 -5.578191438846278771e+00 7.770187850913525374e+00 6.293220359630233361e+03
-3.949213749726493461e+01 2.181312117724377941e+01 -1.857571226548948218e+01 9.916399362721691091e+00 -4.271428583932502221e+01 -2.680018503224551552e+01 -5.280347703652083879e+01 -1.594105704024630654e+01 7.713243076597017911e+00 -1.054644090357018271e+01 -6.813816432943104573e+00 -2.203462741869448394e+01 -6.460347418221403792e+00 8.808328384437991190e+03
-3.877700239611797883e+01 1.341402178545469503e+01 -8.601751303623952793e+00 1.532166334538436736e+01 -3.316838609600699783e+01 -2.839177333016722216e+01 -6.429805759998563985e+01 -1.110037253727557527e+01 1.765360825917226606e+01 -1.964151770499432237e+00 -1.264886673406640760e+01 -2.800023091868180103e+01 -1.065606867808927305e+01 9.529094836664344257e+03
-3.715170270266506236e+01 1.168504649279820917e+01 -4.336995342723840352e+00 1.352819101823586401e+01 -2.394594984948391669e+01 -1.970530496377355689e+01 -4.777591806671702557e+01 -6.492191806026761824e+00 1.600604842593341104e+01 -1.178576928575335359e+00 -6.711180124376583400e+00 -1.205808268517227866e+01 1.658837006994426266e+00 5.455776932257916997e+03
-3.885224912641090356e+01 1.751545514750131360e+01 -4.824523200859145433e+00 1.432878995348726292e+01 -2.731862803252243665e+01 -9.614224531431771581e+00 -4.251579747353294891e+01 -5.582513671989804749e+00 1.387675944730347943e+01 1.953556102778426951e+00 -6.331073224899605556e+00 -1.401951663096244260e+01 1.772413876089465434e+00 5.158528541378197588e+03
-4.561821341213552472e+01 2.242665981754831961e+01 -7.146017892529056503e+00 2.168067941288090239e+01 -3.188521854899674324e+01 -1.249960666755874428e+01 -7.024176349290489441e+01 1.324830184272073552e+00 1.000480193766693837e+01 1.363791262637705515e+01 -3.329189728309212004e+00 -8.957444185580524021e+00 -5.176522407898738187e+00 9.617866156823938582e+03
-4.945189243331750362e+01 2.166422953741834689e+01 1.635513280220210142e+00 4.242040788830361842e-01 -2.420306850421922817e+01 -2.214672150925017391e+01 -3.392809036804592182e+01 -5.335681035921815862e+00 6.712769780667117381e+00 -2.831426979266693067e+00 7.573214448622676009e+00 -1.996301080403208861e+00 -7.783308785787975026e+00 5.348530913854799110e+03
-5.766670563417209650e+01 2.213088862424757508e+01 -2.401318415314532273e-01 1.594839486527825478e+01 -2.282251865513691769e+01 -2.037469603026248777e+01 -4.918547150835658499e+01 -8.493987490905412940e+00 3.120755639396190517e+01 5.147837560082296982e+00 -6.327041189997778536e-01 -2.664015480384355428e+00 -7.115161742370701425e+00 8.555522786391269619e+03
-6.023955762132614211e+01 2.937651392674944617e+01 -4.983171698710456177e+00 1.587742427913270582e+01 -2.206635615385411242e+01 -4.797966303103918584e+00 -3.848014217958294125e+01 -2.126291792803190717e+01 3.598839166286121127e+01 -1.187610136445792008e+01 -1.805608703238949175e+01 -3.932320223030999706e+00 -1.786220130009307283e+01 9.308235824990701076e+03
-6.472754269602478416e+01 2.604038423549246062e+01 -1.436727127848360830e+01 1.460885256854910530e+01 -2.930925823219952520e+01 -2.354150544043815074e+01 -3.233179867703329791e+01 -3.074236771788436329e+01 4.142187134272185745e+01 -4.722100767233364138e+00 -2.364921864301753729e+01 -1.547785939278780454e+01 -3.178423054486546562e+01 1.223842357340093076e+04
-6.706501553575525065e+01 2.117513298234018038e+01 -5.731231730294473081e+00 1.633637429089427329e+01 -2.312141322166762691e+01 -3.176796991938687498e+01 -3.795045479143891498e+01 -2.302532192467042549e+01 3.713009850928209943e+01 6.360072485510356088e+00 -1.506111188185074923e+01 -1.688955825190432858e+00 -1.376910805506449442e+01 1.059840557538639405e+04
-6.712131979516180991e+01 2.037632682547336671e+01 -4.813149203873116733e+00 2.093645234049830250e+01 -2.408699291329637404e+01 -2.525326266011278165e+01 -3.862221529452480695e+01 -9.853768024724018915e+00 3.623627738572962897e+01 7.730171042778336776e+00 -5.144872289270411514e+00 -1.827545851657645937e+00 -9.449850852679004820e-01 9.592176443585465677e+03
-6.574700868685209798e+01 1.229658611703731452e+01 4.612723161675170047e+00 2.305275218858359665e+01 -3.549457261684975151e+01 -1.866472790595180342e+01 -7.341410011476638431e+01 -3.312471334942331813e-01 1.526547872355783220e+01 4.453995894233227837e+00 1.166315063190114820e+01 -8.916345037637295690e+00 1.471693469602408481e-02 1.249296178138367213e+04
-6.503583720291173620e+01 4.938718515743058646e+00 3.066113350068627064e+00 9.634499460859277775e+00 -4.368382993985888163e+01 -1.517560440791570109e+01 -5.748741296922939625e+01 1.045795880967760993e+01 -1.132845732128194705e+01 -7.457348251854878818e+00 1.303668085349660899e+01 3.982823010216224091e+00 -1.108219760177488489e+01 1.040160223063881313e+04
-6.556623120553724959e+01 5.719475171877965280e+00 1.000742441385281012e+00 1.540119684933693200e+01 -2.692898459743069850e+01 -1.938310237089156018e+01 -6.159551945677991824e+01 2.568333685335015915e+01 -1.080558788737263676e+01 8.290690576393099781e-03 7.379254913694988538e+00 -1.562264943572877485e+01 -1.531243919315012825e+01 1.077411026945221420e+04
-6.138904679095547579e+01 1.112775562734624835e+01 -3.054188840726224985e+00 9.776481346002434236e+00 -1.529180666744639971e+01 -2.966676709617981356e+00 -2.627326885670859014e+01 2.077689156955751315e+01 -4.393505628693941567e+00 -3.968331849962680735e+00 6.053506200966174866e+00 -7.944015783739263981e+00 -1.075593402177163149e+01 5.612447059910531607e+03
-5.271100645359194203e+01 1.754881511512674663e+01 -6.928852785648782486e+00 1.892739492092140541e+00 -2.622782497721492589e+01 -3.042546167227733989e+01 -6.203185536862938676e+01 -1.203382647866633093e+01 5.192465583858187017e+00 -3.625891231177334806e+00 9.793757607282129740e-01 -1.479315537022742255e+01 2.872640365002907981e+00 9.012531629620387321e+03
-5.147671239558244594e+01 2.610328469605379098e+01 -4.057732135151408848e+00 3.622457081619636909e+01 -4.132748294453187299e+01 -3.304761381175105583e+01 -8.007740463214219062e+01 1.099219595275012651e+01 3.867457057377980334e+01 -1.235068568519001042e+00 -1.216962380864275062e+01 -3.309503868558614670e+01 1.421276417418843607e+01 1.693587463969434975e+04
-3.810911751745852882e+01 1.211844573269258163e+01 -6.955107640304287742e+00 8.246362389898544976e+00 -3.028404390050220840e+01 -2.227076051386947242e+01 -3.846655777892785011e+01 -9.206354259022758058e+00 1.173100473566339907e+01 -1.989851736976783769e+01 -9.172965751837047321e+00 -7.351915776349082776e-03 3.221883187902823131e+00 5.321172046459966623e+03
-3.994995279142025879e+01 1.183303063475790573e+01 -1.114213572823784482e+01 1.869609851253938260e+01 -3.394952703302303121e+01 -3.156557964880700240e+01 -5.967481998515518882e+01 3.778853057969103091e+00 1.712765260701753789e+01 -1.715589170249041473e+01 -1.241025718429623481e+01 -1.510713609475741848e+01 9.696663800690608070e+00 8.997977142406194616e+03
-3.800116318326611520e+01 8.986912712448273055e+00 -1.770008209965569890e+01 3.119572949157667097e+01 -2.535907448537616204e+01 -2.436898765879812601e+01 -4.343346854824513770e+01 -6.339553388858369054e+00 5.663246708953248110e+00 -2.404058113634255633e+01 -9.043212697751334517e+00 -1.686458658646321496e+01 1.817131089336984928e+01 7.281318214671787246e+03
-4.031111681650622813e+01 1.111144120870240037e+01 -2.070695173753196983e+01 3.289401634501441407e+01 -1.516666602980154366e+01 -1.604732332545174600e+01 -3.802571498117868032e+01 5.795910750831568592e+00 -9.077790646848566070e+00 -1.887457297433273951e+01 -1.535162441892503971e+01 -1.260316344039455316e+01 5.610649445334566110e+00 6.090983628122468872e+03
-4.775256128587753324e+01 5.043984972315969095e+00 -1.447187456206978773e+01 1.238920394521514545e+01 -9.932733073934267409e+00 -2.038752822107250395e+01 -3.049364869909382492e+01 -1.721969138357789086e+00 -2.992153563957710816e+00 -2.082699814640652392e+01 -1.414819510474397113e+01 -9.274079822693149566e+00 -6.182876047301091305e+00 4.882939475715716071e+03
-5.545450419364834715e+01 1.498737309976407595e+01 -1.475751781379618421e+01 2.678197293213271024e+01 -1.709634199339368266e+01 -3.544875241995943327e+01 -3.286552108923550009e+01 1.149479475727241251e+01 1.382009934818369068e+01 -1.255988651731117578e+01 -3.476060603877989053e+01 -2.090127539647877697e+01 -8.621436094700797526e+00 9.064291635661473265e+03
-5.334213544974012677e+01 6.357887075020614454e+00 -5.450264872869019506e+00 2.405695140556959188e+01 -1.478059357850298383e+01 -1.592290656931110426e+01 -3.802419272065468192e+01 2.340059599253916289e+01 -1.110736960487020397e+01 3.190653543767138167e+00 -4.550433372259356446e+01 -4.798131491716175034e+00 -1.885887259757346257e+01 8.542557924098946387e+03
-5.293587077208950120e+01 4.311845703899274795e+00 -1.004182831118758834e+01 2.706384468142133315e+01 -1.437456971703897501e+01 -8.441021977297065604e+00 -3.109471989331207453e+01 3.952069114575096620e+01 -1.681941932256258809e+01 -1.703288334885209476e+00 -2.538040883815719084e+01 1.491097270967634225e+00 -9.637328789086621939e+00 7.485794860550064186e+03
-5.219867070726781577e+01 1.293986622398878161e+01 -2.761388929026783146e+01 3.346588102751271521e+01 -1.111879997063751979e+01 2.829560748453748609e+00 -3.533936725014291369e+01 -4.389597348333574622e+00 -1.768125795868076722e+01 -1.429932404990554318e+01 -1.026462211001749125e+01 -1.076417794767474900e+00 8.533137584344778759e+00 6.870840136169847028e+03
-4.168988164915692352e+01 -4.250218883813549731e+00 -3.387463764883717232e+01 2.371572086300347948e+01 -4.488076640660507266e+00 -8.550505178731441447e+00 -5.590418720691096155e+01 -3.359037844106523352e+01 -3.459494868179215388e+01 -2.069547108389604517e+01 -2.196231363523431845e+00 3.779528589049699683e+00 -5.287065657934140184e+00 9.485057055705319726e+03
-4.079510700281373659e+01 1.530772701887033405e+00 -3.260355513766600666e+01 3.263422441292073728e+01 -1.786285847538585936e-01 2.205720696563291838e+00 -5.048525360562348396e+01 -2.594938613874148814e+01 -3.671601342472570906e+01 -1.801055154062047947e+01 -6.075257417610327337e+00 -1.479569401609832635e+00 -1.139603140784049629e+01 8.863010034402614110e+03
-4.852400709467242734e+01 1.109188013704354780e+01 -3.823207291110166040e+01 3.699269132322389453e+01 9.453987034570662473e+00 -1.492624217437596768e+00 -5.854673343150290776e+01 -3.588813948182946234e+01 -2.630044209468934469e+01 -2.111364977146343591e+01 5.904065110527034754e+00 -1.762177286664527287e+01 7.802349599432154559e-01 1.159853712021831780e+04
-4.977519533672862195e+01 1.331373517800940931e+01 -3.265530402429990886e+01 4.015423985955688124e+01 -4.331734395925513681e+00 9.053540034199791364e+00 -6.620552016903658910e+01 -1.891109478383554787e+01 -2.974287039545306754e+01 -5.792106909691456806e+00 2.517050766627035863e+00 -7.618606463085711766e+00 -9.006089505396154271e-01 1.115846503891852262e+04
-5.000754706875825661e+01 9.694443316597688209e+00 -3.502133790508623434e+01 3.537145225225054901e+01 -7.148028484506879998e+00 -7.420056827648423337e+00 -6.381905639241684014e+01 -2.980741018666522280e+01 -2.737733255259644949e+01 -2.986324507696392683e+00 -6.621788336323561452e+00 -1.024546750659416361e+01 -1.837289400200804446e+00 1.105050574284428149e+04
-5.286048683911995028e+01 1.207953587253676275e+01 -2.509142971948850942e+01 2.601476738317810700e+01 -1.004515116015787513e+01 -1.426122524267136527e+01 -1.864578595280166340e+01 -5.034340660029466363e+01 -8.633908511303681976e+00 -1.097559005738171756e+01 -1.366378051112081238e+01 -1.210232697178260608e+01 -1.547974386180059447e+01 8.200701391610724386e+03
-5.564315800719615623e+01 1.742481285398852009e+01 -3.210017903836757824e+01 4.004611047855603800e+01 -6.663870382554032190e+00 -1.178551950527427294e+01 -9.909263725224572994e+00 -6.664147468569348121e+01 -5.340121227690584504e+00 -1.522607516054514143e+01 -3.925514560460070523e+00 6.559558562851297125e+00 -1.486569068367181146e+01 1.129625938123841661e+04
-4.861081169606666919e+01 -9.144402556109023195e+00 -2.847824933005852799e+01 4.172588438417798784e+01 -1.534434077339828839e+01 -4.733450161443685467e+00 -8.008250333112865604e+00 -2.619578877725491139e+01 -1.914866759497261839e+01 -1.513983715750102910e+01 2.099894298608404952e+01 8.037763728944224084e+00 2.631558495415950993e+00 7.115269483895133817e+03
-4.357219561730131119e+01 -2.753643476551106417e+01 -3.175782325930709504e+01 4.245235625213392439e+01 -1.860211899329678431e+01 1.157607231578144180e+01 -1.968928427307568896e+01 9.434867554020655689e+00 -2.158293488435271357e+01 -9.030624694643091033e+00 2.301416521855713437e+00 2.116613096649692949e+01 5.157044064050976928e+00 7.451554264458211037e+03
-4.127704228234089356e+01 -2.889844022809362301e+01 -2.841368070227223086e+01 4.012719458458451527e+01 -2.611397300550078171e+01 2.855543971603287545e+00 -1.881634679292636747e+01 2.358607743494993159e+01 -1.539945909592040962e+01 -1.165231042589030430e+01 9.959247051891413349e+00 2.004332656580316296e+01 -5.376002388227830053e+00 7.459637358430060885e+03
-4.267606499080719118e+01 -2.924334278040771551e+01 -3.448795176683406538e+01 4.560340381946071631e+01 -2.196756637427288439e+01 1.556522623029752062e+01 -2.600586455328916458e+01 2.343554025807338448e+01 -1.721086273828803570e+01 -1.993148745405674882e+00 -7.606547195583564402e+00 1.050984295778138033e+01 -4.157423938190582646e+00 8.381675626579737582e+03
-4.223665728038738365e+01 -2.658721962008506523e+01 -2.684433737178956036e+01 4.530951128318223908e+01 -3.119570327508798613e+01 1.006102216417726147e+01 -2.029616981199939829e+01 1.886547273425566473e+01 -1.498531305901205712e+01 1.000834017894032790e+01 -1.861222734107336763e+01 5.983255848684072120e+00 5.335245705064999289e-01 7.813847853566608137e+03
-4.122824440643281463e+01 -2.723159920466746442e+01 -2.658705900151178980e+01 4.424382704704829194e+01 -2.675124482326734210e+01 -2.308605583171706166e-01 -1.367769213263146177e+01 1.412224302008240606e+01 -1.239599905240411992e+01 4.520228523589715941e+00 -1.036536432250063555e+01 6.082913004051776262e+00 2.851333113000466657e+00 6.534581443471285638e+03
-4.530628788256620254e+01 -4.174203747453521629e+01 -3.729894536651149650e+01 3.248446544455122620e+01 -2.035104519137116696e+01 -5.761745171267040000e+00 -1.615096525901506652e+01 -8.253225355149837128e+00 -7.774233623681642058e+00 8.028058527700442371e-01 -9.537071422099092644e+00 2.987835618542385774e+00 1.330880148095734228e+01 7.355931685782376917e+03
-5.148954565705593467e+01 -4.252156094846375822e+01 -4.738693882792259870e+01 4.818220890809724466e+01 -2.674622034071980536e+01 8.065611349721863998e-01 -2.120612596586051879e+01 -2.134290778660619026e+01 -1.168119416997801174e+01 4.157717751795083849e+00 -1.466431513089274929e+01 -1.663783996661889031e+00 3.184805667616700475e+01 1.203337996248941272e+04
-4.864238627146912819e+01 -2.706748957315332049e+01 -3.232020666616854498e+01 3.693855694186716221e+01 -1.178059902134244474e+01 -5.143723581858599125e+00 -7.798540183974677076e-01 -8.468012152370988588e+00 1.867799001748232879e+00 1.251142918782001523e+01 -2.716326010605530783e+01 -6.074570564214992530e+00 1.690344952196990036e+01 6.965833535861310338e+03
-5.369096825489912561e+01 -2.070202409964668888e+01 -3.183885522989858075e+01 3.044041325468571557e+01 -1.262241735510212415e+01 -4.245397991255551062e+00 6.120731898453091180e-02 -9.628788532739045891e+00 -6.303881506463848261e+00 9.895014984229430155e+00 -2.256902507680996806e+01 2.357809910134365694e+00 1.168712055240462533e+01 6.310850665254172782e+03
-5.965698278105143260e+01 -2.299028236712871376e+01 -2.767424039403455893e+01 3.818877269355266435e+01 -1.877411724262141135e+01 -1.065785486822943362e+01 -1.047900378394967191e+01 -1.811852760157000830e+01 -7.848907852312174249e+00 -1.805729057504179780e+00 -4.155728596616513926e+01 3.316608758133373414e+00 4.123362097467819787e+00 9.035778567888635735e+03
-5.461852258161123785e+01 -3.206754382559688477e+00 -7.360606704553965152e+00 4.223338301852361809e+01 -2.450840932047785259e+01 -2.574245971432803159e+01 -1.464975117441612973e+01 -2.272964910893707824e+01 -5.744195712783604080e+00 7.327634548830062045e-01 -3.341256372661084129e+01 2.505049144352156087e+00 7.408400892944132510e-01 7.982648229274013829e+03
-5.501638378288906495e+01 9.212453702829446200e+00 -9.438271654958659829e-01 5.479211107971847383e+01 -2.347597912774441653e+01 -4.191492218449971574e+01 -2.211348161653535627e+01 -3.396383101818265260e+01 1.295399688534336846e+01 4.546337972808272454e+00 -2.776853353978248506e+01 2.040645949617909238e+00 -3.938830559892820382e+00 1.104451351972867087e+04
-5.456597818831758673e+01 2.106589565262773078e+01 -1.054795348270371491e+01 4.926800692998720876e+01 -3.917032388718877201e+01 -1.516998875750468656e+01 -1.207291594062824380e+01 -2.361165939315072393e+01 -7.433741727930886611e+00 2.396165819152724197e+00 -1.901879071532312437e+01 2.001155052241727184e+00 7.822428826284856918e+00 8.915433897028749925e+03
-6.153041278124572955e+01 1.474855695739969974e+01 -3.041194087291747561e+00 6.175607657437398501e+01 -3.045053184006770053e+01 -2.857368116022918869e+01 -2.748220818794218090e+01 -1.727279362256023276e+01 -8.627886010285271690e-01 8.252879394717131945e+00 -9.732873270427502277e+00 1.697677938173998147e+00 1.715114233145549250e+01 1.108451183372266314e+04
-6.224034181201666627e+01 8.815877483729396502e+00 -5.822311720777078037e+00 4.803755983387429751e+01 -2.456756375760778610e+01 -1.531318810348225057e+01 -7.676515810940792051e+00 -1.294366366574097249e+01 -5.818136296373316085e+00 6.210283578490983558e+00 -1.500787646362388017e+01 -1.592798545050600811e+00 1.719408855597322372e+01 7.953440932727560721e+03
-6.744976595082374615e+01 -2.070969869893634741e+00 -5.357865362294763401e+00 5.375855965233314038e+01 -2.751039859503092089e+01 -2.412367555641998962e+01 -2.110910431190368897e+01 -4.429141936692968073e+00 2.245294676437417092e+00 1.351829388299741019e+01 -2.941408544883655907e+01 -2.487510460631713993e+00 -1.702273667916909261e+00 1.033849412092676539e+04
-6.375862107186814143e+01 -1.171417302934933735e+00 -1.214658405373793393e+01 4.430764511593878296e+01 -3.228214279856608471e+01 -2.764768696906780576e+01 -3.219640285173912986e+01 5.152220963180278446e+00 -7.763018969936761327e-01 1.054163071626120329e+00 -1.323552953562498402e+01 7.572079618366394982e+00 -8.807229771880049185e+00 9.358722807736488903e+03
-6.441469101858527324e+01 -6.420421358992401295e+00 -7.905267711332202296e+00 4.333165256203430005e+01 -3.476026873472569889e+01 -4.343550286098169977e+01 -5.078615579034941874e+01 7.436013449229700534e+00 -4.911460978373193953e+00 -5.099985709459474492e+00 -1.546037281231715355e+01 1.069223237238558166e+00 -2.102939981254917967e+01 1.259258103354866762e+04
-6.529832305278021920e+01 -8.741456599554132012e+00 -5.149903235099631438e+00 3.228946503665246581e+01 -3.055095008942562984e+01 -2.735317497279316257e+01 -3.944595400539424190e+01 4.197165462846561113e+00 -1.438358300700668302e+01 -6.068761418832766097e+00 -6.068912641693703591e+00 -2.130710038850899046e+00 -1.690403024335021698e+01 9.235406520116666798e+03
-6.848175573703315422e+01 -6.000577158280833601e+00 -3.334415737307748540e+00 4.237079643634204729e+01 -2.780702871539597254e+01 -1.309681906294863474e+01 -3.606633962693982198e+01 1.796374618821919000e+01 -4.371324737129713256e+00 1.516894774116545186e+01 1.022741813959167878e+01 -2.145203251190161975e-01 -4.014700167059013225e+00 9.470364434500270363e+03
-7.062758395433135661e+01 -4.131702961385981809e-01 2.474809474839074763e+00 4.127528056020845071e+01 -3.561018405597586423e+01 -1.499916503899902054e+01 -2.785591081616803777e+01 2.002189218175382202e+00 -8.776093413828739642e+00 1.115825093981824168e+01 7.356511215560873396e+00 -4.901746216286815283e+00 2.414342864078079742e+00 9.256721285954787163e+03
-6.580433580444962161e+01 1.792961442979571274e+01 9.895524492158758179e+00 3.507703334284976648e+01 -3.113408740912942818e+01 -2.554532688263181939e+01 -2.175675575730699407e+01 -2.180233129591657359e+01 -2.560736753046627712e+01 -2.396374688382063578e+00 -6.332257592973383531e+00 -1.914689823925923573e+00 3.174983773096012651e+00 9.265918481528588018e+03
-6.485564761227466590e+01 2.991717877015523186e+01 1.038025283547233713e+01 3.062202732162432639e+01 -2.699536489821325702e+01 -4.671575246871702802e+01 -2.928420388571138844e+01 -3.366099726399230008e+01 -1.037166959400771660e+01 -8.631877413770824847e-02 -1.173176434843312776e+01 -1.996845994493894327e+00 -8.611074045878448047e+00 1.137184067369467630e+04
-6.719244525080098640e+01 3.744250218080497206e+01 1.135850265114267899e+01 3.988104680420023840e+01 -8.136917625957847733e+00 -5.514347325980611458e+01 -2.796206349447098560e+01 -4.291939062631028889e+01 1.344337891465180235e+01 1.376570180612600325e+01 -3.094657584935424754e+00 2.551270640909149456e+00 -7.704694312426799918e+00 1.381290948798270256e+04
-6.755577102671001910e+01 3.905159166358308198e+01 1.070694960584204125e+01 2.228147283316724270e+01 -8.396493552204304933e+00 -4.200979436705478776e+01 -9.424488925522268801e+00 -3.021852946982787458e+01 2.865113880427077930e+00 1.520961550117167782e+01 -1.673116423292206179e+01 -1.395150226665655024e+00 -7.194773660728033704e+00 1.011040060352467663e+04
-6.345516534810132470e+01 2.645864552866234831e+01 8.494647738335190823e+00 6.128185978496390796e+00 -9.265243680795439474e+00 -1.868516349111921215e+01 -1.331326258651391470e+01 -1.804929238492093546e+01 -7.248702797503079331e+00 -5.038220757997860844e+00 -1.693914433731517022e+01 -8.229723688333368870e+00 -6.417646453025391828e+00 6.248108137115527825e+03
-7.295314036355591725e+01 3.571990693126487315e+01 1.662954989688633489e+01 2.352427056505529990e+01 -8.240229577452016230e+00 -4.762743702881423502e+01 -1.004529138934749355e+01 -3.388843083705151571e+01 9.506809172835074762e+00 1.774456791857445381e+01 -2.743957630312074869e+01 -3.113333754985087687e+00 -1.473788866616994220e+01 1.239869110895792073e+04
-5.845803145284102698e+01 2.241346936184228511e+01 5.630428267870210668e+00 -3.188548747737184552e+00 -1.268862678349456807e+01 -1.851788786467271208e+01 -1.255494157326558380e+01 -8.256948158216779632e+00 -5.365974550104852803e+00 -2.108274188176646025e+00 -8.068625915397823478e-01 -8.458856774852218763e+00 -9.740756246649187489e+00 4.891614907547551411e+03
-5.791771154300673174e+01 2.959592886305302173e+01 1.127659029038193594e+00 -2.922304480730510967e+00 -8.223100581284230159e+00 -1.527040209667406678e+01 -2.258678001144602732e+01 -4.477347966968153514e+00 -6.676843615265070753e+00 -4.680952045223826796e-01 1.422791943338541421e+00 -1.973156328407122828e+01 2.200218066365750236e+00 5.512204873346598106e+03
-5.167067058064770180e+01 2.473729528049952009e+01 -3.921887912154651268e+00 9.357107885000680303e-02 -4.674599884772955960e+00 -2.059898413027343977e+01 -2.623109467846900245e+01 -1.065185525344437778e+01 -1.538604249794081724e+01 -1.034979744138652791e+00 3.809464531794401143e+00 -1.207550723962657990e+01 3.519301830926545804e+00 4.955401183353504166e+03
-5.173317138084647837e+01 3.037404625534517066e+01 -1.113445588549879695e+01 2.635790655621498058e+00 -9.394055226755067878e+00 -7.448720281155242873e+00 -4.119096850292106637e+01 3.762435579883478542e+00 -2.235157337146329937e+01 -5.290720186538573344e+00 8.941474108347556182e+00 -1.748426562515196281e+01 2.195134662523944513e+01 6.979506397034571819e+03
-5.284033089776244907e+01 2.714863585232338394e+01 -1.847481359814700141e+01 -1.755467366771854776e+00 -9.090395178481713856e+00 6.299138258763242959e+00 -6.249101441817102653e+01 3.655789403767460310e+00 -3.053928402524229924e+01 -7.958612798612362260e-01 1.976634466820501146e+01 -1.164088264331975431e+01 4.738217951222102542e+00 9.396306011232207311e+03
-5.074603301493544905e+01 2.307351699152744828e+01 -1.863661690349548294e+01 5.554800038726410705e-01 -8.553941298732503640e+00 1.470805933013091327e+01 -5.172495497998200875e+01 -8.220471626636502993e-01 -1.738741534873962280e+01 2.681855069759992993e-01 2.279419547909946786e+01 -1.004731847196133643e+01 5.305473186937641472e+00 7.371888888702668737e+03
-4.903880494056652140e+01 1.246752491017083564e+01 -1.826242270823589564e+01 1.593092584458868366e+01 -1.615516445831428882e+01 1.515471142418648043e+01 -3.695154710365017792e+01 -3.286219370585126853e+01 -8.002332431318096795e+00 1.457956325585299240e+01 2.359690631592632570e+01 -1.136367265280877525e+01 1.215239936052167913e+01 7.193778117497602580e+03
-5.172598629194468600e+01 1.114588966477981558e+01 -1.916012693350904428e+01 2.119746952169127141e+01 -2.115845180444738460e+01 1.208665718383836030e+01 -4.565517504749389843e+01 -3.527939631781257646e+01 -1.396628791184175267e+00 1.792137445015766772e+01 9.917414593703087533e+00 -1.835064283937376928e+01 1.014945297007788305e+01 8.400288704929062078e+03
-5.815440614305825306e+01 2.115832147931997298e+01 -1.714362064370296679e+01 1.512700426069205051e+01 -7.894966145777837063e+00 2.332588636990684705e+01 -5.219331717278395644e+01 -1.968331058846757387e+01 9.616197395797440706e+00 -1.058031778870256456e+00 -1.936924492513853124e+01 -2.703428600300791018e+01 -4.598275444945749690e+00 9.291097136287971807e+03
-5.917362705888493934e+01 2.198970536796306874e+01 -1.053341315398649769e+01 1.042926787723500581e+01 5.990469352642839418e+00 6.280176297747766867e+00 -4.595063656085877568e+01 -1.983427960089165865e+01 1.225112526828772097e+01 -6.189788976040317969e+00 -1.353075289571550321e+01 -2.843655521261188568e+01 1.553634581589074193e+00 7.967509972236885915e+03
-5.917488511388503269e+01 2.138894678908687297e+01 -4.383468200859391928e+00 3.608216214074196682e+00 3.093127686097344453e-01 6.734552644746498729e+00 -5.121470970589991367e+01 -1.888803830637859349e+01 2.508192839611319513e+01 -8.248427031872360260e+00 -2.064053332208525404e+01 -3.490126268415819055e+01 -2.524262339485839668e+00 9.364183779434988537e+03
-5.806368096599727124e+01 2.266562721841033579e+01 -1.999011188609209455e+00 -1.931409703050261051e+00 -5.260092354964777117e-01 6.683554642827341574e+00 -4.231873933956109823e+01 -1.663142440558949886e+01 1.557573048675866012e+01 -7.852562719660793000e+00 -2.007035794197728151e+01 -3.476826023017832057e+01 -4.174863164114601233e+00 7.938621450380239366e+03
-6.075576594668042674e+01 2.673381666524590017e+01 -2.144256097816259921e+00 1.184761659366368924e+01 2.093267916600982659e+00 1.327595713411275469e+01 -5.887445266725629978e+01 -1.895090037806629724e+01 3.274718076665171651e+01 5.802144536604554315e-01 -1.096172572240318210e+01 -4.111874377373197831e+01 -8.883180969800930527e+00 1.151943043428938654e+04
-6.218774006101373431e+01 2.883076472808290092e+01 -6.684494191699398513e+00 7.181909826984434808e+00 -6.756819107724284512e-01 2.127818444516856999e+01 -6.059751412779280599e+01 -1.961380387967797034e+01 3.296391791040719710e+01 -1.039050495793654605e+01 -2.515551027568054465e+01 -4.093171494069965632e+01 -4.791546467383378527e+00 1.283051438054038772e+04
-6.541946137141863460e+01 2.756887984595418573e+01 -2.217174631636116278e+00 6.656765014271024405e+00 1.385627496353756172e+01 2.295456724793616843e+01 -6.550515057428630428e+01 -2.408395045073113749e+01 3.784801009197371258e+01 -1.369921419732317780e+01 -2.075801458835963942e+01 -3.437172389118295257e+01 -3.914080580291452449e+00 1.392661831760553105e+04
-7.011601375927382662e+01 2.375721680307547956e+01 2.524247229620721455e+00 1.026025243448599333e+01 1.576354963451392521e+01 1.443390619203715097e+01 -3.888051393632557051e+01 -1.278425559042087833e+01 2.558579348123056363e+01 -1.013790938194056146e+01 -2.074652054650227839e+01 -3.178812079858217743e+01 -1.176724970932639280e+01 1.006104497892291511e+04
-7.615457966770088660e+01 2.565914895182897837e+01 8.502718012084846677e+00 -2.987279042156850473e+00 2.433491495856048203e+01 1.898117725953039070e+01 -4.721189302973707669e+01 -1.894559862120788551e+01 2.128039973538323437e+01 -1.450607413850844196e+01 -2.791088211015044607e+01 -2.830539607396730162e+01 -2.699161130306808332e+01 1.305154517334681987e+04
-7.415568112388712052e+01 1.982255149497310853e+01 5.747846095517396670e+00 6.825541385544192430e+00 2.006074518684799557e+01 5.068321304597996679e+00 -2.057465836368203682e+01 -1.420773663332069603e+01 -1.011868856439505082e+00 -4.866221683412907062e+00 -2.794045027598818720e+01 -2.986187230717339602e+01 -1.611470207551937150e+01 8.981709860336737620e+03
-7.853607176825477154e+01 2.151165788464588502e+01 1.251513254466413372e+01 1.502454313427214139e+01 2.526966989086082904e+01 1.140402501473174457e+00 -1.984114255870533228e+01 -4.206758377430319662e+00 -3.986067995114945361e+00 6.362975559387286317e+00 -8.301285996804571354e+00 -1.916843701133810285e+01 -2.461304371426529691e+00 8.563030462976243143e+03
-5.873894821496154606e+01 5.840773406565166859e+00 -3.452633321287530777e+01 3.886639700721025292e+01 -1.260517111383363087e+00 -2.319579281952606209e+01 -3.295903791703374708e+01 6.299512527245144433e+00 -1.376501988285955846e+01 -3.007435911789194094e+01 8.477064840291626879e+00 -3.034619273861602551e+01 -1.251543615717371871e+01 1.009598995221468795e+04
-5.696376065790895638e+01 7.755929903370072154e+00 -3.389832001551733498e+01 3.618686391401864455e+01 -1.399333034270772824e+00 -1.995716917137010071e+01 -2.327228428774214564e+01 7.323416954174747140e+00 -1.049142629209843847e+01 -3.093835132045873593e+01 1.785953011975086113e+01 -1.283855419070588511e+01 6.412581176747891298e+00 8.351252178118351367e+03
-5.500476141121797724e+01 1.988880968112403025e+01 -1.096556596533833172e+01 4.986370860598695387e+00 -2.576710280965881505e+00 -1.935441495468745288e+01 -2.797791164156859978e+01 -1.147034809814030609e+01 -1.198174887898406027e+01 -2.359599850781496855e+01 -1.306047827184720234e+01 -9.605095364741094599e+00 9.753864913717702478e+00 5.920066581352855792e+03
-5.236413729463652800e+01 1.784107141857957046e+01 -1.029159480378514679e+01 7.674175286936979923e+00 -1.491547227518522867e+01 -1.847304196792174169e+00 -6.027253598500915643e+01 -5.903730031347803830e+00 -9.185652925050918682e+00 -3.900669715787112324e+01 -5.197200393935330176e+00 -2.473217984521853552e+01 2.203805781429705135e+01 9.848899309131522386e+03
-5.513444292379665512e+01 2.580953363513591725e+01 -1.260649925224185175e+00 2.145246736675677823e+01 1.056642707684533278e+00 -2.380576182354999304e+01 -4.233546997352723906e+01 3.088480083789971964e+00 6.448978825120367020e+00 -1.805487296490741400e+01 -2.073696891046579438e+01 -1.011101408202490148e+01 1.911106797897087972e+01 7.802453104578195962e+03
-6.148935354183544177e+01 2.504101946864554051e+01 -7.676219813136251346e+00 2.166467855806995857e+01 -2.226984598029327955e+01 -3.990748427306139234e+01 -5.126932073605561158e+01 -3.619076152869014629e-01 -1.687347898092880882e+01 -1.611567419698101489e+01 -3.196671255615675022e+01 -4.022569150484107681e+00 2.139381735689350350e+01 1.169367991257674839e+04
-5.460213979114606531e+01 1.990495419568860669e+01 -1.456212743029990264e+00 1.159715197316220081e+00 -3.537655854188053173e+00 -2.512281233289167304e+01 -2.823440786270541025e+01 -1.537543930628804034e+01 -1.150998521320783041e+01 -1.573221111189575794e+01 -1.266152796018064386e+01 -3.591751347188399279e+00 1.645930110171010208e+00 5.614229275903033340e+03
-6.332654619013970176e+01 3.015632069832003381e+01 -6.447090053224878048e+00 1.398076919516490868e+01 -1.114873725569488627e+01 -4.877094882290358413e+01 -5.713556924655591018e+01 -7.405477705977184799e-01 -1.259313279062568847e-01 -2.337861925806899777e+01 -4.468553026915173376e+01 -1.635305880653465493e+01 1.690353992717689025e+01 1.402112799043402811e+04
-6.054710816177392019e+01 2.369306926704231842e+01 -1.607242509688241583e+01 -3.587279465659940936e+00 -1.041093681354319145e+01 -2.807335537583077567e+01 -2.368040268261698245e+01 -2.264588930836345426e+01 -1.212780402223808984e+01 -1.349830064337066382e+01 -1.923965719132917584e+01 2.617956486145325279e+00 1.488888218776196659e+01 7.396588590141782333e+03
-6.245815725919977268e+01 2.689241977602384637e+01 -1.513082297971824808e+01 2.004822002611508935e+01 -1.298434906320096971e+01 -6.143461757310848981e+01 -3.506560530799890074e+01 -6.553919937485899183e+00 2.629774506371142184e+00 -2.684888209895322930e+01 -6.107659130173350093e+01 -4.857319029725807091e+00 1.177605957061288322e+01 1.509084999512037393e+04
-6.250366692396501378e+01 1.908710291924514735e+01 -2.043356496804026090e+00 1.458551088766453141e+01 -4.599479982821761403e+00 -3.944851660728113529e+01 -2.658707065298862560e+01 -1.158340634394619251e+01 -4.382616752350003253e+00 -8.549110810537190019e+00 -1.791185923020412929e+01 -5.068436549127114610e+00 7.399627235306164508e+00 7.399899476087805851e+03
-6.591443440712352242e+01 2.046833574589549087e+01 -1.106593822962669904e+01 2.165833919561081089e+01 2.727777081435358131e+00 -4.135796082765539694e+01 -1.969029389739499436e+01 -1.761933462577976428e+01 -6.229951845447760483e+00 -9.117853906344681292e+00 -2.881289178371139315e+01 3.496033877738721429e+00 8.794830225125236822e+00 8.812975979437591377e+03
-6.118484008985098654e+01 1.431709883647689985e+01 -4.475090708603206124e+00 2.346783009102989936e+01 3.155043268880209917e-01 -4.138554828556443255e+01 -2.321850659054632615e+01 -4.999864089930093236e+00 -6.845679792249342199e+00 -2.791637519280500257e+01 -2.852326083396119216e+01 7.543432189683301203e+00 7.143283026450861328e+00 8.543983906957830186e+03
-6.308006691784618170e+01 2.225254649934289120e+01 -1.366745027649024813e+01 2.176157621992627256e+01 6.344506491305132556e+00 -3.957276831125459893e+01 -8.539849828309462154e+00 -4.782098551050738777e+00 -9.704166940555777998e+00 -1.339258822195338539e+01 -2.121872345444939612e+01 9.636593755939632189e+00 8.868897523165928831e+00 7.731978103600667055e+03
-7.015955643910631068e+01 2.631823298306827752e+01 -3.413523280246443026e+00 3.975426442726367782e+01 -5.661232142280934632e+00 -6.422632235514318211e+01 -8.110304535139681192e+00 -3.044102938713644591e+01 -1.360947366341728415e+00 1.136302594927177267e+01 -4.620239600847718009e+01 8.034548846825821045e+00 1.936738503844333081e+01 1.506185128263883598e+04
-6.877526347456168310e+01 2.651455761264269384e+01 -2.615651336183464903e-01 3.451010852366730575e+01 -1.285520300399344151e+01 -5.994242774806035357e+01 -1.132975160840266327e+01 -1.720465011551457124e+01 1.185188944005168565e+01 1.058246682994207077e+01 -4.390068529383422913e+01 -3.647657821757661178e+00 2.494550316829514713e+01 1.362209837641300328e+04
-6.734343336467027541e+01 2.137820989685155482e+01 1.033025251961282365e+00 2.709899924652861714e+01 -1.794359280663735490e+01 -4.727674216904756577e+01 -1.743433133853390515e+01 -1.656319084948098208e+01 8.565163782783249857e+00 4.680269152714968683e+00 -2.895218344387279075e+01 -4.268374527696055409e+00 1.636612630270946411e+01 1.008251183773764205e+04
