-5.376116984497486584e+01 -3.694092427395307965e+01 -1.701935989455660092e+01 1.363968508385387857e+01 -2.506888484497861924e+01 2.631060920116726720e+01 -4.043253502564653701e+01 4.504643699575949967e+01 -3.729791664145088959e+01 2.071492860313027151e+01 8.656920194963459991e+00 3.521210099405965188e+00 -2.816411568916497998e+01 1.241606486144592600e+04
-4.862771206742261398e+01 -3.225636114988133585e+01 -1.046963748691133844e+01 2.257458884295578372e+01 -2.276817142101176117e+01 3.017447644084302638e+01 -3.790485819334332263e+01 3.812319348576289002e+01 -4.061653514544077836e+01 1.281981559462282227e+01 1.351628341617244367e+01 -1.345138298657541087e+00 -2.244272840303031202e+01 1.084562337232748177e+04
-5.081588138997349091e+01 -4.779495739996021086e+01 -3.240047101731962442e+01 7.488564271059583888e+00 -3.998132049537563404e+01 3.431766880609415438e+01 -3.898358004886136285e+01 4.395274530987655481e+01 -4.091386472161406118e+01 4.718899858110041201e+00 2.577527686025682385e+00 -8.635000850560150543e-01 -2.429056044988756113e+01 1.449388553649756250e+04
-4.546025191890075234e+01 -3.946500850835441554e+01 -1.967594665608526228e+01 1.612923606493951922e+01 -2.588426418260886308e+01 3.971496583598266028e+01 -3.892794199024852020e+01 4.093595059379734380e+01 -3.709872375137880596e+01 9.695634228883605488e+00 5.963308491074966966e+00 2.351066203986665215e+00 -2.942085016250411655e+01 1.208682250800958354e+04
-4.361336428970723489e+01 -3.658581273597054917e+01 -1.605477823890720046e+01 1.291241211587091797e+01 -1.650668515841826434e+01 3.424767618700789029e+01 -4.292909630747813310e+01 3.351392723542724639e+01 -3.401885214960719850e+01 1.707081934619221997e+01 3.153737930228975195e+00 4.253244070415276745e+00 -1.940787529580201465e+01 9.929995083095987866e+03
-4.181369120928648897e+01 -3.275295336480303376e+01 -9.590522148141085168e+00 5.728485030361196273e+00 -1.345732463456067052e+01 3.854485818956358401e+01 -4.333978173341787254e+01 2.212374804221152402e+01 -2.879783067927016305e+01 1.271865359325356515e+01 -4.325635994651365834e+00 9.867004965338519895e+00 -8.046164345405269813e+00 8.152425845263265728e+03
-4.276645217696489709e+01 -3.138906561772154902e+01 -1.361586125922705470e+01 3.118915267914939005e+00 -1.612880969245014029e+01 4.423132378117630026e+01 -5.058987116776482651e+01 3.229204565323455256e+01 -2.503827071705248741e+01 1.560258008223491366e+01 -8.005407394284775435e+00 6.514217275718078071e+00 -1.241573261525334004e+01 9.959049461569524283e+03
-4.881517001858173899e+01 -3.727244622957382347e+01 -2.799397724987759162e+01 -1.319397656999014856e+01 -2.481852501125556287e+01 2.865639904441966479e+01 -4.301367972098106662e+01 3.055123347255080191e+01 -1.816401686139268534e+01 1.059940312823584740e+01 -2.095594664174789656e+01 -1.031469906248453583e+01 -4.561921737022190726e+00 9.959237453188343352e+03
-4.966950245010124831e+01 -1.336662900437510082e+01 -9.466431587141041604e+00 1.732995429436359558e+01 -1.982737781822596190e+01 4.056414456325762075e+01 -3.994598092322586069e+01 4.099483903267670826e+01 -2.064530395399928153e+01 1.519104489311756723e+01 -2.039744449424206252e+01 -4.324065417932691169e+00 -1.905019185789458902e+01 9.805159355703879555e+03
-4.254721703440201708e+01 1.139867006683443051e+01 1.408127974739253752e+01 6.837251186818858351e+00 -2.568623896228169912e+01 2.948338361039318123e+00 -5.677196617194318407e+01 1.053876069723172471e+01 -2.294719228121920551e+01 8.180902656448392207e-01 -1.916507648923380458e+01 -8.989452351643514305e+00 -8.781865795398514862e+00 7.240297473504461777e+03
-4.178732108964288017e+01 1.897424832319466148e+01 1.803841275114191234e+01 4.578279695490719448e+00 -3.880562930298269464e+01 3.273593870340707479e+00 -5.140762751849037215e+01 3.311321771482702303e+01 -2.532750446027553792e+01 -9.849312087954452011e+00 -1.630816710120704371e+01 -2.016640957185902749e+01 -1.181926433297055290e+01 9.259196749152388293e+03
-4.006794602058317878e+01 1.281533394836130668e+01 1.991287134450760021e+01 5.769903226127019558e+00 -3.418531481254293425e+01 -9.241325873829216775e+00 -5.589926209254658573e+01 4.113992709503480683e+01 -7.890524067052437474e+00 -1.118119182819492252e+01 -9.595957552243040922e+00 -3.612137869944103130e+01 -2.168993663455511722e+01 1.032531544000866415e+04
-3.760868380088684404e+01 1.266407628294098409e+01 9.302701187704744967e+00 1.176494207668620717e+01 -3.481693325861696309e+01 7.913038470962954207e+00 -5.526256668187825483e+01 4.709201994117435675e+01 -2.805629249516053747e+01 -1.905116747979304748e+01 -8.634019361177489582e-01 -2.091875661048963053e+01 -1.819806507836554132e+01 1.026580261912342394e+04
-3.532274964923342253e+01 4.508877860286324868e+00 1.227721931417910639e+00 -8.088172755062377206e+00 -2.611281396234982566e+01 3.850750763472032823e+00 -5.870015269488048659e+01 1.679360205092592295e+01 -4.093670118433296068e+01 -3.906361693914745814e+01 1.242887960815177451e+01 -1.714619125868937743e+01 -2.320501532683463353e+01 9.948114124255771458e+03
-3.419051867515473475e+01 1.419933839401105047e+01 -5.885833059600071415e+00 -5.110922462836313684e+00 -1.137979634175267130e+01 2.374662184046893643e+01 -5.812378178682406826e+01 5.324763681077951283e+00 -3.772995943495379834e+01 -2.184219309767456707e+01 2.093981190936334613e+01 2.994866012971792113e+00 -9.172286426869197484e+00 7.963713290217078793e+03
-3.563059421772120317e+01 2.087942820368105856e+01 -1.371700512605112721e+01 -8.132248477196027281e+00 -9.841139721078262070e+00 2.743458589116912094e+01 -5.564826393193581566e+01 -1.285566271391091497e+01 -5.404293184022484553e+01 -1.838381434598909792e+01 2.048270876724027190e+01 4.346446874754654743e-01 -9.653904543425719353e+00 9.842812597001986433e+03
-3.600229355688639998e+01 2.125316949441733883e+01 -1.444537351776276601e+01 -4.532084079432983081e+00 -4.374061608144654834e+00 1.942048706086759324e+01 -4.225023173626908601e+01 -1.886675467991588206e+01 -4.815390325182531939e+01 -1.438945616273682582e+01 2.994880027924193300e+01 -9.955353937876328274e+00 -1.170262344443447589e+01 8.173241156361143112e+03
-3.681562893764273525e+01 1.888097101127340238e+01 -2.003165078772143914e+01 -1.132815812993361426e+01 -8.572385392006465210e+00 1.414674200051933894e+01 -4.417251406015638082e+01 -2.040379303160496605e+01 -5.701186245492895210e+01 -2.331969367746988908e+01 2.002241358760581136e+01 -1.366645022659252540e+01 -8.888370519987345730e+00 9.343450281270792402e+03
-4.044432858704931988e+01 2.079943836074562924e+01 -2.126419448062741679e+01 -9.872395436629822996e+00 -5.407500392192754468e+00 2.664212061094916706e+01 -5.526080226949616758e+01 -1.484343202169158893e+01 -7.734561430961471729e+01 -3.043498240058750071e+01 1.112396924280169763e+01 -1.841607168043738341e+01 -2.349108334440671086e+01 1.455447549354108378e+04
-4.229767159713375690e+01 1.771406681037921516e+01 -6.173855358268030891e+00 -1.015526469613005922e+01 2.030845414353350531e+00 1.936510747454482484e+01 -4.268846046166418517e+01 -1.963517829297217787e+01 -4.484364345544233998e+01 -1.299316002016807303e+01 1.340668868595971830e+01 7.672925134494168464e-01 4.836025735212136745e+00 7.214593430219979382e+03
-4.669649773395970982e+01 2.042318790098943637e+01 -5.248612924357759724e+00 -6.103816588250352559e+00 -8.082715607024851812e-01 1.852901720290160625e+01 -3.752193062279495450e+01 -1.456576430228453845e+01 -4.793773015683311911e+01 -2.400500115260055356e+00 1.347799986250550752e+01 -1.636990523248475382e+00 -2.118943060202816753e+00 7.119123079374365261e+03
-5.111132014474048901e+01 2.122498052651983613e+01 -6.484709692011531246e+00 1.643873686681445179e+00 -1.294220154089837038e+01 2.606697163055823907e+01 -4.277088035582658421e+01 -8.200441003655498662e+00 -4.940862832375545111e+01 1.698181730272765222e+01 1.614105277138651573e+01 4.560655912917097154e+00 -6.692828158492808655e+00 8.906925442979212676e+03
-5.049889034342887584e+01 1.810956428110101157e+01 5.969886746425807189e+00 -4.651498800413627066e+00 -7.813222522684128535e+00 2.256350902509559386e+00 -2.588876952841721746e+01 -1.440937059478584814e+01 -2.978266254225255949e+01 7.888750557622829618e+00 9.098382716052293873e+00 3.251298312821546688e-01 -7.592253421817861891e+00 4.969134110384143241e+03
-5.610283281554225709e+01 2.644439804702226482e+01 3.097628073291983419e+00 9.578052891441032557e+00 -1.754332575144651329e+01 1.557132548223499668e+01 -3.767861844290541029e+01 -2.101696145147561268e+01 -4.894994449784294943e+01 2.102790294635560286e+01 -3.830834919794926741e+00 -1.095625364458330253e-02 7.175580240072228222e-02 9.212744180764306293e+03
-4.955179890569727519e+01 1.463926287772390866e+00 1.411548988439753671e+01 -7.178435312356056253e-01 -2.002375268961457522e+01 1.519166316430356645e+01 -5.726555613876522699e+01 -2.203079467025371940e+01 -4.992731456265813961e+01 -7.309279145406973044e-02 -1.249412953199470522e+01 -3.902245117352416415e+00 -1.110446736720162519e+01 9.841105411358203128e+03
-4.515171197086902311e+01 -5.041803465354870895e+00 4.564369148869001358e-01 1.121759483375511834e+01 -1.581335718351069453e+01 2.624604297569810285e+01 -4.244274486305833705e+01 -6.000855285604217215e+00 -5.846359405948958710e+01 2.065931949150059310e+01 -6.775312556269195596e+00 1.709600645850535283e-01 -4.616239965624542307e+00 8.878496608763785844e+03
-4.444558446514466254e+01 -2.629582824752046744e+00 -3.132577182408379013e+00 9.044049083823519908e+00 -1.753030048467723745e+01 1.553347526349912044e+01 -3.801131163398292045e+01 2.671506190085308319e+00 -5.384690055670915854e+01 1.980621921192424750e+01 -1.148975214451694349e+01 9.332577813684892476e+00 -1.593458857634821590e-01 7.585441417356284546e+03
-4.983837875782920435e+01 -1.415427983575499482e+00 -1.138754983063455484e+01 1.868028194263665753e+01 -9.397166095811199327e+00 2.807810721479034655e+01 -4.555411358769374175e+01 -1.077279260563435770e+01 -7.061982038847091303e+01 -1.511344223354390559e+00 -2.306119971343953523e+01 6.796731515479092600e+00 -7.390415480451334673e+00 1.165448974442085273e+04
-4.821499082568019645e+01 1.006746511847541825e+01 -3.696066146967527999e+00 1.394962042546726799e+01 -1.472853051406614178e+01 2.667462698526039233e+01 -3.128325324084726589e+01 3.264071833755379792e+00 -4.662809096097782202e+01 5.148612157707823656e-01 -1.301854698211909422e+01 8.489018873253003861e+00 -1.011454491661048571e+01 7.070347417945919005e+03
-4.968860034830876771e+01 9.648959367209526405e+00 1.269360623383547937e+00 1.122505601999926661e+01 4.988053161975368965e+00 4.159624934977657063e+01 -3.068912647679228201e+01 -1.102830480290569959e+01 -6.162058788289991895e+01 -8.813680412507595818e+00 -5.739754612138848522e+00 7.629164031776893395e+00 -1.817205601760659661e+01 9.804397565724526430e+03
-4.869463236989133748e+01 1.104631034455644922e+01 -5.638568350328862167e+00 1.153255631116024382e+01 2.351636705372219360e+00 4.647872579914177749e+01 -4.094704730892794942e+01 2.781242004002396406e+00 -3.659097949444057463e+01 7.956673127802734058e+00 -1.753210168170813432e+01 8.590208535723315109e+00 -2.076501809785280628e+01 8.722740315783197730e+03
-4.579029031365330837e+01 1.497726523751449434e+01 -1.331868000794159279e+01 1.540792167427250803e+01 1.045336452193765631e+01 4.411415076893791110e+01 -8.194355250216338504e+01 -2.291448647849686182e+01 -5.325972131495131379e+01 -7.399695518043127862e+00 -2.398165118662669215e+01 4.261654487131831814e+00 -2.410923846345550459e+01 1.609690114381759668e+04
-4.134812650873453777e+01 1.930410254213111187e+01 -1.045211990783876388e+01 -1.539900310297567465e+00 1.574253149022658960e+01 3.516101995360689614e+01 -6.727196757503074309e+01 -8.200799340369819390e+00 -3.261830531020574853e+01 -1.989711839624769496e+01 -2.533253543913077976e+01 -6.812207069824381733e+00 -2.210798345746814064e+01 1.090758500868539886e+04
-4.077039798658452696e+01 1.673611022638434420e+01 -4.115232167261235752e+00 1.088329742608611461e+01 2.459903532601201448e+01 3.056523830275990150e+01 -5.414165545786991629e+01 -7.184820892804031800e+00 -2.301456576434618384e+01 -1.427940338588286373e+01 -1.499503110534080186e+01 1.463465182802218933e+00 -1.127843861440305950e+01 7.687758338753002135e+03
-4.257869438015553953e+01 1.813408503517947423e+01 -2.241346208979607901e+00 6.357443467788210789e+00 9.373719828085931738e+00 2.347136212036053138e+01 -4.079099124140301313e+01 2.874498915012968059e+00 -1.987241825276611706e+01 -1.687654147829104545e+01 -1.455383619352750380e+01 -1.138848586301212862e+01 -2.333954239786636009e+01 6.064146806148823089e+03
-4.809447278039797880e+01 2.433616340124544664e+01 -6.781314271347222089e+00 1.988942747381255671e+01 5.571255205506777664e+00 3.977457289718834232e+01 -4.430884430671329710e+01 1.315915983591697369e+01 -3.759686506616603197e+01 -1.839615810646842675e+01 -1.362413901925574145e+01 -1.774631419566521018e+01 -1.088072707162079311e+01 9.467277363737850465e+03
-4.524070151790874661e+01 1.885899055139677216e+01 3.581907318072891755e+00 6.387701982572655979e+00 8.514381169893322721e+00 6.740254778484142228e+00 -2.933503827485146687e+01 -9.328188523037345803e+00 -2.465067558404294701e+01 -1.452455119976799125e+01 -2.267901942278559346e+01 -1.942385172442365615e+01 -2.346291899379032930e+00 5.237248105770034272e+03
-4.748986570712430932e+01 2.353520948446018224e+01 7.653191310498236533e+00 3.157997461075622014e-02 5.942987583964868925e+00 1.379770420789779806e+01 -3.533616285974176208e+01 9.400493948365848951e+00 -2.144065363008507319e+01 -5.985637601326074808e+00 -1.093206035189647274e+01 -1.700795793982054249e+01 -7.286584623353937751e+00 5.387879577716463245e+03
-5.014913221648960473e+01 2.624366994364120131e+01 -2.198956542902868350e+00 8.037485403273947782e+00 -1.913727700185382297e+00 2.875083829461763685e+01 -4.191985280964920690e+01 1.320808663358005219e+01 -3.426211361329995952e+01 -1.219555383501399248e+00 -1.816715835779272581e+01 -1.176371444686003009e+01 -2.117642627428917024e+01 8.127354318838557447e+03
-4.904431751315951260e+01 2.396528269283098922e+01 -1.696787014946103866e+01 -9.739630253373545710e-01 -9.908096316647343471e+00 2.101093033826186129e+01 -4.045928145724196412e+01 -6.141568065451900038e-01 -2.161453339368389592e+01 -7.781150351809920984e+00 -4.871283280913148772e+00 -3.466841305199992895e+00 -1.373873507969424068e+01 6.197732872833720648e+03
-4.499698473622165551e+01 2.514023685131152774e+01 -1.960957878207300809e+01 -3.409501043326292447e+00 -8.735205120542742563e+00 2.436967013077872934e+01 -5.809602291065423429e+01 -1.086769570556187325e+01 -2.760195995008573533e+01 -1.184298378962262888e+01 2.319998392175767776e+01 -1.228258790020133606e+00 -2.014628060531757114e+01 9.064104694412124445e+03
-3.845121644300909480e+01 1.895153328006382765e+01 -1.871260849389391367e+01 -1.726917713564870382e+01 -4.318790916396710422e+00 2.091563431289676345e+01 -5.355192222350100906e+01 -2.313949398951418956e+01 -2.779194681080473117e+01 -1.274008798964527323e+01 7.517604912450143395e+00 -1.422881812534433443e+01 -2.034163529070852761e+01 7.952861049496226769e+03
-3.986714101587460135e+01 2.751478432267487406e+01 -1.772883516815200622e+01 -1.681268831768926475e+01 1.190666046893883134e+01 3.538520270948215796e+01 -9.437569608420585610e+01 5.893629141613764055e+00 -4.240229197828904262e+01 2.898191577518274720e+00 1.875585265007861580e+01 -4.610414028503315720e+00 -3.975191677214116481e+01 1.703842507677821050e+04
-3.534344886750228198e+01 1.931992914420930774e+01 -1.834491030481374452e+01 -9.967383119888395981e+00 1.219153418381647747e+01 1.496597976948716990e+01 -5.485579748731150573e+01 -1.673909562762419512e+01 -3.608610664209492569e+01 4.157077373067746606e+00 -1.282890634449398881e+00 3.434389616541231760e+00 -2.237840066541411943e+01 7.553995438583148825e+03
-3.795690220459294295e+01 2.325689436676892896e+01 -1.406902261701176293e+01 -1.345494439179642399e+01 1.592382512572499209e+01 7.829671767346905398e+00 -8.039118526349911065e+01 -3.794708240334692562e+00 -2.742661782453098240e+01 -8.625631632005843485e+00 -5.283880078505039712e+00 -7.968862905491879145e-01 -2.925327402986030378e+01 1.086352627611309072e+04
-3.767581091078265132e+01 2.313979791930483643e+01 -1.725331466017520299e+01 1.732463229089371781e+00 1.754474363839111462e+01 1.487849051725084770e+01 -8.279107602818356781e+01 -6.750981808997543965e+00 -3.120239340752750579e+01 -1.607604521207986581e+00 -1.182746028389755288e+01 6.969943029706854531e+00 -3.185669843652387812e+01 1.186421271036803228e+04
-3.552173113833881501e+01 1.545062671507185925e+01 -9.945234515362537664e+00 -2.758233352978849862e+00 1.831633183699967660e+01 -2.605805742479156417e-01 -6.570337748322906180e+01 -1.642546187562469839e+01 -2.500044095784551246e+01 -7.235309612804200263e+00 -2.820982421042622090e-01 -8.819180761103888599e+00 -2.178657756493815612e+01 7.759200558466167422e+03
-3.571829992329519143e+01 1.961964856157409898e+01 -1.388033036978591461e+01 1.250807894840140122e+01 1.408332469068069592e+01 1.961142903151841210e+01 -8.184031924228946764e+01 1.592749875127423742e+01 -4.259401806771511190e+01 7.619338276199420612e+00 9.321802147219869994e+00 9.287597019066360371e-01 -2.609959930091534375e+01 1.218556678684124563e+04
-3.664241049501472247e+01 1.323588731670857932e+01 -6.321327674925995233e+00 8.884164462503182591e+00 1.962996385391694076e+01 8.906266421007169143e+00 -7.996888027808169852e+01 6.219276444427513262e+00 -4.091705619535979821e+01 -1.062476352567902538e+01 6.773909631119564345e+00 -1.076776831606001217e+01 -1.991993789260247283e+01 1.088082649612167188e+04
-4.083096156890901796e+01 1.546879946254636806e+01 -6.588898334438244575e+00 1.542636796924500686e+01 1.278111705840216139e+01 2.713418966616979233e+01 -8.632427058254300789e+01 2.597982927080581916e+01 -3.375553682554330237e+01 4.198249633197238317e+00 -4.867627920576586220e+00 -1.551504086777308089e+01 -1.982664948653499692e+01 1.302885790301390261e+04
-4.360805738938697829e+01 8.664470600851258197e+00 2.922532259125030674e+00 1.051352869568326298e+01 1.680250642798484861e+01 1.586232472645300362e+01 -5.726798580997431998e+01 2.393205966469184176e+01 -2.081006939921535093e+01 2.120649022154895036e+01 9.241828652221803608e+00 -6.957025946011560436e+00 -1.537200482682200153e+01 7.734998802188526497e+03
-4.653554429681365434e+01 9.237106405556520627e+00 2.084210905525887281e+00 7.303073399290744838e+00 2.269989639058059083e+01 1.409301542817336816e+01 -5.965339279256125593e+01 9.778940126272958722e+00 -1.667066865209883986e+01 1.690010799678026743e+01 -3.155223880657620494e+00 -6.083323022386319501e+00 -1.898051748090870205e+01 7.647360299766833123e+03
-5.071942449946724452e+01 1.128778891406979845e+01 3.041932664309717094e+00 1.532801717590253254e+01 3.113625695988509179e+01 1.620901807806637507e+01 -5.647717932592200896e+01 -3.358703770490995000e-01 -2.121129539681403386e+01 2.125245215133282173e+01 -6.102454215060953757e+00 -8.790193837412193290e+00 -8.946763037189958467e+00 8.462196821899739007e+03
-5.308643427371767842e+01 1.814383416539968152e+01 -1.172887032023700149e+00 1.654869851996383545e+01 1.817089498055025487e+01 1.563210357774292270e+01 -6.984029446365752847e+01 -9.151142266841587158e+00 -2.741481933444286767e+01 1.758328991900609495e+01 -2.654092256792767390e+00 -7.422782663249352098e-01 8.709312996362551795e-02 1.002690470249312784e+04
-4.692791184963698470e+01 3.238646899300348991e+00 4.037851473934187752e+00 6.130526322718699461e+00 1.359776285648235472e+01 1.721819937813403456e+01 -5.887774821256816438e+01 1.297402391590130755e+01 -5.694194048669888986e+01 2.540570155696255483e+01 5.274862093929645113e+00 1.909271378236412176e+01 4.658444190526312978e-01 1.066329257620422868e+04
-4.516079236379957962e+01 2.021162703126873003e-02 -1.143179367189720708e+01 1.466497853642048455e+01 5.950953054115197816e+00 2.901389425971971292e+01 -6.489117690995634291e+01 1.493761498033878787e+01 -8.481708643408694570e+01 2.282328021064186530e+01 4.198017874462536270e+00 1.097468889360525068e+01 -1.170895296430626331e+01 1.568646916254008102e+04
-4.637158103114821017e+01 4.892681035112199872e+00 -2.233096797568359548e+01 2.389084729486692282e+01 6.044342429271313044e+00 1.710468257583592333e+01 -5.610996676359584967e+01 1.337414375328995497e+01 -5.907622541384341019e+01 8.204138977330144300e+00 8.510814154034500589e+00 2.082060661304676152e+00 -1.630530126533391311e+01 1.079994699202698939e+04
-4.870833280168086077e+01 3.083247645827209560e+00 -2.485914910294215474e+01 2.393537631478258021e+01 7.208348105047325483e+00 1.201763854097715623e+01 -6.708279940284836584e+01 2.176484100621326334e+01 -6.832490782318336642e+01 1.721603566417181952e+01 -6.539500788078523641e+00 1.485365322852110737e+01 -1.960722887445147578e+01 1.435560625403311496e+04
-4.889017111025361118e+01 -3.163700279902536661e+00 -1.176236021849653746e+01 1.022635493776366467e+01 1.692031348060094942e+01 -1.524700582701060370e+01 -4.345320677724245684e+01 1.054561953817792030e+01 -4.284262867296912702e+01 1.183584788978630975e+01 2.502582183736725696e-01 1.276429846945723767e+01 -1.683557348797519282e+01 7.583353355656556232e+03
-5.377800201218393283e+01 1.289443594126773451e-01 -1.618036774995827543e+01 2.448294954108073895e+01 1.257542575813845076e+01 7.079354226448410614e+00 -4.793960948430435565e+01 8.748164557482187575e+00 -5.189768403602469249e+01 1.550497786005422762e+00 -4.687684673138073244e+00 2.417552618801339648e+01 -1.854455261752695705e+01 9.982408913253435458e+03
-5.318814533235953945e+01 4.640450586816347922e+00 -1.364529840970292796e+01 3.414186459392324480e+01 1.423648332481701040e+01 2.482911479778857355e+01 -4.366618608171707905e+01 1.444324938848833639e+01 -4.217077120979996607e+01 5.697670788747187132e+00 2.721637441996664020e+00 2.219735175810050976e+01 -1.228448721056549253e+01 9.598755089416590636e+03
-5.088328713583647556e+01 1.464162462942380216e+01 -1.414206852582860918e+01 3.497422139317007606e+01 1.218647840410912409e+01 3.461644922925994905e+01 -6.534446452472060685e+01 -1.470682558630484849e+01 -4.875368872883532845e+01 1.359184259511013737e+00 -4.507838455645829967e+00 -9.543937061541103439e-01 -1.471900125509592350e+01 1.267632894112437862e+04
-4.315809156550089654e+01 1.453636669304091456e+01 -7.487404615848335609e+00 9.727038021537937951e+00 2.023596744705749373e+01 1.530691651033319012e+01 -4.862144554547403885e+01 -2.166754708942062280e+01 -1.784975830424493637e+01 -1.079972379904662816e+01 -1.063158354923466398e+01 -2.584277526805180969e+01 -2.232212248863609805e+00 6.923037235640039398e+03
-4.049840378562302590e+01 1.304499793309137523e+01 -6.287037214690838205e+00 1.700764240243735870e+01 1.707321663651586974e+01 1.057970719008223526e+01 -6.283576881976124895e+01 -1.743405178610418105e+01 -6.424648034856282663e+00 -1.106643027530635948e+01 -4.568281480568482600e+00 -2.838337401398756299e+01 6.196137150190864640e-01 7.785395371351589347e+03
-4.237559859707479148e+01 1.245793009346386526e+01 -2.761559804958566389e+01 2.142344837803103275e+01 -1.436158421083753289e+01 3.095485605148568453e+01 -1.079939327565495262e+02 -2.131294221140828782e+00 -3.568225716698712091e+01 -3.434862421693192402e+01 -2.246629796037663596e+01 -4.759429406743720392e+01 -3.427646307624757327e+01 2.240204567117934494e+04
-4.111097253121838691e+01 6.305604915708415525e+00 -1.513732079138092423e+01 2.452005119001104916e+01 5.081753651587856524e+00 3.535532513077765060e+01 -8.657400172660645410e+01 -1.109985784684794297e+01 -1.341873397972991278e+01 -2.742306319462057829e+01 -8.709883004731681311e+00 -3.099226678292310311e+01 -1.263386977281733436e+01 1.358241610570605917e+04
-4.507819990348514949e+01 8.344371925133826196e+00 -1.520108440906077085e+01 2.617183926917509496e+01 4.613620914828637787e+00 2.364361910999467398e+01 -8.032226118822489980e+01 -2.375486182786874068e+01 -2.724459570599714908e+01 -2.787332248622582398e+01 -1.272697847750138678e+01 -2.693627944215571546e+01 -6.665859402412412038e+00 1.306513902725105436e+04
-4.945409852700742448e+01 1.021169964213592607e+01 -2.678559647048103454e+00 2.696519186406147028e+01 1.344975940333045727e+01 2.966807210772073944e+01 -6.375070018129201799e+01 -1.610910096016612059e+01 -1.101400631301534538e+01 -3.001276601635191099e+01 -1.447561710850602701e+01 -2.148720302156323925e+01 -6.013165253065283489e-02 1.036234982188781760e+04
-5.394395059945737358e+01 1.778215601486154895e+01 -1.031080037195941657e+01 3.682117359108360688e+01 -4.976717459293734436e+00 2.393329009577074373e+01 -6.997291807908209194e+01 -1.970939048011615569e+01 -6.625905472162199494e+00 -2.483459740258840398e+01 -1.297215164351804262e+01 -1.934048304185915512e+01 -4.021575623197387372e+00 1.178966966134891481e+04
-5.284891189865868455e+01 1.602468389280391747e+01 -2.917341724088362120e+00 2.342028838453216011e+01 -1.490234220327384840e+00 1.621988712147242495e+01 -5.049632711361348214e+01 -1.065002918402383081e+01 -7.425971390209093137e+00 -9.502757231144139283e+00 -1.569248524532639522e+01 -1.447399050054706038e+00 -6.911927600943034378e+00 6.976997729764422729e+03
-5.120841164118966304e+01 1.437012397007747921e+01 3.511859381307102179e+00 1.352631742252115465e+01 -2.006338080872418939e+00 4.413264868591872947e+00 -3.693389395013318932e+01 -7.255373247945450466e+00 -2.008579001668313069e+01 5.797641250333822605e-01 -2.330706567264923379e+01 -1.039494687343403356e+01 -5.338957014044305005e+00 5.547905347443068422e+03
-3.847346020589700544e+01 -1.752849242023855680e+01 1.343092031908433182e+00 3.321512337420274008e+01 -1.040237326469603119e+01 5.155153027615151373e+00 -3.848979041531055145e+01 -3.183054921773403478e+01 -2.786767751603867183e+01 7.216391066256978348e+00 -3.137261027007102498e+01 -1.051397854691554201e+01 -2.489414242671638888e+01 8.065122803067588393e+03
-3.776460551261529730e+01 -2.113044700257436048e+01 -5.915177679209950412e+00 3.903754116586024026e+01 -8.287738188047709897e+00 1.872720228790361574e+01 -4.132760643654954436e+01 -1.575785315011197518e+01 -2.611577875947032368e+01 4.648810477207727665e+00 -2.912624690957528273e+01 -2.770255867606668865e+00 -2.238569874146244487e+01 7.868033290605090770e+03
-3.603337196089165673e+01 -1.646007018458536564e+01 4.138684029735256509e+00 3.563843128078675448e+01 2.333208591364356987e+00 2.110918043681935430e+01 -4.556465615225632604e+01 1.464577367144638842e+01 -2.382397048076541068e+01 1.612523866631978109e+01 -2.699660497433094974e+01 1.089601225797445450e+00 -2.161821354185531519e+01 7.623198191987133214e+03
-3.364111403834848346e+01 -1.146889070386556675e+01 -4.854775693174874007e+00 5.171652525193173489e+01 1.000500861854888690e+01 1.426962110785815163e+01 -7.902458221977637720e+01 1.034518137010432604e+01 -6.469706144300610617e+01 -1.195224714930345655e+00 -3.007977963152006851e+01 8.494450682543974729e-01 -2.894677838715969997e+01 1.654762649557215263e+04
-3.287497302796743526e+01 -8.216304301139944144e+00 -6.428133769062513103e+00 4.007588765690999111e+01 1.491344122895095126e+01 -1.436471068274454144e-01 -5.382257344883236527e+01 -6.906542533473154777e-02 -4.661584789669324635e+01 -1.308824431679865441e+01 -1.928126163770245682e+01 -1.573535931823323608e+01 -2.294089738381819643e+01 9.404967500083528648e+03
-3.904913084148792279e+01 -1.084504519154413593e+00 -1.055050071598706651e+01 6.053330782289122425e+01 -9.878331250296271904e+00 1.979982656669392327e+01 -6.994686267636197385e+01 1.507371723288558485e+01 -6.129340221269025335e+01 1.133964126051728449e+01 -3.482987437025376920e+01 -8.019711607766776496e+00 -1.986201443595736293e+01 1.646840445980866207e+04
-4.034240755947349300e+01 -5.360553177424808524e+00 9.102568526181407105e-01 4.177244119515248855e+01 -1.282114445074116649e+00 1.224709287232373534e+01 -4.714066219814112202e+01 5.341855293943228666e+00 -5.498360475635750078e+01 1.042945916877617840e+01 -2.396954558909586197e+01 1.362774027560698542e+00 -1.765466632654273127e+01 9.824477263193155522e+03
-4.506524467443352222e+01 -1.175209315591198767e+01 8.010494932891553788e+00 4.014832934339782611e+01 9.780557697426250030e+00 7.355255574793519102e+00 -4.468953705538756083e+01 -1.137473221933075784e+01 -5.225139006110362772e+01 1.665480858421823473e+00 -2.128659424054269067e+01 -5.399880759168433464e+00 -1.637022947659259486e+01 9.604586507475578401e+03
-4.451577906597449186e+01 -4.045142774591971246e+00 2.726288948036128978e+00 2.790923784162711740e+01 -6.615168391922136237e+00 1.097992119203791006e+01 -3.669043279374767508e+01 8.485505684587559827e+00 -4.286892996618174578e+01 2.753766887529225826e+00 -1.621573472557244955e+01 -4.877241574802837931e+00 -1.874524327849240501e+00 6.502466529839781288e+03
-4.611763133738042342e+01 -4.270047544514852689e+00 1.000716242942425449e+00 3.211019288841951180e+01 -1.057380796264416212e+01 2.751234048401178001e+01 -3.356169817528346044e+01 1.144937244742051341e+01 -6.123501175532868501e+01 -7.881835634847186078e+00 -2.533952736364906499e+01 -1.525953049531065275e+01 -4.974481563020771269e+00 1.001488553654225325e+04
-4.598091634138573625e+01 -8.095309384109349082e+00 6.667850790489221247e+00 3.008208964719563383e+01 -1.281244267275019766e+01 1.088007692705712515e+01 -1.943185255733699179e+01 8.132332625325359998e-02 -5.291861676861082486e+01 -1.654434611051618820e+00 -7.196424870218893766e+00 -2.015935366829617692e+01 1.482004112806407647e+00 7.052810883810644555e+03
-4.867271018811846517e+01 -2.779234206109800098e+00 -1.224381406153173923e+00 4.261354780978269474e+01 -2.258384295937684527e+01 1.782709685788308462e+01 -2.311914084753120235e+01 2.368762819139072917e+01 -4.131591576156644408e+01 7.912569298999089007e+00 -3.534550014112194827e+00 -1.527650634914702010e+01 7.579610884223435541e+00 8.190533013971392393e+03
-3.942640049564406723e+01 1.908578015213335988e+01 3.201313427149930835e+00 2.980940573344480882e+01 -3.820911497138381208e+01 1.572639514901867841e+01 -4.518550962710086338e+01 3.260126611571990196e+01 -4.078976190398552859e+01 -5.432784457640973841e+00 -1.131701009342913089e+01 -8.165888884802608771e+00 1.405248388826733574e+01 9.714934527097535465e+03
-3.363771198253750327e+01 1.318581332242146686e+01 4.755104981913751416e+00 8.845385691748855805e+00 -2.813818605352173208e+01 -2.740878919614926357e+00 -4.718042924240798186e+01 2.557139970403025231e+01 -2.383494292843001361e+01 -2.855911655328080556e+01 -4.549478751186200043e+00 -1.267337642997261327e+01 -7.976167834099601173e+00 6.714031652840847528e+03
-3.438633324052304374e+01 1.371367922787559479e+01 -1.102156950590236661e+01 1.594610891523102936e+01 -4.297624437487758797e+01 2.975301550150349694e+00 -7.213499525009795832e+01 3.545564781224069861e+01 -3.462616511146907072e+01 -2.855051447549800869e+01 -2.124244401316763486e+01 -1.382590465711684047e+01 -2.089266187258478524e+01 1.315561237150878696e+04
-3.486210526584198988e+01 9.665191090897698345e+00 -9.219988238247992740e+00 -1.243445575978726625e+00 -4.196097091115551336e+01 -9.561062470596711549e+00 -8.640113626811840675e+01 2.378618670999712847e+01 -3.714324222324958669e+01 -5.112222807091852417e+01 -2.696691146762645985e+01 -2.849505420199386663e+01 -3.932077996094220396e+01 1.835682147500657811e+04
-3.451059836005693882e+01 8.511781073014514476e+00 2.095242807666295892e+00 3.891993915670922122e-01 -2.831729721942584987e+01 -9.587465614456659679e+00 -6.867379987354395610e+01 2.328765101163802598e+01 -1.739966648385546222e+01 -4.704085152279601800e+01 -1.248446103065612611e+01 -2.316700670368271986e+01 -3.448856075321279491e+01 1.181779052762831634e+04
-3.879499190579794998e+01 1.167971920607014091e+01 1.029574455572042524e+01 9.105669907222008419e+00 -2.453633928732867275e+01 4.282526541702425860e+00 -5.427708492811090224e+01 3.050544379112267279e+01 -4.008213096886879434e+00 -2.890347883995023892e+01 -9.539733049633809969e+00 -2.044627166528756312e+00 -1.382657150997441420e+01 7.465176794419837279e+03
-4.443517775747114484e+01 1.518477934201376911e+01 -1.479070336892806203e+00 1.196673180853846041e+01 -3.324471615830368165e+01 8.238769533787134947e+00 -6.214328693634656986e+01 4.001359302087541892e+01 -1.900798165716864574e+01 -1.636971980566291052e+01 -3.295677390578333643e+01 2.502472218070402654e+00 -1.533267495203905817e+01 1.094319040667225272e+04
-4.655905882079932923e+01 1.488863476005150410e+01 4.473245414321440627e+00 1.590113353701754484e+01 -2.442161216398394785e+01 -5.270389451546937387e+00 -5.264404550638402469e+01 2.345161595511931196e+01 -8.286396651037243544e+00 -2.527747354675888403e+01 -1.817256527651587916e+01 -6.666968902556291710e-01 -5.723274399224349551e+00 7.678896861126281692e+03
-5.117834516900256148e+01 1.910275551934268279e+01 5.530689731908816853e+00 2.241474708072756528e+01 -3.206447989142336041e+01 1.258445122839577879e+00 -6.012431448056619132e+01 3.194322965498355771e+01 -1.649472155017662800e+01 -5.544275058501268560e+00 -3.155445236944522946e+01 1.962875651944179456e+00 -2.090295187828488821e+01 1.092144993298536428e+04
-5.166236433935227979e+01 1.523810660827107633e+01 9.743948955240780307e+00 2.007385127711509654e+01 -3.420437482702347154e+01 -2.696648002559041135e+00 -5.308055010103415583e+01 4.173981061818199834e+01 -1.743266041987752502e+01 -6.418610215797415641e+00 -3.974886513463630422e+01 1.995708394563201260e+00 -6.494350216252155583e+00 1.110729950833847761e+04
-4.566222737787140318e+01 4.233553386189779388e+00 4.250872213391479804e+00 2.923910966826391178e+00 -3.047953797965671185e+01 -4.347541442179587712e+00 -2.395500281519662877e+01 3.014195297556498332e+01 -4.664869616225060867e+01 -4.598047250609717196e+00 -1.790438670240200025e+01 -1.184408445788411868e+01 -9.404605289347024666e+00 7.306402887040583664e+03
-4.479942356344128740e+01 2.937417727736427064e+00 -3.429899707545724485e+00 4.429769384090051609e+00 -4.322326782410377888e+01 1.575799534609767960e+01 -1.382614243361524942e+01 4.451141627758810415e+01 -6.899584203419398420e+01 9.005982973479051523e+00 -4.138803092537526318e+00 -8.575970800063679178e-01 -1.499611895621050728e+01 1.142028023054237019e+04
-4.521993356015194365e+01 2.133793601766680315e-01 -7.018957642848255851e+00 7.230011024130294395e+00 -3.158248142473819087e+01 1.858008052005073196e+01 -5.177761243216827403e+00 3.227124981556187322e+01 -6.051197284451225755e+01 8.280540142335773623e+00 -7.764700434810450247e+00 -2.867348589794789682e+00 -1.702782368979460337e+00 8.359019980120383480e+03
-3.994694113905440958e+01 1.019163851678277233e+01 1.209248728368517600e+00 8.591045727472559790e+00 -1.940317609115315634e+01 1.154310317451724188e+01 -2.253728433930779929e+01 1.582992584371286249e+01 -6.760876216536985339e+01 -9.340485571429512746e+00 5.859008577919626148e+00 -4.575822872083914916e+00 -2.389351853826908734e+00 7.762302693130373882e+03
-3.507195522578489033e+01 4.664733273113813361e+00 7.632540111597334587e-01 6.621117417288377105e+00 -2.377663787932779371e+01 1.151270371357932198e+01 -3.488150826518688774e+01 1.271117454730334728e+01 -7.788104145643022491e+01 -2.010760232934461555e+01 1.124352256966612096e+01 3.677376383026227380e+00 -1.875833304801673762e+01 1.033397521062610394e+04
-3.408854581624939328e+01 1.735690466117265185e+00 9.574619684531474606e-01 2.361998402614440717e+00 -1.582954936493928955e+01 1.803073737728132286e+01 -3.473187631988026425e+01 1.782232424014446792e+01 -5.912396530881708401e+01 -1.031697455672757080e+01 2.179465971764961552e+01 2.635324014228765499e+00 -1.293035497514138399e+01 7.522387387115174533e+03
-3.615763151782901730e+01 2.738719857719288386e-01 -1.213794243337201095e+00 1.500383812115486926e+01 -2.315581584249824942e+01 2.038958980762599182e+01 -5.957467861951592880e+01 1.689385348204669057e+01 -6.077818233609285414e+01 -8.653124208024982167e+00 8.801190979381393831e+00 8.006594585204485526e+00 -8.212378917827850344e+00 1.029838326925729052e+04
-3.557428281377382717e+01 9.069909964261387847e-01 3.632427966572890354e-01 1.208346677805364422e+01 -1.345145488223308838e+01 2.208549172269486149e+01 -4.004804722728538025e+01 1.578500514079035533e+01 -5.534078956654624193e+01 -1.094033799532301465e+01 9.440440002326495161e+00 8.949754590906364271e+00 -1.204289781409270077e+01 7.430762789919562238e+03
-3.752828625149318498e+01 4.366893884709913465e+00 -4.715692290910402207e+00 1.986826039314084724e+01 -7.022815988360984640e+00 2.594975283131054056e+01 -4.030365997550577362e+01 1.733030795892047848e+01 -5.310095128294839384e+01 7.507021404004307286e+00 3.492336037409493166e+00 9.770768663614846972e+00 -1.601873100144210582e+01 7.732192225478093860e+03
-3.469951163425334784e+01 -9.878338729290327080e+00 -2.367582813677620579e-01 2.582358096451180174e+01 -4.244518256491371488e+00 1.815326774136854482e+01 -1.820037136257844779e+01 1.001724158084827465e+01 -4.769308175401729955e+01 1.170803802520513237e+01 4.428266549081953940e+00 1.432280362978871224e+01 -8.230029852649384026e+00 5.451900624982848967e+03
-3.457071017244795996e+01 -1.855987195229650766e+01 -9.204938626727180440e-01 3.520644710881012429e+01 -1.918405863130638167e+01 3.604280972442538911e+01 -2.514130645895734162e+01 1.919369891316586774e+01 -6.029552060912706679e+01 1.604380460073382153e+01 -3.980878752247974717e+00 1.471711374736088551e+01 -1.285596088786367019e+01 9.738209717158044441e+03
-3.432900478084573592e+01 -2.600327885512500359e+01 7.323926447712579169e+00 4.782038849172730011e+01 -2.884512704465810273e+01 1.827420624217385736e+01 -2.816431345879645676e+01 1.652309510091476241e+01 -5.947135231710705483e+01 1.513936651974972314e+01 1.988276291382368388e+00 1.502881750536920968e+01 -1.910093711432712738e+01 1.078801628880597673e+04
-3.406434808774013590e+01 -2.762595209658444517e+01 5.391954085405425978e+00 4.819082610895129193e+01 -3.574459380224246985e+01 1.126005061543450481e+01 -1.986378211100788249e+01 1.927845918495800959e+01 -4.990363547796619059e+01 1.927558714202183410e+01 2.670509441259016459e+00 1.637022577472740181e+01 -1.976718189105027434e+01 9.973473970149623710e+03
-3.493397712240796693e+01 -2.945177375983361401e+01 4.749003318072076318e+00 3.781307507482132735e+01 -2.924420575755541662e+01 7.626196685199447600e+00 -1.444155583217415284e+01 1.394015305275001282e+01 -3.515721846352946756e+01 1.918480217467117654e+01 6.286241889065009580e+00 9.440602650271214813e+00 -1.319713607248521292e+01 6.763333123155402973e+03
-3.589217856432077269e+01 -2.746486586745495728e+01 -1.138806954562534557e+00 2.823939593729329545e+01 -1.994368208428561573e+01 8.195542538448407299e+00 -1.804716172041116096e+01 1.071401350144081910e+01 -5.485837946777631657e+01 -2.672184217756705671e+00 4.482934959890953586e+00 5.133283080726863901e+00 -2.204834074543835953e+01 7.295894204436275686e+03
-3.920418897846032280e+01 -1.762561654242792741e+01 -8.545599206277431747e+00 3.313464011528250808e+01 -2.579954727081416266e+01 2.246652377842286441e+01 -2.586068059603534053e+01 1.683229962379624567e+01 -6.507432847791716313e+01 -1.054015817316446579e+01 2.184833954401022016e-01 7.152215244669355876e+00 -2.143279883871114677e+01 9.997354820031989220e+03
-3.970229448849431009e+01 -5.808702014164214944e+00 3.485803052189430762e+00 2.613993792515771730e+01 -2.757439773570039421e+01 9.585313425902887374e+00 -2.131112069204576542e+01 -2.648823018051421396e+00 -7.495382633032788533e+01 -9.103876203775360665e+00 -5.256708583328589590e+00 4.783324035416470110e+00 -2.815438679637552610e+01 1.016300547020990598e+04
-3.846560496408919505e+01 2.715807838194858714e+00 8.832800616585709363e+00 2.548243151415942620e+01 -2.759247401784460862e+01 1.759764177455027578e+01 -1.898637788749029198e+01 6.034439821339558918e-01 -6.573764624068788009e+01 -1.576963826113349176e+00 -5.944345999999287145e+00 2.002314500330998470e+01 2.193975023566994142e-01 8.406454037080548005e+03
-3.835126771096328469e+01 2.173321924158174934e+00 8.691608481030501210e+00 1.025730437371716697e+01 -3.689845746020298378e+01 1.103244045756905711e+00 -3.608045047945270056e+01 -3.728514819109515432e+00 -5.561280075943619750e+01 -2.263062517350531166e+01 -7.414144489426115037e+00 -6.300891916322208353e+00 -1.165170701277373055e+01 8.170075311965288165e+03
-4.069525142635495030e+01 7.868476209196165527e+00 1.274555148819388251e+01 2.256234462009237163e+01 -2.605118585557595168e+01 5.358807465731220354e+00 -3.636173344474718050e+01 1.252877785830949264e+01 -4.500719140829612286e+01 -1.496545802465662689e+01 -4.713968415971963033e+00 -3.245251399320677965e+00 2.214563816481409375e-01 6.858466329820503233e+03
-4.558075224276326765e+01 9.856685213613397778e+00 8.961339276919405350e+00 3.459900507520934809e+01 -2.870092778671396161e+01 1.682346912083773205e+01 -3.703735391563980528e+01 2.513814346202926941e+01 -4.653469588011576263e+01 4.823309968044482976e-01 -1.338938264129917499e+01 1.000865918730647763e+01 -3.009786427191231795e+00 9.016838387540152326e+03
-4.962035462101960803e+01 9.531453666254055435e+00 5.020059805225367100e+00 3.614091482935933186e+01 -2.941906614489183269e+01 1.713882627864137476e+01 -3.183930703716158206e+01 2.872311259234431091e+01 -3.171451026681285867e+01 9.910722857822589660e+00 -9.507867702860121284e+00 -4.144254871500388404e+00 5.273470951917748062e-01 8.094259496187036348e+03
-5.079815804595101980e+01 6.660055209901803330e+00 9.953297305931169348e+00 2.535355755289774038e+01 -2.327630931893761712e+01 7.118139783370033058e+00 -2.738335092615047728e+01 1.473052409682028241e+01 -2.841665848378168846e+01 1.432891727012514593e+01 -8.190611371771923999e+00 -8.515861625182349570e+00 1.824657359568098380e+00 6.081730679567331208e+03
-5.203725683154292625e+01 1.007798578759348196e+01 8.770899771723611238e+00 2.984004066802523525e+01 -2.609068106850016378e+01 9.044610709618371658e+00 -3.717707770224688346e+01 1.821850831692666262e+01 -3.412606956955405479e+01 1.823547185217037025e+01 -1.761401955591911062e+01 -2.967801164576161277e+00 2.991204285350046455e+00 8.078506268924282267e+03
-5.173259555945634958e+01 3.161550254665202342e+00 1.891321880634538388e+01 1.636896029009133713e+01 -2.263380084016401028e+01 -1.162503624990286077e+01 -2.986948257236317872e+01 3.156522935861711954e+00 -4.028551388250847509e+01 1.147411987214997708e+01 -2.207629224447457261e+01 1.702664190071201400e+00 -4.974045123953819703e-01 7.106576795870233582e+03
-5.368405986427737986e+01 2.739382807376063322e+00 1.868479684923334361e+01 1.572333767699215024e+01 -2.092743163218155189e+01 -1.544431414654672174e+01 -3.301894880563646240e+01 8.925494265869719612e+00 -4.987160402667399239e+01 1.735127322380626325e+01 -1.288253618411875578e+01 1.008797716570562208e+01 -1.727327412507366988e+00 8.391181397476144411e+03
-5.640054966087765820e+01 9.469268357853360740e+00 1.165689213174132810e+01 2.392351674682320706e+01 -1.975997525844976366e+01 9.589470276611891109e+00 -4.096249413952668306e+01 1.576758324032394931e+01 -4.633265493851310168e+01 2.409273686564216987e+01 -1.176666235632256807e+01 2.067761716639000369e+01 -1.556001723538237069e+00 9.683478222140160142e+03
-5.144860871302482508e+01 1.550853983087117349e+01 2.052249030156613330e+01 1.424759374339988405e+01 -1.074510361710143513e+01 -9.227132773575520419e-01 -2.549297149921622108e+01 -1.944611087186009390e+00 -4.431065421222312040e+01 -5.311512832200990353e+00 -1.680683327413490602e+01 -4.611641679885924994e+00 -6.185695099755509574e+00 6.615268394358421574e+03
-5.225168226998115983e+01 2.782352523885609941e+01 2.017926339755438647e+01 2.118791791771677069e+01 -2.985437295801238022e+01 -2.437090962266625915e+00 -3.844283749630476166e+01 9.786395723274166514e+00 -3.277605249259621445e+01 -2.516558731785397129e-01 -2.389601472568663709e+01 -1.066849617176068676e+01 -2.931044373904590383e+00 8.599125985945214779e+03
-5.218301841763518922e+01 2.890976616549888334e+01 2.363269416989704297e+01 1.979320226290583662e+01 -2.332028406606486826e+01 -1.661339069604428431e+01 -3.593342224204306490e+01 4.275156925557846321e+00 -7.073538955337168588e-01 -2.024898776070885198e+00 -2.141203050777453853e+01 -2.008273755582474251e+01 -9.742594630184402860e+00 7.599755393488692789e+03
-5.340204049306940703e+01 3.628812303556651386e+01 1.580827876596334747e+01 2.153260259522280862e+01 -3.332409619277991908e+01 -2.868636915418769640e-01 -2.993007186274236631e+01 1.420738600749641556e+01 -1.880569138316242217e+01 -8.129477174468467737e+00 -1.923488023208393827e+01 -3.517270147801352387e+00 -5.776248803501766282e+00 7.925856435656281064e+03
-5.036494146541746630e+01 2.460897070234253547e+01 1.819978820351439452e+01 6.932796991468487491e+00 -1.059648511216730782e+01 -1.084017814867146612e+01 -2.884397402420979972e+01 -1.880722947411904045e+01 -2.576144043801608419e+01 -9.913223583445127218e+00 -9.915175270207448932e+00 -2.210249779297649986e-01 -3.628561641407422211e+00 5.810456237172274996e+03
-5.539003319475352782e+01 2.409478164295936509e+01 1.733934829334495120e+01 1.311849433262457332e+01 -2.926180956105770292e+01 -6.089188898423676832e+00 -3.905787049542563949e+01 -9.828809030430262439e+00 -4.714436248875397695e+01 -9.255955378402246581e+00 -3.429985001999665428e+01 -1.305237529850024814e+01 -2.780571182957305432e+00 1.029965604022188199e+04
-4.789058563651677503e+01 1.968395277247958219e+01 1.074964786520340887e+01 -1.472305245093362691e+00 -1.254309319709183157e+01 -9.654427844576652262e+00 -1.976213744572232756e+01 -1.076085026029653413e+01 -2.470974382547428050e+01 -1.511322679982935036e+01 -1.590349615760358226e+01 -8.455698657853925937e+00 -2.147002739043511799e+00 4.723574654836016634e+03
-5.527873063272421916e+01 2.245647024504629030e+01 1.539893272923889889e+01 5.272864634316114518e+00 -2.129000416283093244e+01 1.610761736673740430e+01 -2.728477737900724875e+01 -1.334595236468923751e+01 -4.514044808646032436e+01 -2.607106305027081916e+01 -1.900585617566102670e+01 -1.304373640038536664e+01 -2.533245329143650970e+00 8.715393824680390026e+03
-5.061135882094771432e+01 1.915779068159320531e+01 1.652639610527729275e+01 7.621304555061638730e+00 -1.905396401792262218e+00 1.075664582324038854e+01 -1.613935356301273316e+01 -2.796681944855864965e-01 -2.873312947454452626e+01 -1.018518734038449836e+01 -6.389903847506662515e+00 -5.712709894955095180e+00 -2.659692928551460889e-01 4.642496985146233783e+03
-5.255310514415879197e+01 1.724989368187296179e+01 1.889257246937095758e+01 9.460177418962352647e+00 -2.612347362215214464e+00 2.584709815021141388e+00 -2.250734405749603440e+01 2.808563334645502785e+00 -3.211894023581445623e+01 -4.669838958992214906e+00 -1.592032617330117361e+01 1.565032476709788867e+01 -4.318689229316557743e+00 5.604259836947658187e+03
-5.555916037828968967e+01 1.486925794244412913e+01 1.014568099002095458e+01 1.861406173417345045e+01 -6.026192588906330805e+00 1.543322681210299585e+00 -4.110938987706524017e+01 2.220391884306056607e+00 -4.951847452163305974e+01 7.595464253817802103e+00 -2.068388650284686747e+01 1.516341499835877471e+01 -1.504775377538374848e+01 8.884899794036044113e+03
-5.763658144667284233e+01 1.218288162093511673e+01 9.752269191667794601e+00 1.907857131379204674e+01 -1.235351808204359791e+01 6.508019816166664029e+00 -4.657379486096129995e+01 4.137027537566076774e+00 -4.718887229054751487e+01 4.447673978776557568e+00 -2.090247276475225391e+01 1.159103737694003300e+01 -7.793878706722041194e+00 9.189275391064369614e+03
-5.973780996005244504e+01 6.695964269020891813e+00 9.543125910759217234e+00 2.262761431990384509e+01 -2.029230308644162051e+01 1.317512187272546598e+01 -4.892365198361694212e+01 -5.166096028415731567e+00 -5.281989976158672562e+01 -5.900959661182731963e+00 -2.499353826585247518e+01 5.458176801649652354e+00 -5.669469918433475364e+00 1.073347040472402114e+04
-6.009137541017143747e+01 7.509191485627801477e+00 7.766572437188126621e+00 2.333397283950236201e+01 -2.051879668681241142e+01 2.453458577728980927e+01 -3.642537421238136375e+01 4.000439601610160101e-01 -4.713439252930564294e+01 -6.086568619624846299e+00 -1.963009097429858940e+01 8.841220579327714546e+00 1.250910301706128891e+01 9.500772717721803929e+03
-5.989072951429779579e+01 7.916059997127142367e+00 1.451531135818604712e+00 1.597682404893758523e+01 -2.431736000821351951e+01 2.230035714625053700e+01 -4.659802343928235047e+01 6.254524028885380282e+00 -4.110385199555800284e+01 1.585370305365473076e+00 -2.634504215790436632e+01 1.893350338354494733e+00 5.203785495976957165e+00 9.622829576028578231e+03
-6.237272286769865559e+01 -1.143741512647095393e-01 1.815332974480196038e+00 1.485516446298863791e+01 -1.753265539848090171e+01 2.559473709635496874e+01 -3.827480922778129724e+01 6.815872022892937920e+00 -3.159690992182505909e+01 2.620331465323587405e+00 -3.102158434382567265e+01 -1.194127358765309399e+00 -7.011061885475013966e+00 8.606393167324904425e+03
-4.631638898117462588e+01 -1.260494683888063427e+01 -2.028911376128267818e+01 1.809370794919447434e+01 -3.622815467297028080e-01 3.662375968483012656e+01 -1.196965735245369622e+01 -9.594161082002026220e+00 -3.316832167948917487e+01 2.148557771644135528e+01 -6.558382704520248296e+00 -1.295273777988488106e+01 -2.471236860499028509e+01 7.003129197614965960e+03
-4.619089340013010059e+01 -1.660379283852389776e+01 -2.837352179035418231e+01 3.561765367847974773e+01 4.104198754499978341e-02 3.501261831384585577e+01 -5.229457591311295062e+01 -9.049740202151566493e+00 -3.159559734138222709e+01 3.924626330946416886e+01 -2.277012246630966530e+01 -1.994714028630652791e+01 -3.393528653780259674e+01 1.313198566561884400e+04
-4.006232101145553059e+01 -4.325898486787310482e+00 -5.405917962918745268e+00 3.065676023331065281e+01 3.661155095382777058e-01 1.261840811406548646e+01 -3.986720493663181486e+01 -4.161339208141886736e+00 -1.290161999879114951e+01 1.988190324741714576e+01 -1.898371971015745885e+01 -1.933574984792540974e+01 -6.398578670842460348e+00 5.695769417486655584e+03
-3.749335947866607910e+01 6.971831282462417345e-01 -4.200832407404575974e+00 3.315387815229673407e+01 -9.906461052445899584e-01 1.182473818286419487e+01 -5.474834893353040144e+01 -1.737627498735781018e+01 -3.701680777402047795e+01 1.271520490881304610e+01 -1.861389556824790503e+01 -2.265501842802821386e+01 -1.116338416540327039e+01 8.479455762822428369e+03
-3.640620884711570682e+01 6.085909345086944811e+00 -1.910071593475161089e+00 2.780504536980012986e+01 1.035194224969375831e+01 1.530386836919176119e+01 -4.833897673260875649e+01 -8.332376316597258636e+00 -3.782357783319989863e+01 1.434197447102877554e+01 -1.068476640962847313e+01 -1.552193826582065839e+01 -1.334650600398484066e+01 7.056214813827337821e+03
-4.126281501068341839e+01 1.046309297823569295e+01 -9.751781267031937261e+00 3.305157370373619585e+01 -5.331120792983992551e+00 1.861865774128737883e+01 -7.716678677950250176e+01 -1.335580892255983976e+00 -6.598154789272737730e+01 1.367792867644911503e+01 -2.778926323506643215e+01 -1.380449061182688553e+01 -2.907037534983951588e+01 1.567971623301887121e+04
-4.259384452198122517e+01 1.529213246413203287e+01 -8.055890190872277978e-01 2.399622716957318502e+01 -7.424506170691690388e-01 2.546338060317849994e+01 -5.413091169287259419e+01 6.511063612057028216e+00 -4.235888710871873286e+01 1.079355725046003478e+01 -1.651962777904018154e+01 -7.164081227203565660e+00 -1.214934888161182336e+01 8.628642368470909787e+03
-4.430313472685414666e+01 1.972208309684059557e+01 -1.317470087463612494e+00 1.945864439995710526e+01 -1.082635856554679599e+01 2.203177244621183917e+01 -6.311109820370157308e+01 1.311699552284459891e+01 -3.559507758225664986e+01 7.543925615944761631e+00 -2.176237495352428652e+01 7.958891362028157612e-01 -8.776040383732366834e+00 9.364951852292439071e+03
-4.529627221185092623e+01 1.409631965745358961e+01 1.061407139191055826e+01 1.409952753093218902e+01 -3.327568567132313415e+00 -1.365643837075858125e+00 -5.047777848773684894e+01 -1.125766774927920544e+01 -2.351806419610605303e+01 -1.225836865051361357e+00 -1.631056690635095308e+01 -1.922961582273002179e+01 -2.211292062753399179e+00 6.444897141787219880e+03
-4.542943086108635953e+01 1.621813991269485911e+01 1.343517639609209979e+01 3.205626355889875434e+00 -1.327071606980718599e+01 -9.038024533285438977e+00 -4.491481697229775705e+01 -9.747844188287718481e+00 -2.527687869322184255e+01 -2.729070737872736796e+00 -1.564599386832230188e+01 -1.490937174340059101e+01 -3.035910573236576759e+00 6.010471964644853870e+03
-4.527399025218768003e+01 1.750347933255985922e+01 1.146467873921869263e+01 -3.309291562522669317e+00 -1.736821771996324415e+01 -1.478094486936213237e+01 -3.777698527545469886e+01 -5.322005474170704353e+00 -3.142779899633581309e+01 -4.917586947750399062e+00 -2.020909851632257315e+01 -1.223580100369553847e+01 -9.823709252794829538e+00 6.140568891778689249e+03
-4.628872770961179839e+01 2.344148615692017046e+01 2.348579124351316239e+01 4.387399258401710966e+00 -2.059623022060430841e+01 -7.932757008948794208e+00 -3.868379831233468025e+01 2.084654406008887406e+01 -1.495627164637518902e+01 9.059158009983963034e-01 -1.577952468041030976e+01 -1.083920461803998947e+01 -1.686483967793282801e+01 6.556544551240400324e+03
-4.479743778981156765e+01 1.950376874445154485e+01 1.224075444542347668e+01 1.626481323474061047e-01 -3.298673211033268160e+01 -1.976640354287799539e+01 -5.914061747118071821e+01 2.156339962864789683e+01 -2.773881896788395451e+01 -2.319470967868308264e+01 -1.812655660038112870e+01 -1.352443007667970676e+01 -4.679529602009836964e+01 1.198721662183913213e+04
-3.861598239293412149e+01 1.908932698058566757e+01 1.372006134190293203e+01 3.645728953795495997e+00 -2.133720249663686275e+01 -1.437330313052643227e+01 -2.339490702874719830e+01 2.240841483721797189e+01 -1.398155756097137292e+01 -1.075407136688604837e+01 3.003581565331108205e+00 -1.156796205719533788e+01 -2.447340279506826732e+01 4.821375402779096476e+03
-3.862160345377174053e+01 2.243897658668901940e+01 8.047837317661088008e+00 -2.994663689428262998e+00 -2.392538877705640132e+01 -1.758457459728715477e+01 -4.360507801456386545e+01 1.856109615793711498e+01 -6.592018571261128557e+00 -3.010728240479765816e+01 3.138785238644266062e+00 -9.229713777670808028e+00 -3.059985615429702577e+01 7.177724179345748780e+03
-3.505041138996372752e+01 2.081794823647336301e+01 6.501980017597817962e+00 5.619773100205529559e+00 -3.342366937097689572e+01 -1.797325406914629653e+01 -2.118620029067760413e+01 1.405720699914180827e+01 -5.650134228590951047e+00 -1.129204660010268135e+01 2.276925538532201365e+00 -5.666008712275188763e+00 -2.197347352175028234e+01 4.501971505123755378e+03
-3.557164172148072367e+01 2.075361019077276836e+01 5.779037657134217021e+00 -9.745587967248435790e-01 -3.010139833511287577e+01 -3.098275027374330648e+01 -3.458268794467230833e+01 2.587416107502760809e+01 -9.303721828000872662e+00 -2.141135497221278428e+01 1.125019519413072544e+00 -1.197443470741822402e+01 -3.986590733715278390e+01 7.740809269766774378e+03
-3.438127348323472177e+01 2.022486751257563142e+01 6.343075820944958032e+00 7.158282379880023250e+00 -3.012899150677981197e+01 -2.261277286822945598e+01 -2.124853648404491935e+01 2.118823132818479849e+01 -4.862033643079161749e+00 -1.994753762565065713e+01 5.053483929366891836e+00 6.528406191401882275e+00 -4.091024544307380495e+01 6.165477523176803516e+03
-3.700822501623004257e+01 1.889127508673552924e+01 3.760191667388510517e+00 8.346783308381297672e+00 -2.481896429138190996e+01 -2.105110959679031168e+01 -4.009536903420189446e+01 1.294595356802464714e+01 -8.949725618058351984e+00 -3.675668988961756156e+01 -4.230230778871471031e+00 1.117738188424270973e+01 -4.171000565070022503e+01 7.958368491644651840e+03
-3.880784858665221293e+01 2.133210309512182690e+01 2.389366579897614695e+00 1.404026626295672031e+01 -4.448764535910279250e+01 8.342195014549120824e-01 -5.161224809471023178e+01 2.690600936284358369e+01 -1.084916876733996283e+01 -4.066276184828350893e+01 -1.851342789958134105e+01 1.948208586721532498e+01 -4.350816777922319289e+01 1.191797389867856691e+04
-3.704845635709315843e+01 1.569210684197536310e+01 5.747275512377361117e+00 5.286676613337667696e+00 -3.824314907322597890e+01 3.527760783736046069e+00 -4.192375911331295413e+01 1.404106258818508479e+01 -4.528967069883274910e+00 -4.712267586724332347e+01 -1.131688158333697203e+01 7.388872752866436855e+00 -1.482521462636601406e+01 7.753059386649768385e+03
-3.829658341303500890e+01 2.357776698238010837e+01 -3.042410340837946148e+00 1.271709342836662948e+01 -4.660251858703942673e+01 2.603996175419280590e+01 -4.534323216073300244e+01 2.986451145525977680e+01 -1.574207898626543845e+01 -3.130834496807706202e+01 -1.631402010553257398e+01 1.350826786944622526e+01 -5.061825015761511004e+00 9.693560357770016708e+03
-3.852132796164425343e+01 2.323642024479080348e+01 3.395757773783854461e+00 -2.201564307622557060e+00 -2.900018052549496161e+01 1.313913741780095457e+01 -3.004825316427892190e+01 1.180442104422793470e+01 1.886537700580956489e+00 -3.710045563516269596e+01 -1.033466332873633498e+01 7.181698513084506352e+00 1.391921061635298384e+00 5.636413603714434430e+03
-4.269401421527343388e+01 2.826370836370375272e+01 2.952515430737555402e+00 -1.262302542556732909e+00 -1.703054130419479151e+01 1.659865769904276789e+01 -2.499824190707201055e+01 1.276946242952881683e+01 -4.080703316142022530e+00 -3.174752913452529413e+01 -1.898373678655463692e+01 3.818516592286149702e+00 -1.201808419483283785e+01 5.529408283830419350e+03
-4.659840190979640795e+01 3.208899888139431056e+01 3.521711315830718725e+00 7.258594083876632297e+00 -2.273885856115579784e+01 3.896524841661303640e+01 -4.574840620847701445e+01 3.216976657195962019e+01 -1.828866205387964428e+01 -6.063983416614636468e+00 -2.870721636285088962e+01 1.082465839805195884e+01 -9.304787814302017068e+00 9.828465004771613167e+03
-4.854067549606846654e+01 2.755924425073535744e+01 1.153830735993008005e+01 9.564276094909931913e+00 -1.413198050402661288e+01 3.709968713368926529e+01 -4.449200817575240308e+01 2.674809933349786562e+01 -1.998722812944431482e+01 -1.287286080158411572e+01 -3.247818162495147476e+01 3.474366914793180161e+00 -1.935811181841851436e+01 9.618256136899648482e+03
-4.682827542130022636e+01 2.286116028092076391e+01 1.552594859886078993e+01 2.109301957400830485e+00 -3.044700965827517702e+00 2.782188748465126693e+01 -2.007610294938147533e+01 8.605594958378366854e+00 -2.154309959944016484e+01 -2.009628395418166491e+01 -2.249560639226972114e+01 -9.983353440007380897e+00 -6.877262692289643375e+00 5.742440228488091634e+03
-4.475707782692193604e+01 2.062772128385402226e+01 1.114050777134917070e+01 1.014493970184606075e+00 -1.099397260922591713e+00 1.592303667287738556e+01 -1.747398800763165028e+01 -1.566242518363443859e+00 -2.563890564872339084e+01 -8.924049982901602007e+00 -1.660084742719996242e+01 8.070836636444747025e-01 -8.911436588667802638e+00 4.209029528505457165e+03
-4.238250045888673156e+01 2.071420870945277670e+01 6.422648708953136776e+00 -9.882570706496670354e+00 -7.070752377642103959e+00 2.538403006122310046e+01 -3.092014303490935134e+01 5.237660450857549721e-01 -2.802807794437355327e+01 -1.298688354040724136e+01 -2.061304456415993513e+01 4.593246143737498954e+00 -7.981172543057934554e+00 5.478871434169119311e+03
-4.045588441368696664e+01 1.905402944022013401e+01 4.984241575012393177e+00 -8.934235956190910599e+00 -4.615836611953304747e+00 2.205971626446236300e+01 -4.834184279149178565e+01 1.305392764305478792e+01 -1.678805988250726955e+01 -1.935902045293854457e+01 -2.003187650236288775e+01 1.083794407487444644e+01 -9.966850786622044822e+00 6.394359528580358528e+03
-4.077386782969101375e+01 2.313164401404421966e+01 3.783996228676029361e+00 -5.301345242735718166e+00 -1.352500363245864889e+01 3.033280764490629267e+01 -6.068040824284639712e+01 3.486881039402298654e+01 -2.972412427324678674e+01 -2.495373144606137217e+01 -1.692527789321162501e+01 1.951671199250455047e+01 -1.623250674209707967e+01 1.067802859790723051e+04
-4.164518685226600780e+01 2.297029912535808194e+01 9.894202511184158055e+00 -6.872408452205895912e+00 -2.038780447014150354e+01 1.411616400658933479e+01 -5.293749016427561571e+01 4.546662009358210099e+01 -3.930736352713326909e+01 -3.779433633233274037e+01 -1.376708799237318104e+01 1.951984012825520765e+01 -2.971678872530160476e+01 1.231872662495769509e+04
-4.226027574908844997e+01 2.289219403949087805e+01 1.461167080372941918e+01 3.261013390832594006e+00 -1.603997333839990702e+01 -4.177263261957088192e-01 -3.733446293821467066e+01 4.933732181519670235e+01 -3.284750724353654761e+01 -3.042650965033809030e+01 -4.559008525065889827e+00 9.437561716350604257e+00 -2.506012174307641516e+01 9.362200326379494072e+03
-4.142998492134145039e+01 2.043914873025722301e+01 1.291287218515530277e+01 1.081238000646127162e+01 -1.681323539069870066e+01 -8.006839353578937946e+00 -2.749678569091532765e+01 2.534831782092896901e+01 -3.185900537691239265e+01 -1.801390043928279283e+01 -2.969229891824628695e-02 8.010313170416123452e-01 -2.262805182234010104e+01 6.015425176014982753e+03
-4.560537347795489893e+01 2.735504148393328450e+01 1.491999490300204023e+01 1.949719125725057012e+01 -2.228961872573545833e+01 2.341995349158692286e-01 -5.276593880731604713e+01 5.022175035274899102e+01 -2.529936969510151457e+01 -4.256612862930614583e+00 -2.717965652818747024e+00 1.245877829420358118e+01 -2.676446493952189343e+01 1.077136749595815854e+04
-4.729613599916395827e+01 2.763065094172150893e+01 2.052077349673420414e+01 1.185643945467563043e+01 -2.704718365546445114e+01 2.629306820899277586e+00 -4.768337025844759580e+01 3.906583065839158309e+01 -3.214479479450106680e+01 -3.008064320480633658e+00 -5.859272361490909908e+00 2.484625530273706584e+00 -1.949464256988873601e+01 9.563242784542779191e+03
-4.758764424662518167e+01 2.707830472615149020e+01 2.153957366450990207e+01 1.691452676584525960e+01 -2.234164823443939696e+01 8.016153577538863928e+00 -4.994507049010901056e+01 4.157804316900917740e+01 -2.220906304078281224e+01 9.003913267072086057e+00 -1.000681288810472047e+01 7.431903250241040482e+00 -2.503628793555798282e+01 9.891022764144157918e+03
-4.692564533988591080e+01 2.452206680855772802e+01 2.625032011447030200e+01 1.547371042530434115e+00 -2.460359065117782151e+01 -7.789163958844287805e+00 -3.889639777712147861e+01 2.778484100399660761e+01 -2.304385233555711565e+01 -3.630239620372391229e+00 -2.130533297105201740e+01 -3.914407258391493727e+00 -2.534737098709842229e+01 8.101683295459290093e+03
-4.365819638222018284e+01 2.478568006299984461e+01 2.001993860484936505e+01 -1.844167890088613593e+00 -1.573003398871081160e+01 -6.722562064704181717e-01 -2.272476297288234903e+01 1.698069598012373405e+01 -1.693914121618281143e+01 7.795296315475902738e+00 -2.165724553639926242e+01 -8.198846315115911665e+00 -1.322189064210454212e+01 5.035988637381276931e+03
-4.579189915222288931e+01 2.144886612970398332e+01 2.289287905924107136e+01 -7.906673293685209991e+00 -2.118701236272930899e+01 -7.564887381454594717e+00 -3.847707636917141372e+01 1.406375055575122879e+01 -1.957593260716810235e+01 -1.226713743535790613e+01 -3.290658627743481190e+01 -7.377816857979059506e+00 -1.984199642002549879e+01 7.392623002232198814e+03
-4.861298816037775339e+01 2.890596903155085684e+01 1.923455556676022837e+01 -4.791356250915326243e-01 -3.512930023984012706e+01 1.387013091161214129e-01 -5.324019918189731015e+01 3.484792441341532054e+01 -1.406851305317828960e+01 -7.523061370762408329e-01 -4.437240827453950232e+01 -9.121272487201702361e+00 -2.236444383194797325e+01 1.160272458040910169e+04
-4.375617034046665310e+01 2.518670412190671115e+01 1.278780623726782295e+01 -8.242424710913576646e+00 -2.032922640787178636e+01 -7.138886566120297594e+00 -1.351813160239012390e+01 9.963553493401258621e+00 -9.624162985299946627e+00 -6.173464356862539582e+00 -2.689058314419082762e+01 -2.720252618435566205e+00 -9.118400120041981083e+00 4.471076121072239403e+03
-4.947278432846285767e+01 2.446755903949862443e+01 9.287808931637233201e+00 -9.962827415304525758e+00 -3.323300077087586857e+01 -3.107874405374242865e+00 -2.935930486581379384e+01 9.459586760323434262e+00 -1.861376854877702058e+01 1.800077983011564742e+00 -3.144362868014454193e+01 -1.660110769683817011e+01 -1.770288285466541112e+01 7.224686229891392941e+03
-5.110629892382446116e+01 2.401218054224739973e+01 1.399849210019275958e+01 -8.079194481871889266e+00 -3.553741767029208631e+01 -2.610440845354709549e-01 -3.010433578457515225e+01 1.525344753795486419e+01 -2.908776560819729440e+01 -1.001441068316236738e+01 -2.604277993595011154e+01 -8.262120186360448315e+00 -7.330356698010309202e+00 7.598194337645022642e+03
-4.780665116051267205e+01 1.601027830251859996e+01 1.313496735656410941e+01 -1.196144609818718862e+01 -2.504326613400926149e+01 -1.125456641259032153e+01 -3.834468147473749866e+01 -4.673369588543580200e+00 -3.258069449165282805e+01 -1.266206497567746503e+01 -3.753772139919060891e+01 -1.506980724238053071e+01 -2.576653414444592016e+01 8.625317334218660108e+03
-4.488895732122169591e+01 1.988013537616529192e+01 1.788456165014271093e+01 -6.546928785134451978e+00 -1.320189847844569542e+01 3.018639840414167441e+00 -3.312221743351066294e+01 5.203120775839664008e-02 -2.750798274703950597e+01 -1.202361123440925361e+01 -1.882246096651892131e+01 2.339920144107361821e+00 -5.589090811222294342e+00 5.345698939917812822e+03
-4.372058327526889343e+01 1.824314424812278190e+01 1.231857519686477609e+01 -3.504830210906974219e+00 -2.013623360277070518e+01 -1.354093578750262772e+01 -3.981890172428764174e+01 2.564337688925328873e+00 -2.292556606931554342e+01 -1.483125145436286196e+01 -1.439529136933465203e+01 6.475355415095074285e-02 -1.214876420626759135e+01 5.689647129364973807e+03
-4.291946507333913985e+01 1.871415825002313227e+01 9.777528965308830422e+00 3.995139094028532067e+00 -2.374400479126180841e+01 -1.206661066628801215e+01 -3.854255616853158983e+01 2.265554281172401829e+01 -1.618673494657806344e+01 -2.421939524417776823e+01 -1.935476793094157211e+00 3.263410882515142664e+00 -1.401987802053585952e+01 6.071586917773987807e+03
-4.008536116209207734e+01 1.452832288539489980e+01 6.186038399853652336e+00 -3.124753018375221458e+00 -2.364765337866604611e+01 -1.470249994244635872e+01 -5.153100862968720719e+01 2.111290342839003031e+01 -1.923614788809212328e+01 -2.978913682210214731e+01 -1.831486440682863259e+00 -3.268055824976727752e+00 -2.521265194682279898e+01 7.649648462140219635e+03
-3.991533101572987619e+01 1.393233868936460418e+01 4.664225561167690159e+00 3.677120700493344163e+00 -3.055765879190508372e+01 -1.910445860588752254e+01 -4.665139116090838201e+01 2.781453268479071284e+01 -2.089567150963235065e+01 -3.059552160556567912e+01 -1.849904902121201511e+00 -4.366253968801176555e+00 -2.571648199125127476e+01 8.127910101398249935e+03
-4.176402489738560320e+01 1.993415515049354525e+01 1.680665611346439769e+00 7.217972907714345965e+00 -3.733395114390320657e+01 -4.705857481387229591e+00 -4.962909849666132800e+01 5.021388807682819078e+01 -2.670752179982200758e+01 -2.439400735020548083e+01 -4.046495637501054787e+00 1.959303623314799569e+00 -2.950995266412260065e+01 1.079638868218232528e+04
-4.437807898454496325e+01 2.026599626418571987e+01 3.439889041165468786e+00 9.432992065020281203e+00 -4.017923655228626245e+01 -5.047841886063478611e+00 -5.111807594868520965e+01 6.055526479005091289e+01 -1.498909217511941350e+01 -1.721775796053235297e+01 -2.039297245905001166e+00 -1.075229739804744611e+01 -2.936594137156492579e+01 1.190404143362587274e+04
-4.233167086253924793e+01 1.398476280321378518e+01 3.096579462120440773e+00 -6.808203809435323883e+00 -3.017648906318106228e+01 -1.680289873084878494e+01 -3.557086285015152782e+01 7.854211122317968474e+00 -2.298674573936076371e+01 -2.442355182782703693e+01 -6.439202323269087813e+00 -1.296642045727040049e+01 -1.743912111190371306e+01 6.202031901113155072e+03
-4.906516197669512280e+01 1.606956752158609447e+01 6.959023464112949142e+00 5.054616045049958650e+00 -3.711393231867884168e+01 -1.472037154225379219e+01 -5.273128174051765882e+01 2.112032643567974333e+01 -3.443328951190812148e+01 -1.895695828552403128e+01 -1.910481070780830493e+01 -1.057571381962290857e+01 -1.982213400973496675e+01 9.975162050037710287e+03
-5.039101712230370111e+01 1.552380034299416955e+01 1.229765072835229667e+01 7.019944195468043269e+00 -2.395320316357331691e+01 -1.028326247983588893e+01 -3.701953817149594528e+01 1.989808744429452858e+01 -1.536577360581134677e+01 -7.694882584305987372e+00 -1.521198189893191532e+01 -1.223881335184478480e+01 -2.186207834804384476e+01 6.581097964791774757e+03
-5.341664219958057913e+01 1.224311748841700798e+01 7.659597744847692624e+00 4.740168606810545859e-01 -3.176064823200464105e+01 -5.926634469649350478e+00 -3.853105766007346489e+01 2.352391594218356019e+01 -1.947719659859283681e+01 -1.070468661342567351e+01 -2.653939119820459069e+01 -5.099933288851046242e-01 -1.783032739124720933e+01 7.660477973300879967e+03
-5.428929748365282393e+01 9.177975492245492362e+00 5.852673565870923689e+00 -1.494017992046122179e-01 -3.410523918222999384e+01 -7.656788982548777156e+00 -3.303063239032154286e+01 3.114364590301167368e+01 -9.265881459862429281e+00 5.492114958051938167e+00 -1.603789718547820797e+01 1.079630185557148536e+01 -6.530244948293674412e+00 6.881020542522172036e+03
-5.699685755791254138e+01 9.732147229857025295e+00 1.864683144039317675e+00 -4.216501861386310890e-01 -4.842273531808871923e+01 -1.121498990596817436e+01 -5.946413097345083543e+01 1.673484513334183887e+01 -3.353439319028571930e+01 1.540408495035571645e+00 -4.105064728605102431e+01 -1.808586777038962623e+01 -2.637551501557098632e+01 1.346843693454967070e+04
-5.760815318632324278e+01 7.825673193008833017e+00 5.510013336534887785e+00 3.876213856792178447e+00 -4.455074376972600447e+01 -7.837267019181009431e+00 -4.793926057779287930e+01 2.104004387747231775e+01 -3.098959528592533630e+01 1.014580419749063722e+01 -2.660633649904132625e+01 -4.604774351759776785e+00 -1.874775746661650899e+01 1.035624528872943483e+04
-5.242059970490241483e+01 1.104109750495669218e+01 9.295832123439273786e+00 -4.386669656476754331e-01 -2.093836490016828833e+01 4.228003393381432495e+00 -1.713791036461942952e+01 1.268589082756204434e+01 -8.412856037642962193e+00 1.532981890772356337e+01 -7.514039753317513615e+00 6.671116286739141366e+00 3.657720496519374365e-01 4.274238835822732653e+03
-4.878713573131412318e+01 2.031569008029589796e+01 9.676613973991525341e+00 -1.187472925642197730e+01 -3.321897345304250138e+01 -9.240852438416128578e+00 -2.097373213184178553e+01 8.619121537482453022e+00 -1.729452750932977878e+01 -1.218286736397843839e+01 -2.406874532141218026e+01 -1.855278582632356787e+01 -1.512242084501027506e+01 6.330359090355231274e+03
-4.923033533257053307e+01 2.413474734262142363e+01 9.274424707188453354e+00 2.707516987700250510e+00 -5.823775385794080961e+01 -5.306788636329027753e+00 -4.194549898199131377e+01 4.239434974439456738e+01 -9.890237073072988494e+00 -1.297775519866675964e+01 -3.916394412313714923e+01 -8.495177600836122167e+00 -1.092646386404421399e+01 1.206757039696489119e+04
-4.594758335239982472e+01 1.959940350983362478e+01 3.559667143235526243e+00 -9.394262244460583888e-01 -4.525658168097807987e+01 -1.076723622278955439e+01 -4.760295889516144996e+01 3.560426976797214138e+01 1.002530600112853332e+00 -2.446960176251235453e+01 -3.824833738158208973e+01 -9.264219868996407925e+00 -1.444934512791001247e+01 1.056397920316017735e+04
-4.261461656440273060e+01 1.223806792584801961e+01 2.164684567126691661e+00 -1.596711192394282897e+01 -3.118476701888883085e+01 -9.340056684446237156e+00 -4.135686502204490012e+01 2.689530158985336783e+01 -5.809449238050950370e+00 -3.490979595340971997e+01 -1.980441832996068285e+01 -1.444623068794391507e+01 -1.785601472133322076e+01 7.891073641071503516e+03
-4.416207170853397912e+01 1.109672289092745423e+01 4.695376331020075789e+00 -7.451212763848102938e+00 -2.768021947344930922e+01 -1.467377246412640446e+00 -4.195206415334163808e+01 4.229370840051678471e+01 -3.067991390160338394e+00 -2.493766227066305774e+01 -4.631286668527980765e+00 -7.469702670990017168e+00 -2.091151479322320839e+01 7.613910465967439450e+03
-4.706645458815045657e+01 6.569752866625446330e+00 7.206296886869345109e+00 1.118109815644754201e+00 -3.830526044066928648e+01 4.444805886381504756e+00 -4.424066815449097589e+01 5.158491300106123845e+01 6.870988830430555971e+00 -1.881434965935901715e+01 8.122174086239846602e+00 7.531092760928826735e+00 -2.215411944200955929e+01 9.431565248410721324e+03
-4.864626386811318781e+01 5.336476343069866068e+00 1.754247873692588389e+00 2.904504198848922858e-01 -4.494390747955322496e+01 -6.213313364443855402e-01 -5.160632358300435385e+01 4.457126544674936497e+01 -2.618218120488098322e+00 -2.730406536021921582e+01 -4.473763853324034478e+00 7.070616144500995404e+00 -1.860309818566325646e+01 1.023670041367882914e+04
-5.076576710673690229e+01 4.797349675520289125e+00 -2.211921985280381531e+00 1.116285947479044305e+00 -3.631188620884291396e+01 -1.274723676907244396e+01 -4.658272630254772650e+01 4.661146349647055587e+01 -1.295039387791820396e+01 -2.625448669348768860e+01 -2.236552157424492293e+01 2.606192750209596731e+00 -2.169925100988264433e+01 1.026481747484269363e+04
-5.221263159226764117e+01 6.283354286406356515e+00 -9.146314923642890449e+00 4.628657222336555854e+00 -3.799435394855706249e+01 -2.075365844300924412e+00 -4.887350665124102278e+01 5.022249000618154469e+01 -1.258897492851944122e+01 -1.127648905389746403e+01 -2.782568046088722724e+01 1.125174950743025093e+01 -2.334590659116910771e+01 1.096105842319505064e+04
-5.353208654033917924e+01 5.706827271056003958e+00 -5.236041591313750132e+00 4.945741962368969347e+00 -3.578770414931601351e+01 -5.640902037543697567e+00 -3.924346526865509333e+01 5.026070814559790279e+01 -1.746685071554148649e+01 -5.802238379888022379e+00 -1.941877355105621561e+01 1.316460122782979347e+01 -9.469430922208889712e+00 9.307719013475101747e+03
-5.531209938554227534e+01 2.518082999054466864e+00 -4.918396620508211470e+00 7.784452822956679618e+00 -2.343412885582906569e+01 4.108907475208984472e+00 -3.180702469747308925e+01 3.966489718329329861e+01 -2.146221567503623717e+01 -1.568043129373474232e-01 -1.473582127446941392e+01 5.362391317700668125e+00 -1.786036209328500135e+01 7.327133308688854413e+03
-5.877194034642725740e+01 7.796429296195658276e-01 -9.743729067089189400e+00 1.078699310841957804e+01 -3.388136715374050567e+01 7.310447881492804001e+00 -3.645223866278149671e+01 4.488975844360297174e+01 -2.433923999172331420e+01 1.316499377384754688e+01 -2.279550102413691093e+01 7.371199897032610693e+00 -2.290560520897915353e+01 1.007564596601684025e+04
-6.015618609735604139e+01 -3.891684436872570707e+00 -9.238051402194431105e+00 1.184719275854558340e+01 -2.869962476713834576e+01 3.737925041429420947e+00 -4.113413374057283534e+01 4.239172126061411205e+01 -1.694965210554082091e+01 1.207426223755202521e+01 -1.995411068323064896e+01 -3.313436284045898628e-01 -2.973191044187590393e+01 9.901666374280943273e+03
-6.192003441631273120e+01 -4.326934991134846697e+00 -5.094430917404172199e+00 1.557007048748738143e+01 -2.719903684746062922e+01 9.186350894796408539e+00 -3.636875606712137454e+01 4.531993353927397550e+01 -2.002183928701879623e+01 7.752849285529793022e+00 -2.550213304284571336e+01 7.094500873840341448e+00 -2.260194976083349516e+01 9.994472377812739069e+03
-6.384439792818150750e+01 -6.655041781142394086e+00 -9.300947299219776809e+00 1.271793051198000946e+01 -2.588700227417191613e+01 1.714369734166808001e+01 -3.335194983857982720e+01 4.753901782556921773e+01 -2.125857782090063353e+01 1.229432009103357792e+01 -1.705361450105687382e+01 1.181833537011261548e+01 -1.389171522184030749e+01 9.931560131975687909e+03
