-8.292485181943732186e+01 1.760509497785573529e+00 -9.523043464582972462e+00 -1.709818851650297233e+00 -1.328177337288108006e+01 -4.944047392787595641e+00 -6.581209771185407398e+00 -1.239752329214776294e+00 -4.732841691316416188e+00 -8.103147439482681236e+00 -2.017663008310313799e+01 -2.705714323012469436e+01 -1.398862954016126103e+01 8.641868643340862036e+03
-8.313468222500459603e+01 2.661589038229332793e+00 -9.752260245767681468e+00 -8.820962326118072516e-01 -1.184520923833863826e+01 2.051133276818178641e-01 -2.388641402691578541e+00 2.010780488128931953e+00 -5.320729145664398807e+00 -1.666638476581409956e+00 -8.051420308512545532e+00 -1.464881035069659276e+01 -1.039934428651153020e+01 7.583091235542542563e+03
-8.302038955276823629e+01 1.774832892791324390e+00 -9.740070903705341010e+00 -4.280033109294071103e+00 -1.323367942993343682e+01 3.360019506581496174e+00 8.498250716517999237e+00 6.703822230615625877e-01 1.688767281125762132e+00 1.832976364264836233e+00 -1.392506174772728400e+01 -1.535126686738257717e+01 -1.542128452588957899e+01 7.941408950643042772e+03
-8.283515087796774878e+01 2.328777042169665634e+00 -8.758824902225947895e+00 -5.329214156335242869e+00 -1.529294317990122565e+01 1.400352256128771344e+00 1.109201216975765547e+01 -1.086297384037155922e+00 8.888733269757102207e+00 4.736690168751966468e+00 -1.505181189316817658e+01 -1.080716263628675478e+01 -1.797610437822085316e+01 8.100188781232105612e+03
-8.260479059231724364e+01 2.740790737519132048e-01 -1.074420611473915521e+01 1.925795327641620869e+00 -1.677022221603842667e+01 4.603772914391521254e-01 8.765766834113186690e-01 -4.130181338594519858e+00 1.222749119195321477e+01 1.205802480098108198e+01 -1.453331611290589365e+01 -8.826401670492135310e+00 -1.403363711177307138e+01 8.023025403038392142e+03
-8.224569418534218812e+01 3.712907065211757285e+00 -6.566013724194752044e+00 4.820614772419034466e+00 -1.126771232695188729e+01 3.364746593434130961e+00 4.252112426132220513e+00 4.741307454140009980e+00 1.584305330845625370e+01 9.598639184027186744e+00 -1.548761701867314144e+01 -3.702005333839616608e+00 -3.954985223811436690e+00 7.635683315943396337e+03
-7.821065436237824997e+01 4.487386543041741227e+00 -6.528867879130238805e+00 7.205245375113509709e+00 -6.900295482539064995e-01 8.386503535303564405e+00 -9.569033956264453522e+00 3.756364271939651278e+00 -3.115548479421017980e+00 1.172774462715659638e+01 -7.445675122673979907e+00 -1.252512408437638136e+01 -7.358158621216392525e+00 6.821776982225406755e+03
-7.208989254269516778e+01 3.471287275523334159e+00 -7.264467310259568933e+00 1.397968415411348708e+01 1.271804009521453516e+01 2.283873866286615240e+01 -1.433231244101421709e+01 -2.905670821015973182e+00 -1.805003375708066571e+01 1.329102992909175462e+01 -1.760509771322485406e+01 -1.996470893076590869e+01 -1.588076277619769350e+01 7.817604016662315189e+03
-5.881143392424242222e+01 -3.493406756078676345e+00 -1.418976105625236706e+01 1.842339360196088904e+01 2.502006747446481327e+01 2.379728780564245483e+01 -4.666180971524676124e+01 -6.392536741613994877e+00 -2.894647286491595040e+01 1.842876900310112021e+01 -2.855420435897772791e+01 -1.437474580771206512e+01 -8.485770135850094320e+00 9.693765113559449674e+03
-5.511523435379400127e+01 1.577748534634339839e+00 -7.890245419586303655e+00 1.845007255837525406e+01 2.549578732529019831e+01 2.754266780132104842e+01 -3.783650296480909958e+01 -5.201956381931475804e+00 -1.646780894296726672e+01 2.292408125071202107e+01 -3.308835978735376671e+01 -2.343881890949089097e+01 -6.700253427027840658e+00 8.795947940105665111e+03
-4.746342263936897155e+01 -3.787651505756317594e+00 -1.470226839890952064e+01 1.933345763545668561e+01 2.173328760251496306e+01 2.140675845905224506e+01 -5.192037425675876250e+01 1.283404366508830163e+00 -2.267377714129592547e+01 1.719615702704125582e+01 -3.833101119247028521e+01 -2.627652105097854474e+01 -5.550114218868510640e+00 9.485353292029802105e+03
-4.627926087962266877e+01 -1.406719116006812431e+00 -1.113543009555052876e+01 1.835274997298409616e+01 1.967291501998272452e+01 2.019324174481782563e+01 -5.098470036252802373e+01 1.763117296894154640e+00 -1.738590883958614342e+01 1.797894850252630761e+01 -3.879946574588344532e+01 -3.089296267990416922e+01 2.483693056046631487e+00 9.093363764366242322e+03
-4.431674350928298622e+01 -5.842230835192227190e+00 -1.428859878285490659e+01 2.949075192576551885e+01 3.429955237487169484e+01 2.820214582410805093e+01 -5.834028084000217262e+01 1.122778766692183972e+01 -2.824800392538851312e+01 1.397785465954064499e+01 -2.958905412959478909e+01 -2.903566429657326253e+01 3.615713870802932939e-01 1.128548863325567254e+04
-4.281341014437202830e+01 -2.054653070802823223e+00 -1.022643770673073504e+01 2.725091531590438620e+01 2.745729182698278947e+01 2.354187835899379877e+01 -4.879242400314737438e+01 1.322877199259183456e+01 -2.036985335163077693e+01 9.390226168903280879e+00 -3.316611114108039970e+01 -2.871219663802952127e+01 3.376424714474722810e-01 8.975828500344459826e+03
-3.999862764569888895e+01 -4.866095908045913632e+00 -1.528214582386300435e+01 2.836001505693586466e+01 1.819136884090249850e+01 1.816485764158614913e+01 -4.605688953959063525e+01 1.159085640884029900e+01 -2.674118320625291645e+01 1.621526746605666869e+00 -2.618379070806476605e+01 -2.979796512630125349e+01 -6.335229129461064090e+00 7.909241495629383280e+03
-4.227404785814416499e+01 -4.268329993466195127e+00 -9.177601606224223829e+00 4.345047310664106277e+01 1.805099856457593432e+01 1.403985235641441420e+01 -4.833473705948414079e+01 8.619625501882531182e+00 -1.814614279126606178e+01 2.125581066796065066e+00 -1.952936420680929075e+01 -3.192296882761621646e+01 -1.326865486751859002e+00 8.447019671633337566e+03
-3.785362625557088023e+01 -7.742137517559019244e+00 -1.476328660953245020e+01 4.364496809104814190e+01 9.320913044507259215e+00 1.609777981279212966e+01 -4.578962947742855505e+01 7.906952693383407116e+00 -1.991770640468242703e+01 4.670351494577162921e-01 -2.231891376457376452e+01 -2.398795656993473813e+01 1.577095563312055582e+00 7.593879941382380821e+03
-3.887042552599388046e+01 -7.848109942626387614e+00 -1.324295646535114912e+01 4.571549274069894153e+01 1.030207816370585761e+01 1.486289979279286122e+01 -4.710872270766680714e+01 9.874952149270024293e+00 -1.716275738161764153e+01 3.275247485610452980e-01 -2.872971941042000665e+01 -3.263868453374247736e+01 -5.779949138459875568e-01 8.667252119567639966e+03
-3.724363088304860980e+01 -9.753692471670072806e+00 -1.579831472735950015e+01 4.897628458023363152e+01 8.136228298694001992e+00 2.703465498878273010e+01 -2.784127624026265835e+01 3.888631450256136990e+00 -1.751630907018986605e+01 7.440819751952952865e-01 -2.960003799079703057e+01 -3.052132172224767714e+01 -5.954818067302463547e+00 7.868362584599412912e+03
-3.128336286441999547e+01 -4.605403368277054987e+00 -1.748301993542328958e+01 2.002608339004311233e+01 -4.075777032572243108e+00 1.268697498948604263e+01 -2.310832982112976453e+01 5.237539105844746246e+00 -1.649797633023061749e+01 1.452409367626656733e+00 -1.773489034662279451e+01 -1.562017825387703596e+01 -3.980328461240038695e+00 3.294208585022338411e+03
-3.444845074819831154e+01 -8.846441979063072836e+00 -1.733616741161829466e+01 4.023377078337364310e+01 4.867604308074024111e+00 2.168819828870499933e+01 -3.391606906732434368e+01 1.251310531281196958e+01 -1.728052201118925524e+01 -3.294040507357596681e+00 -3.112106328515652010e+01 -1.428427863991415414e+01 4.261458648610934929e+00 6.485391738790441195e+03
-3.351674614496215554e+01 -1.192449575009456986e+01 -2.150273930753369811e+01 3.994612467873246686e+01 6.637669105527751690e+00 2.673475184429154083e+01 -3.871574855217029665e+01 6.649926208688125229e+00 -1.931724713590688225e+01 3.536666281727743333e-01 -4.319555254979366765e+01 -9.406835560462670998e+00 5.980876455123361524e+00 7.988959172991259948e+03
-3.455969653713794543e+01 -8.155246788766191912e+00 -1.535049887566730753e+01 4.372586151428766499e+01 9.222757885492752550e+00 2.146790297403280690e+01 -4.177694080802634602e+01 6.026889488153082119e+00 -1.200647746979587005e+01 8.204643745755092255e+00 -3.242355190248094488e+01 -1.678193196376223995e+01 5.579040447771466127e-01 7.280738652679798179e+03
-3.100978437592080539e+01 -1.134255604098164127e+01 -2.166300143229419461e+01 3.453546366980346960e+01 8.532765071505384213e+00 2.540573655882398896e+01 -3.669811972802849454e+01 1.645044831870999502e+01 -1.378731776031128398e+01 3.662598768920733328e+00 -4.131134981837306697e+01 -3.052534871760344615e+01 -6.916071875079045306e+00 7.977634306943378760e+03
-3.114415895715891480e+01 -8.446320083605405316e+00 -1.688836444212309473e+01 3.721361347922803731e+01 1.527751747498826163e+01 2.629148294274195763e+01 -3.768854752834619859e+01 1.179390985989177665e+01 -2.123082420269129855e+01 -2.975801889490229613e+00 -3.854169741336507826e+01 -3.573691501744400512e+01 -2.165903046741400662e+00 8.422420345607941272e+03
-2.752568264577121937e+01 -8.870623210138322889e+00 -2.003837490969333857e+01 3.078582254387141504e+01 7.331226806093087411e+00 2.362866761839259766e+01 -3.578353668431018519e+01 5.862936574513041066e+00 -1.973153610477889686e+01 5.957091311444639992e+00 -3.684699921307454673e+01 -2.864656478536273099e+01 -3.151382622289589985e+00 6.725629534182564385e+03
-2.900777885524368926e+01 -5.675796429955965117e+00 -1.534549682122250225e+01 2.527674085317209673e+01 1.400056096004063777e+00 1.483965997415023885e+01 -3.836122788751882950e+01 -1.430042853870936526e+01 -2.383949582532146039e+01 8.138616103088391895e+00 -3.627600047088853330e+01 -3.748741631824189113e+01 -8.875273274683429747e+00 7.080909228087206429e+03
-2.599362975507752083e+01 -3.490997444528911142e+00 -1.533209887392413151e+01 1.796355108674823242e+01 3.516843478195830652e+00 1.768091106340814633e+01 -3.139380473821006490e+01 -7.954598857469649786e+00 -2.047100249403611372e+01 1.182053387247050757e+01 -2.918373582079811968e+01 -2.647670990423689830e+01 -1.048057897450476439e+01 4.840783801127292463e+03
-2.547827483573299645e+01 -4.067387941066789914e+00 -1.695667112533264387e+01 1.641335828553633647e+01 1.037465814386350615e+01 2.471451363075622609e+01 -2.365255584425382906e+01 -4.618627131357019855e-01 -2.641797024628624513e+01 1.514917750105128080e+00 -3.354244699042358491e+01 -2.306156449244670625e+01 -1.172723447212757364e+01 4.995374252900714964e+03
-2.625012930603744010e+01 -3.659400719830244508e+00 -1.354297301630513495e+01 2.156204914933955408e+01 1.167653901300094965e+01 2.123578097468235271e+01 -3.178716964387439603e+01 -1.214989983978139421e+01 -3.137106931370234975e+01 4.702860969872755703e+00 -1.999997557726124597e+01 -2.088797767627995583e+01 -8.687125179725050828e+00 5.014172430433965928e+03
-2.514392824766547463e+01 -4.702797957884206959e+00 -1.647908192781760661e+01 1.653043178906068889e+01 9.208133658648996800e+00 2.557223997174377672e+01 -2.050368929778239391e+01 -1.045166216644163448e+01 -3.465316935200188198e+01 2.932331414582185047e+00 -1.705973784497583523e+01 -1.104589630097682829e+01 -9.310950300472798702e+00 4.176697441774937033e+03
-2.634938174021130308e+01 -3.557802730106894629e+00 -1.407245377436736966e+01 1.339889357497917999e+01 8.647765722662352772e+00 2.567069911966909856e+01 -1.655427470761797437e+01 -1.856513083435145717e+01 -3.798370130056164129e+01 6.736580416938032778e-01 -1.821406531618325175e+01 -4.193338981706654423e+00 -1.137236962862062484e+01 4.358871359676652901e+03
-2.576153912153851167e+01 -3.609706374552124508e+00 -1.598501535741681856e+01 6.915776179010342695e+00 1.806027325668685846e+00 2.153322652448057539e+01 -1.467211897802951803e+01 -2.010321963806205758e+01 -4.010350070763393404e+01 -1.539286440556586255e+00 -1.980893065276541876e+01 -4.324161617763695453e-01 -1.075879793267568907e+01 4.185380270585792459e+03
-2.741028680031232767e+01 -1.799332860921547983e+00 -1.443719100003256095e+01 6.830967251332886292e+00 -4.825428291234486466e-01 1.785301306443129832e+01 -1.258336476719177988e+01 -9.168227383601196934e+00 -2.624115838862622141e+01 5.667096287189798964e-01 -1.846443616631722406e+01 3.448222222004908133e+00 -4.002891632877586758e+00 2.628784738299427318e+03
-2.697065047383689418e+01 -1.440558489607182802e+00 -1.374195721832114003e+01 5.643191918795276152e+00 -4.544928185934627329e+00 1.415864174707720125e+01 -7.596561324708485330e+00 -7.172522729339336323e+00 -3.575891182150481740e+01 -1.444406947868179536e+01 -1.859152970469710198e+01 1.166105157529674141e+00 -4.893342514903676665e+00 3.138735030297068533e+03
-2.661771458327964979e+01 -8.300582465152586131e-01 -1.456132691465158402e+01 3.990600781523819252e-01 -1.087590240430061606e+01 7.091540328744799560e+00 -6.612071498091333766e+00 -3.586361488887935600e+00 -2.348241146045739569e+01 -1.096522189943209291e+01 -1.735526135631465650e+01 -1.103307104364851465e+00 -2.955083516466149529e+00 2.129354533561640892e+03
-2.763501242959299020e+01 -9.164585541960386106e-01 -1.188609338564689288e+01 1.022984796705554622e+01 -7.755317387392400619e+00 1.094929217457772275e+01 -4.750046912680616629e+00 3.426654203223136630e+00 -3.008389169900728888e+01 -2.189363127205107773e+01 -1.603215860799775783e+01 4.949701014123365717e+00 7.798854890895567493e+00 2.951523082675889782e+03
-2.615856999483937173e+01 -1.055821180549960880e+00 -1.354356613353385796e+01 3.048325397475823539e+00 -9.492575958128181668e+00 8.236479887024090729e+00 -4.508003710653265550e+00 3.098670087560308151e+00 -2.859129743843518057e+01 -2.101351253041756451e+01 -1.819966052464212680e+01 5.483479465357557814e+00 6.616648118385806576e+00 2.730084687560339717e+03
-2.846049970991856526e+01 -6.338635015842470910e-01 -1.357565644458318133e+01 -1.129725703837451523e+00 -6.735700788793429261e+00 4.035403399267458724e+00 -1.217557748131259032e+01 6.716159486402803580e+00 -3.182693348035200387e+01 -2.616788635375565519e+01 -2.320572094255777529e+01 3.034076498060193749e+00 7.905619665651480332e+00 3.558904083649099448e+03
-2.613794851135931552e+01 1.167857664270223056e-01 -1.301278330678128725e+01 -3.418683575578062017e-01 -4.389598179266679168e+00 7.464430628671778756e+00 -8.431442271449139270e+00 1.042082370161079474e+01 -2.830115534015398282e+01 -2.159081734396255925e+01 -1.762120259565838154e+01 9.117020972755667252e-01 8.986075959000144664e+00 2.766530806783578555e+03
-2.891538405173994519e+01 -1.514781255896237022e+00 -1.476694150492108371e+01 2.779241196318854579e-01 -7.283918208463950883e+00 2.487420378237492180e+00 -1.589735992715098867e+01 1.056937018823888863e+01 -3.065422462531638104e+01 -2.560126045384727789e+01 -1.802614961660874471e+01 -3.314933190593865930e+00 1.152890083447132596e+01 3.544166594488563533e+03
-2.680710911085789050e+01 3.707002697674972591e-01 -1.118821248674545110e+01 4.281193546212282541e+00 5.494894050313885447e-01 8.882807869263574574e+00 -8.352724042406601157e+00 2.495374354510303050e+01 -2.050506502541940179e+01 -1.981467994174613523e+01 -1.786451400978080883e+01 -2.472977455072882247e+00 1.748206953382119266e+01 3.077885230866831080e+03
-2.968326526139962240e+01 -1.959979308433287715e+00 -1.463712216005660949e+01 1.631745728657486572e+00 -1.824131399433185363e+00 4.489897194630428245e+00 -1.786284000215630030e+01 1.800600261068881736e+01 -3.214925450164031417e+01 -2.831578334423622678e+01 -2.137213589376337808e+01 6.590272065145669211e-02 2.110290654412116851e+01 4.506092861707984412e+03
-2.812265684444745872e+01 -2.973586450947810267e+00 -1.527232705662061463e+01 4.822638269347081952e+00 -1.514023647753298452e+00 9.568762680712769253e+00 -1.380640273271902529e+01 1.827145923601785071e+01 -2.268996463130103081e+01 -2.078344139025054815e+01 -2.971163494929180970e+01 5.381822808165837912e+00 1.733510145739277775e+01 3.833581265478661408e+03
-2.856837195377689298e+01 -2.520226153658753354e+00 -1.788676705659699095e+01 -2.573804704272648181e+00 -3.901830728984651553e-01 7.950834214648055287e+00 -2.143562782300556435e+01 1.200185138127889850e+01 -2.576911107136294987e+01 -1.472279242286355228e+01 -2.892938548577127023e+01 -1.125562739795398892e+00 9.289516126813966324e+00 3.621241954702416933e+03
-2.952018484375684082e+01 1.946261609089418698e+00 -1.180492185801426075e+01 -7.240089415727890554e-01 5.315792646303929558e+00 9.400401985933308779e+00 -1.912803067383180888e+01 1.552778037038165770e+01 -2.990694119620899372e+01 -1.753180899774188717e+01 -1.864272088769287450e+01 -8.210952578638214261e-03 9.256252567293365985e+00 3.373747125679878536e+03
-3.002959428225397787e+01 -2.272781936110296996e+00 -1.814831302987823136e+01 -5.477770162324634207e+00 3.350820008404836958e+00 1.253011346636994006e+01 -2.012448579481610267e+01 2.360779595178419843e+00 -4.523009684456444290e+01 -2.368403561234563171e+01 -2.455908722846200476e+01 -5.628807819859677153e+00 -8.044010233050823189e+00 5.151342796332268335e+03
-3.097173028042961462e+01 4.968408687970446991e-01 -1.476043612432904872e+01 -7.143168270372120432e+00 6.264575753057664897e+00 1.300425672378763409e+01 -1.986371267974886479e+01 -1.034280641019253011e+01 -4.550369168619589999e+01 -1.630267362869132697e+01 -2.310902723812752058e+01 -5.496529763646696765e+00 -1.339072055236468195e+01 5.018200083860843733e+03
-3.104977189349462208e+01 -2.780334698756243283e-01 -1.625572276615093159e+01 -9.858155560454651578e+00 7.407635148045823570e+00 1.766620257161823559e+01 -1.783372371140461254e+01 -1.262161889734424847e+01 -4.013254347417612422e+01 -5.556212605755167289e+00 -2.799296029003875574e+01 2.338411967294051763e+00 -1.650278087674580618e+01 4.872820444966374453e+03
-3.288315932225528115e+01 3.241633734614700058e-01 -1.288810725778003352e+01 -1.905011432928634507e+00 1.948524462093633858e+01 2.896944526808336562e+01 -8.558210930965605812e+00 4.981426085721591512e+00 -4.617551330639012264e+01 -1.421463185548494934e+01 -2.261751353068352444e+01 1.269836721347021857e+00 -8.961875455363403020e+00 5.495814126600320378e+03
-3.176853664288254109e+01 -5.823091928975998588e-01 -1.364080638494973030e+01 1.431149640101945453e+00 1.447246295671328120e+01 2.372551222573529373e+01 -1.337962465959757274e+01 6.215036459502020216e-01 -4.688202820875391552e+01 -1.706863937128279574e+01 -2.072568668052002394e+01 2.524539590392640420e+00 -7.676319341629524118e+00 5.133567815881470779e+03
-3.291643772896939879e+01 2.089998277824800521e+00 -1.067637945185795267e+01 1.193661564822260823e+00 6.769054495691413820e+00 1.616905573127656837e+01 -1.058924996028856036e+01 2.469437148355111411e+00 -3.695516753248524111e+01 -1.615278577784890146e+01 -1.808171145531054336e+01 -1.404290696117015846e+00 -4.530985039906307854e+00 3.604805710939028359e+03
-3.320467716293629934e+01 3.847325693535607605e-01 -1.153681809401632385e+01 4.763699645041504560e+00 1.428218559304299973e+01 2.152039663881470233e+01 -1.932394115281782376e+01 -8.917876501850813042e+00 -4.176169904731097660e+01 -7.452994725936592069e+00 -1.761833057394283841e+01 8.561784371921447701e+00 -4.115794767161870205e+00 4.578777258585614618e+03
-3.438961749712943572e+01 -7.189533077694206797e-01 -1.227373987158080126e+01 8.439503288558945826e+00 8.858468270994558580e+00 2.153792881097856693e+01 -1.460097687079389495e+01 -6.002722402046241967e+00 -3.739227459579672086e+01 -1.017197026171583296e+01 -2.091275447298046331e+01 4.023650432542753563e+00 -3.990497161970426365e+00 4.167716939545793139e+03
-3.332988939739158241e+01 -9.086953593677548069e-01 -1.380674002469047856e+01 5.265715735483248672e+00 1.093841419241816304e+01 1.603231325889662884e+01 -2.470853189887393953e+01 1.677253054095406926e+00 -3.956296393989625670e+01 -1.221006727875012210e+01 -1.784484878864419244e+01 1.525473483977610289e+00 3.374265263490922040e-02 4.355150481563866379e+03
-3.239937677771335700e+01 -1.961212811473724393e+00 -1.591527486935088653e+01 3.308407910082704628e+00 1.125170155507617409e+01 1.589112142846509101e+01 -2.826986365669935708e+01 -3.011022346692624474e+00 -4.054825308881397206e+01 -4.906150227021612409e+00 -1.196775883796812678e+01 7.064270595126287411e+00 -2.134301706358376904e+00 4.371105036245298834e+03
-3.352461396688688211e+01 -8.884119238350693948e-01 -1.524110507997131592e+01 1.050278340724015047e+00 8.379850536611094469e+00 1.470479316201292619e+01 -2.505629794535274257e+01 1.704700237046861577e+00 -3.759323712337926082e+01 -7.465237212518569088e+00 -1.753007742119181245e+01 -1.890192419887334108e+00 -4.410183828272966622e+00 4.074567699835051371e+03
-3.181269792213440795e+01 -2.563372267660964710e+00 -1.768540168284874881e+01 -4.141641327567920361e-01 7.586897717605295632e+00 1.311901237058843428e+01 -2.990171856339898326e+01 -1.928620483972776523e+00 -3.978091256592055913e+01 -4.822716502518653137e+00 -1.364801316750967608e+01 3.317248305744874060e+00 2.343100326135866496e+00 4.267607561575039654e+03
-3.327369889136839731e+01 -2.028049773401388922e+00 -1.746143788831506072e+01 -1.525576476861386199e+00 6.850330543682145112e+00 1.471797694485343833e+01 -2.629448682814844673e+01 5.998706386363559240e-01 -4.080112117741807509e+01 -1.003842927425941767e+01 -2.086014754516779490e+01 1.768904646798834523e+00 3.050669062994833425e+00 4.586869889373006117e+03
-3.089464670267510726e+01 -2.999411245996370656e+00 -1.800347499528827910e+01 4.396011146414234294e-01 -1.421936729993955317e-01 1.037367735688705750e+01 -2.273992186761533318e+01 4.135282167108448981e+00 -3.205221270924786836e+01 -1.091321136851577123e+01 -2.052292755304796401e+01 5.118327745057189126e+00 7.854128194267647523e+00 3.585149715722215660e+03
-3.263531097823695148e+01 -2.185516508193844576e+00 -1.634227575029838420e+01 1.275774932493072500e+00 -6.997565538328808010e+00 6.377158795747940978e+00 -1.515742628210798237e+01 3.129986165924361075e+00 -2.630632291178321580e+01 -1.459578832794492342e+01 -1.752287609789858180e+01 7.514299610500895454e+00 1.094121589823758356e+01 3.056001798860507733e+03
-3.053554095389455370e+01 -2.522129689546078968e+00 -1.605590203299864172e+01 4.809397032384135073e+00 -9.382690918688735948e+00 8.695467746882975746e+00 -8.515322417430825297e+00 1.955074795217460970e+00 -1.824712276577831105e+01 -1.184395727871071458e+01 -1.999346235965701624e+01 7.008297445680154780e+00 1.014874642982950093e+01 2.484770408527073414e+03
-3.196933592408309721e+01 -2.348668447196825770e+00 -1.511430485837510851e+01 3.009276200290904146e+00 -1.339838663557819842e+01 4.557177856782739234e-01 -1.142242809795824243e+01 4.818284790064594425e+00 -2.266619347993048450e+01 -2.005188230310295694e+01 -1.466072154444361608e+01 4.845778124633063122e+00 1.392975999207937221e+01 2.946755658652042257e+03
-3.101397297763144678e+01 -1.511405428527246575e-01 -1.181009909667681690e+01 4.268862331783568109e+00 -1.144919688944398573e+01 1.003074674114129428e+00 -4.891484058468561713e+00 1.033605154839120566e+01 -1.684997518700480512e+01 -1.799816466606566578e+01 -8.364476078069442266e+00 1.671374679436828936e-01 1.394458878324444484e+01 2.254741382199415511e+03
-2.946392825579118480e+01 -1.513128144867650793e+00 -1.475101082456075652e+01 3.807922158209906538e+00 -1.483302403360252164e+01 -6.673275306349005120e+00 -1.730902345477870341e+01 1.032605356260611984e+01 -1.280819234646204841e+01 -1.131173934537915748e+01 -4.185234453854987713e+00 -4.671098113816199771e+00 9.272737013239947146e+00 2.190610331927252901e+03
-3.079726001549681413e+01 -5.808721226146795757e-01 -1.309409893176579054e+01 3.876206090953719041e+00 -1.420953161745235782e+01 -9.805784807726253050e+00 -1.993788612181626974e+01 1.049217001990689369e+01 -1.660124116274653616e+01 -1.650515152688313592e+01 -5.007732002620590706e+00 -1.721678003291157921e+01 7.245322133635468731e+00 2.862968998996250320e+03
-2.930367344574647959e+01 -1.632322497374081305e+00 -1.311305066269055608e+01 5.526345793240245996e+00 -2.308496274053334218e+01 -1.460837674231859040e+01 -1.302072711207700628e+01 1.309076188281868802e+01 -4.152051937035307283e+00 -1.070007844691147092e+01 5.058701273492643757e+00 -1.409268289597261514e+01 8.531479040871660757e+00 2.579801425099903099e+03
-3.144825094871134397e+01 -1.309832958209189879e+00 -1.015772764217898860e+01 8.502662332246575971e+00 -2.910837709311112675e+01 -2.239755797315202912e+01 -1.235101238571240501e+01 8.342034004453925178e+00 -8.846136291979854738e-01 -2.054082149890599851e+01 -4.475704465314739977e+00 -1.721976593367843478e+01 8.212806543963640848e+00 3.543978455862341434e+03
-3.025578064136227141e+01 -1.447741467691406436e+00 -9.788266386338424496e+00 8.191011377855922149e+00 -3.278572234919187167e+01 -2.716288382584532357e+01 -1.331346912373438940e+01 8.828332627157330137e+00 -2.338311449461261127e+00 -2.397513262247258226e+01 -8.626293382712268976e-02 -1.965441449632239213e+01 7.188138768826420666e+00 4.166572282743357391e+03
-3.278155519925196160e+01 1.318524001407639812e+00 -7.288117067953199246e+00 5.681323031226794384e+00 -2.874320202352408060e+01 -2.539450193311017756e+01 -1.163666428668370045e+01 9.172307026465395197e+00 -2.558408745264064255e+00 -1.989137195809781389e+01 8.801104742782609236e+00 -1.509688893005674259e+01 5.671185520959778792e+00 3.592108490466099283e+03
-3.077866395694309176e+01 1.893939126873400491e+00 -6.407262283893550681e+00 5.762952364004248373e+00 -2.168003727920885026e+01 -1.891002304926795929e+01 -8.464657628669215228e+00 1.153781638079864713e+01 5.815488002194467043e+00 -9.042023630599727468e+00 4.811100728325896192e+00 -1.899668649055244884e+01 6.883665914771733840e-01 2.557635142517150598e+03
-3.146909323988806761e+01 2.614955931594650451e+00 -6.176299422940592088e+00 3.434920017105498768e+00 -2.028375180572607661e+01 -2.104387339387101008e+01 -1.310113026604719799e+01 1.078546529529307918e+01 3.439465961949751183e+00 -9.382459144451404498e+00 5.722674642177014270e+00 -1.692992868899662540e+01 4.287566197636462739e+00 2.626943424642709033e+03
-3.039952802470718041e+01 1.178027638036888369e+00 -4.977170541940470372e+00 6.896865248402564319e+00 -2.475971998372155980e+01 -2.799312254158995472e+01 -1.311198352917324250e+01 1.897063158102074354e+01 4.834228826631049358e+00 -1.801153055921562895e+01 8.721596646752081128e+00 -2.421949303607306092e+01 4.154319715804180468e+00 3.954019112779960778e+03
-2.928589002924393370e+01 1.446820476950565482e+00 -5.283901720591171802e+00 5.349927459807063634e+00 -2.733817453145254817e+01 -2.801490599787160107e+01 -7.452377369472126034e+00 2.604815138034518895e+01 1.867043434501896915e+00 -2.090287883599402363e+01 1.847350609963473289e+01 -2.221164093810880402e+01 5.742649655767199768e+00 4.490574489751857982e+03
-3.092177981683397547e+01 3.459812468805663510e+00 -1.496032611059710860e+00 5.801415084443091175e+00 -2.409793137090403903e+01 -3.182889631289656052e+01 -9.153008286738675281e+00 2.969837278871394304e+01 -2.493229154990806773e+00 -3.330268277444181280e+01 1.363661924638994982e+01 -2.833138124061252583e+01 1.064298447824697824e+01 5.780763681434425962e+03
-2.972935551232552598e+01 2.140978085175019530e+00 -2.908220891531801744e+00 6.349282902322433308e+00 -2.663236670162042685e+01 -3.174072589344055473e+01 -8.157525704570270264e+00 2.839862066327238921e+01 -2.602654520791667370e+00 -3.131167993406200623e+01 1.488136636269819668e+01 -3.078458392638622598e+01 7.040867980416833483e+00 5.732887631143340514e+03
-3.203213523677673891e+01 2.217578235610759840e+00 -3.248188415598737944e+00 1.024374936645987333e+01 -3.096280921247361206e+01 -2.505739325906091608e+01 -1.702214660295612525e+00 1.566240246183534168e+01 -4.426299315084889052e+00 -2.844339431871317103e+01 1.280139631272827749e+01 -2.080489188319486260e+01 3.350226558619184392e+00 4.417799464835352410e+03
-3.054284727775189268e+01 8.704633914224835234e-01 -3.770350196409661070e+00 1.555024555649255369e+01 -3.026860701054564018e+01 -1.843570973590650297e+01 4.395512237314633808e+00 1.667747363641599989e+01 -3.354394697472380837e+00 -2.901764209232034375e+01 6.474242052172919593e+00 -2.433829979617605943e+01 1.511147264154476311e+00 4.232999251922910844e+03
-3.262910340777410312e+01 1.387876542950821745e+00 -4.053464589009291075e+00 1.196719914632184789e+01 -3.046955571228966519e+01 -2.093547576226219320e+01 1.504787276687580277e+00 1.651798367529935163e+01 -4.506846814678009849e+00 -2.518651515350770609e+01 1.112819752687479102e+01 -2.955581259911344816e+01 -5.763305843637300807e-01 4.520412370540270786e+03
-3.367307957231421511e+01 3.175683346158209019e-01 -5.826293773138537802e+00 2.109491299959700683e+01 -2.538587916285103319e+01 -6.903579191640683455e+00 7.886029840738322250e+00 2.170861507711463645e+01 -8.256406019691855391e+00 -2.234755365988721465e+01 1.517726359334244712e+01 -2.667119256715669806e+01 9.956389905158352649e-02 4.347767043913197995e+03
-3.533306807481448431e+01 1.595957479006952173e+00 -3.977187332595704561e+00 2.196867122488673374e+01 -2.892606829225207221e+01 -7.606687701154090320e+00 7.941557534426198828e+00 7.623195230715295700e+00 -6.549818421879993302e+00 -1.858857491801060036e+01 1.338771763386538005e+01 -3.030632644415867105e+01 -2.217159134750462890e+00 4.256229320004041256e+03
-3.799015843704933815e+01 1.186376504721770253e+00 -6.367559052569764511e+00 2.155546079473940679e+01 -2.496780108688350808e+01 -5.888441300851705584e+00 1.546618424671953207e+00 5.180812220538991042e+00 -1.092168267356186107e+01 -2.304619153779481877e+01 -7.227513177027669045e-01 -2.555187747380092489e+01 -6.347802832721696653e+00 3.981266511053548584e+03
-3.803121035015601592e+01 1.882359671999543460e+00 -5.038872485065034823e+00 2.111909677904082372e+01 -1.962669897035657485e+01 9.033180822607174143e-01 7.880073194526867830e+00 8.550567713961596539e+00 -1.032257124986353070e+01 -2.710493054311828587e+01 -9.629534656053085229e+00 -2.333690865775129453e+01 -6.161021094265741738e+00 3.959083942400818614e+03
-3.951474511743302998e+01 1.815259374267905734e+00 -4.688146909345864977e+00 2.054130169933754146e+01 -2.100274368930286784e+01 -2.877018915160293844e+00 8.817320237492459967e+00 1.064830151602226316e+01 -9.379328258671424390e-01 -2.488835156019368355e+01 -1.307069554657920563e+01 -2.582675326321840714e+01 -4.376827004951402422e+00 4.126488629093173586e+03
-3.979301768251904292e+01 2.364522072886399595e+00 -3.915446007035295217e+00 2.382263284144361748e+01 -2.448097397351244453e+01 3.023804097257095425e+00 1.606849865746396588e+01 2.740391013514769991e+00 -3.948312412230966295e+00 -2.303066236089118135e+01 -8.777044536112045492e+00 -7.899433792195370785e+00 -2.160120689869414523e+00 3.736195909875853886e+03
-4.205814366213003552e+01 1.837009486762076760e+00 -4.692933657240231149e+00 2.223078812825914952e+01 -2.969824772043568473e+01 -6.090736746799613188e-01 1.532878729880284219e+01 -5.799848043513877727e+00 3.611202775300406120e-01 -2.109266496145718861e+01 -1.235328500596416212e+01 -2.879908920891206314e+00 2.133719672715010951e+00 4.049941673563037057e+03
-4.322733171615876557e+01 1.039162900539615020e+00 -5.894061095289151453e+00 2.406172360757427597e+01 -2.606834041938281743e+01 -2.416415223918588762e+00 6.834294389782170853e+00 1.648400564431157511e-01 -1.496188834345899554e+00 -1.822621065107855287e+01 -6.354794332249966260e+00 -8.023683500970541616e+00 2.481138664199127319e+00 3.660873045526049282e+03
-4.318597482828754863e+01 -1.161376612184560564e+00 -8.518418172104976094e+00 2.111257083734745876e+01 -3.338741058031538245e+01 -6.324733707048117992e+00 9.126738687954054186e+00 -5.739473610703397233e-01 3.971002922174971417e+00 -1.619660133952033476e+01 -4.551997920404963871e+00 -7.350067671166300443e-01 8.125524696886243348e+00 3.988413360170841315e+03
-4.364697474303814317e+01 -3.616140753172249589e+00 -1.301990480165763309e+01 1.722230592809523131e+01 -3.335178971817514793e+01 -3.833367742306033499e+00 2.299503681768962693e+00 -1.265721604500017250e+01 -1.172654576062894805e+01 -1.235274205235006306e+01 1.840437660795602781e+00 1.135566130452252409e-01 2.949322970047652426e+00 3.978990765094013113e+03
-4.244459520236329553e+01 -4.817363231144506486e+00 -1.682622620577726380e+01 6.974341821473759140e+00 -3.274330656924423266e+01 -3.072626013954748103e+00 -4.088767564758560846e-01 -1.872993616142796469e+01 -1.733311416933707250e+01 -3.323839157279626200e+00 6.658289862159869621e+00 2.316132374501784774e-01 -6.796794255322105016e+00 3.991124461366526702e+03
-4.010094914564042057e+01 -7.298538288741467817e+00 -2.097902645695355517e+01 8.037727327418030754e+00 -2.624473063010730556e+01 4.468410459494208675e-01 -7.004752643882332208e+00 -6.777027073468884666e+00 -1.865860343280500899e+01 -2.812497729870368612e+00 6.659044572369636761e+00 3.072607280496254312e+00 -7.970753826954205534e-01 3.360532348354561236e+03
-3.962729205506739305e+01 -1.133571767097939542e+01 -2.711630770890222664e+01 9.764620383824568206e-02 -3.564119115871314847e+01 -6.985095670899972298e+00 -1.032334308079707519e+01 -1.054717434950487132e+01 -1.913006103592369556e+01 -3.239085010248840657e+00 6.874494292976259580e+00 4.867588888277321502e+00 3.650296091690940159e+00 4.431752479013251104e+03
-3.902486994191451686e+01 -1.064336729477910026e+01 -2.513002095100482336e+01 7.742116038613506390e+00 -2.694821387886280561e+01 6.675878023370064085e+00 -3.984053380809674527e-01 -2.177658767107323090e+00 -1.244851515757079063e+01 4.112120425193018569e+00 1.016860767611021998e+01 1.585038573592361999e+01 6.978043870227773837e+00 3.678558028594035477e+03
-3.820417531572483938e+01 -6.994844464198354927e+00 -1.964114643225887136e+01 5.788762779398215486e+00 -3.158476587643239952e+01 8.397667593234963146e-01 2.796188878765969665e+00 -1.171371236985375042e+01 -1.497689837655635792e+01 -5.107219157216470684e+00 6.646604110744865679e+00 1.368710568786995552e+01 9.947919498830584573e+00 3.651970124903700707e+03
-3.830818566726625818e+01 -9.626226799580098969e+00 -2.343584545230467953e+01 -2.041244705146531557e-01 -3.709143491918668900e+01 -6.098135527085850605e+00 -1.572598169112576549e+00 -1.290738949770594424e+01 -1.703536194939462334e+01 -1.280463354978125068e+01 -3.316199650866832993e+00 3.640943166499661210e+00 4.309877541579336224e+00 4.188488309076989935e+03
-3.831776405642148831e+01 -8.353002077099267453e+00 -2.286995301197435992e+01 1.049956785903383705e-01 -2.802590050251558296e+01 -1.949300536456433974e+00 -5.845026430744208135e+00 -2.902711943070847234e+00 -8.607401665669719648e+00 -3.228389956758216606e+00 -9.255066640282654689e+00 -2.890335529660469138e+00 -1.616708796185938324e+00 3.074044313473752482e+03
-3.734773373403696439e+01 -8.127503323434535076e+00 -2.166305691667645306e+01 3.429948632743915482e+00 -2.719113144080280264e+01 2.138321667563008788e+00 -1.221136170346920791e+00 -6.536788801202835231e+00 -3.038937116738665178e+00 1.677478161160186554e+00 -1.516147380619925933e+01 -2.619838970092485564e+00 -6.163062303161609634e+00 3.016879190841026229e+03
-3.817311381838819528e+01 -9.928712507556801015e+00 -2.281283331385691326e+01 2.818106990207062790e+00 -3.672319345752371333e+01 2.396479371006156045e-01 6.016422975946052354e+00 -1.470724908816292853e+01 2.215379719135473380e+00 4.930121403699905258e+00 -1.197210300588196041e+01 -3.268308711258028687e+00 -7.198130033213430146e+00 3.920324104028396960e+03
-3.670694168062479434e+01 -9.862051980460218914e+00 -2.379846400874002654e+01 6.768626839367912318e+00 -3.128980228477446346e+01 5.413652993774626054e+00 3.217834904855171541e+00 -8.727006370735718832e+00 6.700841094920158003e-01 9.230943932943077357e+00 -5.666782594461031053e+00 1.690649257791254190e+00 -2.316608443222802904e+00 3.277712035874943467e+03
-3.714101851288551615e+01 -9.852127824094072395e+00 -2.379338609413274952e+01 4.579840242715498277e+00 -3.542834725143553953e+01 3.714677631586833950e+00 5.058998592071364264e+00 -1.655076174368263864e+01 -2.310790960765186863e+00 7.916251348445610070e+00 -5.553355141453788946e+00 1.293249840522761929e+01 -5.390831191024266111e+00 3.927264756770267468e+03
-3.699347742265261019e+01 -1.250426291491738695e+01 -2.557517801752629083e+01 7.945657076578102718e+00 -3.737594044330401033e+01 6.515300711872975548e-01 -7.428178484573635387e-01 -1.596077088778312181e+01 2.702150783639264642e+00 1.029305935228257418e+01 -1.135034327788632247e+01 3.292086388579765988e+00 -1.275437365105761955e+01 4.310371423249443069e+03
-3.745619935522339006e+01 -1.338919288167495836e+01 -2.934709990873918528e+01 1.695857156704017488e+00 -3.482594062311331129e+01 1.583658669987380252e+00 -3.225555403371067165e+00 -9.680779084408637658e+00 -4.695935303902548874e+00 5.105712722345079335e+00 -8.422323270806021611e+00 9.453364881871090475e+00 -2.387684641574955524e+00 3.979964152716297576e+03
-3.714907027265732609e+01 -1.371779382573498651e+01 -2.973962673323076444e+01 2.990876390877110769e+00 -3.281412092582552731e+01 3.234333879228089348e+00 -1.875660459774940003e+00 -4.434604173163762653e+00 -5.394247336647082669e+00 8.845773929489336718e-01 -1.046746942671495084e+01 4.191438523953829431e+00 -4.494901671375346019e+00 3.749253889123302542e+03
-3.715848107617118501e+01 -1.347777046055484185e+01 -2.890794134634571222e+01 1.871873487566825256e+00 -3.231790929509451615e+01 8.589898377138633023e+00 7.556589125940152307e+00 -6.412175044222593101e+00 -8.104464870742557059e-01 2.470846227905535653e+00 -1.620916906931760693e+01 9.562411418482309244e+00 -8.021955213970523246e+00 4.043318183163708454e+03
-3.900507779861614210e+01 -1.607638693302282817e+01 -3.186683198117635030e+01 2.044869872145369083e+00 -3.282801146647596369e+01 9.793375759436560912e+00 7.182381639685153196e+00 -2.577769593145363469e+00 4.578898622893207815e+00 7.783945016702397801e+00 -1.562725732903606435e+01 1.610419545040374345e+01 -5.174005937519376097e+00 4.643225564704905992e+03
-4.088785515728903164e+01 -1.354806475338524763e+01 -2.978508735882277136e+01 3.881765659299093230e+00 -2.841085347556536433e+01 8.799479068356660605e+00 -1.524193076969470262e+00 -4.310561915359526708e+00 -3.785232168524622409e+00 5.835898488546422236e+00 -1.124304938154070399e+01 1.402992988451110001e+01 -4.898178032963222073e+00 4.058720760919221448e+03
-4.386072944998704060e+01 -1.730956592387074622e+01 -3.199389308834855683e+01 1.382110865084149864e+01 -2.347789942373460548e+01 1.417238819405864447e+01 -1.024212711664668518e+01 -9.125350613617595030e+00 -1.128774282336317114e+01 1.462897303118454673e+01 -3.608024098740717278e+00 9.593540250998081831e+00 -2.550228189088224795e+01 5.475098663894068522e+03
-4.367532617182382637e+01 -1.491451679337288816e+01 -2.889554522140961268e+01 1.724821530593592911e+01 -1.989569848328275370e+01 1.916816231036044016e+01 -2.354111817529516593e+00 -3.966129751545266480e+00 -7.385646470219041859e+00 1.163542720179629164e+01 -8.487535600610220499e+00 9.456074624629437153e+00 -1.817652567835581578e+01 4.728732317992473327e+03
-4.091400809811525363e+01 -6.059937257271500677e+00 -1.730385396952227239e+01 1.882074355368387586e+01 -2.110883994589904233e+01 8.957387356773601539e+00 -2.149215603984455214e+00 -9.647242532742822618e+00 -2.027144033547164170e+01 -1.210485908507134489e+01 -1.282218150570186488e+01 2.733087501579527512e-01 -1.178876739183187183e+01 3.848745956246450532e+03
-2.764592245957282302e+01 -9.366074509142876536e+00 -2.298185003883673261e+01 1.153928123607931866e+01 -1.446584852491607620e+01 1.181269280966896318e+01 -6.244351604376706888e+00 1.409060903963654354e+01 -2.682410143363999921e+01 -1.913480664743275028e+01 -7.006955587240026873e+00 7.468392626475322871e+00 6.209358307697234736e+00 3.328782186807789458e+03
-2.657463980279037230e+01 -9.914107261414866201e+00 -2.307833603637191189e+01 9.080395867730654658e+00 -2.243721118916002055e+01 5.932651803086393727e+00 -1.316067706050793262e+01 7.863517764430284496e-01 -3.179364238485797145e+01 -2.557010109170592926e+01 -2.038939962302976738e+01 5.362842163145543850e+00 3.039502088474963948e+00 4.250402791868778877e+03
-2.295161132987091435e+01 -6.666405870226383534e+00 -1.981653812714554519e+01 5.315204044606475442e+00 -1.578675658835718743e+01 8.387693921109931949e+00 -1.113403460620984475e+01 1.168285366790613011e+00 -3.235866580431336814e+01 -2.315934698323717456e+01 -1.780171082037992036e+01 8.429621015715108356e+00 4.716474457636478768e+00 3.430713872685031220e+03
-2.486780481700914081e+01 -2.460920467534296385e+00 -1.755915092200470085e+01 -5.721694230394255065e+00 -1.107022516348020957e+01 2.048541149274957895e+00 -1.635491546526619899e+01 3.415329941883202824e+00 -2.748755333946220247e+01 -1.586167063651822495e+01 -1.341807376902890958e+01 9.459185921413510556e+00 4.807865664523459870e+00 2.671214214616844856e+03
-2.524442586401874777e+01 -2.616058042985013987e+00 -1.569451338862999634e+01 1.604566276134754998e+00 -1.396569849824413900e+01 2.121780256898512906e+00 -1.186397274658965983e+01 5.881975269867718126e+00 -2.440660540975573767e+01 -1.591518796138003822e+01 -6.651214025347820247e+00 1.119820064765481682e+01 7.165048201798336791e+00 2.337863205701969036e+03
-2.619194687870695759e+01 1.705915739571602641e-01 -1.372354508207051893e+01 -8.659729257723132179e+00 -1.179107637031120426e+01 3.814211747666048646e-01 -9.593138342142824015e+00 2.359719976018343157e+00 -2.548888058265990253e+01 -1.010891495093177106e+01 -2.024456258021408939e+00 1.055168506360852021e+01 9.620552949474659998e-01 2.054380554973609378e+03
-2.908644541893245616e+01 4.516468189170280700e-01 -1.214617269426091362e+01 -1.182067692428854500e+01 -1.584697597194656637e+01 -2.657343854883310819e+00 -5.123769985491815504e+00 -5.571096276649714518e+00 -2.871353265605056748e+01 -1.360275082778155209e+01 -2.606602530786164440e+00 2.099099947665390431e+01 -2.187936742842921056e+00 2.910666753077118301e+03
-2.930248900624525277e+01 4.752821239211781013e+00 -7.827877729497387804e+00 -1.968363138350193609e+01 -4.299808398570628576e+00 4.264538825019689838e+00 -2.181620839116830357e+00 -6.010574754802650688e+00 -2.541543522192131377e+01 -1.818011878660900305e+00 -1.881641382299030330e+00 2.760541507926721039e+01 7.234866496100749167e-01 2.822879771538836394e+03
-2.980633338171302071e+01 4.725688094487130897e+00 -8.810690611749697254e+00 -1.984502034549602811e+01 -4.422350151015792541e+00 8.279006796570157478e-01 -6.661646756184224749e+00 -1.063073230155902316e+01 -1.986523327894400381e+01 8.869649931332393322e+00 5.375703389640058560e+00 1.809200254147471298e+01 -1.527984502707639081e+00 2.391687009028357807e+03
-3.048241944845485918e+01 6.264476027691199711e+00 -6.148098328365646736e+00 -2.291921008942245308e+01 -9.544406094442197119e-01 2.512071985183704115e+00 -6.818951262623172305e+00 -1.054567979691445778e+01 -2.148085296627138163e+01 8.598303712166991630e+00 1.996678409038803670e+00 3.039872492749274002e+01 -2.224677631328158878e+00 3.164818044083231598e+03
-2.785504494085280314e+01 4.727790670599867795e+00 -1.030409836161359394e+01 -2.956293966117326022e+01 1.325179189639565269e+00 -2.909263910972371914e+00 -2.061543533290715757e+01 -3.468857710559190455e+00 -2.546949723823470180e+01 3.685259644455600281e+00 2.330424064908684922e+00 2.554635192927145582e+01 1.254155435522077422e+00 3.547542749196087243e+03
-2.822912861773818705e+01 3.659305630529403608e+00 -8.264039787654805735e+00 -2.485872510869917917e+01 8.779972632280791389e-01 -1.638589529181981863e+00 -1.740277912983078323e+01 -3.455698271943134170e+00 -2.755367685324360849e+01 2.962263518793645911e+00 6.231578512896550848e+00 3.434892214246652031e+01 4.278343211918750555e+00 3.819744571722347700e+03
-2.584959256141910444e+01 2.513670500383430095e+00 -1.208351773547713925e+01 -2.866790648756228066e+01 -1.365394176690618133e+00 9.458612952692708742e-01 -1.561095240452297261e+01 -1.143572537719976445e+01 -2.619353180453160235e+01 9.363268819581936242e+00 4.710543361993126510e+00 3.531880080646045172e+01 1.977057142993860372e+00 4.066904418446795717e+03
-2.962398068844091981e+01 4.580382143571318565e+00 -9.170708769553382211e+00 -3.494921367191485473e+01 -2.791746576398924429e+00 2.036404126311915697e+00 -8.780601663686866232e+00 -3.279059348808915786e+01 -2.912057695028658699e+01 1.336889516827346291e+01 -1.755885933909999252e+00 3.330743373673782770e+01 -1.138818171184535899e+01 5.637266665801283125e+03
-2.579962947068297296e+01 6.966428450763460845e+00 -5.099592832901073791e+00 -2.281574107670792273e+01 1.081064971962535282e+01 1.081767211094141778e+01 -8.666222898927907536e+00 -1.685985718696312219e+01 -3.121052413132037273e+01 1.013154279011047265e+01 2.189527514703013544e+00 3.761054358114139973e+01 -7.146616054354354652e+00 4.401132391178366561e+03
-2.828473276350651133e+01 1.780838533909653021e-01 -1.462930157517183893e+01 -2.791171520247432269e+01 -3.297601458828389731e+00 6.464314516831658253e+00 -1.077262354019853952e+01 -2.294733871607315123e+01 -3.067218272284026170e+01 1.290118936230173752e+01 -3.695000658989322950e+00 3.603127788450676405e+01 -1.192047798719094587e+01 5.049656732374845888e+03
-2.604221456729693429e+01 2.532717398349890292e+00 -1.111201181711796515e+01 -1.977559321130317471e+01 2.785870784703357028e+00 1.390700660062055327e+01 -3.120912741975822691e+00 -1.156344942921808894e+01 -2.831317802266094219e+01 1.064601947164024587e+01 -3.200065614762888977e+00 3.710930826121212078e+01 -1.048265601951634629e+01 3.955982895257015116e+03
-2.865241016513079231e+01 -1.265267627100376879e+00 -1.600894207941733782e+01 -1.988716324221064013e+01 -6.832307837618605273e-01 1.221900996463387479e+01 -5.569204174060081058e+00 -7.792277634075331250e+00 -2.983958277606172871e+01 8.577442048426108911e+00 -4.332649294307958421e+00 3.293145661869705521e+01 -1.539743773676190486e+01 4.020160619579733975e+03
-2.635714433210224072e+01 -3.006112715761434906e+00 -1.890214586056958623e+01 -1.984813723799270591e+01 6.403945546895056573e+00 2.389871056715113795e+01 -6.908526572408874245e+00 -2.294138745538960300e-01 -2.513192093294830798e+01 1.071241051697417745e+01 -1.850941029408050298e+01 3.415576875267747425e+01 -2.123888897042738222e+01 4.821589098506427945e+03
-2.588897507887192972e+01 -6.861311340469884890e+00 -2.536162768772417309e+01 -2.047391080333089519e+01 -2.444907519212896396e+00 9.428366280487413320e+00 -2.242091436720210496e+01 -6.335513491135322361e+00 -3.758543605674000077e+01 3.177001949609719933e+00 -9.675276733132699647e+00 2.223504001710239564e+01 -1.737836783624095816e+01 4.730191600292755538e+03
-2.703175027658232210e+01 -2.266300983750794362e+00 -1.697849577529393983e+01 -1.197194703968310137e+01 7.351765295180202386e+00 1.784268534699852893e+01 -1.787071729522060792e+01 -9.675998899051606372e+00 -3.787685682766341699e+01 8.912879720756064827e+00 -7.107922111653461883e+00 2.448089524909734394e+01 -2.398277336019078021e+01 4.691951757613528571e+03
-2.837416136832585423e+01 -4.258227893508584216e+00 -1.958557471898275182e+01 -1.211066021224478995e+01 4.007298148877888266e+00 1.532723396298164431e+01 -2.141665865010597614e+01 -1.204683892573905446e+01 -3.938515905348050694e+01 6.988607949593634849e+00 -8.561963794161453478e+00 2.266330955923612578e+01 -2.649969021075819597e+01 5.097468301443524069e+03
-3.226194457746534283e+01 -6.558492276312904989e-01 -1.520606555892619483e+01 -1.017092585976208596e+01 6.245199801414050844e-01 1.242211104868860083e+01 -1.663792948914942471e+01 -2.463490841924639696e+01 -3.113639694073159347e+01 1.343677790603942590e+01 -7.067201873402022549e+00 2.185273121278979147e+01 -1.749868745384349822e+01 4.398047128710264587e+03
-3.497397953656423653e+01 -1.892495426047201557e+00 -1.507833546919189871e+01 -1.272777452402400478e+01 1.265264814510705715e+00 3.402113081289663832e+00 -2.965301277968334048e+01 -3.259719458588850927e+01 -3.606623998076099724e+01 1.191525334543797676e+01 -3.581472307116924103e+00 2.165394037814736450e+01 -2.299264035606571710e+01 6.024295275634775862e+03
-3.685369700875070009e+01 1.673280478636191670e+00 -1.184679053017774564e+01 -1.324289370653332654e+01 8.908609894676025931e+00 1.654576542218792667e+01 -1.784962916124476351e+01 -2.640749032929363338e+01 -3.334575255615676070e+01 8.335835840162186372e+00 -1.178619472105712696e+01 3.449742145358152356e+01 -2.150730625599490153e+01 6.018782088737146296e+03
-3.955090511770885797e+01 1.109042157860511191e+00 -1.259052149013655075e+01 -1.008759424151213580e+01 2.993331138242281142e+00 9.306402521015217033e+00 -2.840783094697473743e+01 -2.725956505271791386e+01 -3.841046629546816860e+01 -1.493530693875958271e+01 -3.015456633750292426e+01 2.478670056367238672e+01 -2.035440033342537092e+01 7.107850087434109810e+03
-4.063831887464332482e+01 3.555178811712286890e+00 -8.584832885854366324e+00 -1.552044004139979227e+00 7.032114538105428636e+00 1.274640940103567210e+01 -1.753947131709727714e+01 -3.535826685191683083e-01 -3.375138981018373840e+01 -1.797550590280862792e+01 -1.789536707353049394e+01 2.500230333382885917e+01 -2.653858402687059748e+00 4.674577541587457745e+03
-4.198381022043412969e+01 2.299430255840732240e+00 -9.500496384380982207e+00 2.179007534518902389e+00 1.981181150104708077e+00 1.098772208761994129e+01 -1.641266648194039846e+01 1.878541697897546214e+00 -2.640336067481392135e+01 -1.338133068319075569e+01 -1.762246955690592998e+01 1.849188476722456542e+01 -8.093868209449738060e+00 3.854704264792023878e+03
-4.288495906229972121e+01 3.554925221175872174e+00 -8.178888823329579338e+00 -4.308813945069591256e+00 2.553344629597275706e+00 1.044864204692527387e+01 -1.743259734592428600e+01 -2.036169319156512003e+01 -3.006703020165187823e+01 -2.677586411632836949e+00 -1.781472619505877830e+01 1.973600831395631872e+01 -1.485738190315207419e+01 4.610217061104094682e+03
-4.487629415900952523e+01 3.251256218503769446e+00 -7.818368257527255949e+00 -1.165817399957946776e+01 2.189341168523726566e-01 1.993614386069216815e+00 -1.637927682246873928e+01 -2.231188189982296777e+01 -3.205016755161060615e+01 4.278528287065866742e+00 6.488006801381674293e+00 2.875627825570268570e+01 -7.627270680198733999e+00 4.964327635058395572e+03
-4.530715855905749834e+01 3.980320862794352710e+00 -7.393706569797773298e+00 -1.290097849473456648e+01 2.147193853198846369e+00 -3.296153907608157407e+00 -2.489123735272162818e+01 -2.026230197438724545e+01 -2.400866700568691670e+01 5.440093290655073410e+00 6.037094589027638847e+00 3.009450624154046139e+01 -4.108034581582010070e+00 4.900305835628333625e+03
-4.597557141699900285e+01 3.158419218820760488e+00 -9.657239873537944774e+00 -1.489590312779973580e+01 3.401356055854045657e+00 -2.511275976172642643e+00 -3.280209671530733573e+01 -6.296844490618838996e+00 -1.290901359629175715e+01 7.789132200153401797e+00 -2.537375774227685010e+00 3.153481198419710552e+01 -1.511448451056794928e+00 4.802862852135059256e+03
-4.836577612090686529e+01 1.961108983352649160e+00 -8.182138334234327459e+00 -5.676506607698789786e+00 1.278857486409650157e+01 6.042770572170040211e+00 -3.544811180910795656e+01 -6.102778613349987502e+00 -2.656435447574440900e+01 2.294959744008870040e+00 1.334489940583059697e+00 4.267601637646258439e+01 4.702785232016992722e+00 6.492210819130852542e+03
-4.796463778585803084e+01 -8.636101441242086674e-01 -1.533597107117692460e+01 -1.516718635472001964e+01 5.695165554919214834e+00 3.494608471680929807e+00 -3.004145581260318565e+01 -1.446763908561453871e+00 -2.938998956006430419e+01 3.700650670115745111e+00 2.487879898683816648e+00 3.494555425085057720e+01 -2.578175667542868865e+00 5.827311843025405324e+03
-4.883177854105435500e+01 -1.355521800012138511e+00 -1.378839663946741645e+01 -1.409987413698727110e+01 8.417115014027025666e+00 -2.525993548328484994e+00 -3.776945300235356484e+01 -8.893624920916188614e+00 -3.064326152037650530e+01 5.667400570728101883e+00 1.836445234323707609e+01 4.209888754425158197e+01 7.713503297204391096e+00 7.498359461577362708e+03
-4.744907355167951124e+01 -6.200161613424729268e+00 -1.972298246985761594e+01 -1.993753143249615789e+01 5.559684223437735717e+00 -3.428303060494089394e+00 -4.221296734803989636e+01 -2.064414788671296463e+01 -4.330043470913190617e+01 6.872803109762824825e+00 2.055193569169027512e+01 4.309820674519063033e+01 -1.658988373948984407e-01 9.529164663243629548e+03
-4.691487484248815321e+01 -4.847574732319355206e+00 -1.706821437408443387e+01 -1.035375288028059693e+01 1.309352236341507236e+01 6.386719329547204005e+00 -3.662183220211759505e+01 -9.583206383897584502e+00 -4.092951338424773411e+01 1.109708363592464941e+01 2.250338908813840888e+01 4.128475076163721980e+01 -8.656837576500423737e+00 8.352399886832048651e+03
-4.650440082806790087e+01 -4.929659610413439808e+00 -1.973507543955171428e+01 -1.070693376433523802e+01 2.169934932660965377e+00 3.860603619397294572e+00 -3.124118867068720462e+01 -1.658077660545998366e+00 -3.888031609431468638e+01 5.141531153348282146e+00 1.164105856425706342e+01 2.823192345265949399e+01 -1.961320635569355275e+01 6.544794374573748428e+03
-4.727217815649187571e+01 -4.425176965473898605e+00 -1.771785483524642046e+01 -9.539888050622344906e+00 -2.830227716884086697e-01 -8.411678423953405925e-01 -3.086229549092411872e+01 -2.577904306150863523e+00 -3.881737862188581545e+01 2.247008622533497313e+00 2.364501502909296704e+01 3.076805669043901759e+01 -9.202396377726998367e+00 6.721369479774783031e+03
-4.639276669987357593e+01 -4.322063297697069650e+00 -1.613144521129017761e+01 -5.278152168102145048e+00 -7.142789083226596780e+00 -1.149603367421154543e+00 -2.053827310980835108e+01 -1.454975790113890222e+00 -3.089909010001117196e+01 7.020840784119211087e+00 2.915405607567664958e+01 2.494029166321290347e+01 -7.897016070601926785e+00 5.473716059859169036e+03
-4.801397687985547691e+01 -3.250104777709751147e+00 -1.313177905046286575e+01 4.590505390952025699e+00 -1.001735031978017387e+00 5.094730791177692897e-01 -2.756403213606601099e+01 -5.838585136333612091e+00 -3.539502345223394286e+01 2.014121560946060097e+00 2.736700827456073171e+01 2.373683699074083364e+01 -7.541915911933821270e+00 5.930684936238873888e+03
