-9.328673082630103863e+01 2.573937598625439360e+00 -1.058985255786538104e+01 7.824998712537741818e-01 -7.581112532542987337e-01 7.155600119052047958e+00 -1.962873649575647406e+01 -9.257203911852304401e+00 -1.542042728250798334e+01 1.077473095169633410e+01 -1.082748553972447780e+01 1.404742364395547227e+00 -1.222038630419979199e+01 9.966987042991449925e+03
-9.176347846948684150e+01 1.731468924217030025e+00 -1.220739625848293919e+01 7.435286436492314355e-01 4.246550574044792192e+00 1.383052969371033036e+01 -1.898499912488529517e+01 -4.285820253784985212e+00 -1.561580779054639656e+01 1.291613119249813835e+01 -1.745932551625669404e+01 -1.415078379000099584e+00 -2.107821375208528991e+01 1.032302400133026094e+04
-9.069580609077360123e+01 3.265345335852948061e+00 -1.078061347878556475e+01 -2.305396838395603332e-01 1.301244682539059561e+01 2.164299307971198161e+01 -1.034003985163419159e+01 8.839941647682257653e+00 -1.480278235209454607e+01 1.672404687266195467e+01 -9.980337340240916788e+00 -1.449312514599354618e+00 -1.958116019605937197e+01 1.015941599641846733e+04
-9.078686089270374282e+01 3.829062808434392284e+00 -8.592882632076587868e+00 5.031955144459792528e+00 1.471159679689231758e+01 1.717427496137265663e+01 -2.442654120527948791e+01 -5.143457342936803123e+00 -2.728843476179993033e+01 9.486845089383185936e+00 -1.863493384491883376e+01 -1.405229765593065849e+01 -2.664260986775805762e+01 1.157978729758146619e+04
-9.088030667041236654e+01 5.548033760714867313e+00 -7.125627253973864761e+00 -1.294982383157509354e+00 1.392054614931081247e+01 1.543072787902975662e+01 -2.445804371164343394e+01 -8.050015125203886512e+00 -3.040524390807516752e+01 1.315097575383664363e+01 -1.602761974219404451e+01 -1.410953640346668081e+01 -2.893177443383446956e+01 1.182778818034085998e+04
-9.132167644916972904e+01 3.639642924014870662e+00 -1.072301937894032520e+01 -4.703823838240945854e+00 1.066364326609828694e+01 9.407998923469957475e+00 -2.846316630126718294e+01 3.236647609118949998e+00 -2.199534294133880863e+01 1.482859297028155332e+01 -8.600424212059110118e+00 -6.542677193436403194e+00 -1.964127422730011219e+01 1.071909200383560346e+04
-9.239881351222078365e+01 1.400448690393236939e+00 -1.395136118909675815e+01 -7.318711199456825689e+00 8.650511761923944221e+00 7.646786881802731806e+00 -2.737634767217393872e+01 7.555560360036854384e+00 -2.005296366721873014e+01 1.098791249164231587e+01 -8.996776037791597957e+00 -5.906150389506799492e+00 -2.172879445663523512e+01 1.083838228803020320e+04
-9.227575913838295207e+01 -2.842798784042332438e-01 -1.659762267628281407e+01 -9.375080212956786951e+00 -8.908224462188038539e-02 3.120955621581317896e+00 -2.730924258043406283e+01 5.418314589968098893e+00 -2.259271469341452843e+01 4.442330542242109104e+00 -7.469647490518052990e+00 1.902156082942306536e+00 -8.279509636618628932e+00 1.032130007915270653e+04
-9.099435639182073032e+01 1.999490142981474872e+00 -1.347743373175670456e+01 -9.240511294567404832e+00 7.178123227523129479e+00 1.093775583453585831e+01 -2.046497590752615992e+01 1.257578353293550677e+01 -1.489451703180209030e+01 1.743807648770743057e+01 -2.391500812033301671e+00 -1.116398204547581319e+00 -1.485607129294559137e+01 1.005272627564872892e+04
-9.096673297649032008e+01 6.312677338882668465e+00 -7.096416702529153575e+00 -3.842753633146168468e+00 1.244525413229002808e+01 7.462295164204253872e+00 -2.831385802512320993e+01 3.279529744736361163e+00 -2.085304693330153825e+01 1.307596768177420898e+01 -1.012750051340121438e+01 -1.503215134660199936e+01 -1.794509103216109835e+01 1.065931099037627973e+04
-8.865451563385158806e+01 8.045426093304058668e+00 -2.176158784342801411e+00 6.191942740198757456e+00 9.209350021102098438e+00 1.777092094404240097e+00 -3.084297633508023395e+01 -4.381911146800028689e+00 -8.834105383411404944e+00 1.167743629415726581e+01 -1.767803267571513004e+01 -1.547116556367560136e+01 -8.679869004009479028e+00 9.867502229314559372e+03
-8.642955953628248267e+01 9.193275927173273132e+00 -1.552352163786645312e+00 2.415859561713351145e+00 3.865759975617303557e+00 2.403294121910907855e+00 -1.989005005063030396e+01 -8.865190745192496280e+00 -1.509499081170343437e+01 5.936430967017387594e+00 -1.083599473216077413e+01 -1.452879969009799055e+01 -1.649114782742841712e+01 8.921319598530077201e+03
-7.249134187235650018e+01 6.067242069495154766e+00 6.556765529872172760e-01 3.001743069492427551e+01 2.284151496472678566e+00 1.231553380875134174e+01 -7.155191406456014924e+00 -1.312526140128919394e+01 -1.716490197375319582e+01 -1.030849913972723897e+01 -9.605547964728319954e+00 -1.630576006858841609e+01 -1.190759180046136834e+01 7.474475221905764556e+03
-6.085203665491518166e+01 5.914612206854864773e+00 2.699884308187937565e-01 1.980052908568616488e+01 -2.151413483510794933e+01 -1.084314762033328172e+01 -6.346057956410948719e+00 -8.935104652902987610e+00 -2.253927537716132079e+01 -2.039310049927978596e+01 1.524719182356701808e+01 -2.754791971589306243e+01 -8.508357125404458543e+00 6.818281605851092536e+03
-5.275297664416680732e+01 1.567295533585543765e+01 1.387394614316331953e+01 9.454236089996216563e+00 -8.731188619004838003e+00 -3.006308125803798603e+01 -2.018844933366214889e+01 1.566662469854430473e+00 -2.360664347860981493e+01 -2.286220434047461580e+01 4.141743690711368941e+01 -5.180616635828886274e+01 -7.774256524807858781e+00 1.024011348347160856e+04
-5.132787622336803679e+01 1.719764388398980515e+01 1.942275738353918513e+01 1.384018490372777954e+01 -1.151167732826970891e+01 -3.760851579492619834e+01 -1.257459755337632323e+01 1.160911217152941788e+01 -1.322633328662739949e+01 -2.780513655091184333e+01 5.490772687799294971e+01 -6.412612995328768761e+01 -9.943536859053899946e+00 1.351286966934443808e+04
-4.765306451337207250e+01 1.572885820920505573e+01 1.625319739278787523e+01 1.357856761550040048e+01 -1.061489857643453760e+01 -3.446525132579486694e+01 -1.499453526887893595e+01 5.001182258497910205e+00 -1.341229291168206750e+01 -2.754465495091763216e+01 3.813176826658217777e+01 -5.457689846698038849e+01 -1.385420934819086547e+01 1.008033932629786432e+04
-4.705144624726846558e+01 1.527226767115790196e+01 1.954343381104792243e+01 1.876960998188887331e+01 -1.362344414296489070e+01 -4.244154357691813573e+01 -1.504535954946841336e+01 1.749502140360053914e+01 -9.147799378207770005e+00 -2.969744573104921770e+01 4.752263852046258563e+01 -6.253229657055113933e+01 -1.099103119573025467e+01 1.295575885666325121e+04
-4.408654261167281163e+01 1.493172912031023358e+01 1.123134429869416984e+01 5.104367862899166219e+00 -2.070560896706467258e+00 -2.780300348565074842e+01 -1.736334879451266744e+01 1.959905839070177436e+01 -1.900023165396664737e+01 -2.329323875840344016e+01 3.603864827111983260e+01 -5.359341455103418639e+01 -1.462833472471430518e+01 9.070290840448047675e+03
-3.954143963708872178e+01 1.178272022621804638e+01 9.335718197420614928e+00 1.069097918092116473e+01 -1.399938184774189587e+01 -2.588254404603095082e+01 -6.296008270517223337e+00 1.203077094801030533e+01 -1.017636342016657913e+01 -2.420476880625119520e+01 2.437641172033919901e+01 -5.046270473314794458e+01 -1.945358436484704612e+01 7.162643730178885562e+03
-3.786777540392330366e+01 7.362046071232136057e+00 8.209832248865957638e+00 2.229885389864723777e+01 -3.659903574620171440e+01 -3.187552869567478098e+01 4.191779847195427955e+00 4.850204932314910344e+00 -9.241247874212403346e+00 -3.795833847380473003e+01 1.925531456144915410e+01 -3.513983661283194238e+01 -1.508654630469062319e+01 7.808857877903014924e+03
-3.655326053643402417e+01 8.789962141541096230e+00 1.158364102871571077e+01 1.997279976509583932e+01 -1.970377935483768184e+01 -2.944630133656668747e+01 -8.235926217430566965e+00 1.999598988315151971e+01 -1.470057600312590118e+01 -2.508242027345196234e+01 2.905843343921383592e+01 -5.797501301408159691e+01 -2.395698617438661771e+01 9.294158051648641049e+03
-3.351124089256151706e+01 5.097099623986906636e+00 6.026269212576159440e+00 2.346451188724618220e+01 -2.551372477206703948e+01 -2.682476062566474795e+01 -3.834145097790266465e+00 1.416997272704136002e+01 -4.891443073311878109e+00 -2.587553315061335724e+01 1.454041335202535556e+01 -4.994251797985084806e+01 -1.604803157577978112e+01 6.978577130790950832e+03
-3.461628373528575509e+01 5.978806006533768702e+00 6.201419344077803153e+00 2.498203743249345621e+01 -2.438524542417508201e+01 -2.233739549222284282e+01 -1.724950291818191372e+00 5.676122339600079059e+00 -3.934028588467409104e+00 -2.866573048150439362e+01 -3.635416904127685145e-01 -5.118718887035440446e+01 -1.425275500291606789e+01 6.685988444318039910e+03
-3.372090508703956857e+01 5.968218075221886743e+00 4.144059251053362480e+00 2.055672653010535456e+01 -2.421816867209253488e+01 -1.258891919502310053e+01 8.008902839922898309e+00 1.329900392307654111e-01 -9.785032121147448692e+00 -2.440171019745356773e+01 7.545347268379637429e-02 -4.877077577121762886e+01 -2.056447949582351242e+01 5.914314484630390325e+03
-3.747448167375780059e+01 9.332291890046757743e+00 5.753052376394412804e+00 1.665417763254923855e+01 -8.444298342643843824e+00 -5.249647347149936749e+00 -1.016135511796221857e+00 -8.690821729614117697e-01 -1.072279111066780644e+00 -7.540529336757501255e+00 -1.195906149791509065e+01 -4.134112797046756782e+01 -1.270608294296742358e+01 3.974102422576180743e+03
-3.897697934656981289e+01 9.674117427125576540e+00 4.076017048207202009e+00 1.532230469047018673e+01 -1.113963251670692989e+00 1.927581479542455289e+00 -1.050522721530462533e+01 -4.548238685417953953e+00 -4.439745794086396913e+00 4.953753335319703410e+00 -1.479382074891486099e+01 -3.582010514333877893e+01 -1.049792567370518626e+01 3.656577684557488283e+03
-4.107308619388057735e+01 8.352471499167222646e+00 3.215110063926166717e+00 1.350453978919515663e+01 -1.316955453990323432e+00 1.346592665124003441e+00 -7.710755412690146748e+00 6.064508415584902501e+00 5.080569603347847796e+00 1.044898129348698923e+01 -1.641609397425200711e+01 -3.324473326793388139e+01 -6.976955471982739354e+00 3.607625148757725583e+03
-4.392836376501568196e+01 1.048894863204920647e+01 4.236382177056514209e+00 1.196796788778044274e+01 -1.653971202725212253e+00 6.948183928717688307e-01 -7.353575168063608558e+00 -5.270537330241752194e+00 2.126647291102188309e+00 5.899898911548494773e+00 -1.883472603112385713e+01 -3.012928909141803402e+01 -1.529350093636341867e+01 3.821713973210215045e+03
-4.535446829890224052e+01 1.087772770743764106e+01 6.211123776855732359e+00 2.214994974484199730e+01 -2.389769592313412794e+00 7.737019001600063284e+00 5.900608385470755834e+00 -5.715080614038307860e-02 -3.784441535246084953e+00 -7.324442049612447825e+00 -1.032060576135012475e+01 -2.550533183465061171e+01 -9.408397495078730799e+00 3.718468242066615403e+03
-4.482483940075492512e+01 9.292568143300004024e+00 5.693163891393530740e+00 2.890151843610251703e+01 -7.144763233295103433e+00 6.286144088180028788e+00 6.783744800811813747e+00 -2.745791980310017255e-01 1.754696967678775810e+00 -6.093327477787599200e+00 -7.850070319261599927e+00 -2.471027777548988880e+01 -8.593613446066251882e+00 3.886264994443299656e+03
-4.048414975037032804e+01 4.446938952404073220e+00 -1.958236401917643033e+00 2.771549116364508691e+01 -8.264468104672831217e+00 1.096532876084415342e+01 8.630666155276506046e+00 1.113525822649012120e+01 -1.167981799352492978e+01 -1.673032860415870715e+01 -1.984520153150761468e+00 -2.662271171868773934e+01 -4.270493338761373714e+00 3.965013285661724240e+03
-3.731420644159724276e+01 6.993104337374594914e-01 -4.861180180331834855e+00 2.995272556479718773e+01 -1.579067011130016596e+01 1.439615079026607702e+01 1.958511971147495956e+01 6.464114878213266024e+00 -8.964772242760764343e+00 -2.023652457752245937e+01 -1.099904436395853224e+01 -2.470148799947789087e+01 -3.565764084423078462e+00 4.429333222521791868e+03
-3.487653710803321871e+01 5.082208737654476671e-01 -6.428618329667825648e+00 2.301765050005083779e+01 -1.855908487793557526e+01 8.722436457033587942e+00 1.783868811060364123e+01 6.632322186379325579e+00 -9.528515807560559381e+00 -2.371792343210973897e+01 -9.374172378005631856e+00 -1.903441402430187068e+01 2.818533151722120156e+00 3.681958177195129338e+03
-3.585799738967889283e+01 1.126826767072855784e+00 -5.171193198536065516e+00 2.238866699945095817e+01 -1.535482590058539287e+01 1.321924365181543592e+01 2.406005712599954904e+01 7.471779236669179092e+00 -1.478652660822151965e+01 -2.917105812156174949e+01 -1.203909075176196986e+01 -1.534077780781600531e+01 -4.192661545163366199e+00 4.327741861278742363e+03
-3.313120954696608322e+01 1.976060625510511981e+00 -4.417632629313240855e+00 1.840640782588200608e+01 -1.564382856016888468e+01 1.014619921660942836e+01 1.826899813850941356e+01 8.835754173727064398e+00 -3.029801604902761269e+01 -3.215006328111253708e+01 7.018826587461162170e-01 -1.621790035548283981e+01 -6.066551296066456267e+00 4.471307085428909886e+03
-3.215935261643215171e+01 2.108162218996029846e+00 -4.288521083336751083e+00 1.830742717928517393e+01 -1.332710201157514973e+01 1.176065252468435318e+01 1.629671742762547382e+01 8.247485320214002158e+00 -3.737226083415963274e+01 -3.195216638442004964e+01 4.896066956326506237e+00 -1.099494739689620104e+01 -9.523109189741040481e+00 4.694926985568191412e+03
-3.171575573538027371e+01 1.511046690904971346e+00 -7.625412680834736001e+00 1.985271134743777210e+01 -5.288584685915921568e+00 1.222269598831263515e+01 1.104183125039239100e+00 5.456391237158673135e+00 -3.154926718977358391e+01 -2.638201702312206010e+01 -3.847919126338173346e+00 -6.350426711383162726e+00 1.139419125694111079e+00 3.416604100659014421e+03
-3.224785965671645727e+01 1.772192707443919879e+00 -5.091363060862984291e+00 1.980517165136934921e+01 -1.249916183061434438e+01 5.997199344503092000e+00 2.072315640068105314e+00 8.250864160527379809e+00 -3.279524272231969206e+01 -2.616255005594273442e+01 1.023302550498073415e+01 -1.017514389581271717e+00 -4.974686090233080282e-01 3.591803211523589653e+03
-3.232057727473816300e+01 4.183096041911840146e-01 -6.091915873592627761e+00 2.036271972293282673e+01 -1.546661881260120497e+00 1.743410539316748142e+01 1.129225840356427035e+00 2.333842745354893111e+00 -3.886276625386511796e+01 -2.088176298627961103e+01 2.942078414989003132e+00 1.320916266850451048e+00 -1.484156147200195441e+01 3.986643877045417412e+03
-3.265732731810764022e+01 1.300362608472539705e+00 -5.025073037640308549e+00 1.779727209519408504e+01 4.819705079491797051e+00 1.393307357442509797e+01 -1.029781623906729671e+01 -8.389203795751669190e+00 -4.240379640383570603e+01 -1.848456270590065387e+01 3.358468447503641041e+00 3.507247620085902629e+00 -1.591453511717806180e+01 4.220583611507094247e+03
-3.314988435473954098e+01 3.237994728442447734e+00 -6.614333462044705847e+00 1.031901422630048515e+01 3.630857598023304877e+00 1.377650379667116098e+01 -5.904594919001552533e+00 3.573293414716455896e+00 -2.813294026550370219e+01 -1.221682899662937594e+01 -1.781940555154656991e+00 4.389465318155012952e+00 -1.498424256289367307e+01 2.697922236906024409e+03
-3.418210075922056745e+01 -3.234641708201851373e-01 -6.629385325572858534e+00 1.993055901404709829e+01 7.670060706090973568e+00 1.370644703942781817e+01 -1.940862990147171629e+01 -1.002325877810763188e+01 -3.841939598090682750e+01 -1.459921786638371088e+01 -1.274494830986184546e+00 8.126394454143373025e+00 -1.437169489876495732e+01 4.296949114665207162e+03
-3.524720302181401621e+01 -1.158494759936236074e+00 -8.036896073559550047e+00 2.240115838557077410e+01 7.068115202544460018e+00 1.623773466911958963e+01 -1.870685774632677223e+01 -9.651067846443410758e+00 -3.207884976285333778e+01 -1.193737025433432386e+01 -5.842755149473088494e+00 6.396841372190396058e+00 -1.405417981274816341e+01 4.010953691685028843e+03
-3.769780178032038265e+01 9.933530626994454549e-01 -5.470880152077887359e+00 2.399329215660261028e+01 1.079931492205335708e+01 1.883165073378672716e+01 -1.667060853748781923e+01 -1.563679272312607083e+01 -3.402555623153618569e+01 -1.404394264161945394e+01 -9.172004637844032970e+00 3.740605856942306850e+00 -6.342063240254529610e+00 4.514704724530713065e+03
-3.854312440320734368e+01 2.418346355551901805e+00 -5.310921515516718650e+00 2.247794933279254082e+01 2.311403253928463020e+00 1.508754271681553583e+01 -8.264788443717364430e+00 -4.707005372942862031e+00 -2.528710360672693724e+01 -9.094197869172701232e+00 -1.215914517301193376e+00 6.748486073025235399e+00 -8.793389072642771254e+00 3.194810336717497648e+03
-4.199218787621838089e+01 3.480832076793873409e+00 -3.854981704189018199e+00 2.547433024723575201e+01 6.783945958031459611e+00 1.492952780727314099e+01 -1.191250169373265422e+01 -5.944317418928205754e+00 -2.896819669360172611e+01 -1.166858567397244428e+01 4.003011960743451780e+00 3.701139401487376190e+00 -2.663151388557822852e-01 3.890523522243425759e+03
-4.320173154507782698e+01 4.256685152590406140e+00 -2.959672899241519328e+00 2.285613797892562005e+01 8.017027909954501652e+00 1.825367061189440321e+01 -9.061731603610038377e+00 -1.221145113778496416e+01 -2.864273831723018660e+01 -6.553959420705844252e+00 -2.641095815567268801e+00 -1.036640627847158314e+01 -9.528934059708292992e+00 4.112974622775544958e+03
-4.392079034391800008e+01 6.408962947189005277e+00 -2.028098622603373258e+00 1.544761333500374079e+01 1.542393587247426545e+01 1.697653106338651696e+01 -1.637823786169484919e+01 -5.911239498257908842e+00 -2.867930172098332164e+01 -5.204309092690758476e+00 -1.291179291779002014e+01 -1.719683629375894895e+01 -8.512815166626642949e+00 4.426643182130825153e+03
-4.487588241727526395e+01 7.063661224409067074e+00 -2.643343447415577696e+00 1.174047235011861545e+01 2.235452504877806490e+01 2.111156771122586306e+01 -1.862151085652723026e+01 -2.164845117619039971e+00 -2.541211229715565167e+01 2.705965690679295932e+00 -1.492959866949512637e+01 -1.268376391591372965e+01 -1.501398657518062052e+01 4.767724668661303440e+03
-4.584861068834263165e+01 4.926317368270314745e+00 -3.925867535097220529e+00 1.690685301155340881e+01 1.475605176770702087e+01 1.903161786172441339e+01 -2.020428963599482941e+01 -1.276127949285419128e+01 -2.319429929507806776e+01 3.779617177384226423e+00 -1.284415609248383561e+01 -2.292384546372103760e+00 -1.020083916172161942e+01 4.405170453754482878e+03
-4.718151414280102784e+01 3.505798654670426728e+00 -5.484637958210544006e+00 1.899327274182247294e+01 1.409989961712394546e+01 2.683904207238867912e+01 -4.464135937370697249e+00 4.357148263646203890e-01 -2.082122997352141169e+01 -8.055460013859246260e+00 -2.056265823114857128e+01 -7.364496088368543525e+00 -1.174447438774414110e+01 4.681876718102131235e+03
-4.759067235573350985e+01 5.302153390662364352e+00 -3.168317233637436114e+00 1.539998147015898944e+01 1.657898409003752604e+01 2.391393699273377749e+01 -5.703550138513996615e+00 -4.728469681815483661e+00 -2.630030257485447720e+01 -2.766735996873778802e+00 -1.108411158990226042e+01 -1.478540883755865920e+01 -2.020626808762400728e+01 4.890930452753033023e+03
-4.666272647747791780e+01 4.935710746280252081e+00 -3.990832878097271053e+00 1.462438427141981734e+01 2.321656402835094823e+01 2.763432328006656746e+01 -9.798896953275184174e+00 -2.478350670629769770e+00 -3.014004975902724937e+01 -3.821138894378513839e+00 -1.445329623108869121e+01 -3.565110971341672208e+00 -1.488171556248656202e+01 5.202492865430293023e+03
-4.432289447819000827e+01 1.456044649429016014e+00 -8.530334357464505857e+00 1.241461357410917721e+01 1.829633563192995993e+01 3.309779112937592060e+01 -8.222648837305804648e+00 -1.202152912471268564e+01 -2.503221325149682386e+01 1.388405232137614753e+01 -1.742278553853022771e+01 8.263662405862875815e+00 -1.885621209538504317e+01 5.382653982985439143e+03
-4.382784058185869469e+01 -4.519677608097334431e-01 -1.230271831358674817e+01 7.751616816308675162e+00 1.454018435564234046e+01 3.587748558086211403e+01 -5.568320742883258845e+00 -1.839579692173322911e+01 -3.543785968240327122e+01 8.016677604220571851e+00 -2.447332918064537211e+01 7.828325331510657570e+00 -1.973737146291223254e+01 6.370450168703178861e+03
-3.961221118863302593e+01 4.347260675972247079e-01 -1.065736982293068102e+01 1.415695839551622370e+01 1.513678100357989464e+01 3.194463438928962162e+01 -1.325517780494950948e+01 -1.752845064716841961e+01 -2.724499696572536322e+01 1.398776161235862681e+01 -2.235845424372707413e+01 6.061995378432048831e+00 -1.355285019670341207e+01 5.274118737886381496e+03
-3.674577161662908509e+01 -1.095547582282040633e+00 -1.190168129699425315e+01 1.235105488279437225e+01 1.606916948761779906e+01 3.327396846891188176e+01 -1.467573690779983231e+01 -2.634835050767830111e+01 -3.549164023320778938e+01 7.900928590993747669e+00 -2.848704403489303516e+01 3.807652112685953494e+00 -1.573845570401169169e+01 6.316428624021639735e+03
-3.606271585481017183e+01 8.154835115868837025e-01 -6.878099066854184152e+00 1.381418049550503468e+01 1.890121452630306464e+01 2.936676292590637516e+01 -1.423569281992713975e+01 -3.131067171534182236e+01 -3.737498516938791226e+01 8.090442616525499453e-01 -2.866302408608079233e+01 -8.602753977420487530e+00 -1.717344505454273218e+01 6.530047716189199491e+03
-3.297678548909147622e+01 2.703270342130338566e+00 -7.166237605063296989e+00 4.661356505016340357e+00 1.537639426473226756e+01 3.268059735373964969e+01 6.170373214667305983e-02 -2.425048326889038819e+01 -4.003485160217437056e+01 -4.145632527693905445e+00 -2.835575839121339570e+01 -4.633904798232966193e-01 -1.315710717533657359e+01 5.657752793486067276e+03
-3.170806753675797296e+01 6.474883134881044278e+00 -5.584454510590486365e+00 -6.192969563651494980e+00 1.010166224859424489e+01 2.423442410615995968e+01 5.468986346113232644e-01 -2.098582531222578851e+01 -3.271425494982873516e+01 -3.719389867000594929e+00 -2.867402420031723409e+01 -1.725861012976331654e+00 -1.313095921552861967e+01 4.328576204718345252e+03
-3.183807640822258733e+01 7.449616702639875854e+00 -3.876689732795231436e+00 -5.954057228403126345e+00 1.197546597927999201e+01 1.852945189705647877e+01 -6.440153846532874482e+00 -1.788075669177000293e+01 -3.479451921989161178e+01 -7.257558569015271743e+00 -2.517666971032649670e+01 -9.970871220947781666e+00 -7.845954978823868942e+00 4.025761537882463927e+03
-3.007175862950176182e+01 8.325790493588979047e+00 -4.350668058041896380e+00 -1.249151767249659173e+01 9.449733878305428547e+00 1.540146126736328114e+01 -5.774976863060008014e+00 -1.411260650986931964e+01 -3.398090931187795860e+01 -5.251703819199427414e+00 -2.323394404083764897e+01 -9.294707506907965211e+00 -5.048234263094325769e+00 3.541589283713374243e+03
-2.840888576651143893e+01 1.026155155871699165e+01 -3.224336959594301000e+00 -1.686492488116619270e+01 5.309643443673953023e+00 7.067463836950088840e+00 -7.800983689178679903e+00 -6.763819325931018867e+00 -3.121843163681939970e+01 -2.008998903850147677e+00 -9.290080850908365662e+00 -1.537289260315831640e+01 -2.525384734404279019e+00 2.699567775661357700e+03
-2.875222862086199171e+01 7.671450667151122005e+00 -3.713491817716077836e+00 -9.270659133099375282e+00 2.083495089282780821e+00 1.395390560150340420e+01 1.780478728880630079e+00 -1.906328333879951487e+01 -3.671162348378741314e+01 -1.271083086778521398e+01 -2.158626913224228971e+01 -1.042922662207703333e+01 1.291886241037793592e+00 3.636621530938125488e+03
-2.699877871253261219e+01 6.706106571611369027e+00 -6.100942081298717845e+00 -1.526584855068598578e+01 -3.967746065937309385e+00 6.423322053645408758e+00 -6.333639004815923013e-01 -1.778403711806940635e+01 -3.829251213164810963e+01 -1.858504968965275594e+01 -2.294703008087535423e+01 -1.286918786595053632e+01 1.330850096640200575e-03 3.921751489618036430e+03
-2.591149476867287049e+01 7.081531148937822095e+00 -7.597527535932024456e+00 -1.628876401022213827e+01 -1.955993111861684008e+00 5.637611614711159902e+00 -4.626146838449009202e+00 -8.884340044279031900e+00 -2.226961100019194717e+01 -6.009066783605725881e+00 -2.177526162844801405e+01 -9.845094920995531851e-01 -6.821478835177049449e-01 2.188182269937626188e+03
-2.679359727314014705e+01 6.389010600381362259e+00 -7.159168509810943881e+00 -1.408495486665384711e+01 -6.911536966849379127e+00 5.601753495846476305e+00 2.977851916466242588e-01 -1.535495980772351210e+01 -2.570444123490827337e+01 -1.064507550216045040e+01 -1.996874211990161996e+01 3.703504497940024898e+00 2.875771212848270864e+00 2.518141009955666050e+03
-2.630121568393050424e+01 6.336649287965119726e+00 -7.596886060050367817e+00 -1.793480999295215383e+01 -5.636988995257314450e+00 3.351169322984619114e+00 -2.648090251083459190e+00 -1.438951355443602687e+01 -2.983931455858156667e+01 -1.473657914360949839e+01 -2.266519630074712666e+01 -3.372418589823837909e+00 2.435262441500591013e+00 3.006919912856350038e+03
-2.649522705121328769e+01 6.759877030765975015e+00 -7.683865363008546723e+00 -1.939614623910782853e+01 -7.274656346991245748e+00 4.360409110454281922e+00 -5.517235146452870165e-01 -1.688439571867884581e+01 -1.881940854123183371e+01 -8.627252546344773426e-03 -2.054566609577169345e+01 2.359740687747803101e+00 -1.547270113997023966e+00 2.324523308520326282e+03
-2.549397960181817169e+01 3.790799652611637427e+00 -9.427031213468509918e+00 -1.135828192365105771e+01 -6.181575289520170102e+00 6.984929087759100597e+00 -3.423428035500909683e+00 -1.447271608700814483e+01 -2.944259259798578654e+01 -5.528191151305865247e+00 -1.292097349401965900e+01 4.041527362090673314e+00 7.874064904100242401e+00 2.333086675433450637e+03
-2.446634663067058568e+01 3.942818086285808210e+00 -1.049831254677577341e+01 -2.050470354330067835e+01 -6.511649672715996040e+00 3.587555281354170678e+00 -4.334026863522304041e+00 -1.447249790035094819e+01 -3.500658062235886092e+01 -9.582114514083547974e+00 -1.811454616902856074e+01 1.542009238954813233e+00 3.578753550396229333e+00 3.088914142136539340e+03
-2.414592528693209417e+01 3.077930971793565451e+00 -1.292385842147396247e+01 -2.443094276010330290e+01 -5.804888045851694933e+00 1.906549346770311792e-01 -8.758223785296076258e+00 -5.492574801204122004e+00 -2.888873398081895161e+01 -6.656279628318133135e+00 -1.542619660049031793e+01 3.655403261812653959e+00 3.324125039944099136e+00 2.638248715373636969e+03
-2.449807212597989903e+01 7.314302276043257445e-01 -1.452153403157337053e+01 -2.251076084085755724e+01 -1.339857267034436994e+01 -1.809243373423750079e+00 -7.685434504401102096e+00 -1.426892061555149560e+01 -3.744686929622044147e+01 -1.278415156299597122e+01 -1.599898285360323413e+01 -1.446918998662090949e+00 2.651283091747087983e+00 3.594555822818155775e+03
-2.406513515002190928e+01 -1.315791797744664038e+00 -1.698952130739299093e+01 -2.135887433250542244e+01 -1.568926666423213057e+01 -1.663244859331560743e+00 -1.385359805841234682e+01 -2.065063794039121703e+01 -4.285980520963795470e+01 -1.250422275963013163e+01 -1.883860838749493283e+01 -4.557329566916222596e+00 2.448259647798668226e+00 4.567972766775085802e+03
-2.452730589452309928e+01 3.191551489565925603e+00 -1.128243413526691263e+01 -2.591004612681548025e+01 -9.979293242344841275e+00 7.436627428845780097e-01 -8.584676022897419045e+00 -1.530174256135859245e+01 -3.774802869096697577e+01 -2.288454123107578564e+00 -4.788191115055706604e+00 -2.674928068460519448e+00 6.651119600479457716e+00 3.322847959981719214e+03
-2.443407096222887986e+01 5.489625887198637422e+00 -6.948005951502512545e+00 -1.639208213741882858e+01 -6.683413647845394934e+00 4.530356934076110953e+00 -1.756318885234242622e+00 -1.092884693753141612e+01 -3.034172702115821352e+01 -3.731127807807885777e+00 -1.057074956911671304e+00 2.469739846658520754e+00 1.121751626562305049e+01 2.199442869908495140e+03
-2.580091237916471769e+01 7.004116881695478192e+00 -6.938809042541866923e+00 -2.386035774218686711e+01 1.547747495727736844e+00 -2.234129093246042530e-01 -1.193698345083899781e+01 -7.392597732686208012e+00 -4.359730879804347836e+01 -5.861426812669185082e+00 9.391901930179182401e+00 -5.472992292344184051e+00 4.350486188943235355e+00 3.603965841475874640e+03
-2.661038752186031786e+01 8.015391339217421418e+00 -7.362757902210558036e+00 -2.535080085225037294e+01 1.079775964796101384e+01 4.557850118364856762e+00 -1.418402587623609534e+01 2.581557067156371232e+00 -4.129679869741902110e+01 -2.427407673745623828e+00 1.173482049201528277e+01 -1.034143919895269992e+00 3.212865729561502626e+00 3.674865030719514380e+03
-2.867966016171934385e+01 9.954800183234972621e+00 -6.456753770493962818e+00 -3.047230658465737818e+01 1.320319596194179113e+01 3.750596103185016350e+00 -1.834676548582874389e+01 -3.856382701550972736e-02 -3.757130742310511806e+01 -9.059969898814302924e-01 7.229653351363578562e-01 -1.095582804806162880e+00 -1.344884867215770718e+00 3.832824405112610748e+03
-2.913171733878938596e+01 1.151328602729699035e+01 -3.241071749500037402e+00 -2.350020052414966543e+01 2.006728335455269985e+01 4.789746431983783914e+00 -1.672582460708452601e+01 1.345324870468082601e+01 -4.028950015292929976e+01 -5.964701741494915055e+00 8.281062390425288910e+00 -1.427981192367426155e+00 7.254313060552242121e+00 4.212418994643939186e+03
-2.980504439704780495e+01 8.156937228498449599e+00 -7.555029519686041972e+00 -2.756353265415572551e+01 1.357156319876125927e+01 4.697126329398241040e+00 -1.469834810633300570e+01 8.026334396906893431e+00 -4.119077176025118092e+01 -8.188002637554721019e+00 4.900613813679503217e+00 8.433321802959866886e+00 2.016024845938176657e+00 4.121341258158156052e+03
-3.132971330265866072e+01 8.662365773413458925e+00 -6.857894545938139075e+00 -3.048603710973564063e+01 1.097016508530833789e+01 5.359450870624892893e+00 -1.054562900733517417e+01 -2.545863533384542965e+00 -3.928179032709152096e+01 -8.364906103307054863e+00 -6.938488244296338259e+00 1.610959045793250510e+01 -1.339591428858642352e+00 4.222263375056650148e+03
-3.267372326941018912e+01 7.724655584858347801e+00 -7.482362122683091421e+00 -2.427230630637337683e+01 6.254548791282616094e+00 1.172457059377594391e+01 -2.408323475755327348e+00 -1.084455951493167802e+01 -3.169510632012955043e+01 -4.957352314310341512e+00 -1.934470415705860447e+01 1.780184110931669395e+01 -3.031671327679965611e+00 3.801831785240864519e+03
-3.517841193072047190e+01 1.053481486085120089e+01 -5.111114687114892696e+00 -2.599795034137769534e+01 1.153585384521662860e+01 9.967644211824804756e+00 -1.090903835924493492e+01 -4.457805032385500077e+00 -2.575357637511969244e+01 -1.694386617344817880e+00 -1.887645528166465780e+01 1.193694616449260160e+01 -4.257972546430417005e+00 3.604888124178407907e+03
-3.518489696815537826e+01 1.013851994017968572e+01 -4.285410090972171737e+00 -2.399829708384057980e+01 1.400311973692233636e+01 4.928806247525793438e+00 -1.395297277495943433e+01 1.734032758596828927e+01 -3.005977060382175381e+01 -1.787557518653559896e+01 -1.439751579489424138e+01 1.103280669317324936e+01 3.846150558136959940e+00 4.217732622961781999e+03
-3.600043949683965394e+01 7.501041217632534952e+00 -6.149418988583400747e+00 -1.626904235386961872e+01 1.168172335893569347e+01 8.774766629031171661e+00 -1.559484901763848441e+01 1.533063048097781156e+01 -2.529233621737748905e+01 -1.291380582985681968e+01 -1.610363802115404752e+01 1.632026413125887743e+01 2.252022853136110392e+00 3.683699531284846671e+03
-3.674479892830450467e+01 9.174196765692443023e+00 -4.516575521005236737e+00 -2.215834883282764523e+01 1.465673094294058920e+01 8.021972130672351042e+00 -1.621473907450650742e+01 2.465853434066968575e+01 -2.394336443976836293e+01 -1.962155148473353705e+01 -2.220115523516091116e+01 1.244600326364666643e+01 3.627960716025685706e+00 4.715117263229793025e+03
-3.749213560614850138e+01 1.020101419732032610e+01 -2.443564213712330346e+00 -1.391079197459143657e+01 8.950755600661544520e+00 9.012958677061778445e+00 -6.454392410878247333e+00 1.537997401092491323e+01 -1.031682291587326539e+01 -1.242575021487586895e+01 -2.521812260394446170e+01 1.347004453255502554e+01 4.947582305840342087e+00 3.251464775827807898e+03
-3.869707808585813069e+01 1.182333288088938517e+01 -3.329451250557011188e-01 -1.054218779523021965e+01 1.233879347529028792e+01 9.282548423737569721e+00 -1.238319723804554862e+01 2.101042732187807793e+00 -1.442657359945024531e+01 -7.616766777031839020e+00 -2.326389400499852655e+01 1.010968377603000690e+01 4.535985520882852562e+00 3.074803909754078177e+03
-3.868632456175801337e+01 1.272568094570924124e+01 1.483658674494411800e+00 -1.358843344873589132e+01 8.322397955363861399e+00 6.499183662281039275e+00 -8.117827496009823562e+00 5.757548461334500267e+00 -1.280597538525419488e+01 -1.202748173101010032e+01 -2.268582912629048209e+01 7.807393274598561028e+00 1.069376358002996241e+01 3.054583748580479096e+03
-3.691621274023857779e+01 8.224454482258503063e+00 -3.623915972532619545e+00 -6.085973159218787565e+00 1.420252576392389221e+00 1.111135688113078857e+01 -1.740291581611840499e+00 9.941476149154737652e-01 -6.516039541202619745e+00 -7.196898679462261583e+00 -2.573167205097301036e+01 8.948588255904343924e+00 -7.094041076426260695e-01 2.447070118679313509e+03
-3.758527843691980053e+01 7.728103243703276171e+00 -5.030709016861021787e+00 -1.053177628988142089e+01 -2.036874505675697389e+00 1.354453840998633751e+01 1.477972243663952190e+00 -1.043008543582925540e+01 -4.172766483294578777e+00 -3.301726078657778451e-01 -3.022632543057112287e+01 1.347435528294572471e+01 -6.297568943730382784e+00 3.059546910603733522e+03
-3.709007810781826464e+01 6.287305937384887855e+00 -6.149074941714199660e+00 -9.979270179454815093e+00 -1.804770801985222439e+00 1.398866193498402133e+01 6.415513193147506676e+00 -9.413083897570894365e+00 -1.015227048999400949e+01 -8.561046425934071280e+00 -3.070898291886113185e+01 1.044905036156508515e+01 -4.460255472009039934e+00 3.129784160574853104e+03
-3.766420697930382033e+01 9.234230229982259175e+00 -1.941915455028578430e+00 -1.226704008678925462e+01 -1.145205644498785036e+00 1.242080956508038980e+01 1.554576918584501222e+01 -5.710602083298100595e+00 -9.752267334046310410e+00 -7.498377565974585934e+00 -2.317435115400774137e+01 1.905770544152175727e+00 -7.608923745497541802e+00 2.837895343016683000e+03
-3.836917148472391403e+01 9.442057030399732653e+00 -1.735559782464032752e+00 -1.129148722476302957e+01 -3.013214263354723421e+00 8.853597936097415300e+00 1.204129812227118279e+01 -5.182425056326855461e+00 -1.055783274637042801e+01 -7.512785474323820267e+00 -2.091696959588795224e+01 -5.721189724331082971e+00 -1.140811567952310845e+01 2.719478169617789717e+03
-3.885625660862341846e+01 1.123567548780976466e+01 1.505521625020808774e+00 -9.657207343921077936e+00 -6.024019254295190251e+00 5.764303660506818971e+00 1.650910998064216884e+01 -7.222233965785345156e+00 -1.007013330100396686e+01 -1.413508258876915136e+01 -2.295355839514411045e+01 -1.613739351391954813e+01 -1.009296626138863573e+01 3.316162135692809443e+03
-3.822859518182440297e+01 1.212791086702132937e+01 2.793722878691616174e+00 -8.930156233769983132e+00 -2.546433726459467195e+00 7.553343057899960300e+00 1.831298511938290829e+01 -5.511186010812262559e+00 -1.286415019304986629e+01 -1.380076941511338440e+01 -1.903089513907628572e+01 -1.526916670476865434e+01 -2.793102533781273600e+00 3.084411640813998474e+03
-3.352284005265899935e+01 1.084385054856968189e+01 -1.678482096947494506e+00 -1.878772415719129540e+01 -8.256241213055753647e+00 -1.697764349159437414e+00 5.031182444269278520e+00 -9.738499435766321710e+00 -7.658861117194621038e+00 3.880099281476421247e+00 -8.812722610933537482e+00 -6.472062453627585477e+00 -9.745038937348379449e+00 2.076595652031678128e+03
-3.277246172771903332e+01 1.163609427255618023e+01 -2.630226575098769115e-01 -2.283437174043368501e+01 -6.858721584287337691e+00 -3.503740940423989869e+00 1.230885129782960163e+01 3.541823594587617308e+00 -2.902363992322698039e+01 -1.719014952426910980e+01 6.531181124108719871e+00 -8.928603142469409448e+00 -3.391329956077152818e+00 3.226031563191414534e+03
-2.901634847023164099e+01 7.936801703418455922e+00 -5.120620592167583141e+00 -1.913464627417224762e+01 -5.336301893558623277e+00 6.071573587050296261e-01 5.407697967517944626e+00 7.897304426076939166e+00 -3.785655542248854744e+01 -1.247855229139662647e+01 1.610603535393249430e+01 -1.698544671802525485e+01 -4.867305677688032794e+00 3.578185610913503297e+03
-3.053923550634054251e+01 6.658627071784350093e+00 -6.128468976816833447e+00 -1.338402825876216795e+01 -3.867436110036249541e+00 4.049373955411291526e+00 1.410717155406021162e+00 1.154473836121958419e+00 -4.427336023378968122e+01 -1.516418925119192274e+01 1.127067207481977995e+01 -1.310590021381105430e+01 -4.312939439713320056e+00 3.735827166530807972e+03
-2.819307332483093376e+01 2.974695119444767055e+00 -8.365642876753504709e+00 -1.624750721986405244e+00 -7.839020506378247433e+00 1.471599126943775993e+01 1.250834424915272436e+01 2.706521049946541524e+00 -2.922174973604444759e+01 -3.618766202284357192e+00 8.585586460722252511e+00 -1.059509043364398195e+01 -4.527806722093325575e+00 2.391591960140691299e+03
-2.807630405878509805e+01 1.740696229779463255e+00 -1.198028285225900902e+01 -9.507086727280137595e+00 -1.150753133734337119e+01 3.128777260964211493e+00 4.112582430912481435e+00 8.657998786759176113e+00 -2.692452275368557935e+01 -4.683078165138773841e+00 1.848210735613793787e+01 -9.358849376094955375e+00 -5.740997896477100682e+00 2.468304107527245833e+03
-3.091165536055397567e+01 3.222937426406199624e+00 -1.013753789465535426e+01 -1.117971362435074845e+01 -9.252084844881551362e+00 -7.476763564562298736e-01 1.003924837301922945e+00 1.273367518117628805e+01 -2.748304688577190191e+01 -9.909037334475261360e+00 1.699036174771309149e+01 -5.330074624827021879e+00 -5.655637683698320650e+00 2.645563089137015595e+03
-2.854077124185021574e+01 4.494192652134476162e+00 -9.111797353273509259e+00 -1.379276563066079397e+01 -1.185130818752399762e+01 -7.793972268249920177e+00 -4.893442322081056339e+00 1.064749420686502290e+01 -2.570741374343648644e+01 -9.048116287240041800e+00 2.180125516977447830e+01 -1.749265528549341298e+01 -2.205500067027271527e+00 2.975444521726285984e+03
-3.118757236901743468e+01 6.377589555131268462e+00 -5.884821141827534241e+00 -1.177547213221986411e+01 -1.333299824458285165e+01 -1.090703917406418100e+01 -7.419372066384490871e+00 2.918796383959597840e+00 -2.489765055381661085e+01 -6.578154158593489953e+00 2.490125927906330716e+01 -2.202466381860525146e+01 -1.732803284961913270e+00 3.318256235003764232e+03
-3.062485738044776440e+01 5.974491397199518161e+00 -4.662828732807606791e+00 -5.148049051387721953e+00 -1.624635971180676819e+01 -7.043505121088801779e+00 2.213505991374748572e+00 6.171359478889806155e-02 -2.311119434278936424e+01 -1.036038981804496473e+01 2.197088359849634287e+01 -1.151241534888102613e+01 2.775267493620021231e+00 2.604701927529823024e+03
-3.226486777392081962e+01 5.599651691872501225e+00 -7.263848148506029112e+00 -1.565809701746860938e+01 -1.595550274965124515e+01 -1.514323897197138002e+01 -5.503487760512605576e+00 4.108297526622262552e+00 -2.302304527208170981e+01 -1.017548774385016230e+01 2.416560975804378231e+01 -9.220832105610519136e+00 2.652335546152454260e+00 3.211016012298493933e+03
-3.487654124702768144e+01 6.330098991861354385e+00 -4.543473324254791557e+00 -8.996208130168795947e+00 -1.495575941423651756e+01 -1.413416637570687229e+01 -4.969091998886645989e+00 4.895899182656226145e+00 -2.605851289324378328e+01 -2.010563915439798777e+01 2.023323114293312841e+01 -5.443682148939217313e+00 1.394838116702044495e+01 3.546986771081480583e+03
-3.507000682599257857e+01 6.628787372109767873e+00 -5.447634262866567489e+00 -7.931352825443990007e+00 -1.032696842004998494e+01 -7.384792331232634233e+00 -5.570099698804688693e+00 5.112093601346072269e+00 -1.643411060111931121e+01 -7.784279970500568524e+00 1.175252328679597369e+01 -3.257187785134423308e+00 1.133645517070209685e+01 2.192691521291741083e+03
-3.877099611462875828e+01 8.374151970113171473e+00 -1.512919137509672218e+00 8.507380757440597963e-01 -3.759093410788395317e+00 1.182239043430484360e+00 -7.887218341447397307e+00 2.023412419653517702e+00 -1.023368323126597801e+01 9.167277454146793847e-01 -5.244637142980697497e+00 -2.115784317813509574e+01 3.871890089456338835e+00 2.253880865755817467e+03
-3.913583754644541557e+01 7.879341865790673083e+00 -1.066967922651880007e+00 1.115169330561682326e+00 -9.525314604525713102e-01 1.088785242910630835e+01 4.738656096794131578e+00 2.005417412901101759e+00 -6.334134655512298373e+00 -1.205941933421716739e+00 -2.560084617440301358e+01 -2.248014884622073595e+01 2.571148291304825140e+00 2.950955817498872875e+03
-4.074128114360736674e+01 9.788839878418002627e+00 -1.144068754554194434e-01 -1.040915093151305149e+00 1.606529007691579469e+00 8.119715815603537834e+00 2.291706743171331162e+00 3.719596325669190851e+00 -1.569845645263269951e+01 -7.033434472713476993e+00 -1.249390483586071632e+01 -1.610067938542042043e+01 3.682346532166974828e+00 2.569167951733178597e+03
-4.253168754001031715e+01 1.328468709541449222e+01 4.149858336929990621e+00 -6.391591586166364358e+00 5.997529578891806601e+00 8.570439763240502273e+00 7.947066583043680410e+00 4.465865236659361415e+00 -1.918700040503951243e+01 -1.363319783375147232e+01 -1.245014332867094886e+01 -1.191621634071830016e+01 7.164129579599908482e+00 3.138355842951171326e+03
-4.524949484538592515e+01 1.305452466284051027e+01 3.386567804593785702e+00 -8.529594564393274680e+00 4.783784117849990913e+00 7.345303249265719536e+00 9.884712159440924850e+00 5.160299533461624399e+00 -1.900636601182655383e+01 -1.650699692513578754e+01 -1.454046129692498823e+01 -7.940409778088820758e+00 1.723819366460315861e+00 3.414504090764751254e+03
-4.528140276276343457e+01 1.480734952136504567e+01 4.321287581096959762e+00 -1.353657229477001778e+01 7.757573910051871913e+00 6.027644505319587509e+00 5.233543137264914158e+00 3.028448183003508376e+00 -2.369287986430155968e+01 -1.308891507235387941e+01 -8.876634285043419226e+00 -1.112716211193919236e+01 2.206980403448895345e+00 3.544800664713233800e+03
-4.592798654082313448e+01 1.339559267564757583e+01 1.898967957881460000e+00 -1.548784171911356999e+01 5.357194531564273277e+00 5.456962459607125560e+00 -1.230739650214822456e+00 -5.041559093706871053e+00 -2.608219606502500909e+01 -4.208760931964854457e+00 -6.231740602043667643e+00 -9.979471759401668862e+00 2.339172884965039501e+00 3.459601979434252371e+03
-4.502946075357120748e+01 1.245278800388076590e+01 1.903656622160532219e+00 -1.318818182305439457e+01 1.361380482901725975e+00 6.157586531295711652e+00 3.371547031533751682e+00 -1.653589625609503599e+01 -2.781441586746277395e+01 -1.807884069262358295e+01 -2.787254211086778000e+01 -9.206185527302778837e+00 -5.708668140278743586e+00 4.679556294706324479e+03
-4.575978176992060753e+01 1.153802184781101658e+01 2.033763151243947576e+00 -1.494755274798979094e+01 -1.984996257975823353e+00 1.006647006176320502e+01 4.598138269740545070e+00 -2.458959339583667614e+01 -2.324142084892448068e+01 -4.885893377815505367e+00 -3.878488862828186257e+01 -2.467062089562410421e+01 -1.034270194002290388e+01 5.969628311949586532e+03
-4.502389563837931519e+01 1.270594666802434602e+01 5.802793567657206886e+00 -5.544357574788308263e+00 -2.447011800230990408e-01 1.471944153886740558e+01 1.099381579033923373e+01 -1.982273531721445536e+01 -2.077960979747365755e+01 -8.940040178925882097e-01 -2.678386896171821974e+01 -2.014593527809691764e+01 -3.266600980391594078e+00 4.550027685536329955e+03
-3.953212454062052927e+01 1.068989978467168456e+01 -2.342827758266859295e+00 -1.396221265406402523e+01 -3.819755008971329469e-01 2.327258457891200560e+00 -6.034994192861418583e+00 -9.007548882409810886e+00 -2.468107121949208604e+01 -4.326658940802578179e+00 -9.544122111705418021e+00 -1.104416125085939626e+01 -7.359093419526640645e+00 2.895709455900767807e+03
-3.943311383226152600e+01 1.031679886828313109e+01 -6.115905464405410052e-01 -1.417052294754847530e+01 -5.518725870104473685e+00 3.575645550114632254e+00 5.363261815999654791e-01 -2.093248356013959111e+01 -3.246927838638271169e+01 -7.305915373658128154e+00 -8.221121619971761163e+00 -7.334159275428184799e+00 -1.207669457329269225e+00 3.574748295963551300e+03
-3.819919281719753457e+01 7.538557969215695209e+00 -6.053967098941694935e+00 -2.738452884255169906e+01 -1.599774578111814805e+01 -6.539466951882499046e+00 -5.529385119533692716e+00 -2.879928866693605016e+01 -3.813001390291611870e+01 -1.129026409803213582e+01 -1.537106535753053294e+01 -1.371246990880534256e+01 -8.383519845812958948e+00 5.537189661188350328e+03
-3.889823278680593432e+01 1.023139413418876131e+01 -2.314884493678191824e+00 -2.504526245026576348e+01 -5.420192881947876629e+00 -2.937202946652778035e+00 -5.965128155506798091e-01 -1.365896890481388937e+01 -3.284774045087038274e+01 -8.315405399912869200e+00 -2.197165371098429798e+00 5.990744419138771537e-01 -3.119613861951726630e-01 3.628710477850585448e+03
-3.410357316251353410e+01 5.783312861692464502e+00 -8.464266033308199155e+00 -2.164749114472619596e+01 -8.887303737179525598e+00 -4.532730619778956860e-01 1.287694829801926955e-01 -6.182638330421776907e+00 -2.918679794380371462e+01 -4.602361617081459855e+00 4.961648105614266946e+00 7.126593199264470435e-01 -4.828428157751840644e+00 2.775679765312496784e+03
-3.520986709699084116e+01 6.279658739491407182e+00 -6.649169582260600286e+00 -1.805142221481327525e+01 -7.281552230929455582e+00 3.072860949277128828e+00 3.631022818578168443e-01 -1.165895675513405116e+01 -2.963389808617687038e+01 -2.366701415124156771e+00 3.342102531434830492e+00 1.077268101575333592e+00 -3.971826214693416901e+00 2.759635498917153654e+03
-3.129981446955639157e+01 1.927504248295486722e+00 -1.214181221295844004e+01 -1.819826383943019366e+01 -1.258092600148005147e+01 6.195808973194210090e-01 1.241436889751830419e+00 -2.925369576897006940e+00 -3.215839953660157846e+01 -6.528183837306303694e+00 8.709311811623283717e+00 -2.122899586600057731e-02 -1.062403664797598957e+01 2.896259163865066057e+03
-3.228510413765027209e+01 2.472030688736832182e+00 -1.024519012765371784e+01 -1.355066030159149726e+01 -9.298527633803375991e+00 3.036967281203012625e+00 2.496908976034841465e-01 -3.054536701869480453e+00 -3.279791637867570842e+01 -4.834041304165979547e+00 1.112720497444272816e+01 -2.751911825852673132e-01 -1.103923063725149412e+01 2.786927834602651274e+03
-2.882311314630657861e+01 -1.885399499746241325e+00 -1.524141632342989183e+01 -8.129851863285729507e+00 -1.324881021220022603e+01 2.578919281700859489e+00 -4.938542554174351729e+00 -1.067486206627136225e+00 -3.087053022138966085e+01 -7.285694438390723171e+00 4.615037341996673703e+00 5.834655073423848926e+00 -9.854269057001593168e+00 2.498951739383643144e+03
-3.057174654040125006e+01 -8.569337029811243678e-01 -1.330193133059652943e+01 -7.388306547825953530e+00 -1.201669711413505226e+01 9.372884845888290739e-01 -6.788183047396212366e+00 3.437018851595361024e+00 -2.892408997422237249e+01 -8.124280909376610182e+00 8.560418450999684126e+00 2.176733234390104688e+00 -7.709601382901826838e+00 2.410130325822306531e+03
-2.728392513162738098e+01 -1.430583849779998529e+00 -1.272005339644074162e+01 -1.726023509173914672e+00 -1.366085458395470553e+01 8.796115690099009399e+00 3.480710428814698165e+00 -4.436699391681429461e+00 -2.404198247901825525e+01 -9.457461276608241096e-01 5.658490823679197312e+00 1.224003791458194002e+01 -7.190699175040506930e+00 2.019482860518391817e+03
-2.936777068218573206e+01 -2.826160058965199173e+00 -1.449729464218888531e+01 -7.571868902708376758e+00 -1.433485053651557806e+01 -3.405252781707485826e-02 -8.287506626601077286e+00 -6.061953945886385142e+00 -3.124474459991301245e+01 -1.246432705842773769e+00 1.605048959032614064e+01 6.320619115996229276e+00 -8.723217974638341587e+00 2.800327670885180851e+03
-2.775662280657868308e+01 -2.261176572509209226e+00 -1.482759015491846810e+01 -8.319609680257462614e+00 -1.415015212190639282e+01 3.150030150313090971e+00 -5.762438509267457043e+00 -1.348865563722266891e+01 -2.868027523283123870e+01 3.742032030187873559e+00 1.132579244748116665e+01 6.624005025087826404e+00 -8.280022831942844164e+00 2.567186174025667242e+03
-3.002733362018219765e+01 -1.402112861677683675e+00 -1.422853925389768293e+01 -1.595215532531072178e+01 -1.432935039859703252e+01 -5.899202981252566147e+00 -1.284133135194566222e+01 -1.345700015710791320e+01 -3.339652089267537605e+01 3.470107650585903536e-01 1.513166056800991655e+01 4.605937612138534476e+00 -1.234474855524472403e+01 3.464673450346374011e+03
-2.944620972470825393e+01 -3.221291241102429148e-01 -1.189731953495381767e+01 -1.140705719094925286e+01 -6.795274321988948429e+00 2.450942725911695597e+00 -1.078708284145414709e+01 -2.328129479258171841e+01 -3.349463920202927625e+01 7.059099321017582973e+00 1.544342021963326417e+01 1.395315257868377401e+01 -5.520468842468995163e+00 3.484799926705738017e+03
-3.155861319419107502e+01 3.024713419697402816e+00 -7.313944490809882737e+00 -1.676689564913764485e+01 -5.266086579358937314e-01 -1.703471481451022340e+00 -1.370423499197356243e+01 -1.725517286116783922e+01 -3.582744004888070322e+01 4.362960770727915438e+00 2.304011545994269028e+01 1.816044703641406954e+01 -7.051997155604499135e+00 4.041464018681930156e+03
-3.032202716465271308e+01 1.132823994129768419e+00 -1.101987197738512414e+01 -1.567128062099495089e+01 -5.730949894501487840e+00 -1.290430925428296627e+00 -1.793492411923147856e+01 -2.254667552347736859e+01 -3.547096938962939561e+01 3.374166525388025306e+00 1.113279880363357144e+01 1.443019291620265143e+01 -7.001187278037957817e+00 3.803019284549940949e+03
-3.200348046501007815e+01 2.294391006204900663e+00 -8.705698383278585695e+00 -9.888670998930930267e+00 8.937379385473531723e-02 1.080134264414806422e+00 -2.150436399001178245e+01 -2.072422230331411086e+01 -2.944643639475820862e+01 8.673996414493815976e+00 1.605309008167941087e+01 1.169921062246850951e+01 -2.675531496337140158e+00 3.440230258122120176e+03
-3.088984148762212101e+01 6.289363903427397373e-01 -1.171249009092966098e+01 -3.609473857295209864e+00 -6.079307915805632234e+00 8.972743772300790788e-01 -2.213280518567443877e+01 -2.420135918435966360e+01 -2.489254795053914648e+01 7.714353200401216526e+00 3.288106216622412425e+00 6.446029471785600151e+00 -4.080384489808669635e+00 2.966281196368780456e+03
-3.322174203989661834e+01 7.137825559408373932e-01 -1.032469624887632342e+01 1.653900765936509254e+00 -4.101229665200027519e+00 -1.626544478709880837e+00 -2.955193186207115730e+01 -2.425090174201887905e+01 -1.762952109335113704e+01 1.274692917957682781e+01 4.992748119752793201e+00 6.093520242032971268e+00 -2.351319673809144639e+00 3.235288458293077838e+03
-3.317230617048999619e+01 1.549189374978842793e+00 -9.054823548351057738e+00 9.214251296644743405e+00 -3.529403772923366045e+00 2.777193977051025886e+00 -2.543551772438065228e+01 -2.290663835488005873e+01 -1.760583342108366267e+01 3.037245521874039511e+00 -8.008129701450043214e+00 6.462415703662468758e+00 5.317896308363672553e+00 2.914906490844594373e+03
-3.684624846377269591e+01 1.671360142022833895e+00 -7.594994426432933210e+00 1.380808626273290862e+01 -4.811804265137117120e+00 -2.325179444484217317e+00 -3.202015715393577011e+01 -1.873492399150851639e+01 -1.069570377861970911e+01 -1.307225172906532951e+00 -1.334696247218569276e+01 6.924095614335387339e+00 1.248777787445182241e+01 3.511770438545124307e+03
-3.755071166986071063e+01 3.368581382526737222e+00 -5.312667580433307890e+00 1.717507417344606679e+01 -4.058343655884200096e+00 5.006728876145249529e+00 -1.770140450434990242e+01 -1.348578959641248254e+01 -1.217201064416255640e+01 -7.291120859993061920e+00 -1.614381637257964286e+01 9.204478526375915237e+00 1.418068845057801575e+01 3.029110070324163644e+03
-4.211771347464316761e+01 2.095674791345748300e+00 -8.736293465617039899e+00 7.769523253174110522e+00 -2.851228677687446034e+00 9.058496539080877596e+00 -2.215241616386919432e+01 -1.022042732738751702e+01 -1.509648996293649326e+01 -8.651973019275887467e+00 -2.995594226176960717e+01 5.197223646379416806e+00 7.647618618610647623e+00 3.885970824718886888e+03
-4.380983206177187839e+01 5.733248833017204227e+00 -5.299551321027449191e+00 5.080768495395225237e+00 2.593424072380293044e+00 1.118844525115232535e+01 -1.527377539102946713e+01 -3.360233960296747480e+00 -1.334579346879614015e+01 -1.024583588324286154e+01 -3.160868828818014364e+01 1.098958189346247671e+00 5.554987457681061613e+00 3.696819649005106385e+03
-4.491919534589658269e+01 8.082365223110366870e+00 -4.612663721098885006e+00 -7.625678108230379948e+00 1.126327834243667558e+00 2.600110789211469431e+00 -1.867112971929951115e+01 -7.384812435682313492e+00 -1.394351909419108182e+01 -6.478720644822969277e+00 -2.709059280955643345e+01 4.735599072511008423e+00 4.590413964996274965e-01 3.566594483824515464e+03
-4.510782523590358295e+01 9.487245878692661449e+00 -2.231335376087167255e+00 -3.517604536329047793e+00 5.415795370697552791e+00 5.209194226309111997e+00 -1.815647986142591819e+01 -1.028714675211910823e+01 -1.074104661791038140e+01 1.872810310918144872e+00 -2.073960457317854988e+01 8.573320558246745549e+00 -1.118515062236224100e+00 3.257787424452372761e+03
-4.628621256708210296e+01 8.116838282498751056e+00 -2.291544170306366368e+00 -2.544644313278453751e+00 7.553930023956646478e-01 7.922921699384565919e+00 -1.606028628276294867e+01 -3.367954084885965926e+01 -1.325242920562360283e+01 8.219663105747311960e+00 -2.995089288613334233e+01 9.262834724127049668e+00 -9.358312268888978380e+00 4.989234342739082422e+03
-4.538900424652841536e+01 5.841941687906187397e+00 -2.965209232712248788e+00 6.381380627320386800e+00 1.240352248524712842e+01 1.683249588494229698e+01 -1.904672845465924524e+01 -2.986900610143387524e+01 -2.411882795631125376e+01 -1.468750134828678000e+00 -3.005750789410281598e+01 1.366691869697955042e+01 -1.557662093923628754e+00 5.512459999369872094e+03
-4.660600691563747233e+01 5.399787581431206185e+00 -4.289420234477907101e+00 3.866801229799709194e+00 5.419907505960549265e+00 4.072096331558729965e+00 -3.151565330155438716e+01 -3.170698240322542816e+01 -2.790290353860776307e+01 -1.203122078375043813e+01 -3.383166105644806265e+01 1.553666529915660455e+00 -4.628608832099456727e+00 6.370896854969991182e+03
-4.558224099521563488e+01 8.937674625190190625e+00 -1.052578084509209422e+00 4.505169997475255150e-01 7.648325707544114671e+00 7.110033178986835622e+00 -2.183045148940220059e+01 -2.031925459206986062e+01 -1.969776936593128625e+01 -9.259119997432170734e+00 -3.257614459207336921e+01 6.235265240042044965e+00 4.444207891287075718e+00 4.750991919384799075e+03
-4.728859314814790338e+01 9.121391729503914192e+00 2.880431742577312382e-01 3.039456931461135270e+00 1.048582004095307774e+01 7.157325119020319981e+00 -2.671352044422392424e+01 -1.970910417184923347e+01 -1.468021204534496960e+01 -6.500398603760597638e+00 -3.543131461678624561e+01 4.798867956740745733e+00 -1.715958895987351296e+00 5.131088294670659707e+03
-4.819090913902960693e+01 7.854024840023178022e+00 -7.933811602096322302e-01 7.012352143294570794e+00 7.921317654456816904e+00 5.006486188550630878e+00 -2.532685206855997251e+01 -2.300121126404657446e+01 -2.051395182847713272e+01 -4.632026540020036443e+00 -2.458356330971306036e+01 -5.960927416274612867e-01 -6.056897848641076720e+00 4.775840111332525339e+03
-4.953743715629479993e+01 1.058176638963231753e+01 4.870736710224885968e+00 1.473053755284990096e+01 4.990239246720821420e+00 1.087804695410460987e+01 -9.844301882130087833e+00 -3.526680095215209576e+01 -1.369164729051877671e+01 -4.986735264516701349e+00 -2.776328349483040725e+01 5.931908227660848354e+00 2.446050274738260644e+00 5.314835536563909955e+03
-5.045996005392166950e+01 1.167491004415544076e+01 6.285693841026510853e+00 9.715020214529472398e+00 -1.165602431023823327e+00 4.915193814164875441e+00 -1.200273004730049209e+01 -4.584588513025971679e+01 -1.063944148284873847e+01 5.586468185126831215e-02 -3.231423185219667715e+01 2.594159838784544814e+00 4.991347295173211851e-01 6.252220346112216248e+03
-5.103354664639039129e+01 1.473213488071555766e+01 1.027404596803207149e+01 1.163062505666420066e+01 3.387662905790933099e+00 1.020845109358914371e+00 -1.283469269162859305e+01 -3.109289345403007587e+01 -6.933393517956758068e+00 3.056305765776143435e+00 -1.467537152993919136e+01 3.923654671687741846e-01 2.046780658017908205e+00 4.483424627619998319e+03
-5.259079695514671471e+01 1.232087246685735771e+01 6.864634851379327607e+00 5.560922124807919253e+00 -4.105840911905718649e+00 -5.258096099606431650e+00 -1.730421237009923985e+01 -4.372966975191998529e+01 -1.586453594043096871e+01 -6.415160716642430039e+00 -2.181996349898230392e+01 -3.639037512944226727e+00 -6.242395237550336873e+00 6.073026862835943575e+03
-5.119297953516545618e+01 1.573963573087232248e+01 8.578404863016123372e+00 1.273269208422565635e+00 2.489760757281820780e+00 4.810933661385407012e-01 -7.466854107244001781e+00 -2.482158597588772508e+01 -1.074240368924503031e+01 -4.044670458850616157e+00 -1.512268325460587981e+01 6.743106651002636065e-01 -8.142877786061495371e+00 4.049178229646395721e+03
-5.499297183176843618e+01 1.466707060149264841e+01 6.321147967189309824e+00 -1.432544734553070409e+00 1.067268153106251560e+01 7.894788516282112312e+00 -9.951440318843845390e+00 -2.538838311151477356e+01 -2.130882991546310734e+01 -6.822647208001949792e+00 -2.536286605015920159e+01 -1.144442942175113131e+01 -1.495070780942113053e+01 5.699582335536745632e+03
-5.505903368308224799e+01 1.612151779562616127e+01 9.213738900146804411e+00 3.437971813478901240e+00 1.183292774917387291e+01 8.731269330880341073e+00 -5.719382280617729464e+00 -2.546600949068551145e+01 -2.082264972611913834e+01 -3.983580665065977744e+00 -1.298756694857651972e+01 -4.493653220671933290e+00 -1.124387358927671876e+01 5.050341541491684438e+03
-5.746456954289013197e+01 1.313687851141112972e+01 6.886495441667691786e+00 1.058530436887416748e+01 2.526047912522508820e+00 1.976713950467921199e+00 -1.092228863094951130e+01 -2.799950912346724508e+01 -1.523316432460027592e+01 -8.407592479193098711e+00 -1.375920478219941501e+01 -1.684178449403572975e+00 -1.221810679617061357e+00 5.044165935275496849e+03
-5.655250796655349177e+01 1.101380934061639749e+01 4.647794296908584144e+00 1.272861744346675650e+01 6.230950227972593680e+00 -1.398106955156275699e+00 -1.809099964138973604e+01 -1.026588274028782521e+01 -2.266726283151552579e+01 -1.273594794303941136e+01 7.087909300333461449e-01 -4.970225567168620628e+00 1.233764345750752167e-01 4.677791830407136331e+03
-5.281210924726575229e+01 4.165581036191524866e+00 -3.314314544104946414e+00 2.261338448806018420e+01 -3.575604046748241949e+00 2.143939273260715872e+00 -1.413406563701545693e+01 -1.776175367749536882e+00 -1.663994814882602924e+01 -6.087967693126224766e+00 1.076920857599499293e+01 -3.169308369030138905e+00 -8.711637613350120546e+00 4.064993041517123402e+03
-4.217124777557820892e+01 -1.219689947237225525e+01 -2.298747362618866319e+01 3.734039873644229601e+01 -2.956021621363543961e+00 8.515691982361476065e+00 -4.484339516801932746e+01 1.980992813603159775e+01 -2.752091772047339902e+01 -1.513201335719248775e+01 -1.170106675115340167e+01 3.584255860767743940e+00 1.027283065788137328e+00 7.471722138020853890e+03
-4.096676598802783786e+01 -1.062709767198289512e+01 -1.936455794859989510e+01 3.997173056371484989e+01 -8.795912429895349494e-01 7.554511855755276173e+00 -4.424656154310191880e+01 1.279887310586531868e+01 -2.919521586522420620e+01 -2.151790424318843620e+01 -1.893349375181008298e+01 -6.308947265735614707e+00 -4.491358981558242647e+00 7.677183299740590883e+03
-4.363924676789789459e+01 -7.491869148734854988e+00 -1.508607704579000597e+01 3.949950446918833080e+01 1.210304271554969002e+00 9.228658465774518760e+00 -3.550038933142589315e+01 1.084134935149807077e+01 -2.358403872131829715e+01 -1.891011480382113419e+01 -1.624924347331443286e+01 -1.547094241800236603e+01 -1.547160370258400164e+01 6.869315825894236696e+03
-4.048646123028547095e+01 -3.797044895792160091e+00 -9.916795168832267748e+00 4.133192157638627862e+01 2.544563077712187926e+00 1.316514836989964898e+01 -2.749751089155289918e+01 8.043111408847609667e+00 -2.121370579008228319e+01 -9.714261566121669134e+00 -3.445308880713562338e+00 -1.251460676613539391e+01 -1.250698779985554410e+01 5.330140810476782463e+03
-4.092434843925092025e+01 -6.327613270176891014e+00 -1.179938945135307904e+01 4.114658086706497642e+01 7.262790609046956725e+00 1.728387744457786113e+01 -2.583413366992900606e+01 2.653985541796571646e+00 -2.784570750876020284e+01 -2.357531137085098649e+01 -2.047103125023656034e+01 -2.471713060098289461e+01 -1.714141003620837012e+01 7.228040678550262783e+03
-3.927706657390562128e+01 -3.472063151534671710e-01 -5.391317885086891692e+00 3.903261363474504719e+01 1.091264088294994039e+01 1.899270683843818119e+01 -2.708475167084254309e+01 -1.449506379008776413e+01 -1.294725425665987650e+01 5.083605551100173869e+00 -2.204349942327235112e+01 -1.646857758041781850e+01 -8.824425192525989559e+00 5.547393870524958402e+03
-3.976563600513942021e+01 -5.707460787000063762e-01 -5.117780839629875622e+00 3.563489302367812428e+01 8.722603880327049808e+00 1.342228403488339694e+01 -3.276275297504336947e+01 -2.435837987750375788e+01 -1.539128919813328089e+01 -1.100391759872065167e+00 -3.174213448364804790e+01 -2.280627979870113009e+01 -1.369023414452279575e+01 6.753853675410002324e+03
-3.825535094584470386e+01 3.658786716032077724e+00 -3.264027608017398663e+00 2.269861405383493391e+01 1.834829062910077369e+01 1.417860772353938614e+01 -4.303391975392881363e+01 -1.163121833277268991e+01 -1.221438699892516411e+01 5.823480402824928959e+00 -3.560846666731572441e+01 -1.738710919102298647e+01 -4.991014412161654867e+00 6.305924590736070058e+03
-3.859832443905601451e+01 4.077131424499786050e+00 -3.747369693918910283e+00 1.683796393576930228e+01 1.808397369757298279e+01 6.685044789312339475e+00 -5.087926929500262219e+01 -1.133586654858780385e+01 -2.042164737417039788e+01 -2.321159949807745093e+00 -3.330715865748087623e+01 -2.016207041075881534e+01 -2.560976351365608306e+00 6.837801268153659294e+03
-3.576957940167213934e+01 4.637732958071378420e+00 -6.202205586371145607e+00 5.562845061245623945e+00 1.694554817309250438e+01 1.018557500073039179e+01 -4.128044948265834080e+01 -1.660538208151088213e+01 -2.819879900814347096e+01 4.357276639989484224e+00 -2.588290719362232295e+01 -2.010798570570786836e+01 -1.253374797975681965e+01 5.786604678993067864e+03
-3.690004640795213220e+01 3.541500879487454512e+00 -4.822240214566387628e+00 1.210927102470964556e+01 2.060615665919311112e+01 1.129967316149684819e+01 -4.678435646239651646e+01 -2.082533421732867396e+01 -2.548142976125190273e+01 5.644684108897878083e+00 -3.254466935861596966e+01 -2.200084702599887265e+01 -9.073133077498106047e+00 7.025491198241058555e+03
-3.352738846614283830e+01 2.822933011600293085e+00 -8.722843302626849038e+00 3.281843420366560071e+00 1.715920842453025941e+01 1.063582608496347781e+01 -4.454781202723921751e+01 -1.356714065686794157e+01 -2.815241457461948116e+01 1.012426117440332840e+00 -3.072656322848173360e+01 -1.315593572570155168e+01 -9.456773339579061854e+00 5.795261659622525258e+03
-3.558708626201924119e+01 3.459426829210159759e+00 -4.559656693042545506e+00 1.051193535712317839e+01 2.767146817122806368e+01 1.022346997122523860e+01 -5.425723298203281075e+01 -9.450871374160280780e+00 -2.835527764562910136e+01 5.627586825990419150e+00 -1.993260658541130681e+01 -1.795594358089848441e+01 -6.847573557021866542e+00 6.915400868951935990e+03
-3.414811012409315794e+01 1.202266440331011710e+00 -7.314748172729633069e+00 1.146246800987476000e+01 2.885142720019608475e+01 1.503917696077923161e+01 -5.174383349994257486e+01 -1.382366133562404720e+01 -3.305687850699086283e+01 1.781880412187783147e+00 -2.458690075241973716e+01 -1.103243975980080371e+01 -4.544703280699945225e+00 7.122349254488116458e+03
-3.640085469500557736e+01 3.677882957225830474e+00 -4.136403897600430923e+00 9.934488898930030842e+00 2.614557817796219297e+01 9.233477025920745263e+00 -5.146918147535689769e+01 -1.393741773457494482e+01 -3.010371480114969955e+01 -9.662605352161733885e-01 -2.010422544364169184e+01 -6.036650825255041930e+00 -3.933352438692928832e+00 6.429789163093084426e+03
-3.347919565166591127e+01 2.226029846359629083e+00 -9.598357171748158834e+00 2.695433507867212697e+00 2.251365032545414735e+01 1.156088750914235241e+01 -4.932278490284887340e+01 -1.649446607560566491e+01 -3.030656901392760361e+01 2.193808555163798690e+00 -2.902302034833759947e+01 4.323783967170751197e+00 -1.010710234644103700e+01 6.457013922367942541e+03
-3.484056341716802052e+01 2.625558273492265116e+00 -6.685426544169653873e+00 8.712537906261156095e+00 2.815992603061875599e+01 1.582403223502942069e+01 -4.985338948744710308e+01 -2.137252247511991143e+01 -3.062988328831156437e+01 8.522436818944434833e+00 -3.002693411228629827e+01 -4.172964852382472500e+00 -1.475687976876712959e+01 7.474505838821651196e+03
-3.403107361299954903e+01 9.288745844135396501e-01 -9.457151809720834024e+00 5.447759412420305480e+00 2.808750242474699021e+01 1.997885584773150214e+01 -4.471699138321906020e+01 -2.407031285181737701e+01 -3.811405178810917249e+01 3.257794494196491808e+00 -3.201348655591272774e+01 2.604903520287910057e-01 -1.065507360218108879e+01 7.646900273640625528e+03
-3.582778451673971176e+01 6.070822565695462636e+00 -3.019827757707024052e+00 1.712370971580059242e+00 2.324723238075752718e+01 1.592442727152625537e+01 -3.364917391968598537e+01 -2.335221847457864541e+01 -2.696284258874138118e+01 1.158631682803886420e+01 -2.631918815463252059e+01 -4.655990257421988687e+00 -1.966354476929732797e+01 5.766421335880676452e+03
-3.951910827618453226e+01 1.247280238078263714e+00 -3.640009451641889271e+00 8.741854572871689655e+00 2.903516981330182389e+01 2.194626837154375565e+01 -3.757710666015441348e+01 -3.943546344177143936e+01 -3.335756612566265034e+01 1.312453428285071055e+01 -3.458387748179436727e+01 -6.996101835194243890e+00 -2.713069436644328292e+01 9.210905037796592296e+03
-4.314572807701891577e+01 1.031907666242516086e+01 7.868573799924369894e-01 4.903883454091680250e+00 1.070652596072494411e+01 9.695865713288110754e+00 -1.933121721074413557e+01 -1.602895781819120558e+01 -1.694359223863412822e+01 8.973239648089538223e-01 -2.425955936273305724e+01 -4.139697963002276992e+00 -9.458768165406487682e+00 3.814989492745629832e+03
-4.981924717481145848e+01 1.124638799243980580e+00 -9.394891553975567078e+00 9.959839784266682372e+00 2.044279835174189586e+01 2.283072437549649791e+01 -3.150612334924876734e+01 -1.609932219063123782e+01 -2.664475666928201747e+01 9.902441720158471128e+00 -2.842594992529056341e+01 2.579238830035421426e+00 -1.692520159303244398e+01 6.770809521837309148e+03
-4.844874985315554028e+01 3.303700191776652417e+00 -7.183030913837407105e+00 4.666987262639959333e+00 2.149149634224609429e+01 1.786745186915273464e+01 -3.556299692016153813e+01 -1.498449509513029909e+01 -2.659329376420713231e+01 8.561045347768297731e+00 -2.678824666557848744e+01 2.286331187355566286e+00 -1.369109173897767917e+01 6.392742828429459223e+03
-5.039657986408771251e+01 3.100209032964575950e+00 -6.089473509867048051e+00 5.443209442820970523e+00 3.483637821732779827e+01 2.242429007128334462e+01 -4.070799680339165150e+01 -1.071602296861989423e+01 -3.332352563396873535e+01 6.801275421037825453e+00 -2.606904100078083886e+01 -2.931239646890104744e+00 -1.597193469168797719e+01 8.204537429615958899e+03
-4.521490265871791792e+01 2.970821289771508944e+00 -8.502510297765862646e+00 3.915838308075371810e+00 2.455379095629369246e+01 2.455585169662816014e+01 -2.855524560043248172e+01 -1.121013412211614124e+01 -3.019397547947027149e+01 9.107094751704646995e+00 -2.626634353975734015e+01 5.831086095606943687e+00 -1.579263538884940843e+01 6.255732364400168990e+03
-4.530188103513172848e+01 3.052406122390742271e-01 -6.725763144132937299e+00 1.192279864213953289e+01 3.272648366175248924e+01 2.404051209272332201e+01 -4.184820833728593925e+01 -2.021031864578768733e+01 -3.155276899342802821e+01 1.249405588844254922e+01 -2.699817090492315685e+01 -1.584128054202994740e+00 -1.996543047914126134e+01 8.330148861650195613e+03
-4.097808306517914190e+01 -4.304820172224025576e+00 -1.363361056973639762e+01 9.571223237917577009e+00 1.581617796990076563e+01 2.160854893326103365e+01 -4.261610937822896261e+01 -4.021317308392544732e+01 -3.276385486521930090e+01 1.212760193714689372e+01 -4.270993041637215981e+01 6.295080013374945160e-01 -1.774905887660407799e+01 9.485643802316122674e+03
-3.834650439500968844e+01 -1.835437017939666848e+00 -7.483771107480484908e+00 2.118874406935057664e+01 2.663574785538351719e+01 2.610875688072486867e+01 -4.418721640427668973e+01 -2.364008844662497211e+01 -2.683440711508132637e+01 1.207821379538579798e+01 -3.254068354179533173e+01 -2.842001455483333938e+00 -1.337113783352296714e+01 7.993016096892199130e+03
-3.571457891537499307e+01 -3.217157056076753729e+00 -1.545610574226279255e+01 7.301287226560642551e+00 1.331986723296304653e+01 1.189909464172944986e+01 -4.798285131436604445e+01 -2.361264842008361242e+01 -3.823316540890746040e+01 -6.758256732641939601e-01 -3.471148175294843696e+01 -9.566588909394365459e+00 -1.793292189731234387e+01 7.837227702717636021e+03
-3.491764757465344360e+01 7.941233678216534919e-01 -8.496742939890262747e+00 1.826484193908723341e+01 2.064148765524523199e+01 1.730153301621164275e+01 -4.395115521560404659e+01 -8.699410792678511584e+00 -2.371696882313657539e+01 4.483162714560016582e+00 -3.025439773192830017e+01 -8.897237560386908939e+00 -8.963195878948992501e+00 6.015891342750959666e+03
-3.444263487527501866e+01 8.375389490632344225e-02 -1.284276712845632140e+01 6.573958573462268973e+00 1.209431500220842715e+01 1.369687298679924226e+01 -3.901815706192151367e+01 -8.590970469325428738e+00 -2.494171850228121556e+01 7.410027172204266543e-01 -3.735082028304297808e+01 -9.447392604655984627e+00 -1.385972624516853102e+01 5.623621271118192453e+03
-3.625626946851669885e+01 5.940047772700355333e-01 -6.676928801940086089e+00 2.293606345719145878e+01 2.592283650433266118e+01 1.991254961491105391e+01 -4.951169205271431650e+01 -1.220821386317170720e+01 -1.964868597100740644e+01 1.141195313667198263e+01 -3.093841655606149388e+01 -8.570424026476150203e+00 -6.278757545650152316e+00 7.140829640923914667e+03
-3.867271366004025168e+01 -4.140465846905471814e+00 -9.966719780029590581e+00 2.782827876300784808e+01 2.646112874916422086e+01 1.840928596657006366e+01 -5.594509139092459549e+01 -2.447622769943605192e+01 -3.280979890896695395e+01 3.453749683885598554e+00 -3.252575221305593800e+01 -1.237509269977564230e+01 -9.404573019827008551e+00 9.542427720322706591e+03
-3.849674188190793700e+01 4.260543910822010005e+00 -5.928994667537170749e+00 1.160561845191850594e+01 1.612721831700090647e+01 7.905752883742144022e+00 -4.023955325068300937e+01 -5.943216847223525612e+00 -2.765467589765304623e+01 -4.911016020948781424e+00 -2.270235601819369364e+01 -1.836292701117790926e+01 -6.610950568202446753e+00 5.332324200940292030e+03
-4.140730809921920041e+01 7.176609640319404626e-01 -7.067855046179865042e+00 2.306402486213776015e+01 1.898179707360823443e+01 1.154997383630732521e+01 -4.714200947317313961e+01 -1.060952237096079465e+01 -2.774607031803606105e+01 -5.168406873621659514e+00 -2.945159827400327401e+01 -2.307233112003383013e+01 -9.559350854080001625e+00 7.413292697611624135e+03
-4.157410737059500150e+01 2.906771982053997672e+00 -3.472711660745571027e+00 2.429102984849946978e+01 3.076840307479333703e+01 1.878320447765510437e+01 -4.727557114017581341e+01 -6.920610866675155570e+00 -2.126847211296992768e+01 8.150895757568640931e+00 -2.502322175778349234e+01 -1.873480828508393614e+01 -8.619785069710664160e+00 7.491587834953904348e+03
-4.165918406614797220e+01 2.799472298684067439e+00 -3.566768681656550033e+00 2.700726602387180719e+01 2.557001963729656779e+01 1.395629489559302705e+01 -4.811714282343938009e+01 -1.107152344840005398e+01 -1.951987326899604014e+01 7.911726580294301314e+00 -2.694090633702227677e+01 -2.259125718141731554e+01 -1.050036421421710564e+01 7.561936909392505186e+03
-4.085932388861388631e+01 7.088213956569193730e-01 -7.078709425516685805e+00 2.189482519754039913e+01 1.939303315449912901e+01 1.685639444957614685e+01 -4.008264852700710890e+01 -1.651062655947701785e+01 -2.464482492617266729e+01 4.175968495721572360e+00 -3.137222559178471570e+01 -2.540866040952121807e+01 -1.401262077020732022e+01 7.189901756821447634e+03
-3.989736030806872691e+01 2.301197335674393329e+00 -6.306520780698983586e+00 1.853513560474516098e+01 1.201890982642525252e+01 9.648374143538362091e+00 -4.271648034066394928e+01 -1.840682617381268216e+01 -2.077664258024053723e+01 4.448979467108737040e+00 -3.099870220912357155e+01 -2.251574874543529603e+01 -9.473227323184918447e+00 6.390555395830028829e+03
-4.026087897001852411e+01 -3.827938810077563758e+00 -1.360313907477795858e+01 2.014214573726767910e+01 1.299265932323163497e+01 1.738621117493090651e+01 -3.928520937806035107e+01 -1.759359581868609368e+01 -3.255526681478031747e+01 -6.783726328563776775e+00 -4.055490428411487613e+01 -2.999678994287254952e+01 -1.595581637233862438e+01 8.455254828340153836e+03
-4.183104730247455905e+01 3.197328927865923931e-01 -6.398426412838546185e+00 3.019933571922367577e+01 1.797953855358623798e+01 1.811238966004709994e+01 -4.173228372630699567e+01 -6.216180213121707432e+00 -1.621274514487571849e+01 1.206285402594619605e+01 -2.483583468924795667e+01 -2.581693998427025605e+01 -2.294434862551308213e-02 6.826124506929926611e+03
-4.353082326765122190e+01 -5.921412262678905414e+00 -1.502313761220285215e+01 2.887944173939213854e+01 1.584424294960241042e+01 2.080304218107925607e+01 -4.462901468169587815e+01 -5.009818118990015279e+00 -2.618505439208820107e+01 4.736750824683610084e+00 -3.886119307531648559e+01 -3.143775294873125503e+01 -9.962285621906930899e+00 8.996231998523091534e+03
-4.458621524784106782e+01 1.284873891057125794e+00 -8.206665223185925839e+00 1.985883933669638779e+01 2.570406895330748753e+01 1.769686491195597711e+01 -5.094632056475121118e+01 6.036558924859561914e-01 -1.522928675083481842e+01 1.995325513290098485e+01 -3.538258584571388354e+01 -1.415342077324802439e+01 -5.296402807196646911e+00 8.131436661668028137e+03
-4.704081057054295201e+01 -6.300070771568974104e-01 -1.104076774180054166e+01 1.585472426323637052e+01 3.661455118031290112e+01 2.579429685740323208e+01 -4.840413421794033866e+01 9.360346218590187561e+00 -2.389844136082190573e+01 8.773464157560944443e+00 -4.465980726647215704e+01 -2.071070634824071632e+01 -1.289466203137892997e+01 1.026086622529210035e+04
-4.856779526214196352e+01 1.966077637372834752e-01 -6.083893237264200060e+00 2.604359639007231308e+01 2.932443380993231585e+01 2.040534540897094828e+01 -4.733306829344116551e+01 -1.023797581403268353e+01 -2.473672128699296380e+01 4.575232872236942860e+00 -3.809950621115159208e+01 -1.233413452060698745e+01 -3.998530192253976434e+00 8.948217730932257837e+03
-4.979670596593954457e+01 -7.288797904912805992e-01 -8.586900019849958099e+00 2.776041203203606855e+01 2.723157723082834636e+01 2.109392748667779571e+01 -4.806657386144764388e+01 2.341230163874923331e+00 -2.017715905790113240e+01 1.038042610567314128e+01 -2.927183808230467932e+01 -1.006464826811313706e+01 -3.762002151351349966e+00 8.314169279144016400e+03
-5.069605783062793591e+01 1.155278999905880455e-01 -8.763328457297541618e+00 2.183010782867098598e+01 2.088411173164313439e+01 2.308359015800954950e+01 -3.798750390390835463e+01 -8.048128705502859859e+00 -1.606771011289959361e+01 3.949155684966494384e+00 -4.526403133532399892e+01 -8.765548797489383759e+00 -9.921860925384795138e+00 8.098152087201749964e+03
-5.457246770477460984e+01 -3.907546554748265955e+00 -1.218735453054950213e+01 2.761147497269276485e+01 1.924456061668896822e+01 2.552146736995514331e+01 -3.835887344394460996e+01 -4.903979893543043644e+00 -1.309276187628270627e+01 7.335265399700392486e+00 -5.374429518342368794e+01 -1.572578631281159467e+01 -1.150343851577356524e+01 9.914804162455528058e+03
-5.376562949010087067e+01 -3.577515410309890509e+00 -1.646232722956337113e+01 1.231164983545755476e+01 6.784792572865625537e+00 1.590357468955194875e+01 -4.033710144466306247e+01 -1.279600734296427866e+01 -1.488747338874199500e+01 1.190294858553303747e+01 -4.237093175600949735e+01 2.749733124761782666e+00 -8.611189497649641922e+00 7.656229649127760240e+03
-5.276917317604380742e+01 -4.147128580132444675e+00 -1.379817198969322156e+01 2.199891177080107951e+01 7.138320743408636204e+00 2.139708844754444428e+01 -3.460274639022988907e+01 -1.993055065864120934e+01 -1.410624645065489702e+01 1.240992476241148168e+01 -5.061433633707120805e+01 -2.136350881427710569e+00 -8.024723313710969919e+00 8.563257550598835223e+03
-5.283866250898897476e+01 -6.086423109389627939e+00 -1.581309026712514765e+01 2.454717556275036827e+01 8.256139206289061505e+00 2.015384310307068816e+01 -3.974204205662668699e+01 -1.441609507884154695e+01 -1.311436768008915266e+01 6.465314581460819277e+00 -5.846169914410174329e+01 -7.935984266315705860e+00 -1.514917264940737596e+01 9.867215861817829136e+03
-5.081060310919067291e+01 -3.696026525581010080e+00 -1.411585151260316984e+01 2.531273671875046105e+01 1.423588504730897597e+01 2.514558805098487682e+01 -3.795020633951929767e+01 -6.228278666329811308e+00 -9.828677986162427160e+00 1.509832625684664542e+01 -4.315154662249715756e+01 2.691888324904616603e+00 -1.028026806882534139e+01 8.048889059331785575e+03
-5.138574128216726677e+01 -5.903728981459468450e+00 -1.959240604708100619e+01 1.554975814741968065e+01 9.370323692781791891e+00 1.851444168218966979e+01 -4.072293877903248216e+01 -4.404781019433140488e-02 -1.622239287701934174e+01 7.346833077190406236e+00 -4.771996796678351416e+01 -1.092066406887958863e+01 -2.366444283576733554e+01 8.663557064186345087e+03
-5.042536396949829935e+01 -3.081419788919379066e+00 -1.858451176989046161e+01 9.894448987965638764e+00 1.604587057273342765e+01 1.865774959573932179e+01 -4.091793975535063765e+01 1.168768507127494338e+01 -2.378354024345478379e+01 6.769097880711659521e+00 -3.379426359745626485e+01 -8.344531792218342403e+00 -9.441890959326434185e+00 7.324268276878802681e+03
-5.214222059052518432e+01 -6.883411302880505289e+00 -2.314181700941559683e+01 8.335692556104152828e+00 2.094333041176523125e+01 2.956601325905577937e+01 -3.295366868611923650e+01 2.141408696479643936e+01 -2.187650421458743466e+01 3.756620970617899236e+00 -4.455577002887936544e+01 -6.375666841552816599e+00 -1.585749559489210725e+01 8.998519188194824892e+03
-5.029762755636316740e+01 -7.292758242918184308e+00 -2.286699459346008467e+01 8.300882272910651949e+00 8.286578542866516628e+00 2.373057934790816148e+01 -3.034038280256824649e+01 1.510985218830048282e+01 -9.073501482607488455e+00 2.490013775637119231e+00 -4.136220553586483817e+01 1.136488516558971185e+01 -1.523948272094553502e+01 7.116257083705368132e+03
-4.829253586373116747e+01 -6.291874902954321058e+00 -2.219173914508024481e+01 6.101156241787228041e+00 2.689612296714192219e+00 1.559363775516667339e+01 -3.690674657410913539e+01 6.075492181189953378e+00 -1.127728774525094302e+01 -1.292187480227079632e+00 -4.828128517256584473e+01 8.286276401982473061e+00 -1.297100586871289707e+01 7.247708039533491501e+03
-4.845768920628830045e+01 -7.792696001246986803e+00 -2.239974660495926884e+01 1.182503885595307125e+01 3.627013089147308911e+00 1.851558447457600565e+01 -3.340412391905396561e+01 1.153927216166036196e+01 -8.100846591536791763e+00 -1.482774792336750469e+00 -4.636640089958105193e+01 8.742174490725842517e+00 -1.337572843864485250e+01 7.128427530352397298e+03
-4.890027514578010681e+01 -8.766684759568914131e+00 -2.329704628387241883e+01 9.489057087152339420e+00 1.956855452113062777e+00 1.354198925249335339e+01 -3.907713779402536858e+01 5.589074960272901293e+00 -1.754393841281133959e+01 -3.365870681781795160e+00 -4.596228605265994105e+01 5.478332655529975170e+00 -1.551483038888297017e+01 7.548734144568679767e+03
-4.964790853261051495e+01 -1.191978974124068635e+01 -2.690909097928725657e+01 1.238329584068639377e+01 -1.514189208036132772e+00 2.439123957690609501e+01 -2.029783997271488616e+01 1.166607544072819813e+01 -4.375347147266167802e+00 8.533932451958238019e+00 -4.337711467101171792e+01 5.202835123013649365e+00 -1.089280000042303165e+01 6.749034691252090852e+03
-4.871669925068299278e+01 -9.927341813159436867e+00 -2.507679489127514572e+01 1.220524497899603666e+01 -9.429852323056366004e+00 2.028703950274650936e+01 -1.412196310095725948e+01 -5.365420624682233630e-02 -5.339156782794765910e+00 8.322030964388321905e+00 -3.292294407828855896e+01 6.243474489227877733e+00 -6.419258861160553664e+00 5.211472254922331558e+03
-4.714459241140380641e+01 -9.770599158306287890e+00 -2.528766073316264240e+01 6.044129860654073205e+00 -7.689750781250391576e+00 2.152266898949024565e+01 -1.330047210767617827e+01 -7.236021170850108319e+00 -1.127110327455545580e+01 2.149561672886860819e+01 -2.329270096104480814e+01 1.666344068854308968e+00 -1.283622450371431789e+01 5.044889188564973665e+03
-4.541147286068698463e+01 -1.275822419227881888e+01 -2.883187719195874266e+01 2.729980759378091371e+00 -8.125270830294466506e+00 1.852991102452260108e+01 -2.322243638683504585e+01 -5.096730946432687759e+00 -4.466582286207726682e+00 2.539166273070629032e+01 -3.962969736343704596e+01 2.691524605880065146e-01 -1.061242458405995848e+01 6.386235741265821162e+03
-4.612393221189917369e+01 -1.223802630098089317e+01 -2.802652664453863096e+01 5.522715275517334099e+00 -7.261736127881886382e+00 1.806356133671460995e+01 -2.807619369379993302e+01 -6.844005669892618826e+00 3.261751376797071278e-01 3.136172178652636333e+01 -4.081686301387637172e+01 4.450773943527976395e-01 -6.661761808976041976e+00 7.001568570116332921e+03
-4.645287719882732347e+01 -8.421627300256330884e+00 -2.458774316634632129e+01 3.725611515923598738e+00 -3.338285457360867792e+00 1.707990480906358499e+01 -2.333134877206781255e+01 -2.069579269373876151e+00 -5.568264608679016625e+00 2.317269746466548952e+01 -2.577614344019971782e+01 2.241852048820790255e+00 -1.175477420516556393e+01 5.074322859987300035e+03
-5.110004686700337828e+01 -9.575589180218816665e+00 -2.547074338109883129e+01 7.183763130627093041e+00 -6.096262383190647505e+00 1.993722496230417107e+01 -1.924124952203880312e+01 -9.117469409033665428e+00 -1.457249109601398374e+01 1.790385623580984031e+01 -2.429465119733261247e+01 3.371432714484095428e+00 -1.529883076285162602e+01 5.659839627811944410e+03
-5.405772279258658841e+01 -8.980153620987993079e+00 -2.385115548312409928e+01 8.848712899850564639e+00 -1.163132947763355141e+01 1.334304283049597117e+01 -2.750923238828844575e+01 -2.204562497759542694e+01 -1.726416213261379795e+01 1.794578239740841141e+01 -3.029560644860430685e+01 -7.515343379810196289e+00 -1.966232281365233447e+01 7.187163449709931228e+03
-5.022140643243903213e+01 -2.856200076552334099e+00 -1.538466104735372397e+01 2.186755310464893187e-01 1.211360981366541267e+01 3.119585322876483957e+01 -2.138332804722457325e+01 -2.639285989090798168e+01 -2.166405345466575483e+01 3.556754150020427829e+01 -3.626274085400089575e+01 8.832044721595313508e-01 -2.695298527921034903e+01 8.817444790744822967e+03
-4.954950713833761000e+01 3.877395326763080519e+00 -2.742667090359769855e+00 2.249209034436879320e-02 2.064744732202759891e+01 2.386922488411910592e+01 -2.954149385846869436e+01 -4.859156939685120591e+01 -2.696096891632053882e+01 3.455539146351640056e+01 -3.624863743764016988e+01 -4.471883050930886228e+00 -4.236296858936439946e+01 1.175715952007218220e+04
-4.439295893367657442e+01 5.488397019183907766e+00 1.588579429008315780e-01 9.153225032710727405e+00 2.930708922330487454e+01 3.069085595017164181e+01 -1.740369285484130657e+01 -3.182011592049488868e+01 -3.454528886262125553e+01 2.378142660204461478e+01 -1.485576511446652681e+01 -1.123013674781876681e+01 -2.581788818756207604e+01 7.973212801755817964e+03
-4.514852618160804099e+01 7.311987604466295032e+00 5.158964651046873406e+00 9.209213451895932323e+00 2.373921194133037460e+01 2.598274496773507991e+01 -1.160668583383105812e+01 -3.469152999716369123e+01 -3.714099772628778595e+01 1.566326911484473250e+01 -1.119986336463489884e+01 -3.534359126492105219e+01 -2.608322165265677484e+01 8.459882283153756362e+03
-4.111362716815686014e+01 8.857207800833421629e+00 3.444608112729232285e+00 6.774189662013087698e+00 1.168824045101254150e+01 1.631515856194895164e+01 -1.003245503947777095e+01 -2.789153598091164454e+01 -3.023420141096230651e+01 8.192673572820030614e+00 -8.892446434428475044e+00 -2.864134033608168650e+01 -1.851498725768246345e+01 5.331356305030411932e+03
-4.320799120506035251e+01 7.971316933695634432e+00 5.296823199599407062e+00 9.284859398780612949e+00 9.533407928627552153e+00 1.473386024929079419e+01 -8.301379342749262591e+00 -3.370279416677026774e+01 -3.950193959808517974e+01 3.124374669151888995e+00 -8.198031605958338019e-01 -3.934418783711641510e+01 -2.420271846014197337e+01 7.262074809645420828e+03
-4.070775248450027561e+01 6.945274469708218490e+00 2.906276804578572737e+00 1.329589262247958104e+01 1.355307263790481187e+01 1.759428560737554648e+01 -1.168645236463885340e+01 -3.028515376439824536e+01 -3.623325137336497903e+01 4.855462164887961229e+00 1.088152482522497744e+00 -2.217089910302359712e+01 -1.937758323207370381e+01 5.642241119356432137e+03
-4.253106017851392551e+01 7.474762018662369556e+00 3.405282865176625151e+00 7.665691745000847490e+00 1.005632385050905597e+01 1.839483358323584028e+01 -4.329214245239369596e+00 -3.098360141503125931e+01 -4.463111302833444682e+01 -1.917518301020584293e+00 3.736681392127107149e+00 -2.473157084204126477e+01 -1.907355268557954275e+01 6.338374055806686556e+03
-4.004718850320521284e+01 8.761678064244886599e+00 4.327421452874293806e+00 8.366164333252758212e+00 3.321124826829481069e+00 1.498933256792579627e+01 4.511905119877551051e+00 -2.808175963770383987e+01 -4.265388744960803535e+01 -1.041120209928874907e+01 8.071209728432158670e+00 -1.835257776641030247e+01 -1.165291869492370935e+01 5.279415359681364862e+03
-4.269843421935647143e+01 5.942535792942487127e+00 7.030345224981942032e+00 1.229557375549966203e+01 2.927155253948711344e+00 2.312878149571647057e+01 1.110769516429756898e+01 -5.002338270504204587e+01 -5.781047483764169925e+01 -1.604698059092225648e+01 6.823332366170143715e+00 -2.402676510443475877e+01 -9.965620811993787242e+00 9.551018876040239775e+03
-3.973751352423142436e+01 1.106670305261273590e+01 7.456083808666719825e+00 2.529691164049573615e+00 -5.353001573932123947e+00 1.381810133401066309e+01 1.313874164451977045e+01 -3.937510048642834448e+01 -3.940619212942137750e+01 -6.642700870249836242e+00 -1.270417556492403843e+00 -2.183183515056442303e+01 -1.298377961083903642e+01 5.949949014120384163e+03
-4.242159693148297350e+01 9.585901670066631297e+00 4.727205731600514937e+00 -8.481296501061512672e-01 6.129231756905331174e+00 1.911799624921342655e+01 1.146204175269215497e+01 -4.534864872834749150e+01 -4.258854259953411514e+01 -1.730613215278277650e+01 -2.271878296430612210e+01 -1.159295146994979575e+01 -9.032082478210366361e+00 7.350895108018930841e+03
-3.974530029491286598e+01 1.145445497244142530e+01 4.277344676560874248e+00 -5.907929536162430217e+00 8.212249086000558140e-01 1.026617422942685209e+01 7.140865106611093083e+00 -3.363389847943863487e+01 -3.652236834400495269e+01 -1.850351870738099080e+01 -2.132064640775933739e+01 -9.256298891646716598e+00 -4.214542032641817926e+00 5.286667559160986457e+03
-4.169570674106247310e+01 9.849686440749623628e+00 2.764439398135484893e+00 -1.094420111695406916e+01 1.411335035733268128e+00 1.230605076416221522e+01 4.558835113358704838e+00 -3.239463408510589915e+01 -4.368227932766384214e+01 -1.418858944834544644e+01 -1.484182885616292147e+01 -1.158474770368242091e+01 -2.630600603162541073e+00 5.657455914464708258e+03
-4.022137704754187837e+01 1.222614625091104301e+01 2.526258603431576155e+00 -1.113462951846914173e+01 1.990080503998075789e+00 4.553714031076885327e+00 3.906763530537940454e+00 -7.452136657900781280e+00 -3.370776215442987933e+01 -2.436512715954607700e+01 -1.545110629549290415e+01 -1.359805593003065205e+01 2.051276305355292262e+00 4.150817851007200261e+03
-4.306267624699041363e+01 9.228994218493710378e+00 -1.636868891051721731e+00 -1.874149532546550034e+01 -6.004971794391051887e+00 4.285952342713208907e+00 5.669949952325876730e+00 -2.287887747779889125e+01 -3.846565875262233902e+01 -2.355969816757279034e+01 -3.067576834650180118e+01 -1.425179457863038834e+01 -5.398901611514879129e+00 6.111442679471358133e+03
-4.184638796809604600e+01 1.555091673645925709e+01 5.416638304767941392e+00 -1.945386474996151094e+01 -9.528038625485124591e-01 -5.988617857324022298e-01 1.066834960180598380e+01 -4.024294684903921393e+00 -2.794635179464107821e+01 -1.936797082063445785e+01 -8.022259597742277037e+00 -1.017579333869873714e+01 2.225953452340291960e+00 3.860994283367620028e+03
-4.460526413487882991e+01 1.410758429141265324e+01 4.804199559599589442e+00 -2.188447016287577540e+01 -3.696493106689585417e+00 1.542071505071213045e-01 8.661547231614614262e+00 -1.617355551026759386e+01 -3.632831638764639592e+01 -2.336533126702600782e+01 -2.023199220347299487e+01 -2.358921618905361939e+01 1.157039796188106706e+00 5.873766677026213074e+03
-4.100386313499775781e+01 1.250325333897221292e+01 2.224644541231414863e+00 -1.790429651073721473e+01 -1.426017823288669106e+01 -6.363227271470571544e+00 8.311749390453980979e+00 -2.308626847578643648e+01 -2.945050861213951876e+01 -2.104734276249329383e+01 -1.561929423937773187e+01 -1.581057719761660607e+01 -1.123484979212383550e+01 4.939546976124481262e+03
-4.280464118489502567e+01 1.379576538589246582e+01 4.319601276361945352e+00 -2.183709206681663773e+01 -7.074653229850707881e+00 -1.014953468114721780e+01 6.336664476291199222e+00 -8.306193556911702913e+00 -2.231947229413356126e+01 -2.819352056246411209e+01 -2.458017411953941789e+01 -2.336798193123807721e+01 -2.641119722681774529e-01 5.223638674942115358e+03
-4.261850068637731681e+01 1.307608439155332114e+01 3.673304393738857865e+00 -2.028645652094154883e+01 -8.488084300340489108e+00 -1.089357931739755792e+01 6.840996402215279382e+00 -8.136635262317120976e+00 -2.034981110461597709e+01 -3.133204789072681606e+01 -2.751550281775743301e+01 -2.150992497098442868e+01 4.477631377300229087e-01 5.331868074135361894e+03
-4.286248026082552798e+01 1.287112946004744352e+01 4.093531717746600407e+00 -1.811017538035745389e+01 -2.591538201369402827e+00 -5.167370276018965036e+00 1.296150916728396574e+01 2.965817546579798236e+00 -3.824137468216229685e+00 -2.188598918052608866e+01 -2.947191217921488970e+01 -1.946577306102082616e+01 4.065688981084385922e+00 4.315468526389640829e+03
-4.541890846279072491e+01 1.428668338433872087e+01 6.590290018639334946e+00 -2.253056265151608173e+01 -6.158413658451432404e+00 -1.851827425730360943e+01 5.187246904658482372e+00 1.209570126982436378e+00 -1.080020016793575444e+01 -3.560102318387875897e+01 -2.998131261203155162e+01 -2.621544768586183238e+01 9.498508989703141836e+00 6.287695526343207348e+03
-4.544120911985499589e+01 1.486423228933628238e+01 5.567709625436191523e+00 -2.295502470871176826e+01 -6.013806750459574246e+00 -1.271686800805997919e+01 5.787276360460653635e+00 -4.570598690435037526e+00 -1.066957819884449243e+01 -2.461355868147701287e+01 -2.682283967717894768e+01 -2.325228892468343034e+01 9.652880554357523568e-02 5.075859137606799777e+03
-4.771799179042481853e+01 1.352931155701612909e+01 5.842205881825287328e+00 -2.229767825529867409e+01 -7.127334157812438065e+00 -1.981360115098690500e+01 -3.130088252424510831e+00 -1.688696011016350917e+00 -9.293865127218710498e+00 -2.384587885767337312e+01 -2.616817807487360881e+01 -3.015975639319386303e+01 6.020292705709182179e+00 5.733023907528686323e+03
-4.457522409995367241e+01 1.304319054815769086e+01 5.164431392913787278e+00 -1.998227608130964583e+01 -7.396122549822968573e+00 -1.469815822601340116e+01 -2.249435901941392757e+00 2.256749775726269114e+00 -6.580427606428535192e+00 -1.560459436415919399e+01 -2.508300784621178892e+01 -2.964674628737862960e+01 1.235089786886618413e+01 4.811366416636422400e+03
-4.551671547157746289e+01 1.089124039149857914e+01 4.255974621111037415e+00 -1.896812433277507282e+01 -6.829408489733219234e+00 -1.655452844226104858e+01 -6.147941715057161360e+00 6.425292937713126484e+00 -5.263797518928457819e+00 -1.614554217261656177e+01 -2.628134680693785086e+01 -2.975466287223417794e+01 1.695194630198013641e+01 5.119872106617629470e+03
-4.447655772107468408e+01 1.166095534058810657e+01 3.240190740346957199e+00 -1.939705012911745641e+01 -7.857126767523900490e+00 -2.107652578499837404e+01 -7.811485820556853810e+00 6.517036313133966807e+00 -5.850617793837229463e+00 -2.091717867833370903e+01 -2.445906732386205107e+01 -2.649084077118796188e+01 8.047965224820579522e+00 4.946870364963188877e+03
-4.792842995878604029e+01 1.339317639281857453e+01 4.877495595161319031e+00 -1.956365716477847627e+01 -5.004937030344098758e+00 -1.921992367452595829e+01 -4.914802070145547042e+00 7.953459857733238714e+00 -7.735882828583975801e+00 -2.323200830080774182e+01 -2.025436944506924064e+01 -2.825197971929668483e+01 1.905087822789810925e+00 5.176519173090640834e+03
-4.748966526569314794e+01 1.087100078865474373e+01 2.476408480046580429e+00 -1.799263966510486057e+01 -4.621893410439142258e+00 -1.677657338160643619e+01 -5.251762912871483557e+00 7.888952758663708487e+00 -9.323595201980600322e+00 -2.584584590446830177e+01 -2.813819918529456388e+01 -3.341081436158646056e+01 4.272779463628335606e+00 5.777181140768615478e+03
-4.714555472044499140e+01 1.140137743802541870e+01 3.870772567747037929e+00 -2.014993463818796471e+01 -1.321095798958057621e+01 -2.183775077847190005e+01 3.343160529335745590e+00 -4.160560813378859635e-01 -1.263606117934947592e+00 -2.824127898550538873e+01 -3.288285143482614359e+01 -2.614496616652363770e+01 3.951067298636115499e+00 6.016082724920393957e+03
-4.786266910040566103e+01 1.447387655996810452e+01 9.211383138656644931e+00 -1.995354083801877820e+01 -9.800622474334755196e+00 -2.286417150352895078e+01 5.085997043096816661e+00 -3.055522980384370868e+00 4.731307366863091168e+00 -2.736855611648502062e+01 -3.815764252125022438e+01 -2.063882419039794058e+01 8.974775127454753587e+00 6.371284162053980253e+03
-4.793875379191125319e+01 1.409756418164869096e+01 7.252263510026987881e+00 -2.310221886339782671e+01 -9.030767032497770685e+00 -2.403802470614498432e+01 7.975167240368099542e-01 6.012788813669220911e-01 -8.413156060426621452e-02 -3.284151066224917770e+01 -4.079651945907745159e+01 -2.037011032414753942e+01 5.883361425592132044e+00 6.936035464550262986e+03
-4.743391443780747352e+01 1.342861090035949978e+01 4.202869248172372174e+00 -1.923960235857646950e+01 -4.273583821557369156e+00 -1.689444290551310957e+01 -4.216124178653634758e+00 2.324698939901485240e+00 -4.797901520970309974e+00 -2.696590201478884552e+01 -3.414363515315810105e+01 -1.706280345317939862e+01 3.434434057486872138e+00 5.363898037383547489e+03
-4.904021172977258658e+01 1.609618496419050260e+01 7.797018106120315650e+00 -1.602891777176323984e+01 5.038377019291710113e+00 -1.070141247153354591e+01 -7.677091758927683252e+00 2.346677967723878044e+00 -5.283463348531736159e+00 -2.274566459142164376e+01 -4.184505127647567235e+01 -1.498334969001183836e+01 3.246194648873991895e+00 5.717426447040254061e+03
-5.152381193240669432e+01 1.386849432267789162e+01 4.961962295520849331e+00 -1.393757246889070522e+01 4.649943234286477711e+00 -1.862553762569146443e+01 -2.995622208892594784e+01 -4.739417029447345331e-01 -1.573749213514155443e+01 -2.357626139143533806e+01 -4.117655147186506781e+01 -2.038863096442814538e+01 -7.275421918791702414e-02 7.246766530275021069e+03
-5.123157073790446248e+01 1.622645540078488935e+01 9.496804735535672393e+00 -5.923658808889204153e+00 1.652713899837874578e+01 -1.080996040248895085e+01 -3.018120212039366734e+01 6.551840371626054704e+00 -8.027414391341222810e+00 -1.589891657242432643e+01 -4.030000687151543559e+01 -1.495631700138336129e+01 8.074790944840550821e+00 6.587283020958187990e+03
-5.269721772600746590e+01 1.556726106944165089e+01 7.418532410988059489e+00 -8.976333587523136259e+00 1.228727912876385098e+01 -1.192531875976108502e+01 -3.217578743809660580e+01 -8.129603887521074768e+00 -1.114644856080163926e+01 -1.352724621701938901e+01 -3.902384109634530063e+01 -1.436607371786293719e+01 7.214996413218809579e+00 6.638037900570507190e+03
-5.362421205464266905e+01 1.475399365997465750e+01 6.266443665503286020e+00 -8.202071718416069857e+00 1.552196037254833527e+01 -8.681555148544873646e+00 -3.567722207681844537e+01 -6.307712519526959660e+00 -1.128208729472685867e+01 -9.381905052995126226e+00 -3.979541451175303024e+01 -1.386188898501169398e+01 5.195820939432717722e+00 6.846859983817561442e+03
-5.295603711884788112e+01 1.692076333850798164e+01 7.481703476330283209e+00 -8.869324407872015925e+00 1.435607994916924035e+01 -8.074076718238789141e+00 -2.918835614137417878e+01 -1.173992006926931175e+01 -2.233484059786375298e+01 -1.714316509471643357e+01 -2.187493732104421795e+01 -1.165356614578535499e+01 2.402043613038835901e-01 5.893477904323553958e+03
-5.581720266918981110e+01 1.556953168455035730e+01 7.652195664462371205e+00 -4.040696337765418811e+00 1.636923541082591882e+01 -4.841550374001202250e+00 -2.458870305839844761e+01 -1.585010393366177794e+01 -2.977694009967774136e+01 -2.639103770329327858e+01 -2.462059674505949758e+01 -1.953707701745898362e+01 -6.822071239751703153e+00 7.197641198057526708e+03
-5.494825469430026743e+01 1.922447570716045107e+01 1.190223048339786338e+01 -8.113189838028979750e+00 4.674775181819239123e+00 -9.104931394951115919e+00 -7.974589685036069575e+00 -1.751581124760068064e+01 -2.228707706131497090e+01 -2.102238944394283848e+01 -8.774687936135322275e+00 -6.454021360871914581e+00 -8.777160173082837247e+00 5.205871865683185206e+03
-5.803307316816081851e+01 1.346216739520786732e+01 2.934740506108887370e+00 -1.420966423868360806e+01 -6.801568591914245454e-01 -1.175068393638189868e+01 -2.063837546172549153e+01 -2.601032712182771434e+01 -3.497345056614645387e+01 -3.127275736601695755e+01 -2.727760283860531487e+01 -1.021414466188133119e+01 -1.606871135967090680e+01 8.308343087272915000e+03
-5.804686778010536585e+01 1.869545284907555782e+01 1.209036657418092986e+01 -2.151262905848583262e+00 7.147840252390081695e+00 -5.034398460583898505e+00 -1.034740105397242615e+01 -2.170798111573888534e+01 -1.773678187057761590e+01 -1.745593151039263091e+01 -1.191175443417542468e+01 3.294185662000543857e+00 -5.641244642391951558e+00 5.328373823138949774e+03
-5.994733932009322785e+01 1.740724664160935120e+01 1.212364052830174010e+01 -1.725087478188420009e+00 9.961463683016717141e+00 -2.760115556767726464e+00 -7.748116419174905012e+00 -2.119811125081020720e+01 -2.885868723978597927e+01 -2.881661169092808450e+01 -1.415563681738964696e+01 3.094484969485151282e+00 -3.169218072974340217e+00 6.546119311584477146e+03
