-7.685372021147045984e+01 2.246989659428388908e+00 -8.151530493300962021e+00 2.648694309615448716e+00 -1.212224986406400795e+01 -4.741034879851048878e+00 -4.434429783717133589e+00 8.265603083001114015e+00 1.667072576706816989e+01 1.180926593951567760e+01 -9.817806776905632082e-01 -5.858364728083627071e+00 -1.108783230288680954e+01 6.818013234527042187e+03
-7.906816837705251544e+01 2.303045166949144740e+00 -6.984615767113376172e+00 9.360782699458713552e+00 -7.629369141423570255e+00 -2.041949770016787458e+00 -7.535208923730533748e+00 1.175219780407465286e+01 1.074574243957879816e+01 9.400220155699788194e+00 7.516178058002313200e+00 -4.905970369943733367e+00 -1.687041497076153362e+01 7.219766235522818533e+03
-7.925587668047560896e+01 1.246077889690653695e+00 -8.658922712966772295e+00 1.346832895950934805e+01 -3.178551209147397305e+00 5.623136036417412775e+00 -1.367273258183848306e+01 9.201717138479347469e+00 1.658253899823969590e-01 1.458576711428930039e+01 1.828922602256829322e+01 -5.138282759390326859e+00 -2.427471932420420231e+01 8.015689424094079186e+03
-7.970780028746375478e+01 1.704329673044848947e+00 -7.638273135301197669e+00 9.976955757414371462e+00 -6.033355809521251167e+00 1.948325279986871938e-02 -1.403091546360980146e+01 8.549310764225715786e+00 -2.389519472176175885e+00 8.734321622210480029e+00 1.713379384049531495e+01 -1.728646626780197337e+01 -3.057396891700872388e+01 8.429634654429979491e+03
-7.648333883338024464e+01 -1.249130985220351153e+00 -1.367153367551877885e+01 5.011310826111857075e+00 -1.266775219153075405e+01 -2.838664156916921755e+00 -1.681058449294049240e+01 -1.026621767627455162e+00 -5.915461659475832690e+00 9.899119414284948348e+00 1.336106135052164356e+00 -1.682514748399855620e+01 -2.077438688561876745e+01 7.364896349345291128e+03
-6.845503432515651809e+01 -1.271004970129877876e+01 -2.789105338392572619e+01 1.120360806766917605e+01 -2.163760942997443237e+01 1.266245418702169978e+01 -5.831160137633301765e+00 -2.172176449482522642e+00 -1.797855131446745602e+01 6.299302042946400171e+00 -2.945276264800284149e+00 -9.885751144713891492e+00 -1.611906551820827715e+01 7.147449962174438951e+03
-4.569430610740281651e+01 -2.084945792628655425e+01 -4.082190104809767917e+01 -1.236976117969718025e+01 -2.671966684169849060e+01 1.340176251796457940e+01 9.274904007260835470e-02 -2.694117056882394667e+00 -1.603380208646972704e+01 8.407623849216699696e+00 -1.005996231585082157e+01 1.601661761920503579e+01 -1.105118278005296695e+01 6.050557277832652289e+03
-4.338996039810194816e+01 -2.193391241539483971e+01 -4.085162313527231248e+01 -8.262987466929894609e+00 -2.459490014852440609e+01 1.941743109327951089e+01 6.087066152370541161e+00 -4.365954689158358937e-01 -1.596380996416529996e+01 8.032873312699232216e+00 -1.392661423383356656e+01 5.085834894762469638e+00 -1.820215403482773553e+01 5.990610979717234841e+03
-4.010045418473951173e+01 -1.662821779329585681e+01 -3.394747149165931432e+01 -3.247917980409769978e+00 -2.064167480724922399e+01 1.960410183756441072e+01 1.472200606985711646e+00 -3.518088362013822579e+00 -1.537253166287267270e+01 1.016886567153296106e+01 -1.018014453038812306e+01 1.599596115516780515e+01 -1.254973569749081364e+01 4.729190253529943220e+03
-4.237447423288813297e+01 -1.982566586480031745e+01 -3.864640882817729306e+01 -8.628155027176301672e+00 -2.057119610359600514e+01 1.657819035858598511e+01 -6.954950010772482649e+00 -4.782493709896157519e+00 -2.045042318867192321e+01 9.291956171418940258e+00 -1.446136919542028743e+01 1.331052463976290312e+01 -2.295246522874862549e+01 5.943574331775915198e+03
-4.286866188962243740e+01 -1.512191451856746838e+01 -3.263787749261777549e+01 -5.159021513265981795e+00 -1.887532047540662106e+01 1.520665590914537368e+01 -4.831528911925509817e+00 -5.970007149906055410e+00 -2.130801663989906203e+01 9.413798003864553010e+00 -6.075923848585349951e+00 2.119101697310409804e+01 -1.304009522779525909e+01 5.003417085598191079e+03
-4.710587442720777318e+01 -1.576533375826302219e+01 -3.417322351615486298e+01 -7.085847156614529574e+00 -1.337546872708379375e+01 2.510250873106739533e+01 5.381050723952240489e+00 2.667562847050112040e+00 -2.300063265005282886e+01 8.173232708884212272e+00 -7.233903007179351086e+00 2.156099793923000618e+01 -1.926508222402505055e+01 6.014818509339953380e+03
-4.417691068384259978e+01 -1.435331115933841417e+01 -3.265647393616410454e+01 -4.769212806927647819e+00 -6.651604729696755314e+00 2.591038883101250079e+01 -2.753978669086863729e+00 6.163479858959272306e+00 -2.159117495463190295e+01 6.119630770440199541e+00 -1.450844818977814299e+01 3.106035890169226832e+01 -4.805314678557443209e+00 5.709933366707500682e+03
-4.338807098573627030e+01 -1.151760790997267492e+01 -3.070343336264479106e+01 -1.843565465073469056e+01 -1.284380273465092159e+01 1.293177306585898911e+01 -2.717956478272911536e+00 7.486161947213747503e+00 -1.352999141657973325e+01 6.324323864640051696e+00 -1.428492065693854585e+01 2.450189782529125893e+01 -1.111625099877018386e+01 4.844408841479156763e+03
-4.156261862730929124e+01 -3.367847900462066502e+00 -2.008314142486769072e+01 -1.378288351318611760e+01 -5.881774049571294682e+00 8.237903245098493699e+00 -8.582405193849213632e+00 7.835492645471898498e+00 -9.509404937609758690e+00 8.895773763753838992e+00 -4.492354421888729910e+00 2.158971689771487235e+01 -5.975648151030259925e+00 3.261174121747144909e+03
-4.225972575840550149e+01 8.862093378911563013e-01 -1.349283184452850115e+01 -2.060849259258484523e+01 -1.671333160584831035e+01 -8.453844537993514763e+00 4.324484368588538685e-01 5.560332383225974340e+00 4.581449984358069827e+00 1.067218738424495328e+01 1.133627818815231691e+01 1.807319724193447286e+01 9.101578532204010585e+00 3.448219175998191986e+03
-3.257771269831735594e+01 9.619474753443416404e+00 -4.651846014820493203e+00 -1.433050177328257568e+01 4.947768172710039103e+00 1.130944087301000156e+00 -1.193914259857236004e+01 8.131248710416979719e+00 -1.027111030020060056e+01 5.867382040891384598e+00 -1.686192524340425145e-02 2.378322546412317884e+00 4.093491823338998858e-01 1.761010535630121240e+03
-3.120808861430388603e+01 5.959447443831930258e+00 -7.372266371167495613e+00 -2.739741528291366990e+01 -7.772472775029123149e+00 -1.583595308105337196e+01 -1.591525571662697480e+01 1.677907944436013210e+01 -5.227481607853471601e+00 2.023467353405127067e+00 -4.409388769111558304e+00 -1.847808951539260036e+01 1.360229173802087743e+01 3.237775925048588761e+03
-2.674895398892359211e+01 5.377823842107584795e+00 -7.549522771247688446e+00 -2.642580083007283065e+01 -1.368444557982292054e+01 -2.561962942474026761e+01 -1.797855927975646395e+01 1.834362838860793232e+01 2.463718005308355607e+00 -9.235009697090595937e-02 1.860061454004765746e+00 -1.363793888333326798e+01 1.938916542918030572e+01 3.574563907874189681e+03
-2.767296728614759971e+01 5.259931067011787142e+00 -5.129949214318711093e+00 -2.459374073875508770e+01 -1.633563524605561312e+01 -3.043666823929870446e+01 -1.726008593803689806e+01 1.886720517906760008e+01 3.652487935572865219e+00 -4.863349012199560839e+00 -1.291935690648753576e+00 -2.473647580372613675e+01 1.909403206449206536e+01 4.286891431206184279e+03
-2.499252529666810929e+01 6.676573786357020701e+00 -2.521858343594750806e+00 -2.506592227965109032e+01 -1.524983644416677286e+01 -3.101294315053480943e+01 -1.390497739764159313e+01 1.835704509947957774e+01 1.013374791699369659e+01 -1.366894010093926637e+00 -1.758737714732280688e+00 -2.704169720091719853e+01 1.403175354854171886e+01 4.064350742691656706e+03
-2.793116133458084960e+01 6.133447933738159108e+00 -7.198964971877663821e-01 -2.506932155202683887e+01 -1.784873555358774766e+01 -3.384907984313843343e+01 -1.006063159240099125e+01 1.301673146205241949e+01 1.659192294570438975e+01 -3.589133615892481366e+00 -1.106061988144703179e+01 -2.682635303983477115e+01 1.064908756537310630e+01 4.425314646885731236e+03
-2.619758923072228285e+01 5.341208837062636938e+00 -4.267811660180819366e+00 -2.984540830399777889e+01 -2.204259102215470278e+01 -3.864195727879776854e+01 -1.652304587079528275e+01 1.303137335994096979e+01 5.326550447861261972e+00 -6.221346047134932888e+00 3.306621590250569565e+00 -3.260747680693391715e+01 1.104647894781402329e+01 5.308992497855033434e+03
-2.887746705379769452e+01 7.919821222688290696e+00 -1.896478901276397178e-01 -2.107663105009518745e+01 -1.718941905263743308e+01 -3.540010282915563522e+01 -1.599937985122913986e+01 2.065186424647068009e+01 2.917252135068619801e+00 -1.068186522080562639e+01 1.421450443249577233e+01 -3.643069044529710254e+01 1.259386277712721025e+01 5.382480401393753709e+03
-2.771297048011760111e+01 7.716080293800524181e+00 -5.686117910531224284e-01 -1.506763224537156276e+01 -2.361290646957625938e+01 -3.074127644559953509e+01 -9.309904793945785073e+00 -2.723385156005623919e+00 8.925951782140950641e+00 1.097052111612552450e+00 8.282505212482734080e+00 -2.438845450757647626e+01 2.210935748837710602e+00 3.400751053510065958e+03
-3.382281219352315560e+01 9.590984455053883195e+00 1.482008001041719369e+00 -1.034070535969512861e+01 -1.645685812069917020e+01 -3.289984628158593694e+01 -2.447873030440181097e+01 -8.119346710189855543e+00 -2.485270476850413690e+00 1.867163291646907419e+00 2.076251016040169972e+01 -2.343792607743755951e+01 3.725987433425385298e+00 4.367420292846352822e+03
-3.430394430840165398e+01 9.441861788671776168e+00 5.416460173198095300e-03 -1.023958176488932281e+01 -1.049609390744432069e+01 -2.063032216997571666e+01 -1.872778223533158126e+01 -9.132635962567333676e-01 5.248241566242621836e+00 -2.073985515328905738e+00 -1.611749509751801313e+01 -1.860077350389822115e+01 9.658739223312736710e-01 2.896641262260437088e+03
-3.474126156883222194e+01 8.350855917287868024e+00 -1.982853325573938230e+00 -8.339340644225218924e+00 -7.656114449272322098e+00 -1.669971463394654876e+01 -2.381574979769676048e+01 -2.591845434355000588e+00 4.442759154800852706e+00 2.020910985688998185e+00 -1.981474668148655738e+01 -1.380681826001928947e+01 1.158858510034023404e+00 2.869990077816779831e+03
-3.552449594693159440e+01 6.418169390971952382e+00 -1.582012157907944694e+00 -2.515230219466070061e+00 -1.122311346866099591e+01 -1.790846029697816988e+01 -1.759830984332673864e+01 7.810256426432587773e+00 1.635182338034575977e+01 -2.525690319286049590e+00 -2.438233195626187566e+01 -1.546480914386696703e+01 1.163491478744284047e+00 3.238157082420346342e+03
-3.318004260363585445e+01 5.147421365068637122e+00 -3.328985692714693023e+00 -5.547690315503576164e-01 -1.494271316383707493e+01 -1.336076598364259915e+01 -1.460570466370560538e+01 2.102771436011983575e+00 2.139005120035568908e+01 7.043024732734823878e+00 -1.484513031181544562e+01 -1.344619340451685297e+00 9.227587532794274239e+00 2.572816843671823335e+03
-3.451914046670495395e+01 6.520861508204686352e+00 -1.678715354874875887e+00 -7.668431322823827667e-01 -1.623026890034006442e+01 -1.285146939913868458e+01 -9.928899710936972767e+00 -3.749398160979928285e+00 1.775789686606095685e+01 3.211865941208147834e+00 -1.538109751210459919e+01 -3.411558131909813163e+00 5.413900362889946472e+00 2.381907947968782537e+03
-3.240548590454413613e+01 4.442434117205849908e+00 -4.821425966205151958e+00 -1.925113587730111542e+00 -1.439967119272309581e+01 -8.278344646031611020e+00 -8.490175043706249980e+00 3.438657893611666960e+00 2.208116534122766339e+01 8.471026497234507957e+00 -1.443905328991511894e+01 -2.278002048383710232e+00 3.856510857912522017e+00 2.244476291169803062e+03
-3.442760049057824290e+01 5.354141582980931346e+00 -4.312624517200299934e+00 -1.546318321374221982e+00 -1.104875914647077551e+01 -7.909413340125403202e+00 -1.049160267967887705e+01 5.568468019865432161e+00 1.449831501826613511e+01 2.164113400438448576e+00 -1.647005343770661057e+01 -9.698431656901982834e+00 -2.724306017528610901e+00 2.148260404445519271e+03
-3.194122169115116705e+01 5.887144781266925087e+00 -3.771414187352719161e+00 -1.212309508840515360e+00 -8.124285659258809744e+00 -1.053377918155906734e+01 -1.420169860580385546e+01 1.202469058033540072e+01 1.680786261279657978e+01 4.896134899302442278e+00 -1.288854715634185766e+01 -5.720108388313198233e+00 1.901786111276437596e+00 2.102766785029793482e+03
-3.034727192110722882e+01 4.038986992469948412e+00 -7.130381646386073413e+00 -5.943892563453883504e+00 -8.332927639917091511e+00 -1.006168588047284906e+01 -1.331062515617647257e+01 1.628484872810124173e+01 1.554321833128014418e+01 6.441552861570746913e+00 -1.187906137117007432e+01 -9.047871085221858678e+00 4.124523946978742583e-01 2.142718202737710271e+03
-3.096294780484311104e+01 5.430698386387523335e+00 -4.068650487140101468e+00 5.146948126568721138e-01 -8.178562651675470363e+00 -1.008209084083302720e+01 -1.060446278753232363e+01 1.575947853929175047e+01 1.651469212132805353e+01 4.727277474553053693e+00 -5.271440756205165279e+00 -9.730303284390821261e+00 -2.095603782679211768e+00 1.956309339928836152e+03
-2.756545441672995267e+01 6.723627311022741360e+00 -3.211044650266021261e+00 -7.823733567458367455e-01 -1.153436674887583457e+01 -9.437810987710490096e+00 -6.459290035166259436e+00 5.465188457682518930e+00 6.836967369275772199e+00 -8.977316692603697357e-01 -6.242545916457878263e+00 -1.120487182104067969e+01 -2.422895499518649687e-01 1.321816243636988247e+03
-2.891703571761172142e+01 6.008609398996148876e+00 -3.496083901111177283e+00 -1.850926239370567883e+00 -1.546692972601755578e+01 -1.427810232227346532e+01 -7.723261304515260051e+00 1.480601192871863203e+00 -8.392912928431036645e-01 -1.500312809506304301e+00 1.042898545399914312e+01 -1.932845213831555853e+01 -3.212890870873201798e+00 1.888508754147201216e+03
-2.561280165504867767e+01 6.825936170937015213e+00 6.972490513668357925e-01 3.459154733323431152e+00 -2.081236106188967483e+01 -2.015286781320721587e+01 -4.612336316246056001e+00 1.341946934854468143e+00 7.788506593569105796e+00 2.496377189285658105e+00 1.723576363840469483e+01 -2.980839411779973602e+01 -3.609246570254424302e+00 2.842959145791649007e+03
-2.515133317375452293e+01 6.777158603992478270e+00 2.587235763891279294e+00 3.458711621406009407e+00 -2.575482555916266847e+01 -2.311289249724962502e+01 -2.772033071767576740e+00 1.186390951539884053e+00 1.287655622769821484e+01 4.065547937623587238e+00 1.030428187724434785e+01 -3.068979721622617518e+01 7.253882398409758459e+00 3.186779512499004795e+03
-2.685765129256844475e+01 4.905166608541480677e+00 2.832834928551018372e+00 1.792571270583469101e+00 -3.089362178909705392e+01 -3.080802446072043921e+01 -2.989416246186085591e+00 1.320823928824620630e+00 1.846737180595521721e+01 7.440122361434108100e+00 2.072908496515622190e+01 -4.070748877321265269e+01 2.939491001111306900e+00 5.162698236899348558e+03
-2.471089577820293570e+01 5.975975015538026014e+00 2.531063730039020410e+00 6.153281976585041058e-01 -3.081765943337781977e+01 -3.170980388638940539e+01 -1.730498113568146090e+00 5.078750360732761093e-01 1.617720428744459227e+01 1.557478250268168996e+00 2.254769622600439050e+01 -3.550784926775904893e+01 2.477119241211138245e+00 4.651087677697183608e+03
-2.576457074354190624e+01 5.141155374649759580e+00 6.193515142538962293e-01 -1.387403739993775309e+00 -3.212691095824173004e+01 -3.606645528247437227e+01 -6.192712394433907086e+00 8.326834107181870781e-01 1.040072860321399162e+01 -5.380887338710574674e+00 2.650861686523910521e+01 -3.745280431519020681e+01 -1.223267786333269491e+00 5.308568529732058778e+03
-2.265538175201660920e+01 7.073771697967280225e+00 3.747158482099376187e+00 1.144337759835426738e+00 -3.093951836936415489e+01 -3.047326169542603225e+01 5.822717159104843887e+00 4.850427702171160149e+00 1.492326956090903955e+01 -3.990788817418978951e+00 2.745128259405173310e+01 -3.612568860588078934e+01 -1.592724429854539547e+00 4.821764867447988763e+03
-2.171721234912408249e+01 9.554497746646939405e+00 3.952636195063594204e+00 -3.218488003458655378e+00 -2.691605918655300655e+01 -2.593227641332849842e+01 5.845417436022528612e+00 1.355647976578261860e+00 1.199841541685786694e+01 -2.678807317757298634e+00 2.157943169881366074e+01 -2.527640735180214193e+01 4.830105017995000694e+00 3.300908162579642521e+03
-2.253568664243241670e+01 4.524483997102008104e+00 -2.104719320970653396e+00 -6.086329225801200948e+00 -3.115325328294385088e+01 -3.140669692874780594e+01 -1.475572813564052677e+00 3.018683897538402050e+00 1.457231466876376835e+01 -3.514807225344306341e-01 1.915543238989418384e+01 -3.046314569529830152e+01 1.694068863312161888e+00 4.048276542951907686e+03
-2.185808915814594400e+01 5.767612889208465710e+00 -3.343215972510252820e-01 -1.035131965676279187e+01 -3.481244360538688909e+01 -3.521443964316407715e+01 3.746993668813630940e+00 1.334574659519984552e+00 1.423410681574695680e+01 -2.961823084328895295e+00 2.137710792039511887e+01 -3.107460905094828973e+01 1.367791140800069805e+00 4.721952166027649582e+03
-2.434203700796970082e+01 8.272616382230712162e+00 2.447865524977193896e+00 -1.215485182158514377e+01 -3.060732534750360401e+01 -3.156622531935736831e+01 1.027727610540051373e+01 4.751382103163850346e+00 1.259595996695333042e+01 -7.077883841013997035e+00 2.179512398951201035e+01 -3.096984578155501211e+01 3.927818692527691891e+00 4.534477582104110297e+03
-2.199116498282188914e+01 7.253060099450767240e+00 1.354395679917991480e+00 -1.165120486418576640e+01 -3.080529236123750891e+01 -2.970331412312545893e+01 1.133112649589596188e+01 4.590922516062743597e+00 1.363680775262119127e+01 -6.340019156015459068e+00 1.906905684702118364e+01 -3.130520348913892548e+01 2.639197250276640982e+00 4.231295510363594076e+03
-2.579505469228496040e+01 6.394691785614074142e+00 5.125242680011101726e-01 -1.258485732947963776e+01 -2.930772724382041261e+01 -2.794748692339539531e+01 8.869511625266438770e+00 2.562769067112516286e+00 1.387694425992983938e+01 -5.018957102577752849e+00 1.472378847639954991e+01 -3.161694418459558875e+01 4.449290988545977932e+00 4.044135977394295878e+03
-2.378713477358573058e+01 5.278792654473509316e+00 -4.231176399148792733e+00 -1.075994104294560039e+01 -2.769287362398036834e+01 -2.226067103161703287e+01 4.807373271760026157e+00 1.776621295865429939e+00 3.979129800011034224e+00 -8.506729022979683918e+00 7.338652959506913653e+00 -1.967675596362912316e+01 4.573091697868769678e+00 2.566214195753761032e+03
-2.737535593878766349e+01 8.498118744714544093e+00 -8.195528383416341711e-01 -1.102626543566453599e+01 -2.145619736156371005e+01 -2.092655217439677529e+01 1.602128781202857066e+00 4.113305839113717610e+00 3.502228337235600453e+00 -3.276227193222481571e+00 1.615045039601399068e+01 -2.432265052214203394e+01 7.919389653131504447e-01 2.737708235659811635e+03
-2.789214183615156273e+01 8.622499471602838028e+00 2.766074884038524750e+00 -8.138358785057354439e+00 -2.869116074346701595e+01 -2.090797785922502783e+01 1.407578697199381246e+01 -3.215397587502625498e+00 6.366765723421664802e+00 -3.734439203644084770e+00 1.439695581892873832e+01 -3.379808982467024236e+01 -3.849744424240373331e+00 3.813881417543476346e+03
-2.730988243531156456e+01 5.719282952330816627e+00 -3.562006472657760270e+00 -1.668423512855236268e+01 -3.121174849964532072e+01 -2.068500712613215242e+01 1.266731183283337892e+01 -5.180099610471651239e+00 1.653361569468219550e+00 -2.505458379723715545e+00 1.506230592255208478e+01 -2.872517617665739920e+01 -7.918283465299063018e+00 3.782647398606640763e+03
-3.135678433982083391e+01 3.721837142651764907e+00 -3.120030229458629289e+00 -1.800683938627363645e+01 -2.913808445074385389e+01 -2.756376156200401439e+01 1.154880023120455590e+01 4.024447596716428599e+00 1.956545742539645616e+01 -4.192558450008140980e+00 -1.137352283122714525e+00 -4.407588729132455541e+01 -1.293196015737038707e+01 5.601038406177945035e+03
-3.089387831797468920e+01 5.829300230869615795e+00 -3.149015756041681158e+00 -2.234067284140664356e+01 -2.228109314571776167e+01 -2.759872187881357064e+01 2.837444536161227493e+00 8.583344184746437122e+00 1.571143054766150549e+01 2.141797384801674420e-01 8.947226182021219998e+00 -3.114342791350010131e+01 -5.687894727828433084e+00 4.166508899752720936e+03
-3.401126199278268558e+01 9.287872280126858726e+00 1.153262078481755992e+00 -9.791671824981960981e+00 -2.449758559532341096e+01 -2.882327487720736769e+01 -6.453280611052168325e+00 -2.684513762829975558e+00 -4.560502799532367035e+00 -1.201174794333920737e+01 1.270461724890477839e+01 -3.505359713991252590e+01 -3.748979167151255343e+00 4.389298774941561533e+03
-3.492704409113827069e+01 9.923937364366972602e+00 3.229954260999801985e+00 -2.910734237555495429e+00 -1.988301690504913921e+01 -2.367325771025011605e+01 -4.404673422221531354e+00 3.945394571695478358e+00 1.595595652585586111e+00 -5.809098438082212823e+00 1.709924432230675251e+01 -3.737068159825643221e+01 -1.174721154994315953e+00 4.054636217685271276e+03
-3.603101449665447831e+01 5.939200762239931208e+00 -2.905351679631331230e+00 -3.883162014082271352e+00 -8.450483856463527843e+00 -1.505104664379718926e+01 -1.508120831528851902e+01 1.063835494468549392e+01 8.979878045173677492e+00 3.447579184159075272e+00 -5.268789614219299366e+00 -2.570942329337025711e+01 1.993441355547135085e+00 2.780822660074455143e+03
-3.771700251489124867e+01 4.251938616316954800e+00 -5.790207439556757762e+00 -8.975378519837802216e+00 -2.838432638373176609e+00 -6.739462372494125830e+00 -7.373592175921604763e+00 2.165244117178994188e+01 1.533183744904663115e+01 2.390920093021089432e+00 -1.971038489888736933e+01 -2.621236313174743060e+01 -6.035931369636753807e+00 3.484211765427231512e+03
-3.791305300023408620e+01 6.869942630709033438e+00 -9.348312049323878048e-01 -4.677581856515195646e+00 -9.363338723232482508e+00 -1.743549056675109554e+01 -9.414873978712471114e+00 1.791718534234238192e+01 1.210485707782678233e+01 -7.944766414889579131e+00 -1.538381712112559541e+01 -2.314964598334727697e+01 5.660182320013937840e+00 3.322935687458157190e+03
-3.996808956674127700e+01 6.061702086543165002e+00 -2.081230334631634094e+00 -7.613267921299714303e+00 -9.686129466850482927e+00 -2.046390540661552748e+01 -1.154261061976998448e+01 2.143552032068368973e+01 1.180847538525493334e+01 -6.440680459889726706e+00 -8.795092909617256538e+00 -2.317761873923542026e+01 1.037048082897834789e+01 3.704816701870845918e+03
-4.049433500970071265e+01 8.267854556752102013e+00 -3.871337425751156802e-01 -6.108601624932509466e+00 -8.082256755502671197e+00 -1.917478991334744620e+01 -1.307825532217719910e+01 2.031452274353942400e+01 9.266264056221496404e+00 -6.448857087736737270e+00 -8.058058943286873443e+00 -2.129887584252594479e+01 1.128729461853784244e+01 3.535758365441132810e+03
-4.593588700238914413e+01 1.011880887676477414e+01 9.245092448406365404e-02 -6.923706483817642976e+00 -1.041877898199829389e+01 -1.767265346442155760e+01 -1.363946747915478674e+01 7.904546368035647141e+00 -1.704139916281360856e+00 -7.495880948249975084e+00 5.074807004734486426e+00 -2.039963682714862614e+01 7.180657205416058453e+00 3.482385839538016626e+03
-4.663277667047736941e+01 1.089083010375263427e+01 3.143092929119191137e+00 -1.787868618930611664e+00 -1.383322616986774278e+01 -1.838538219535220719e+01 -5.853557459608433433e+00 8.449542722012042262e+00 4.014330118330050823e+00 -5.920576370561909663e+00 1.217189986675691138e+01 -2.267400020086770240e+01 1.258892534228717608e+01 3.813255423194564173e+03
-4.678638629860797238e+01 1.196304628545127713e+01 5.951078507906315984e+00 2.590082019199639318e-01 -1.871163870924453931e+01 -2.386652789678031183e+01 -3.690620361845200925e+00 -5.372014739846785680e+00 8.160183269024356534e+00 -4.441188362498257547e+00 1.699503941710283428e+01 -9.197981217928568043e+00 1.547204960703586352e+01 4.028909925391915749e+03
-4.768512015683203487e+01 1.030474610309436301e+01 4.226938168340049984e+00 -2.397968420726774852e+00 -2.442972232833866286e+01 -2.848767055426301553e+01 -3.667296792368415659e+00 -1.097717107875007869e+01 4.525804853720805987e+00 -9.333537541790636993e+00 1.833708996254466328e+01 -6.731268145001257253e+00 1.092880287545724904e+01 4.554577196792880386e+03
-4.769946017694596918e+01 1.369028388227312476e+01 8.863290102227656675e+00 5.899171738339018534e-01 -1.786928847288479361e+01 -2.485492806417661882e+01 -5.245640763569647813e-01 -9.184427197875272286e-01 6.400364327551115728e+00 -6.482792007284583491e+00 2.389478353694055812e+01 -7.950726280659177192e+00 8.507026368208954636e+00 4.269301393791530245e+03
-4.974232593248773071e+01 1.412682112246918287e+01 8.830676710838231358e+00 -1.119233599399028378e+01 -1.883406493330279119e+01 -2.538446523445878711e+01 9.575292458962385567e+00 9.244975428846249343e+00 1.505799346841491193e+01 -1.209584025757460957e+01 7.103895624074542781e+00 -2.104530873640373301e+01 1.233052195509852211e+01 5.071828817244791935e+03
-5.107231979985423465e+01 1.192940984707249896e+01 8.467269790610236768e+00 -1.190470547075051400e+01 -2.527435707545827626e+01 -3.079765783650781685e+01 1.134904451458281116e+01 -2.361321124039362118e+00 2.612745204460400927e+01 -4.869590212759983494e+00 2.121840904797176908e+00 -1.366180791295095531e+01 1.192558109942722488e+01 5.725498189745453601e+03
-5.207397858403246005e+01 1.409677734398804638e+01 9.313895252012773796e+00 -1.572985154035785804e+01 -1.958088067899555895e+01 -3.253263823876213223e+01 5.163953358981730801e+00 1.260790309198064207e+01 1.841875688633834685e+01 -1.387715315938347516e+01 7.230050185997087375e+00 -1.029711894525574678e+01 1.859792570962400049e+01 5.908017434925650377e+03
-5.392413723994020813e+01 1.124751093799812196e+01 5.679686933680995864e+00 -7.082507852660867798e+00 -2.367088846065209751e+01 -3.331150109009544735e+01 -7.271981751823894058e+00 4.017018113269987367e+00 1.233494874140080100e+01 -1.425146330317572563e+01 5.593363546133836905e+00 -1.117749202154414512e+01 1.951517733057230686e+01 5.748044415662518986e+03
-5.481937872069261175e+01 1.212828840179915701e+01 6.577051007119989912e+00 -5.743601211982892529e+00 -1.773950485252061782e+01 -2.728834898426860534e+01 -4.270174839490773699e+00 1.172650278534716684e+01 1.018503774729248335e+01 -1.150029928369850296e+01 1.372642254991964350e+01 -1.357562820654932523e+01 1.978674750363766677e+01 5.443815112669423797e+03
-5.595770904250773015e+01 1.184877075995109053e+01 6.436654426619663916e+00 -3.861811484532401195e+00 -2.060028098852583511e+01 -2.823234925777017423e+01 -2.043148341921364075e+00 1.125502214503687348e+01 9.649718519165837449e+00 -1.378756126111345104e+01 1.540194522662951648e+01 -1.505760902331451057e+01 2.044377119717854541e+01 5.845402978062686998e+03
-5.747600128459805546e+01 1.119167131323465902e+01 7.218094610412418177e+00 1.435119792800548577e+00 -2.125993571321438580e+01 -3.029756634503296553e+01 -7.003930030908084525e+00 7.622810253496195898e+00 8.395800704346399357e+00 -1.594378666103744457e+01 1.544189070494719473e+01 -1.330081051088168032e+01 2.125660736884593049e+01 6.151895062258465259e+03
-5.923474971890784246e+01 1.047232956184985930e+01 7.753243309987102094e+00 2.322268197387282296e+00 -2.938714220378250630e+01 -3.441334023667329234e+01 -7.615876595357552736e-02 -3.829448610358591742e-01 1.263942194614691239e+01 -1.895373303267695064e+01 1.177237533643551259e+01 -1.334363521602865532e+01 2.747998092746154342e+01 7.322755288813435072e+03
-6.087516273869876926e+01 1.062188439886469737e+01 4.617320644678309272e+00 -6.461768478149030770e+00 -2.761773381795626392e+01 -3.249555135768164860e+01 -2.763903806301223121e+00 -4.872300255177615114e+00 4.922740127779145602e+00 -7.904668205198511544e+00 2.365675234597863152e+01 -2.301413333065720934e+01 1.602978630471824317e+01 7.164725985048266921e+03
-6.144241477973238830e+01 8.315361578579892665e+00 1.732266420558744358e+00 -5.133605679717893722e+00 -2.617695518398854659e+01 -2.818547310042431420e+01 3.015588598142947552e-01 8.360400299548781389e-01 8.667185203485788136e+00 -9.594608769258005765e+00 7.598461355228504743e+00 -2.882138080238402367e+01 5.969767103451932400e+00 6.445337346029766195e+03
-6.159858127381409787e+01 1.024735151613110773e+01 3.910136140886636191e+00 -1.243616599808363432e+01 -2.935936274444629746e+01 -3.810954733364251013e+01 -5.483924262576886477e+00 -1.324331526809798909e+01 7.699216922941345409e+00 -8.979513059432951749e+00 1.295230846113914680e+01 -1.276366744788946406e+01 1.849359304918880653e+01 7.401705501829879722e+03
-6.387145541420916572e+01 1.132703000628126233e+01 7.524572588402882012e+00 -2.714868264775729845e+00 -2.576924527224747763e+01 -3.932497044779724860e+01 -9.911314773855353977e+00 -1.152127506128474899e+01 4.413793442082104335e+00 -1.272006728554579880e+01 3.090861155061099197e+01 -8.298750748229622332e+00 2.551075871085400237e+01 8.569627396300735199e+03
-6.327637054714748643e+01 1.202324761517268570e+01 5.778124475220444367e+00 -5.600621643498322477e+00 -2.671865732389728620e+01 -3.122825259723438407e+01 -7.411225582095582354e+00 -2.491775223497799274e+01 7.415018803438615524e-01 -1.091620507772271509e+01 1.057816488004493394e+01 -7.840162836431575855e+00 1.392413910520509646e+01 7.065083022311151581e+03
-6.645952972535819470e+01 1.007203507871804860e+01 5.507615665863735188e+00 4.050656018410948356e+00 -2.220510153450228330e+01 -2.513322145266526775e+01 -3.385142299106701724e+00 -9.872236105055419486e+00 1.184191734042534350e+01 -1.839583830502436346e+00 2.335651349758049733e+01 -5.224911855776519509e+00 1.546002582538871373e+01 6.754176115442375703e+03
-6.729072439842963149e+01 9.445291933731255085e+00 5.446052487164754652e+00 1.356314093064070025e+00 -2.635786908557305352e+01 -3.129658805069128746e+01 -1.235857362823466588e+01 -2.354728801894214030e+01 1.216213697924450265e+01 -9.414293913547681081e-01 6.471744803731336759e+00 -1.238603522206601681e+01 1.258738144089820565e+01 7.532720392975576942e+03
-6.772294199871085141e+01 7.568044314258169258e+00 6.407332767524372974e-01 5.896737774736858784e-01 -2.772269782493055601e+01 -2.747945112322780048e+01 -1.139621943087408873e+01 -1.874429921923478304e+01 2.040516309480701729e+00 -1.206498458117903994e+01 -3.538090053700649662e+00 -1.228070437896016820e+01 1.238020627670547924e+01 7.115652049740848270e+03
-6.999299754359188341e+01 8.274858832725932700e+00 3.000291626586595761e+00 3.110052634868395227e+00 -2.960934737510180881e+01 -2.653081800671692747e+01 -5.787426704097892838e+00 -1.776410837246774932e+01 6.379800523168468906e+00 -8.739121187039438965e+00 7.403504587981017959e-01 -1.312676775417758535e+01 1.740198715119272066e+01 7.508586182405504587e+03
-7.245826347263627554e+01 1.035378605605458091e+01 4.487921702448763206e+00 4.451393609020772857e+00 -2.335361644737524500e+01 -1.575112591010398688e+01 2.798391673892663967e+00 -1.383897732424774851e+01 1.007896043748593096e+00 -7.380312108289755813e+00 5.068213787557722227e+00 -1.472950651552026713e+01 3.144087063646658020e+00 6.698210133284595940e+03
-7.311277833512534130e+01 1.126021553667991704e+01 3.084479246770693184e+00 -5.798841627816467614e+00 -2.478223858843162475e+01 -1.702504546784398798e+01 2.979971280622345731e+00 -2.361451276835279245e+01 -4.537540440888569115e+00 -1.179701044243900299e+01 -6.963859828542980246e+00 -1.170540055803549606e+01 -1.388884341784019760e+00 7.333147825300271506e+03
-7.318309647357381209e+01 1.358781309532215786e+01 5.491675213238976561e+00 -6.114605017156214295e+00 -1.518165618556289509e+01 -1.212348240421521695e+01 1.147923837502938388e-01 -2.096194827671656213e+01 -2.540504835228378333e+00 -1.641118514193605327e+00 -2.717080459367783085e+00 -1.133785246998339957e+01 -1.039249942758298628e+00 6.570976028419177055e+03
-7.322056147229564260e+01 1.327957944923383593e+01 5.671403473083667990e+00 -7.096873224882255471e+00 -1.923459828584327624e+01 -1.734603324137382074e+01 -3.709225579774422243e+00 -3.316820748419070242e+01 -6.879398770894342263e+00 -1.077594495894576454e+00 -4.504768676335040301e-01 -1.404649144641516401e+01 -4.518696252457641727e+00 7.671284066666908984e+03
-7.281174176470641157e+01 1.283677525259694718e+01 5.822476308098712749e+00 1.749098284017938543e+00 -1.264721611502602627e+01 -1.355903002688518022e+01 -7.573087144980876317e+00 -2.538678473467421526e+01 -8.250245051353536141e+00 -1.962556906087367103e+00 7.032910414596382331e+00 -8.957281973717005741e+00 -3.536443879292048287e-01 6.750670938288355501e+03
-7.273138859293202074e+01 1.132907901020040242e+01 3.259570804444059888e+00 -3.798124376661670354e+00 -1.318509372904408217e+01 -2.139294216506824498e+01 -1.673658679603943611e+01 -1.942695838137352382e+01 -9.153339108282041892e+00 -5.382821885636724701e+00 3.572599419045832558e+00 -1.559841744713691192e+01 -7.474893397383049809e+00 7.156984702189883137e+03
-7.335041485535863615e+01 1.178386591860517285e+01 2.239157122148401680e+00 -3.583710587052133523e+00 -5.860866447254426070e+00 -9.021050028966621781e+00 -7.176299354454023671e+00 -2.028090022059605868e+00 -4.983432968974052635e+00 -2.234088024570107578e+00 4.543466237185692869e+00 -5.760583078155681491e+00 -2.201397400492821177e+00 5.796840489151745714e+03
-7.545564816809913111e+01 8.074243087952954312e+00 -3.770864291263889445e+00 -9.593418417159529810e+00 -1.139883435730787475e+01 -1.533950328995577017e+01 -1.327397102904332371e+01 1.487251513255994473e+00 -5.558589367691030958e+00 -3.258709215631923506e+00 7.470966375299983753e+00 -1.751798776904342603e+00 1.334615226332516391e+00 6.510827783021250070e+03
-7.555279605632200912e+01 8.098743790462583192e+00 -3.013259897610506055e+00 -7.137381861880887080e+00 -1.009133385233462121e+01 -1.216298811170677219e+01 -1.199194969041029246e+01 7.401224609055190307e+00 -5.094882960159397456e+00 -1.028769457280992761e+01 -6.065136728981982417e-01 7.418112755597002561e+00 4.378208936099813542e+00 6.488554340959859474e+03
-7.626741857048641293e+01 7.901322992931056000e+00 -2.851221419884828023e+00 -7.409752696015632800e+00 -1.058282403993502463e+01 -1.512750237310950752e+01 -1.485594760628257305e+01 1.138628133123985187e+01 1.748512216065958746e+00 -9.109242654594286392e+00 -2.115552170152877220e+00 7.032309155747604734e+00 1.185891723865644742e+01 6.913966461419097868e+03
-7.515065695200462415e+01 4.266122244922664564e+00 -9.649667881296693395e+00 -1.063820673369134795e+01 -5.373229950274551747e+00 -1.070719427749893526e+01 -2.636721831595847476e+01 6.493443157168338864e+00 -4.367888031218408074e+00 -2.391957572858737446e+00 -1.924804102466625721e+01 -1.011108896039347727e+00 1.963387939656081604e+00 7.153183410778105099e+03
-6.848988884973617530e+01 -9.745121641557625836e-01 -1.631939862814055431e+01 -9.246081016753588955e+00 4.556324499277077500e+00 7.184302960105927838e+00 -3.622057751512372192e+01 -2.279061513135665962e+00 -4.277724923564085735e+00 2.410898598001437065e+01 -2.990103965426554211e+01 6.745284113763581502e+00 -1.317231470629879553e+01 8.145749033644208794e+03
-6.736555822151447614e+01 -5.664420443795204818e+00 -1.998282680663617228e+01 4.240189468197570477e+00 1.917274763967645290e+00 1.163547212687108434e+01 -3.854012125598790561e+01 -1.951434144801978965e+00 -4.946410532352719436e+00 2.327380047480259506e+01 -3.473979226164308898e+01 2.869884580871797652e+00 -1.200994591810379930e+01 8.541170833694975954e+03
-6.112743949306978664e+01 -6.065640258714457111e+00 -2.281649867072599847e+01 -8.300652526413665466e-01 6.306767478216799283e+00 1.953510895134693470e+01 -3.177590260158893187e+01 2.186722708543419991e+00 -1.467097366746309994e+01 2.433688898909619880e+01 -3.030807600586447492e+01 4.079529750820459988e+00 -7.220008534771314324e+00 7.525395202183188303e+03
-5.893872126378357734e+01 -1.217911690431408545e+01 -2.971212113799020216e+01 -2.612480759029962130e+00 6.788031458337789203e+00 2.336709719976911259e+01 -3.830847875875750930e+01 8.582530357483843630e+00 -1.155062113776436661e+01 4.022636590814273205e+01 -3.139025314324227978e+01 1.876377326569659276e+00 -6.098404526918704605e+00 9.422673610670372000e+03
-5.851235276614241343e+01 -1.244865437843142608e+01 -2.788394972853589593e+01 6.394619461787168779e-01 1.055170543568011432e+01 2.352616189339169139e+01 -5.352027307505862552e+01 -1.531577818317529482e+00 -2.229505555275609296e+01 4.622843896487236037e+01 -3.770838837365418783e+01 5.363889401096827214e+00 2.402501769726214764e+00 1.197877607701359193e+04
-5.741406680401814100e+01 -7.224760260706223569e+00 -2.049618300952206340e+01 -6.859996379110244735e-01 9.315785776969327969e+00 2.481219624491065545e+01 -4.389415294547623603e+01 -8.922341068021575339e+00 -1.259457324598475658e+01 4.767487835724763556e+01 -4.927437050961568588e+01 3.272588485325751861e+00 1.053059774565245632e-01 1.134807193682617253e+04
-5.821813640409678214e+01 -9.971425330091035377e+00 -2.744808540677391306e+01 -6.014691004803853325e+00 4.064867193557983427e+00 1.653829406864861440e+01 -4.315376566278207804e+01 -1.769113521591326288e+00 -1.075278435765036456e+01 4.068595241080549840e+01 -3.190777201929147466e+01 1.104274508899070639e+01 4.234368628019716807e-01 9.344966727522119982e+03
-6.236980725765762656e+01 -4.650304616376890188e+00 -1.948266441776072355e+01 -8.331064618786029996e+00 7.466815852139547793e+00 1.692041455755500223e+01 -3.564523321759789809e+01 -5.149485838557987805e-01 -1.310249399571060280e+01 3.609484525959470602e+01 -3.433672487136713158e+01 5.460788824191205038e+00 2.437300788527336337e+00 8.662785159660015779e+03
-6.422895719111667745e+01 -6.022027521657880023e+00 -2.226957267870324486e+01 -7.646482882197525477e+00 6.311724418073201726e+00 1.291537827545026573e+01 -4.648766442727537651e+01 -5.738527904179555605e+00 -1.785534104858297511e+01 3.326551108587303673e+01 -3.638498772123720215e+01 1.153897295989704475e+00 -5.341512243707262630e-01 9.867596392367702720e+03
-6.725035619767913886e+01 -2.709445690992073441e+00 -1.736405961943013665e+01 -2.580700558874209349e+00 1.082344703491321347e+01 1.748278212455443992e+01 -3.677143277883791939e+01 -7.796608993779674535e+00 -1.513041754732826405e+01 2.811670660977211966e+01 -3.290595514899893459e+01 7.377278984087454639e+00 -1.949670731475912522e+00 8.834348214626212211e+03
-7.212537306587501007e+01 -2.467853717189100404e+00 -1.519093635285436505e+01 3.795435466581073669e+00 3.580738443056338927e+00 1.934543332769188950e+01 -2.380483575728540302e+01 -9.708872740412596514e+00 -1.241648903044409380e+01 2.040135048400057727e+01 -4.175335757673811088e+01 -2.604038114233206525e+00 -4.150958756519359305e+00 8.839068156716988597e+03
-7.336278182234134704e+01 -1.409374340189593733e+00 -1.437630091084182027e+01 3.085842195108782882e+00 -6.194498877202782694e+00 9.896667692903497127e+00 -1.814183996765273932e+01 -9.609167386753963314e+00 -9.213969856493850585e+00 7.839683794216579571e+00 -3.605894580342662437e+01 -3.927114665959581252e-01 -6.003666746863950188e+00 7.640866537384966250e+03
-7.421369483541515422e+01 1.468986058613313272e-01 -1.182378635789596366e+01 5.734981836628775476e+00 -1.516658261493174065e+00 6.287046658465818005e+00 -2.799820142567473269e+01 -6.310080043077927137e+00 -8.643871835643146539e+00 6.000113869619465135e+00 -3.815675294196827139e+01 -1.379483930258826874e+00 -5.088449050284919117e+00 8.140380593503760792e+03
-7.379697984212347706e+01 1.429709630212268268e+00 -1.038258929750235993e+01 5.981692420655211784e+00 -1.819906566844613716e+00 -1.162837967806352752e-03 -2.907633933829700013e+01 3.107775070049120902e+00 -1.187504184790470951e+01 -5.650800515725745932e+00 -3.381473581820815610e+01 -8.862030065299411064e+00 -1.096407122521689370e+00 7.846143153917298150e+03
-7.430252658716523229e+01 2.107721162656453817e+00 -9.791812930088088507e+00 8.076703919457891345e+00 6.092653284776480049e+00 6.556635103100621365e+00 -2.689596158147832128e+01 1.465696827962575455e+01 -1.335419835955831758e+01 -6.600798267652496776e+00 -3.022678556715872134e+01 -1.066536301129600695e+01 -2.630224557677625530e+00 7.960981815568555248e+03
-7.411103970978119548e+01 5.062236210549821536e+00 -6.940176228248454038e+00 5.492904731091780235e+00 9.387934682185896662e+00 2.436147618292219708e+00 -3.188108613933356139e+01 1.715757024788930352e+01 -8.782050483624301407e+00 -3.058535670536610240e+00 -2.467395735243204768e+01 -9.961893476178481421e+00 -4.567528637790889690e+00 7.816649355892398489e+03
-7.135156512036414256e+01 5.102539275035150368e+00 -8.778189294261663278e+00 -4.139972918187091899e+00 1.979885079233035583e+00 7.708987408254287743e+00 -1.132174331948594492e+01 4.078845948258589260e+00 -1.203007482158890795e+01 -3.547407092727494771e+00 -2.778882500574014713e+01 -9.126974779330494059e+00 -1.113850483655847334e+01 6.556338574188375787e+03
-5.236793531615196429e+01 -1.267715091666019145e+00 -1.578997518183011017e+01 -6.348593132898346703e+00 2.429215072362643824e+01 2.307176495850221798e+01 -2.650955567966800430e+01 1.286151550227644869e+01 -2.921304420656018053e+01 2.356698524365967273e+01 5.556090257906233454e+00 6.006464832224578387e+00 -1.978804735663301173e+01 6.891545072481094394e+03
-4.555461864083308399e+01 -4.937015987608098122e+00 -1.992682837123395245e+01 -1.129641308672811650e+00 8.342211636215722592e+00 2.302475164956269538e+01 -2.016047539713065007e+01 1.593078051680664231e+01 -1.913315332392700441e+01 1.323215506519645324e+01 -1.192003225595048299e+01 -3.213876004744076198e-02 -4.982119448961571884e+00 4.465995404289761609e+03
-3.819977250043869788e+01 -5.160837065868582485e+00 -2.019704599497665143e+01 1.871545011108755263e+00 4.777915782218837393e+00 2.123989955631981985e+01 -1.564544580812889052e+01 3.446617982338426422e+00 -3.004258437554495487e+01 6.407768823766987865e+00 -1.278540243034370327e+01 -2.497638212150228743e+00 -2.126399714714692379e+01 4.193379832272413296e+03
-2.690814119309697006e+01 -6.447372966197247202e+00 -2.222696187636055143e+01 -1.832447148651040303e+00 1.374264742679398843e+01 2.205009366636415180e+01 -3.173409262147011844e+01 1.560359501241798785e+00 -4.556658693685116646e+01 7.117104980459660446e+00 -1.424409231788236774e+01 -1.354331248430493773e+01 -1.606372056746273103e+01 5.718892348566347209e+03
-2.624754336433550250e+01 -6.159230794494876982e+00 -2.147564939017776808e+01 -1.501233493996460888e+00 1.348702092382005624e+01 2.225742883527651728e+01 -3.042676960228626371e+01 3.804685898712815373e+00 -4.291126336277033460e+01 7.900486052134511716e+00 -1.511486206316669545e+01 -1.418699721008851355e+01 -1.584631927720768196e+01 5.392513673263126293e+03
-2.730914724274186511e+01 -3.005744034574830970e+00 -1.822073518188634367e+01 2.061122631181763420e+00 1.596210683699440480e+01 2.516335042283526136e+01 -2.151452147528507197e+01 1.862534944915300272e+01 -2.932172452127272777e+01 8.307212064991478684e+00 -9.569830057412803015e+00 -5.597532398748704452e+00 -9.922599145000489784e+00 3.938974064257246027e+03
-3.363111730528918741e+01 -4.454428093168696812e+00 -1.957024315730096831e+01 -1.621206620448788049e+00 1.007592503187867194e+01 1.877800024301064852e+01 -3.282824483328914766e+01 -8.835900160283681970e+00 -3.211649946421436397e+01 6.156568527873061747e+00 -2.596383461407901905e+01 7.016429241447468712e+00 -1.149135411080350444e+01 5.071196138173474537e+03
-2.994024501623542633e+01 -4.081993826475287079e+00 -1.857777887525655558e+01 1.775952323876830441e+00 1.602725468042371659e+01 2.162893351272497355e+01 -3.143882855688287847e+01 -8.085841512140573561e-01 -3.788447675154087335e+01 1.311674035200198141e+01 -1.069990531187571570e+01 -3.805063968377664807e+00 -1.841312856860565006e+01 5.050398472044346818e+03
-2.998875690710922726e+01 -5.888265014515179807e+00 -1.803333270554493240e+01 4.804301986961373672e+00 1.783635082359411328e+01 2.184819620570827681e+01 -3.716275704095281895e+01 -5.588014722335794104e+00 -3.928550194219278779e+01 2.013134352743567845e+01 -8.289508095763739703e+00 -7.791868048038597117e+00 -2.662434970734873119e+01 6.276961923889671198e+03
-2.842059570056363071e+01 -3.180798709435146421e+00 -1.770745687901699483e+01 -9.629272654663267872e-01 1.402515874406073060e+01 1.712557646482471441e+01 -3.316071339514400051e+01 2.845745805833986175e+00 -4.516522225570933813e+01 1.294102968629525119e+00 -6.955262316074755091e+00 -5.524667845845443459e+00 -1.796827538167542215e+01 5.173379180345720670e+03
-3.119323008301106270e+01 -2.827221199302762500e+00 -1.568711421883469370e+01 -6.836077219939792338e-01 1.080353718516590789e+01 1.268059457350891073e+01 -3.168404960931162861e+01 -3.746097153747308450e+00 -4.944451241590802937e+01 9.937106527012971036e-01 -1.301040998437020257e-01 -1.202985131352680881e+01 -3.021166323360240824e+01 6.026215906684526999e+03
-2.741360201027444177e+01 -5.373381575910635810e+00 -1.969216787507700417e+01 7.686074673201890306e+00 1.631649294922997484e+01 2.014892218762665621e+01 -3.263273328034895115e+01 1.237298187206162403e+01 -3.790855080515250819e+01 2.049059176868368581e+00 -1.114875375633641497e+01 -5.357735418189531806e+00 -2.299554679662375989e+01 5.240481072741972639e+03
-2.920337426628667998e+01 -6.780652819238270901e+00 -2.059383150112386218e+01 6.437352746606510578e+00 2.006345706180977473e+01 1.945778015038695585e+01 -3.877252551230249367e+01 1.318563669682042949e+01 -4.120845464632834165e+01 6.665823731018563070e-01 -1.478750211695761330e+01 -1.096828152308493287e+01 -2.797326401560132680e+01 6.642734979341184044e+03
-3.019213087679982621e+01 -4.479826505042478146e+00 -1.781482846862277469e+01 6.511478217993665218e+00 1.902013523651930882e+01 1.795979047270964557e+01 -4.201009792951174404e+01 7.891390583884943410e+00 -3.548793768463637832e+01 1.675277698709629837e+00 -2.137387330272141384e+01 -5.962366010351070500e+00 -2.105148816681550272e+01 6.000600764896837063e+03
-3.322113968757966518e+01 -1.552494803499343767e+00 -1.688523244824344260e+01 3.371864713638919486e+00 1.738430354409533507e+01 1.565321410356358633e+01 -4.218327893775369830e+01 1.759443596396413767e+01 -2.752827819439940882e+01 -9.446939202384938561e-01 -2.225278886287510716e+01 -2.007629066957641761e+00 -1.139649670481512445e+01 5.426561099790721528e+03
-3.508614788214402580e+01 1.650477922949876053e+00 -1.013883148356850938e+01 1.277974927843411912e+01 1.718126792781633227e+01 1.057373935700461054e+01 -4.706609462422111534e+01 1.943834217940750975e+01 -1.322304973564494546e+01 -9.225267806026005157e-01 -2.713468296851402783e+01 -1.378635578915853088e+00 3.017326872830025319e+00 5.422942104801798450e+03
-3.952478366576034574e+01 -1.413565115419795015e+00 -1.185811280344899643e+01 1.491395098828803079e+01 2.269608799397617105e+01 1.937419222336674451e+01 -4.173472307319758556e+01 3.891950940937646486e+00 -2.462756604938220306e+01 -7.094116825421103556e+00 -4.199006836421272482e+01 -7.204434162406055719e+00 -1.371807593785100998e+01 7.234752413480249743e+03
-3.662575667129130608e+01 1.113825825968759009e+00 -7.468220557803169513e+00 1.561915412733378972e+01 2.839242787615539143e+01 2.308319154410352780e+01 -3.739067705489892290e+01 -4.725264659810236800e+00 -2.432489047517344360e+01 3.764069197935867361e+00 -2.886159129300972737e+01 3.483978114024653294e+00 -1.274343150526155632e+01 6.015166618511154411e+03
-3.830814144388766351e+01 -3.169265407576117966e+00 -9.403314332699064693e+00 2.226596004826164332e+01 2.275211784970232287e+01 2.441462785082488196e+01 -3.317152260481401527e+01 -1.761629665333436989e+01 -2.208931615380936009e+01 3.108871714674855902e+00 -3.834613487115066022e+01 -2.507732299515422536e+00 -2.753418250539816370e+01 7.318618939424205564e+03
-3.357246056389713118e+01 -1.146728545904827756e+00 -9.360404033793196632e+00 2.267008970254424582e+01 1.112505482514254851e+01 2.587108059940899452e+01 -2.091820114389412666e+01 -2.008654750478791584e+01 -1.392693797961871027e+01 9.960922915473258143e+00 -3.432307506765187100e+01 5.794187672818402746e+00 -1.973412078892370047e+01 5.258356614487218394e+03
-3.452791905938494210e+01 -6.684763933646672207e+00 -1.413934184903913405e+01 2.635789790135232735e+01 1.073703438908079910e+01 2.671816666805392515e+01 -2.641622021326055503e+01 -2.490329970793854386e+01 -1.770558340173697331e+01 1.053578360830468341e+01 -4.157712199859634694e+01 1.927973742324885942e+00 -3.149864670216434703e+01 7.427687717737137064e+03
-3.009934698782495133e+01 -9.091810593761369574e+00 -1.325554103762693536e+01 3.476160246572107582e+01 1.296116626296395680e+01 2.612296462690847676e+01 -3.703242802877144157e+01 -2.824248119575431559e+01 -1.992412875420193075e+01 1.600923081212439314e+01 -2.954607586547724551e+01 9.989788234162393366e+00 -2.435158492327345314e+01 7.611182198842168873e+03
-3.086106120210992998e+01 -1.094033169191105337e+01 -1.751647098191518381e+01 3.135982729950754333e+01 8.784505340985862887e+00 2.678964663816073610e+01 -3.511015211175745065e+01 -2.286122589876600131e+01 -2.280900219724286515e+01 5.832965688829633066e+00 -4.219058707619099380e+01 -3.221827372676198564e+00 -2.936854151622134879e+01 8.119783722156995282e+03
-2.700641103459798131e+01 -9.672616216315047311e+00 -1.779899903332059097e+01 3.535853554745349925e+01 9.789698926179323024e+00 2.858192350044690855e+01 -3.931341351854039345e+01 -1.974744902541774394e+01 -2.182834208370514162e+01 9.044441788121035941e+00 -3.370454344905453326e+01 5.395617816026984315e+00 -1.449260803864155278e+01 7.171629999497812605e+03
-2.759558093402968026e+01 -1.065571275202081125e+01 -2.166743205183896137e+01 2.716009780274965735e+01 3.997764080369202500e+00 2.662950781251938182e+01 -3.787307032489153613e+01 -1.668783299714020885e+01 -2.322558177054052919e+01 4.204457237192194441e+00 -4.504075861213239307e+01 -1.830134970671607464e+00 -1.864985296329284381e+01 7.457116310829228496e+03
-2.546542630876747282e+01 -8.995849928395049488e+00 -1.890252273083486045e+01 3.356927706866748196e+01 5.848154421155704163e+00 2.608208411430823048e+01 -3.564074389505493201e+01 -1.012464730893841747e+01 -1.718660887220627842e+01 9.550019299787269489e+00 -3.265103419816878727e+01 1.399979541414648754e+00 -1.047085883903401005e+01 5.865133366832838874e+03
-2.784350502140961936e+01 -1.265781301068823339e+01 -2.192374043673053308e+01 3.448249815291720211e+01 4.836776120253210465e+00 2.334603792502884900e+01 -4.424998419447122444e+01 -1.994714429153506430e+01 -2.496103142428819766e+01 6.072906770395540832e+00 -3.580057651417377684e+01 -2.579859966591925957e+00 -1.499496208003394848e+01 7.702674762708802518e+03
-2.377690959602956866e+01 -8.995564084496908919e+00 -2.009214686837700725e+01 3.251079459807379379e+01 4.596318287749016740e+00 2.417941223039482779e+01 -3.696621580379690641e+01 -3.909382058266218429e+00 -1.713082148735583132e+01 1.094688008090575870e+01 -2.815203715718126176e+01 5.046461387385114961e-01 -8.963010669753758819e+00 5.380888883282832467e+03
-2.586416507530555364e+01 -1.299575445512739158e+01 -2.450191816729595473e+01 3.089352620430932816e+01 2.757723482570291651e+00 2.230902583138743367e+01 -4.675722132079167181e+01 -1.233782496395772554e+01 -2.761370228583781739e+01 3.219155036816504722e+00 -3.878704005906579511e+01 -7.045047077466328744e+00 -1.495950494342981152e+01 7.787089433050156003e+03
-2.460759037028356744e+01 -8.989861905271443021e+00 -2.032844338562204456e+01 3.020342421802666877e+01 2.690024340335037678e+00 1.672924326059415634e+01 -4.630305417430299286e+01 -2.328456812430972356e+00 -1.542761345242034210e+01 9.778364985043170421e+00 -3.162757002334542378e+01 -8.606575259714649206e+00 -7.689668658923674904e+00 5.915476919888370503e+03
-2.741990969873323181e+01 -1.282256056370409425e+01 -2.478902220486186536e+01 3.098340830007080271e+01 3.873751760893158647e+00 2.063470007144631424e+01 -4.668772386201714397e+01 -6.672183872798962412e+00 -2.841473169427741396e+01 3.807497113450872828e+00 -3.215258873804410200e+01 -9.860677961657799528e+00 -1.497234512436901532e+01 7.332882178321799984e+03
-2.558524805545300040e+01 -8.410705507213760868e+00 -2.139114766686938651e+01 2.457587778579510029e+01 7.378787989708732731e-01 1.614677340964829000e+01 -3.863911119269372563e+01 9.009170132633985695e-01 -1.908165131152140148e+01 4.289583558958402598e+00 -2.624472810834113190e+01 -2.186902730752623647e+00 -7.237143807927030714e+00 4.670409665941831918e+03
-2.829927718008083914e+01 -1.076812746805357079e+01 -2.399911429457560175e+01 2.542855625536952857e+01 3.896117529051979639e-02 1.847045897988393293e+01 -3.843399563057016621e+01 5.943257047185728226e+00 -1.668311811491948404e+01 7.127640999436025027e+00 -2.672392504659442025e+01 -6.882695032161198156e+00 -1.076596004107390137e+01 5.199599568261182867e+03
-2.764786221948898159e+01 -7.077909986614291604e+00 -2.093767580099240533e+01 1.999734877796887034e+01 6.960932619549531353e-01 1.606806254507358744e+01 -3.317404638007050011e+01 5.160905042132720943e+00 -1.974415066594862722e+01 1.097006046744984697e+00 -2.712309526429162787e+01 -5.519575066918874562e+00 -8.554256749904368462e+00 4.268939017009122836e+03
-3.214393193252649183e+01 -8.399253516619738846e+00 -1.963557463601090447e+01 2.893814738363581540e+01 9.102627194874207461e+00 1.935508463239641586e+01 -4.444698169323264381e+01 -6.857672080668121950e+00 -2.571816895464573705e+01 8.624130047177420266e+00 -2.610329184757422283e+01 -1.020553950087714057e+01 -1.179223336668141364e+01 6.467182438991557319e+03
-3.025574335073740428e+01 -9.696004190648631393e+00 -2.015403919831568302e+01 3.273510449079493867e+01 1.498301008352517982e+01 1.941287803102507326e+01 -5.218340147018764696e+01 -7.161918325925024087e-01 -2.764886286720165032e+01 1.198194441449948577e+01 -1.938304417330254736e+01 -9.209860133586591502e+00 -7.086343547655955533e+00 7.230932409132910834e+03
-3.134660043829437726e+01 -8.663742605554372034e+00 -2.105683362935926439e+01 2.516675261144300180e+01 1.250516525013581237e+01 1.860035426047524965e+01 -4.758350401110466521e+01 1.098219959220179121e+00 -3.092590497826851248e+01 4.111601082069784141e+00 -2.373615916393007197e+01 -8.887066755224914516e+00 -6.271473668415151970e+00 6.557207203599332388e+03
-2.881162219312266259e+01 -7.825585766693533785e+00 -2.341030764875352332e+01 1.079230300303185430e+01 6.075416832425578839e+00 1.415728104137993881e+01 -4.294349278604372699e+01 -7.247421685755595089e-01 -3.014623589020303740e+01 7.913358832523542219e+00 -2.082302102816283806e+01 -1.005853648073624917e+01 -1.731022017415390479e+01 5.443706664069232829e+03
-3.238485556199047011e+01 -3.758935277973713518e+00 -1.563511977193836699e+01 8.782358683334338778e+00 1.819922601021563580e+01 2.030891031849040473e+01 -3.693473740760576618e+01 -1.365484545880616807e+01 -3.757939738607930025e+01 1.627872924555557788e+01 -1.677843914579012363e+01 -1.182507281565097834e+01 -2.903864353319481140e+01 6.620587875352000083e+03
-3.212610773271955367e+01 -4.014979001592216434e+00 -1.871478407002851796e+01 1.847931417152771927e-01 1.213136004445246918e+01 1.491714793008574169e+01 -3.769209184550339842e+01 -1.303530108723649050e+01 -4.266910605174826543e+01 8.553049023674574869e+00 -1.796021502705978889e+01 -1.522422139051049328e+01 -3.291939632965175377e+01 6.890628361082431184e+03
-3.558902804258256936e+01 -3.581763132165750596e-01 -1.152207842753897538e+01 1.257444547299087567e+01 3.014911899155767117e+01 3.303949064788532297e+01 -2.690633766021730722e+01 -7.736456570965615676e+00 -4.261633789068216771e+01 7.063205566559875415e+00 -1.842294000626267092e+01 -6.038634473473419639e+00 -8.047509400931206258e+00 6.648636622754455857e+03
-3.818344737376428100e+01 -1.007444389679920116e+00 -1.307824015353748059e+01 1.117995686336308836e+01 2.300935703699207835e+01 2.323874792706861570e+01 -3.748912760096671803e+01 -4.302668569921568320e+00 -3.672210497279096586e+01 -1.290111957849160662e+00 -3.625187787133233286e+01 -9.169985702865812272e+00 -1.332520171756095495e+00 6.998680239594712475e+03
-3.885106733261056888e+01 3.781727961759053791e+00 -7.763202863709764756e+00 9.741071467301694042e+00 1.568399186074923968e+01 1.749570565892480545e+01 -3.427443309217690626e+01 -3.735722167274694083e+00 -1.312468901458013981e+01 8.985847730791395094e+00 -3.792341569620431585e+01 -9.496664426074005405e+00 -6.851660203402402338e+00 5.247962654388813462e+03
-4.172616823561466504e+01 -2.631604151726139040e-01 -1.129990153646879492e+01 1.302441985541593361e+01 1.398617078119236368e+01 2.077496411522757214e+01 -3.553588235808170026e+01 -1.067144590943571814e+01 -1.977948325997544998e+01 3.575496035742879997e-01 -4.927857796087673847e+01 -1.705343286956539828e+01 -1.393854073870583044e+01 7.347192992368289197e+03
-4.027510329820210444e+01 4.817612799796125778e+00 -5.419341015378488002e+00 1.179191000055651983e+01 1.861157097551435058e+01 2.414823227923353954e+01 -2.234930141589370578e+01 -8.066111385870483375e+00 -1.236700762349785165e+01 1.255308061493751914e+01 -3.766305423933224006e+01 -8.150290784073092709e+00 -1.220040017875292726e+01 5.252098229834277845e+03
-4.187925699125579371e+01 3.571419325330044359e+00 -5.879640069710475814e+00 1.187420240641894864e+01 2.466493292048436459e+01 2.647379302742190532e+01 -2.678941632492942304e+01 -8.723039546165484381e+00 -2.260615940615695862e+01 8.218502850115394054e+00 -4.132549177121638451e+01 -1.823498117972101795e+01 -1.357038932795113695e+01 6.848227438923823684e+03
-4.126586686316428398e+01 5.002486138940325233e+00 -2.395408365218342439e+00 2.174724340364888775e+01 2.540811183323936362e+01 2.413678653049801071e+01 -3.176838010509161947e+01 -6.380522348164239688e+00 -7.746192878565839379e+00 1.500857558904251654e+01 -4.041342284263168949e+01 -1.324557773032582197e+01 -6.641091075514016673e+00 6.622729874583298624e+03
-4.302892812200235539e+01 2.239200498886174007e+00 -5.088086954535450346e+00 2.204624446080445566e+01 2.522910976159462493e+01 2.553012176718122461e+01 -3.005264397796989329e+01 -9.607890773520811223e+00 -1.749435159053238209e+01 2.166683355599300143e+00 -4.107350912702825951e+01 -1.648122166806819067e+01 -1.059727601460160074e+01 7.033909202823647320e+03
-4.213604716921582849e+01 5.121819063552874418e+00 3.208887203411069783e-02 2.691015389565147586e+01 2.494921687097994933e+01 2.124359187420921913e+01 -3.363690097491644337e+01 -9.244485252672063780e+00 -6.845132245615367594e+00 1.309575103465042467e+01 -3.316523088510901118e+01 -1.311187403142591279e+01 -8.426542879408611242e+00 6.377707082724467909e+03
-4.376160752285063182e+01 4.680381307348602249e+00 -2.119705355405949287e+00 1.707427794232715357e+01 2.371612064108699158e+01 2.073605051897226303e+01 -3.310185042833075642e+01 -1.182884565684801004e+01 -1.479643483052449859e+01 6.948015445061471951e+00 -3.634219969601004152e+01 -1.592467184721657958e+01 -1.430609605845585719e+01 6.507325079891588757e+03
-4.268180847328758887e+01 6.934110719825271829e+00 2.606729427061659776e-01 1.888211273980190796e+01 2.362957277771238296e+01 1.945061095749558078e+01 -2.990139452698762312e+01 -7.160350565869680217e+00 -1.443683256155271266e+01 7.383218574445582938e+00 -2.424292873285288508e+01 -6.432264371792868474e+00 -1.239426537231180347e+01 5.154113272631072505e+03
-4.484505040600325287e+01 5.428705044424695814e+00 -1.398174819580252803e+00 1.756855835779555974e+01 2.332324087178907490e+01 2.472552658930010949e+01 -3.113150064196480571e+01 -1.057545620092885486e+01 -9.895633301420678762e+00 1.032313547311509971e+01 -3.726533153273751964e+01 -7.888639888927919230e+00 -1.133619455824728384e+01 6.371429920970745115e+03
-4.438910607796383090e+01 5.542913488606435735e+00 -1.849719708320968770e-01 1.998317825303883666e+01 2.107107155072659666e+01 2.344610649979330219e+01 -3.371666933206311256e+01 -1.511963756217151911e+01 -1.118236982421123216e+01 7.573550778417335927e+00 -3.539407746228204132e+01 -8.029821889278640157e+00 -2.858950278134558154e+00 6.267401875171322899e+03
-4.678366018854807606e+01 6.044783221774718385e+00 2.516502159092717239e+00 2.428766390332773284e+01 2.151707064542917180e+01 2.706435575611212130e+01 -3.211810427436898152e+01 -1.663209967717909876e+01 -4.620102603042043121e+00 1.362152025585263893e+01 -3.707477121460186709e+01 -1.102898489563090934e+01 -1.707461404585024933e+00 7.031120464372676906e+03
-4.648697115842004735e+01 6.258571417436440854e+00 1.108369341473725567e-01 2.281785101639285429e+01 1.729602934106212686e+01 1.290227055516927024e+01 -3.540842277341485556e+01 -9.978452288631244116e+00 -1.052150332109260056e+01 -1.313647398889799534e-01 -3.368708575923518111e+01 -1.953695517075314569e+01 -4.299630077770137504e+00 6.185540415256642518e+03
-4.899416382324454133e+01 8.823325981148981256e+00 3.099268541342506733e+00 2.127526047721196534e+01 2.935386286720918037e+01 2.291003956335099190e+01 -2.984165019155629039e+01 -1.091907893668268059e+01 -1.229786417640345242e+01 7.450077368758069696e+00 -3.278672930792979656e+01 -1.504006835815732046e+01 -1.079844647671018398e+00 6.845871348469423538e+03
-4.650718133966521606e+01 5.395388128345860679e+00 -7.466793853565512062e-01 2.221876408694161853e+01 1.255651852550528247e+01 1.969995139950553664e+01 -2.425692516360620132e+01 -2.688114772571257660e+01 -8.392415208933153181e+00 1.209860185283547551e+01 -3.789734133504352087e+01 -1.484927887323562068e+01 -1.123495800746041873e+01 6.542750545522179891e+03
-4.589483224413562112e+01 4.683090517614330039e+00 -3.659394914270797661e-01 2.312587237870294388e+01 1.528224935238859494e+01 2.411719589414454745e+01 -1.816580467533748688e+01 -2.877738081297070138e+01 -1.351493712403686764e+01 1.499614134837948320e+01 -3.394606832011270825e+01 -1.849824096316527289e+01 -1.532465369157645974e+01 6.773430502222411633e+03
-3.853290546661497729e+01 -1.676415378924331678e+00 -9.339690270642886816e+00 1.974075615975033671e+01 1.187240426993933440e+01 2.851967874383419499e+01 -2.089429243809350822e+01 -2.294165354400234236e+01 -2.410708874128781432e+01 2.587193202946178161e+01 -2.433111857783572773e+01 -1.896672807072843625e+01 -2.693295865684947543e+01 6.809372384440671340e+03
-3.906261418276350383e+01 -3.630707455968102959e+00 -7.573459458354262708e+00 2.631469875020933102e+01 1.198736962421303609e+01 3.048939104166756664e+01 -2.045299117121977162e+01 -3.182538416749240895e+01 -2.804518448652861906e+01 2.525284554007528115e+01 -2.645914615899343048e+01 -3.003632989998357772e+01 -3.723836167706971878e+01 9.206572134231762902e+03
-3.496142268878799797e+01 -4.237597589305272194e+00 -1.305677458792371404e+01 2.124578148218906293e+01 1.182557823933938757e+01 2.899771829631073672e+01 -2.427083841374303574e+01 -1.934076445506211783e+01 -2.959579118620051830e+01 2.004978189100250319e+01 -2.362662911481507066e+01 -2.079759187775377427e+01 -2.444038942689361349e+01 6.671966313675720812e+03
-3.712099942696525545e+01 -2.873320642523419899e+00 -9.191853503455357455e+00 2.498772832726795556e+01 1.481279271167381317e+01 2.544747674026577045e+01 -3.191963319246938013e+01 -2.266702827170940537e+01 -3.176248369033950780e+01 1.838591761761544063e+01 -2.139735825677388803e+01 -3.221098334882528746e+01 -2.277772461283192484e+01 7.855867825961354356e+03
-3.369433426331790571e+01 -5.177310221584719763e+00 -1.547606553912186378e+01 1.945576642034040660e+01 1.878953311354705136e+01 2.690639600719094204e+01 -3.678128598925169257e+01 -1.242587021596601460e+01 -3.370915840738761204e+01 1.758876777572700334e+01 -2.244182265183627578e+01 -2.064901847258124690e+01 -2.159878413706777778e+01 7.206611060940709649e+03
-3.450325173029131776e+01 -2.703072607835531382e+00 -1.064609242383570731e+01 2.247103701920870833e+01 2.052881563763010320e+01 2.489058403125614305e+01 -3.980118370439890185e+01 -1.590654533974826279e+01 -2.780804271385902027e+01 2.345318143189041393e+01 -2.232653970605645810e+01 -1.983415069608794923e+01 -1.910186029885998593e+01 7.274281558731568111e+03
-3.330182318900542526e+01 -6.932377799919647643e+00 -1.936208895518075934e+01 1.904713138687127127e+01 2.100615414927562696e+01 2.736720942700092607e+01 -3.785230519594193765e+01 -2.034056007285744538e+00 -3.820440079680525969e+01 6.661304374090188496e+00 -2.525809371230985079e+01 -1.934767381539806053e+01 -2.449371288940317370e+01 7.638105016264222286e+03
-3.430187768676749727e+01 -2.961773918498377789e+00 -1.145970951509228186e+01 2.802387939296783159e+01 2.263977340916196468e+01 2.709000982025865056e+01 -3.279464328291078346e+01 -4.426096662642968305e+00 -2.882327756448813005e+01 1.337858521480975682e+01 -1.637058754515547676e+01 -2.063474342849906051e+01 -1.944213699895158953e+01 6.525113943713528897e+03
-3.299321247765197995e+01 -5.429674555317171247e+00 -1.731415493912787085e+01 2.114567474292346105e+01 1.253862530348770221e+01 2.223236762385754517e+01 -3.139574090805329831e+01 -1.013708434188844043e+00 -3.267999892375591742e+01 3.781115809709294506e+00 -2.239926141813626259e+01 -2.565748245818330275e+01 -2.772442105224505227e+01 6.514124410855835777e+03
-3.371076313668492475e+01 -2.298020702399678594e+00 -1.130833218567041065e+01 2.900564483262139959e+01 2.301719132211717067e+01 1.917549930768848654e+01 -4.291247219284598913e+01 8.959382685359058129e+00 -2.274014829710918661e+01 4.955623554887570670e+00 -1.778258699267801646e+01 -1.600189111507242856e+01 -1.447135063469623084e+01 6.253517395241970007e+03
-3.594789175311914420e+01 -6.728027837714630088e+00 -1.627902982206410343e+01 2.905260242151294037e+01 1.963606690131551247e+01 1.664563137015262839e+01 -5.014967358333478131e+01 3.355136715654651436e+00 -3.087898149018175431e+01 -6.006200415678270232e+00 -3.075073325116120060e+01 -2.557074448609097317e+01 -2.234881358102798288e+01 8.724002648289739227e+03
-3.503092589975560855e+01 6.884161992507360495e-01 -8.566259647727177295e+00 2.489749958540167185e+01 1.318611019712910348e+01 1.180720326162828826e+01 -3.884760691965873747e+01 6.839440628088524043e+00 -1.992845859954508825e+01 -6.757615378932850803e+00 -1.933847817076990339e+01 -5.495604348721363941e+00 -6.011095113101078802e+00 4.673224536037766484e+03
-3.735715293797552050e+01 -4.564630583045797607e+00 -1.229585322958753224e+01 3.298828606396573804e+01 1.915170251587029782e+01 1.935120157502338145e+01 -4.102034699910814908e+01 8.231686899838043914e+00 -1.942119621964066312e+01 -4.418087075895795302e+00 -2.689968473325983567e+01 -1.416699953906527476e+01 -1.809056657695853332e+01 6.795761870646349962e+03
-3.661258360725957317e+01 5.502728110695526836e-02 -9.180536124994869596e+00 2.547075898776319747e+01 2.063748800577374354e+01 2.186052448130514492e+01 -3.567458732455258286e+01 1.592638811703948498e+00 -2.065895516905606399e+01 3.587769268099711084e+00 -2.252210790790130090e+01 -4.553526931701316727e+00 -1.194666001195949612e+01 5.362894388875585719e+03
-3.935875638071946980e+01 -3.260189362838994409e+00 -1.162028262883307939e+01 2.632193774882048132e+01 2.703229291416960933e+01 2.809074250114744586e+01 -3.453041943689433424e+01 -1.235863669221025196e+00 -2.635666667752079206e+01 7.545651594364452208e+00 -2.099446486064416462e+01 -8.683066517735062106e+00 -2.079422274526492842e+01 6.801501448554517992e+03
-4.246241354783090571e+01 8.999710514093231528e-02 -8.526566515254616618e+00 2.106104134956406781e+01 2.321862572772949562e+01 2.278681162796700832e+01 -3.328075712046724988e+01 -8.292028002331560899e+00 -2.570481614534842407e+01 1.517153908339239576e+00 -2.804806926988123550e+01 -1.025907334418852557e+01 -1.990789886025079980e+01 6.505350892536097490e+03
-4.616373017089190967e+01 4.922400011461684599e+00 -4.309914534530794761e+00 1.486003036613906936e+01 1.747228131559952402e+01 1.708894785052661547e+01 -2.986263370761358260e+01 -8.505528131443469420e+00 -1.545673917999961944e+01 1.270170637859643570e+01 -2.153049364448163772e+01 -8.391298946525637348e+00 -1.294821800550862001e+01 5.058026059810446895e+03
-5.140327453179945394e+01 9.079821910435198484e-01 -7.963786799698159946e+00 2.429590005403674624e+01 1.454029686331124438e+01 2.188100517562842739e+01 -3.162897271167172875e+01 -6.455883514117445543e+00 -1.149564094687596594e+01 1.463031294864116738e+01 -1.848998042195750102e+01 4.861148790690899002e-01 -4.758463225993448731e+00 5.740057164698033375e+03
-5.388415285543857891e+01 2.446240343515372562e+00 -4.745104896263971916e+00 2.609162051206472555e+01 1.624349263604054627e+01 2.269982330327465192e+01 -2.980038657846021266e+01 -4.873519120265378035e+00 -1.129719126130023987e+01 6.921756458763973718e+00 -1.684303664913078791e+01 4.063589851098837080e+00 -3.626182849562507471e+00 5.792609053016130929e+03
-5.376933073160977017e+01 1.957818897128476898e+00 -6.312360414371424255e+00 2.449649921489656990e+01 1.835193456255480271e+01 2.341080596263143221e+01 -3.327222286474991364e+01 -4.918451287990382781e+00 -1.460198988703328382e+01 3.013884396912331010e+00 -3.142887400040446266e+01 -8.802893154628240069e+00 -7.324996926669442132e+00 6.892211902007525168e+03
-5.368191447030046248e+01 1.227507498013177045e+00 -8.084927208458216441e+00 2.325469813035851274e+01 2.133037479705665973e+01 3.238351613550054964e+01 -2.368696318901710640e+01 -3.117474871617299526e-01 -9.829396130331321757e+00 1.493458497032360377e+01 -2.889266233377583859e+01 -1.134218718185589125e+01 -1.631353816225221820e+01 7.103469697545132476e+03
-5.352123218363207258e+01 1.064653344222755926e+00 -9.982676811822623009e+00 1.652207694162770935e+01 1.924987111047208188e+01 2.502893614147142287e+01 -3.556546801046832940e+01 -5.244672822120006295e+00 -2.209243762590964621e+01 9.174912098796022875e+00 -2.715173086497106780e+01 -9.143105184231465898e+00 -1.078689319610056963e+01 7.037127672423522199e+03
-5.439926558848867444e+01 2.936832268968825765e+00 -8.393385699535384603e+00 1.222879432003571232e+01 2.861893374807648627e+01 2.983954278912498026e+01 -3.872909444185626171e+01 -8.003574710715753326e+00 -2.253851804006226800e+01 1.573691412555017344e+01 -3.314750230442825085e+01 -2.935113382871531229e+00 -1.521538650530845516e+01 8.555854109278392571e+03
-5.666279125362855495e+01 3.570559382032122198e+00 -7.770787373048095859e+00 7.175517352915701252e+00 3.307399373481135996e+01 3.182855217808787174e+01 -3.491980501365360112e+01 -5.568117287526715309e+00 -2.745795374108933729e+01 8.555255784907524585e+00 -3.641125132499321637e+01 -4.599097100947848737e-01 -2.012128334815766806e+01 9.250624909037966063e+03
-5.517388967890676099e+01 4.808966207963830897e+00 -9.765552641142988932e+00 -2.283176527479623963e-01 2.514078408760690664e+01 2.016567386576465992e+01 -3.864844155251214630e+01 -6.202980258421127990e-01 -2.568431905141813942e+01 1.758071785225953576e+01 -2.183538425692255558e+01 -3.897219557322242789e+00 -1.892223782933907472e+01 7.514291932437171454e+03
-5.783462272106791602e+01 5.129870507528909940e+00 -7.174081969060745578e+00 -3.929752983858251225e-01 3.166465177479803828e+01 2.661088034693785431e+01 -3.984207994455874058e+01 -6.087343820836172092e+00 -1.989476855811642864e+01 2.902326803190580051e+01 -4.072204288283578677e+01 -8.657677401973620235e+00 -2.483530081171209147e+01 1.034620147654542234e+04
-5.371380811490368501e+01 1.307076648679681874e+00 -1.223598474801197433e+01 1.768271886598680454e-01 2.334610965291366469e+01 2.907436339954664462e+01 -2.933742694849972921e+01 3.225525045823892878e+00 -1.313910929807704164e+01 1.412431706368075446e+01 -5.509003401354170393e+01 -5.615928244525973057e+00 -1.538617285776494725e+01 8.973397635505076323e+03
-5.332274877733289742e+01 2.207444357327027706e+00 -1.168332859523484402e+01 7.061375659291525553e-01 1.915513997152338987e+01 2.622363540103305368e+01 -2.455462488660937126e+01 2.203670031391171125e-01 -1.451560019893484288e+01 1.084174493489259739e+01 -4.824245172261001358e+01 -4.986061002401104503e+00 -1.280552462905407296e+01 7.487186246922557984e+03
-4.241014494434710258e+01 -8.966575932436809282e+00 -2.382503313215373808e+01 5.301733292958400234e+00 -1.583725452330915751e+01 1.167926947914866176e+01 -5.528549591233994143e+00 1.671538157505359168e+00 -4.889480116433522205e+00 -4.674665640468902872e+00 -3.977693384744964078e+01 -5.271624143645850857e+00 -1.353804526841300770e+01 4.734375996372985355e+03
-4.031394578048642074e+01 -1.037700733432574651e+01 -2.546968111159959136e+01 7.380849973245750206e+00 -9.455162771288023293e+00 1.740040535434790314e+01 -1.221486237131569297e+01 8.415879218332213085e+00 -8.635944619029009006e-01 6.463055304642821852e+00 -3.707012369000518959e+01 -1.498489036687778775e+00 -1.014043718560037277e+01 4.570067088523659550e+03
-3.969369013847349237e+01 -1.069501815329257788e+01 -2.632343992114126507e+01 8.845472387492918642e+00 -6.170192098044766205e+00 1.829843424008932828e+01 -1.720704584207450338e+01 1.195095931009659651e+01 -1.051456061511522044e+01 2.533700397299827323e+00 -3.270828362014628965e+01 -1.308658113382700172e+01 -1.664234629935110021e+01 4.907983878484626075e+03
-3.909936560171947662e+01 -9.534018232517338376e+00 -2.125507045120572158e+01 3.021456187459225262e+01 -5.677354238638838702e-01 1.669897051837615720e+01 -3.812885700443793269e+01 7.698759283440526069e+00 -1.009167197018348006e+01 1.141214868781174552e+01 -3.164170443718046144e+01 -1.698495546334034856e+01 -9.975236687747814912e+00 6.397884733713163769e+03
-3.906885609044075380e+01 -6.766646488591598008e+00 -1.347917102199339290e+01 4.282729681073398353e+01 8.487414253427285615e+00 1.874735819574209117e+01 -3.903770478543938793e+01 9.721874904557715524e+00 -6.649801415083373968e+00 8.784101661747266476e+00 -3.266623024575925172e+01 -2.803515663526940926e+01 -9.739306392502282250e+00 7.699272306979754831e+03
-3.638538949314460069e+01 -8.020245172062500316e+00 -1.756586363810115969e+01 3.432678514504819134e+01 5.881400847943368149e+00 1.066779743649927248e+01 -4.896604972844841797e+01 3.443530276562905446e+00 -2.433614555757861098e+01 -7.632720682905005383e+00 -3.211447720024220587e+01 -3.066816603039143985e+01 -1.311365808655271792e+01 8.227383837335792123e+03
-3.514379989218862477e+01 -6.091224375452497064e+00 -1.187437700769018711e+01 4.168711718697318247e+01 2.165182968293713017e+01 2.149860320275650238e+01 -4.305719063755574894e+01 1.577284424497841364e+01 -1.901346131416710961e+01 2.463917991216277414e+00 -2.350723295247879108e+01 -3.124586638296706198e+01 -8.549453244204494595e+00 8.154272124291101136e+03
-3.238608748089263401e+01 -9.863550014575803715e+00 -1.851325040669676980e+01 3.853799615981404969e+01 1.267485677527785803e+01 1.523484849004099750e+01 -4.996344566115099894e+01 1.126093852975500198e+01 -2.892177736496066132e+01 -6.466810403253414385e+00 -2.995144344633911970e+01 -3.696498876300578473e+01 -1.036284828225010912e+01 9.239149937568296082e+03
-3.269686264361508421e+01 -7.016515259634261703e+00 -1.181163254427569420e+01 4.488047010275621318e+01 1.925293907308916985e+01 1.775545280400990222e+01 -4.594272010821180174e+01 2.391243557253883623e+01 -1.908520761705873880e+01 -6.417114442292204401e-01 -2.743347053173213723e+01 -3.262008657421684177e+01 2.149017442819687318e+00 8.826498019167567691e+03
-3.120260778899051246e+01 -1.010128822282381122e+01 -1.732871592025822949e+01 4.089564337511949788e+01 1.155214730425965008e+01 1.331835871865981957e+01 -4.961739996893467719e+01 1.385815206343379202e+01 -2.886179112431616289e+01 -1.085103204081666739e+01 -3.410497943570744894e+01 -3.393238132151901709e+01 -3.271321558252501926e+00 9.289147896143778780e+03
-3.075780293624408301e+01 -4.017612113313825617e+00 -1.177141907932954545e+01 3.441010377328645831e+01 1.456654647059181329e+01 1.388928620949405612e+01 -4.131982156448251686e+01 1.911380322864868120e+01 -1.990070123953011461e+01 6.310882312269906480e-01 -2.127896165736568435e+01 -2.809089788089201534e+01 -2.890495776669069983e+00 6.409250773846657466e+03
-3.054861638595671991e+01 -7.357547419770193109e+00 -1.621921479634904983e+01 3.570393391268444816e+01 1.162001735965544924e+01 1.039392606503183103e+01 -5.109648006640056650e+01 1.638519638799075295e+01 -2.522690317046009412e+01 -3.485911949585246639e+00 -2.419329432628464360e+01 -3.206327361031795675e+01 -7.760834606080242892e+00 7.969716515358406468e+03
-3.053446096079066407e+01 -3.840292274359217384e+00 -1.236650010249615583e+01 3.342764654566582294e+01 1.899166909637094847e+01 1.637207440623848242e+01 -4.184454252229232196e+01 1.963149171721208575e+01 -2.465624391351328271e+01 -1.667523947151575925e+00 -1.587405055064590442e+01 -2.409660439972210000e+01 -2.510168413623256267e+00 6.432172320640815087e+03
-3.021505148213443093e+01 -6.652094569327807072e+00 -1.626809492046660566e+01 3.200181612649647889e+01 1.681609431375754227e+01 1.820989479890055307e+01 -3.984570103013553677e+01 1.954840445370516377e+01 -2.857062363950777950e+01 -6.342345719458743147e+00 -2.105410080999395817e+01 -2.653320704170184285e+01 -9.746899943584979908e+00 6.928962329508512994e+03
-3.209053602084068046e+01 -3.414924269439228777e+00 -1.040105547610212433e+01 3.374913653840058458e+01 1.995438777494708660e+01 1.853358898058648663e+01 -3.450971204101245604e+01 2.638599695908318310e+01 -2.277084590863765001e+01 -5.426091424526700457e+00 -2.199728799227204235e+01 -2.311320022251404183e+01 2.754472888380087969e+00 6.491104670604100647e+03
-3.316661307165536243e+01 -7.707595972948370289e+00 -1.489821786545607551e+01 3.401217832005080055e+01 1.371127598480479293e+01 1.568658158618218934e+01 -4.175357009163646183e+01 7.054735434518510040e+00 -3.169707558801083280e+01 -9.493135366632127869e+00 -2.952187472426358283e+01 -2.365968730428754085e+01 -7.377470562613592797e+00 7.345987448803603911e+03
-3.308392018807566615e+01 -1.445154423639338548e+00 -1.063213196451468789e+01 2.472169276442422259e+01 1.444177251589116295e+01 1.055372439880250290e+01 -4.013839473581727901e+01 1.601981048619423120e+01 -2.439312028990888592e+01 -4.619809384826917831e-01 -1.728885152938854830e+01 -2.789097582464000880e+01 -4.303968257790219631e+00 5.699082327922502373e+03
-3.428962971248671465e+01 -3.610406199326433363e+00 -1.288160582253435571e+01 2.506777452346861423e+01 1.605898292562322283e+01 1.681558373821180652e+01 -3.452026392247007891e+01 2.176906705437732015e+01 -2.982487949589328124e+01 -7.401774959309729951e+00 -2.302848245918104197e+01 -2.800111106293300267e+01 4.716750195105034148e-03 6.448021474499507349e+03
-3.616910515820713101e+01 -2.169236968793474829e-01 -7.488823817750597023e+00 2.937792146641418256e+01 1.247723339426227085e+01 1.134932709888078328e+01 -3.308976397578879158e+01 2.151771241531146472e+01 -1.871240696628941436e+01 -5.422299353502455510e+00 -1.932983101514838964e+01 -2.812177440309613985e+01 9.634079692995081157e-01 5.614789204348730891e+03
-3.740499500121064358e+01 -4.988165873005042106e-01 -8.281525506619642485e+00 3.048780666365107805e+01 1.059602273495378988e+01 1.551416018562900412e+01 -2.189376536162854237e+01 1.863862799111056390e+01 -2.119538616008067677e+01 -1.293789393322395220e+01 -1.441348641511515893e+01 -2.920175765889332808e+01 -1.119853883895633340e+00 5.255551575702400442e+03
-3.838536230660057669e+01 -1.052078133307599694e+00 -7.047691807746642390e+00 3.690115325617089326e+01 1.311836640825268141e+01 1.649701587655699697e+01 -2.303919210343991253e+01 1.888623074679357217e+01 -2.459922029176108538e+01 -1.805908434097796444e+01 -1.039089253390922174e+01 -2.618970234707600753e+01 3.969594490247939422e+00 5.958526137206693420e+03
-3.889704068320118324e+01 1.649150900195900160e+00 -5.916466083616197302e+00 2.885713443123364286e+01 6.623934315992759281e+00 8.193757874190124468e+00 -2.326147329832272348e+01 1.371188373255038506e+01 -2.589957934740740342e+01 -1.662323435825353712e+01 -8.227154416405367821e-01 -3.218565124005628064e+01 -5.563400695745010616e+00 5.238228885178034943e+03
-3.856381273094638829e+01 -2.762831186473582612e+00 -9.323337055523513328e+00 3.386570120734558031e+01 4.087819726311331614e+00 1.139626756377207073e+01 -2.104516032057565056e+01 1.718696993020050101e+01 -2.961294826798948066e+01 -2.472486709047661080e+01 -1.259533968008852689e+01 -3.350684862832571298e+01 -1.977473949056319125e+00 6.386994761070707682e+03
-3.862552732815321122e+01 -2.159427170109200489e+00 -6.898565693740748905e+00 4.040940757174985976e+01 1.123904405605351542e+01 1.790356382603242480e+01 -1.798095738528924059e+01 2.144775309800076357e+01 -2.377858523275080671e+01 -1.762159626351575170e+01 -4.531387024036918731e+00 -2.464991506837999680e+01 7.381640318585814819e-01 5.911918004346120142e+03
-3.693376822262919745e+01 -4.797156964066155105e+00 -1.255595799751271890e+01 3.512463018607886056e+01 1.082977532329787662e+00 1.344487913000018686e+01 -2.635086897202225131e+01 -8.675845859104436286e-01 -2.579237726958244892e+01 -7.963498542415736736e+00 -9.260767636398337999e+00 -2.473295849662200396e+01 -1.324114471062270582e+01 5.257039291465301176e+03
-3.741930992098502884e+01 -2.137808915163383894e+00 -1.081304041801456783e+01 3.201327291334788328e+01 4.009750194120998756e+00 1.279256055994559560e+01 -2.767702652048007650e+01 7.436545998785441647e+00 -2.189020513988306149e+01 -6.115655744966773000e+00 -9.136520267825972041e+00 -2.406992209212876332e+01 -1.033439936329509834e+01 4.833813471915853370e+03
-3.902911353772277181e+01 -5.032964703354042335e+00 -1.364255382381089277e+01 3.525107503772652962e+01 9.230456714687944597e+00 1.878419264269860278e+01 -2.675292677625844107e+01 1.591461977840032205e+01 -1.603541312130056085e+01 3.235447330428826263e+00 -6.253911635572755756e+00 -2.594844390571374859e+01 -1.593179391449442583e+01 5.618259244189506717e+03
-4.064358882853519361e+01 -1.908703415288789396e+00 -1.031898132919169520e+01 3.065575500924184738e+01 1.503441176164756143e+01 1.923937498994335016e+01 -3.230321723809507262e+01 1.733603669196171282e+01 -2.271025122854769762e+01 2.272183453118980179e+00 -1.760220289500824009e+01 -2.970836200907519142e+01 -2.426782338739963851e+00 6.361256172635758048e+03
-4.164075517227561818e+01 -3.806997560056480712e+00 -1.369455551131897941e+01 2.395848685228779473e+01 1.354327451145465133e+01 1.678172749907002270e+01 -3.348467580546322608e+01 2.428028033257780294e+01 -2.352131182622544969e+01 -2.239390974065345041e-01 -2.267272127781159341e+01 -3.775505585066684944e+01 -1.044874134385148423e+01 7.287772840659613394e+03
-4.270195653598284480e+01 -1.053022107040736850e-02 -8.391933753303439047e+00 2.834669947827315895e+01 1.600553574675826596e+01 1.423918726635707799e+01 -3.410205297073875386e+01 2.808508920876748149e+01 -2.388926955211622527e+01 -4.732355556175201095e+00 -1.024775911321249922e+01 -2.717090020959707175e+01 4.140933366133214832e+00 6.561585110577329033e+03
-4.415496418716004712e+01 1.155868840585340562e+00 -6.575780129031105758e+00 2.709664191984147408e+01 9.738015850334180712e+00 7.427971525176609191e+00 -3.294614884308936098e+01 1.059577988502898194e+01 -2.385564987159667538e+01 -1.140685740199237941e+01 -1.611875353160501234e+01 -2.574201408929369705e+01 -5.501522943420619427e+00 5.728129457495277165e+03
-4.424609997239623738e+01 -1.229737272709380685e-01 -7.959929477574424261e+00 2.697461916983904473e+01 1.433699798230834688e+01 1.837507468265316035e+01 -2.045670813446492886e+01 1.335055749333628583e+01 -2.249240220177358651e+01 -8.881778604208930616e+00 -1.544393957749587010e+01 -3.188390623653183553e+01 -1.177848038791835705e+01 5.867255710572450880e+03
-4.282650100716413988e+01 9.406538872368828130e-01 -8.129531232934763096e+00 2.412867110506277157e+01 8.357485809461611126e+00 1.223406565983549044e+01 -2.283400007429583312e+01 1.953931820082974369e+01 -3.179959925689691502e+01 -1.711195292192497774e+01 -8.850741582438123034e-01 -3.450455203359226175e+01 -1.336498750746461850e+00 6.103139654303124189e+03
-4.417459947021779243e+01 -1.083398094789641775e+00 -9.653837153548863625e+00 2.470223110774234954e+01 1.080195746660596079e+01 1.877369649643568650e+01 -1.981799681220385523e+01 2.058792986421558524e+01 -3.469680914902528457e+01 -1.515016246903413766e+01 -2.882997911811713276e+00 -3.057919492567417308e+01 2.691248901010860894e+00 6.325753250137637224e+03
-4.538969051423085688e+01 -2.072483133524424481e+00 -9.986745759573965486e+00 2.665544948724710750e+01 7.188546869853183807e+00 1.479226844389845397e+01 -2.537888537136705835e+01 7.348003327962995712e+00 -2.639284927182299967e+01 -9.281839072812120506e+00 -1.886021311040142479e+01 -3.094633582556814844e+01 -6.298335309303540797e+00 5.979122053492895247e+03
-4.670572343377801161e+01 -2.235029746762201341e+00 -9.588807421488212412e+00 2.624151464416041435e+01 1.357474129166836896e+01 2.121491486195226983e+01 -2.490936201097768077e+01 1.578213263596696780e+00 -2.998932868532790152e+01 -4.558532117577187570e+00 -1.837981859793464778e+01 -1.922693703222206096e+01 -4.370420247836150018e+00 5.871029027202810539e+03
-4.877818158393585435e+01 -1.196454749106449666e+00 -1.024586583013493524e+01 2.451491886678334708e+01 1.545582666346807521e+01 2.545985216969256726e+01 -1.794745382053327987e+01 8.114773801159978817e+00 -2.877706126885872706e+01 -7.675521935100602100e+00 -2.067969849908163482e+01 -1.178942545323187119e+01 7.533677573398617211e-01 5.815989756850001868e+03
-5.462396790930681334e+01 2.025269643141143217e+00 -5.349472114067388873e+00 2.757508222478374194e+01 1.138814050445806991e+01 1.995006766316909363e+01 -8.261348446536812773e+00 1.143106577286295966e+01 -1.880225948974730343e+01 -1.405217796319036161e+01 -1.841797313516980950e+01 -2.181198178490771866e+01 -6.241164208778923417e+00 5.908420767562988658e+03
-5.586609696751725096e+01 -1.569537298483193732e-01 -5.713014263714959462e+00 3.617826467885369368e+01 1.845842290206473280e+01 2.054290068729843100e+01 -2.285175774300617135e+01 1.460851842145000923e+01 -1.691098515258283541e+01 -5.523033056393174434e+00 -1.750438756310387944e+01 -2.348189893844386233e+01 -1.512786071267915977e+00 7.137463575487465278e+03
-5.611310544958124069e+01 6.719274926138102400e-01 -2.611558674331736274e+00 3.564877929726262806e+01 6.536031049390865988e+00 6.904672371202688730e+00 -3.042735497308318315e+01 1.785946753991562730e+01 -6.315105695705989675e+00 -3.041805778720200193e-01 -2.849071097152413401e+01 -1.574028416630631000e+01 9.594668494489274835e+00 6.953474414335171787e+03
-5.186441906434768612e+01 7.582794817043607694e-01 -7.601375255877450776e+00 2.718228473060441885e+01 2.716154686285488040e+01 2.122901538296268953e+01 -3.647160036356206092e+01 2.483033954062934612e+01 -2.126026466917373270e+01 -9.702858317659117660e+00 -2.283608824492500489e+01 -6.381459255671702024e-01 3.026383015034426638e+00 7.699492042548302379e+03
-5.106698804684162951e+01 8.427391246573870953e-01 -5.659304032826165454e+00 2.633381586894507720e+01 2.671710718465313761e+01 1.789774228207072326e+01 -3.928181059734748004e+01 2.048431549447654731e+01 -1.995171882730643276e+01 -1.770175393388862872e+01 -3.296674156109950360e+01 -1.324608571910028232e+01 -2.065870157802305318e+00 8.308801710001571337e+03
-4.840584444070139369e+01 -3.953647681547156623e-01 -9.338793774432742723e+00 2.315286858220573407e+01 1.489925728198983457e+01 1.261651236153726607e+01 -3.776153054612295534e+01 1.417257065578118613e+01 -1.808283032224786169e+01 -1.461786833277952269e+01 -3.446775717073904843e+01 -1.656189026945369491e+01 -7.779691748422422393e+00 7.038026606402805555e+03
-5.017959534092739204e+01 -8.871708184643282147e-01 -1.003687126566642007e+01 2.750247701029160297e+01 8.161246621589031136e+00 1.303772328388897783e+01 -3.300369207932646276e+01 5.797390560963423312e+00 -1.374788501754203907e+01 -7.665398678512953090e+00 -3.381416267914924134e+01 -7.259759495797593054e+00 -1.587361579958547431e+00 6.181729591944964341e+03
-5.143976924724181288e+01 -7.379074264868753730e+00 -1.793559510607067509e+01 3.465618025463527374e+01 -2.113066885433829700e+00 1.875179997675454047e+01 -2.104080459836673711e+01 1.412902216938535815e+01 -1.192227441604265437e+01 -3.392947144742460175e+00 -2.538743850017190340e+01 -1.269606145165942834e+01 -8.081949801643128595e+00 6.246359418665817429e+03
-5.200973094224280402e+01 -1.320087997477968322e+01 -2.276939829255590908e+01 4.775279755660256598e+01 -8.658297444848452429e+00 1.557575535610208739e+01 -2.427739897675290592e+01 2.995586932884005904e+01 -1.287545280929572833e+01 -8.360095099585615586e+00 -9.447347347767498960e+00 -2.026726785018551880e+01 -8.806287531039883376e+00 8.295600688977936443e+03
-5.260628675938022525e+01 -1.399120462460621361e+01 -2.310500422517427310e+01 4.858958030167481468e+01 -1.772718734060693890e+01 8.928177082893627770e+00 -2.312380347308339523e+01 2.835712299587880381e+01 -1.049144579814545608e+01 -1.066122679136628371e+01 -1.717408682791993879e+00 -1.552610540593375532e+01 -1.830946393676764483e+00 8.061859974282417170e+03
