-6.464901926732694903e+01 -1.810305056422982162e+01 -3.015190987025163949e+01 4.387323382837494989e+01 -1.794427419090780873e+01 1.531498093668326099e+01 -3.344271928873735789e+01 3.852959749030289149e+00 -2.018193063284291000e+01 -6.010639037030826026e-01 -1.799153349118280332e+01 -1.556133972167178392e+01 -1.566295075121949054e+01 1.024987103634167761e+04
-4.519889600300066235e+01 -2.596213853463087062e+01 -3.835596295070613593e+01 5.143008509737312295e+01 -1.877903378356353770e+01 1.450550072229168741e+01 -3.536120541103340287e+01 4.389337269281804765e+01 -2.178947405602167109e+01 -9.936461749749758710e+00 6.351929758734424780e+00 -6.962581790564264850e+00 -2.053164022957950863e+00 1.123986555079860955e+04
-3.905372764170403599e+01 -2.670699312135667469e+01 -4.072253431860229966e+01 4.116208638264272679e+01 -2.565079287134641461e+01 1.767154483877361670e+01 -1.975072942594544401e+01 3.241047458308091223e+01 -1.410868038680784586e+01 -5.351004656047308572e+00 -1.417170290365570295e+00 7.765738472553482374e+00 1.797737908386794148e+00 8.295111168802795873e+03
-3.508044935491496119e+01 -1.963962441480072840e+01 -3.252107350365076144e+01 4.055952856468074685e+01 -2.332447668526483042e+01 1.131803567701607527e+01 -2.436223742335855391e+01 2.503044904474309362e+01 -1.339504026117799995e+01 -4.678050818656113385e+00 5.255151196794605184e-01 4.367309041258875979e+00 -5.753688811903925199e-02 6.431883617154318927e+03
-3.840427814083493274e+01 -1.679766816131826701e+01 -3.045729057758703107e+01 2.950904280113023859e+01 -1.692447770976071553e+01 1.250333063450598203e+01 -1.671366075940700568e+01 3.254611342604972890e+01 -1.307708047154943998e+01 -7.920323621243661627e+00 -1.173931595897268254e+00 -1.798542176407208482e-01 1.312993109345444165e-01 5.572016831733795698e+03
-4.267219748626822451e+01 -2.331194087727657305e+01 -3.844769039633127505e+01 2.778934146558963292e+01 -2.656043295645917368e+01 1.081057759014283626e+01 -1.659411963564054915e+01 2.999594005601281310e+01 -1.453594847467133810e+01 -6.355202229160326510e+00 1.834543373304380109e+00 -7.104444626476413838e+00 -2.693530986812735062e+00 6.925058020116873195e+03
-4.258422506243022099e+01 -1.856293132933813439e+01 -3.298464852406405612e+01 2.462375425868289724e+01 -2.339942080026261451e+01 1.186311448784460509e+01 -1.015617019437987167e+01 2.588058675803440067e+01 -1.417990200889098951e+01 -3.167313287629184515e+00 8.245017004449781695e+00 -9.414808185927100448e-01 -7.363471177459194328e-01 5.594044291907305706e+03
-4.299872460585230982e+01 -2.145534619987357416e+01 -3.667064205163867996e+01 2.687006466804397320e+01 -1.956911708952413775e+01 1.388537132210304215e+01 -2.225147549622644405e+01 2.667497189973746785e+01 -2.324316750041567659e+01 -2.968451138397822486e+00 7.950022842667724632e+00 3.117073803186951597e+00 -9.606852313349167005e+00 6.872661891335162181e+03
-4.298159296335381185e+01 -2.472666637905448184e+01 -4.229105413605765307e+01 2.284453032839437725e+01 -1.885507738499196151e+01 1.534919627629519212e+01 -2.560671704362585288e+01 3.066181772036529907e+01 -2.105559144286986495e+01 -1.761121324525118048e+00 3.916547631807781316e-01 1.254832410693263345e+00 -6.644497692054789795e+00 7.448510809684796186e+03
-4.511473543611949566e+01 -2.566105951889787207e+01 -4.446501579719529929e+01 1.756746637252757637e+01 -1.711656547385567961e+01 1.445766740766837799e+01 -3.155309542612518214e+01 2.211480472198083902e+01 -3.379923812151125873e+01 -4.021915279831079104e+00 1.203414701293860745e+00 4.811046890301758694e+00 -2.354125334358506461e+00 8.154946798377843152e+03
-4.518798925835639579e+01 -1.813456428497691419e+01 -3.403036822174109943e+01 2.340349420447823547e+01 -1.173172385916891614e+01 1.324218612119196514e+01 -3.027977288021035562e+01 2.089115398456945627e+01 -2.211569910980520959e+01 1.008054800164073050e+01 8.851834289301580228e+00 -7.529224034214306194e+00 -9.443161173622389271e+00 6.557839168688298741e+03
-4.649414702634197027e+01 -1.828066374493727508e+01 -3.634919525395204687e+01 1.749990868967189428e+01 -7.042540719059928733e+00 1.823745593185426017e+01 -3.254074971599960264e+01 1.648327403859297036e+01 -2.506561195795520547e+01 1.005363820320345170e+01 -5.446109378882185048e+00 2.538477094769001408e+00 -4.546871084778760341e+00 6.622338622112687517e+03
-4.273202559292655422e+01 -1.245960653914568184e+01 -2.991605278382999700e+01 1.481151409948658504e+01 3.323826057172359683e+00 2.307573304245897106e+01 -2.970737373866723985e+01 1.980125851519845526e+01 -2.329555515297919754e+01 6.573808084077339409e+00 -1.145697439841886123e+01 1.304200497165274797e+01 -3.275423126272871688e+00 5.811756534123331221e+03
-4.582376938905665753e+01 -1.977480753933095059e+01 -4.096800300036473885e+01 -2.252018930354923398e+00 -6.582898755254896095e+00 6.372021183954482026e+00 -5.058605243382223193e+01 1.588286358471644633e+01 -2.161324882566733763e+01 1.467217034215988392e+01 -4.812353522632451863e+00 2.034933729350505160e+01 -2.285490835253516817e+00 8.194343830237645307e+03
-3.823335778814565344e+01 -8.662023682843020822e+00 -2.775194553424299926e+01 -1.825127732589774610e+01 -2.760002511009599924e-01 -3.391069604420841044e-01 -4.343983101909500277e+01 1.955307658001596893e+00 -1.542805541234694999e+01 2.373833825441213108e+01 -4.692175834526475797e-01 1.407106318167745940e+01 -1.394397737336797150e+01 5.725316309754818576e+03
-3.939706225499281800e+01 -4.000969067760906661e+00 -2.005796083483251024e+01 -2.101609494203640693e+01 1.248717952374517742e-01 3.797290557938133304e+00 -3.203361730499558035e+01 -2.137122178389514815e+01 -1.402943510910643177e+01 3.650574230614914484e+01 -8.167880632065486424e+00 1.659335224130226294e+01 -2.347638442622652022e+01 6.332139583150488761e+03
-3.260740198361668973e+01 -2.150604688582737456e+00 -1.909785560634028201e+01 -2.673031365214026778e+01 7.243077707702589407e+00 3.913735118476357577e+00 -3.608492519799725784e+01 -2.053459474251920014e+01 -2.924838602975876611e+01 2.935959099267353878e+01 1.027271557806128804e-01 2.085815179623817528e+01 -1.354340505008872952e+01 6.274626964569193660e+03
-3.286963443110154515e+01 -1.496526721407136773e-01 -1.547980410467931200e+01 -2.863420896146825356e+01 1.559443438784093416e+01 5.680295612103221536e+00 -3.916014112800895930e+01 -2.356831323384598065e+01 -3.057227594356875144e+01 2.946803472085778353e+01 -4.562668422319842598e+00 2.158459379262809463e+01 -1.461984653992771754e+01 7.007893377351846539e+03
-2.881420029060097576e+01 3.345271430203676566e+00 -1.398028270683868257e+01 -3.120405885297059712e+01 1.145449769339841595e+01 3.671503797653853152e+00 -3.179336759248272060e+01 -1.104571130871186213e+01 -2.142704915345641936e+01 2.642288023458338486e+01 -8.897999551608892332e+00 1.119604874563548336e+01 -1.642048288631784203e+01 4.919547188592493512e+03
-3.122276084016057496e+01 5.911563321899041767e+00 -1.050113472463596409e+01 -2.883158302798353390e+01 1.244695342928569026e+01 3.785335360159577611e+00 -2.941378829345148915e+01 -9.103846281360295833e+00 -1.673485212436716907e+01 2.269909780664719179e+01 -1.506893531133884778e+01 1.039738236776347691e+01 -1.810354514972859263e+01 4.526868793508680028e+03
-2.733700097353846914e+01 3.637904443543298338e+00 -1.221192622901929070e+01 -2.300425439939414574e+01 5.083610631106174615e+00 1.369964598265960731e+00 -3.031458468652897764e+01 -1.555762842139008129e+01 -1.714747524255918520e+01 1.736209519604446427e+01 -1.358433718068905804e+01 1.587580233655912210e+01 -5.732152266814209085e+00 3.692517723395410030e+03
-3.018357299264253157e+01 1.954458691965968997e+00 -1.425707564289333895e+01 -3.012558877893064491e+01 -1.576241539163324434e+00 -4.218807002594148869e+00 -3.100781051984396441e+01 -2.286061229538649187e+01 -1.592651447324169922e+01 1.651353437288544868e+01 -1.700024967042798352e+01 1.762942687705591283e+01 -3.986599415518218836e-01 4.656372861584832208e+03
-2.503205167709130663e+01 1.709815940680557977e+00 -1.457132113719473665e+01 -2.477709865911045739e+01 -3.778785147577389036e+00 -2.293695642094133902e+00 -2.518568549320782068e+01 -1.604354100179264719e+01 -1.310384127492243955e+01 1.858107778319229908e+01 -6.093301741222968637e+00 1.752942172208777549e+01 -3.169576332300871435e+00 3.238431591781299176e+03
-2.787283083555566776e+01 -7.043048959266170472e-01 -1.648883661156006397e+01 -2.849700993513471659e+01 -5.839195234481623586e+00 -3.924607795227072149e+00 -2.904633298485365600e+01 -3.062222546933095657e+01 -2.233005758904398874e+01 1.560164262193471174e+01 -1.501397271887448071e+01 1.407477396447722739e+01 -1.891342720490430551e+01 5.215540044136146207e+03
-2.474953836545302721e+01 -2.018274523577548718e-01 -1.688917503562088740e+01 -2.726715494646783355e+01 -6.300141980423162202e+00 -3.148891020211756153e+00 -2.745633721944341943e+01 -2.676794080670443776e+01 -1.961606416985595658e+01 1.458216747094096455e+01 -1.303729995018134780e+01 1.928548300765967838e+01 -1.336157452324164119e+01 4.479165068288112707e+03
-2.778617399995918191e+01 1.765912877012639992e+00 -1.324702422682585023e+01 -2.432066742232235157e+01 4.427324872646357434e+00 4.051125022869620729e+00 -2.430362358346653551e+01 -1.952096755157494101e+01 -1.430557813812972157e+01 2.545887051563507342e+01 -2.917305500593919021e+00 3.039560176688900484e+01 -4.849561197226115006e+00 4.358640717252626018e+03
-2.651428307683613639e+01 1.625537054696547523e+00 -1.465930315099668313e+01 -2.720551288656389488e+01 -5.221663304558808380e-03 -4.189692382543240279e-01 -2.860838777794456789e+01 -2.323107873140041946e+01 -1.917019098065597404e+01 1.965516729975976773e+01 -9.436031351775755027e+00 1.869905479175792706e+01 -9.078718608931142242e+00 4.293921404028132201e+03
-3.055428249361663973e+01 3.571371795115891423e+00 -1.021261349161917309e+01 -2.437435424765451941e+01 9.730525403792993799e+00 1.797728284556606937e+00 -3.314585864702326035e+01 -2.716755752678357183e+01 -2.012461427625439470e+01 2.244753601657146191e+01 -7.603125016963252492e+00 2.737355055117868829e+01 -1.087779784380537684e+01 5.413701812272031020e+03
-2.784715677540727796e+01 3.916427170346870490e+00 -9.922881722027728557e+00 -1.883157511939579365e+01 1.024020647020741315e+01 5.881836506679923637e+00 -2.604945460648271549e+01 -2.139737586572096006e+01 -2.360056564705605453e+01 1.958646195222454622e+01 -1.502204576504860167e+00 2.648466650656459365e+01 -9.566975811396380536e+00 4.255611349275875000e+03
-3.094628529321029120e+01 3.277734825926926110e+00 -8.696072592145464242e+00 -2.196401956601117433e+01 1.479365340063567658e+01 7.062551552463232518e+00 -3.145776175230742311e+01 -2.677035579896541861e+01 -2.552335337913673285e+01 2.503823568713142222e+01 -1.593660346388800386e+00 3.342550191211076083e+01 -1.444172662060536183e+01 6.108152705700426850e+03
-2.718544121030567240e+01 6.948493097703816179e-01 -1.434121310665973859e+01 -1.735414310100365753e+01 9.689237036762468946e+00 6.888677197300115296e+00 -3.192084505551778761e+01 -1.134810204658881538e+01 -3.024764728453959250e+01 1.173763519661833854e+01 -3.040308581097225016e+00 2.545472777476290460e+01 -6.467289586282780611e+00 4.287127385711585703e+03
-2.899266456891994537e+01 2.521282419231957839e+00 -1.129516192460761914e+01 -1.309406267984490846e+01 1.056225332533674965e+01 1.060094941593500728e+01 -3.154498699784591409e+01 -1.100213060848715330e+01 -2.109558146095734443e+01 1.006869770761028882e+01 -1.986302013925160637e+01 2.624138143384129052e+01 -9.733902275235497115e+00 4.210341783474148542e+03
-2.924768408295444289e+01 1.976214872088029928e+00 -1.187525692134059341e+01 -1.470322712553122102e+01 8.548851003431757078e+00 1.300852359429741689e+01 -3.150460837063422659e+01 -1.443647820393336900e+01 -2.014627384740897398e+01 9.821639899321962019e+00 -2.559692439915832907e+01 2.623858030382429973e+01 -9.204815048314669568e+00 4.590527070768612248e+03
-3.432455058721083674e+01 4.153103309334968074e+00 -7.017615280393294519e+00 -3.958278611686813164e+00 2.301684140174469206e+00 1.227647327321529502e+01 -1.812951301241914948e+01 -2.435496449978653288e+01 -1.280601007774879108e+01 1.069206412549670837e+01 -2.353199067914448861e+01 2.856007234685228369e+01 -1.688812716829930594e+01 4.271146304074355612e+03
-3.571809128485519125e+01 3.979527758697019468e+00 -5.719413246361020775e+00 1.673634451467615802e+00 5.300504522231037186e+00 1.654356326134339739e+01 -1.772380083189281663e+01 -2.178361588753739042e+01 -7.269269265752439146e+00 1.210296850537526225e+01 -3.004079045432885309e+01 2.753145197181172676e+01 -1.531233674203897444e+01 4.511797014610703627e+03
-3.660732439279956196e+01 2.249372188439796805e+00 -8.920874029393832672e+00 7.721428991755004745e+00 7.378442927781804883e+00 2.405208522027471574e+01 -1.314387339316213854e+01 -1.898521411049813779e+01 -1.304990932932147807e+01 5.263355318284796525e+00 -3.855926544767124398e+01 2.708040664831658972e+01 -1.421985588515681442e+01 5.270875039850455323e+03
-3.621395136040765550e+01 2.503883534043651160e+00 -8.132416636803668553e+00 1.131596731602041217e+01 4.546250456208904112e+00 2.459971308203952844e+01 -1.366139261137513472e+01 -1.653965937908448325e+01 1.922639701917929766e-01 8.981551711966819340e+00 -4.733059640910813215e+01 1.919944851950511833e+01 -1.427641103128065403e+01 5.491240608343395252e+03
-3.778128473242029628e+01 3.248655928422802486e+00 -5.603334400204048826e+00 1.530033503680542140e+01 -9.431296560405499907e-01 1.914706222309337491e+01 -1.451377280753479226e+01 -2.428544932452837202e+01 4.535989199780280146e+00 6.761622049822611835e+00 -5.192299989989396636e+01 1.739404704392818246e+01 -1.112366445892198108e+01 6.059990418269211659e+03
-3.691315702564190104e+01 2.561615850642814607e+00 -6.574588094482070488e+00 1.613807144086657175e+01 -1.281222617038472178e+00 1.512028127628308916e+01 -1.865247753890971083e+01 -1.711028778672679707e+01 2.235279551831903522e+00 6.113353373452085071e-02 -5.071146417053045496e+01 1.317441243252623906e+01 -7.823128944133252105e+00 5.355166199282666639e+03
-3.985422897246531448e+01 2.416349825875808488e+00 -5.876483222403828144e+00 1.652052705606675076e+01 5.707021804819367716e+00 2.441164307285152191e+01 -1.272739069663690614e+01 -2.784246313463285816e+01 -6.168798219823921514e+00 -1.979998161849143568e+00 -5.711362213881507444e+01 1.284758007210098185e+01 -1.240708503880111735e+01 7.090283196371608938e+03
-3.953663332810319275e+01 4.056079999418167326e+00 -4.331518814513527715e+00 1.588239584943978855e+01 4.060889044331052133e+00 1.342692952341400670e+01 -2.013368265825457826e+01 -2.506313622498611693e+01 -1.017846033606828904e+01 -5.939465457579805374e+00 -4.472812604059304675e+01 1.441519451035000543e+01 -9.384694749316331297e+00 5.516262836260901167e+03
-4.209497319525875980e+01 6.128487542216197070e+00 -2.378609641788064888e+00 9.024179226062280179e+00 1.036440240802722484e-01 9.588328669088003409e+00 -1.999802898700836096e+01 -3.154003489951067962e+01 -9.290535773681771303e+00 -5.686139103358139657e+00 -4.174451809014286852e+01 1.538368711693554047e+01 -1.293109602554632787e+01 5.648402573151246543e+03
-4.257160348964456631e+01 1.051291804409184572e+01 4.296111521868244409e+00 7.389835903659212946e+00 4.808180817364322124e+00 6.725689005806125387e+00 -3.234431709073822958e+01 -2.449691655552752678e+01 6.519451049956350275e+00 -1.055372030015851115e+00 -4.910493926372319606e+01 1.844774356141431326e+01 -1.339151281394583837e+00 6.507561063413264492e+03
-4.225249536367662273e+01 6.593822006866291829e+00 7.460793326241704770e-01 1.696108394297175792e+01 7.195327040555821618e+00 1.096787791105457188e+01 -2.933295669733432121e+01 -2.385428801147889999e+01 -3.478549904690456884e+00 1.694635842835061190e+00 -3.611821252465844623e+01 1.337625471520593301e+01 -8.790762472566985508e+00 5.294202409352280483e+03
-4.069509284422769468e+01 7.309323991699931078e+00 1.758516832296372234e+00 1.963672491522158126e+01 5.499075252337229713e+00 7.611642019038630913e+00 -2.980263625956028761e+01 -2.400408781638944689e+01 -3.091522069355995050e+00 -2.086032668297570947e+00 -3.413499525168992221e+01 1.639294532251477321e+01 -1.683897935678159818e+00 5.101451538871116099e+03
-4.236923001190067595e+01 6.833715277485946871e+00 1.363098087592127028e+00 1.841095321848404609e+01 7.265474724548036889e+00 1.138339890719487713e+01 -2.894196513803152015e+01 -2.675431895376782165e+01 -8.759360480060971454e-01 3.961863452156701104e+00 -3.673730737091180742e+01 1.556748149227136047e+01 -8.650100756282069980e+00 5.601736475433664964e+03
-4.341397770955937574e+01 8.959121490847364200e+00 3.388471581035415348e+00 1.947878289925228756e+01 7.132551364688322515e+00 8.908509058138719183e+00 -2.054408897795027045e+01 -1.991519187455006445e+01 -4.515222950009066594e+00 -7.834389455261956847e+00 -3.547238651964449474e+01 2.796973916766113177e+00 -8.522657971407785027e+00 4.725367187101244781e+03
-4.686837169692230276e+01 1.047488840130918497e+01 5.892134210102804026e+00 1.700483030621623470e+01 1.648698894421863059e+01 1.324239401218827261e+01 -2.443082057599914236e+01 -2.586760206891386105e+01 -9.688448619292156394e+00 -4.446588498503481368e+00 -3.249417622822505081e+01 1.206443368294665142e+01 -3.447082395853931835e+00 5.670371298075647246e+03
-4.587818238318816100e+01 1.197082428303902191e+01 6.247283279916159060e+00 1.350267308108661801e+01 1.663534609448690205e+01 1.262917994239331421e+01 -1.987639734539389380e+01 -2.628702538429183733e+01 -8.550588624102923418e+00 -3.330652982292839237e+00 -3.682987391234758690e+01 7.301648326434396097e+00 -6.931521943941283403e+00 5.533774274450566736e+03
-4.755252401216711888e+01 8.252228341985576421e+00 4.179815614568163973e+00 2.023181194622713264e+01 2.560188415995427391e+01 1.162748609552697410e+01 -3.598253893897931732e+01 -2.527236199180153875e+01 -1.857328226569535801e+01 5.262709505613949901e+00 -1.277914310153995814e+01 3.655951025307025315e+00 -9.786241900406716709e+00 6.125335112620523432e+03
-4.433548669469276859e+01 7.207902286207334974e+00 1.670934279506574471e+00 1.989568016616499335e+01 1.495065515761198682e+01 1.126271652442879301e+01 -3.277940319214325626e+01 -1.915206809940080035e+01 -1.235131767655841450e+01 5.063484008747696663e+00 -1.836325482840668144e+01 -3.890582905683011905e+00 -1.380411079037510724e+01 4.928974362338254650e+03
-4.435957507783369635e+01 2.097315072048346885e+00 -3.550113527464839436e+00 2.798902960562552167e+01 1.032881151581584689e+01 1.633020541992786079e+01 -2.733875956921200157e+01 -1.538959153407251712e+01 -1.358134480475057870e+01 1.356561080889638449e+00 -1.854539127348977345e+01 -3.362096306228838927e+00 -1.947726621358157573e+01 5.046659287560569283e+03
-4.065440977653254606e+01 3.101163205488997529e-02 -8.235976259682443512e+00 2.607664994219260635e+01 1.002074187990158016e+01 1.778004306027733605e+01 -3.039055212893190827e+01 -1.538681660540254015e+01 -1.762303095340856274e+01 9.347194339371398542e+00 -1.755962589241549310e+01 -7.735461881583531429e+00 -1.577132354828254712e+01 4.992343696626207020e+03
-4.068990080354234351e+01 -2.837532624306086770e+00 -8.806842827776216964e+00 3.287027108245722218e+01 1.516393118413293983e+01 2.268597839231578561e+01 -3.270700895892291271e+01 -1.287597080867844035e+01 -1.516421549402024738e+01 1.208926214384639586e+01 -2.092738584761869447e+01 -1.554166227371811182e+01 -2.563175454335520342e+01 6.514461580650191536e+03
-3.644813232320986174e+01 -3.386062337235458575e+00 -1.283266936116913115e+01 2.536612438741913422e+01 1.331565298815860743e+01 2.466165458508219643e+01 -3.135964844880004776e+01 -1.480994698135276177e+00 -1.997716684141913390e+01 2.687241588031962447e+00 -2.592719997123758091e+01 -4.457156601135586094e+00 -1.749305367469458972e+01 5.323575487419842830e+03
-3.713068229639309692e+01 -3.975342112446486276e+00 -9.540640643926995068e+00 3.298492254736385831e+01 1.803171534341772286e+01 2.387916661019667686e+01 -4.483449748592331474e+01 -7.455245862295681647e+00 -1.565841309686355842e+01 3.594553852571980457e+00 -3.420709071335813434e+01 -9.716933215394792711e+00 -1.334457362998614194e+01 7.235318273626478913e+03
-3.366297485475530493e+01 -7.417421281493336238e+00 -1.523402385547636051e+01 3.620757197164640928e+01 1.760200141328761703e+01 2.754749351829488546e+01 -3.698468356361971132e+01 -8.010234699134992642e-01 -2.143650748138601259e+01 6.196500094841488782e+00 -2.425956718380399835e+01 -1.257469463860280356e+01 -1.780322524075963386e+01 6.730005915842244576e+03
-3.346077870227065176e+01 -6.551825034413668369e+00 -1.405204932360655334e+01 3.571398973581001712e+01 1.316565456464748429e+01 2.098087109427914854e+01 -4.167595287822442884e+01 -5.538493781551260930e+00 -2.473342888282119745e+01 7.335266781449666373e-01 -2.385864731625631663e+01 -2.018150878331966780e+01 -1.559308627530305991e+01 6.848543903164042604e+03
-2.977869661463952156e+01 -7.039304439641170141e+00 -1.793151103210161423e+01 2.782920811095761948e+01 5.501083543704039513e+00 1.928205483063524994e+01 -3.514832696051752237e+01 -6.307378900459959858e+00 -2.585827321324577710e+01 1.179833305204709859e+00 -2.415458938648368203e+01 -1.558054292516149530e+01 -1.401137140103807432e+01 5.402132301411104891e+03
-3.068885560598626938e+01 -6.109516098624504288e+00 -1.528129460167298603e+01 3.275763082677636362e+01 5.876645970638644911e+00 1.752264785947381753e+01 -3.866399616791609617e+01 -1.169484148328889894e+01 -2.444128815718733350e+01 1.523966164732517337e+00 -2.540221105835582449e+01 -2.095484199524732105e+01 -1.384970716839153937e+01 6.134855618317294102e+03
-2.870855310795310089e+01 -8.944012056571752467e+00 -1.804329106934726212e+01 3.506744698313681141e+01 1.457421695350633684e+01 2.843178996626659583e+01 -3.714227019390756368e+01 -2.394711256655758902e+00 -2.376455281241520368e+01 5.979810109731827694e+00 -2.736731130648616883e+01 -1.670640775989732774e+01 -1.359164820097199566e+01 6.678838709929910692e+03
-2.895205946634828109e+01 -6.055866528431867124e+00 -1.493083031150023210e+01 3.165532420569360639e+01 1.308347178165530522e+01 2.115883794392724937e+01 -4.348248883370983009e+01 -1.469813429922694370e+00 -2.417850319781278756e+01 3.448214065754714674e+00 -2.349650582096976592e+01 -1.485549515577667279e+01 -8.907553986037184401e+00 6.060251592065010300e+03
-2.939474551980413253e+01 -9.278883998694455570e+00 -1.864204253914389042e+01 3.041512959976773445e+01 1.791790750557737866e+01 2.717029085871532601e+01 -4.521914105205232204e+01 -5.651466431127202483e+00 -3.313352702767694069e+01 -6.674556387568650884e-01 -2.948807195318096674e+01 -1.168946248846617841e+01 -8.124501691275673565e+00 7.529214074910650197e+03
-3.099302724441707468e+01 -2.900740416721357295e+00 -1.254521015164068665e+01 2.463246622991591295e+01 1.967123878594439645e+01 1.961001140204778181e+01 -4.495445807385893744e+01 7.186774893283703891e-01 -2.911756302773247285e+01 3.999110623473310366e-01 -2.147367199188077791e+01 -1.315478685606029075e+01 -9.694036904399171206e+00 6.102186466744126847e+03
-3.228909244442324677e+01 -9.961075774998606747e+00 -1.806407806664225646e+01 2.882145075401741963e+01 2.723554289865376177e+01 2.753923527954893302e+01 -5.199618383625513474e+01 -1.362732649272228080e+01 -3.958715958030642668e+01 -2.462616309849964547e-01 -3.333983611712449147e+01 -9.864736189265373767e+00 -1.543422434343759519e+01 9.702563720995049152e+03
-3.341640793218044081e+01 -5.134105805156177205e+00 -1.267701509806585847e+01 2.957185583346009494e+01 3.157297723712013138e+01 2.924186361991786853e+01 -4.557220171541810316e+01 -1.550581334354809604e+00 -3.071774117140573779e+01 9.678969984717689101e+00 -2.189289203274014284e+01 -9.111761993215672817e+00 -1.250243475076968735e+01 7.865281967500777682e+03
-3.520330990339147803e+01 -7.049819986436492769e+00 -1.825414285005795278e+01 2.205336480911022790e+01 2.357632487083127515e+01 2.497816441785112929e+01 -4.924723143306018613e+01 -4.002149072002275432e+00 -3.558607645717698631e+01 8.288144001482063317e+00 -2.558485950185574964e+01 -1.566640077190882963e+01 -1.657477666887728418e+01 8.239402952809778071e+03
-4.111544354308210814e+01 -4.858392502564166104e-01 -6.451219163567593284e+00 2.983218605731593343e+01 2.675550912246171009e+01 2.726032073645254528e+01 -2.801773610470365483e+01 -9.666521011137447772e+00 -3.018638867362504641e+01 1.082461728923956912e+01 -7.163137417562255749e+00 -1.033847294160036689e+01 -1.598229936644077398e+01 6.401729665203411059e+03
-4.137459486157742106e+01 -3.634681433133979844e+00 -1.046873992939454290e+01 2.818670588589731096e+01 2.545990812603585240e+01 1.956874012695434573e+01 -4.620359006131997859e+01 -1.089444686323513523e+01 -2.904046748236065056e+01 9.561202103422358434e+00 -2.060553248031117235e+01 -1.745530203331618679e+01 -2.312504411867487875e+01 8.112564673058878725e+03
-3.988193918342651045e+01 -1.946263035609183123e-01 -9.062889763315768121e+00 1.860961463200865396e+01 2.501378058325631315e+01 2.227350881975732122e+01 -3.827051722862949390e+01 -4.354265765393853904e+00 -2.469955950253057253e+01 1.015533531940904410e+01 -2.342271214379165301e+01 -1.538495436632100599e+01 -1.806763275245250355e+01 6.449409906926943222e+03
-3.844774149966392685e+01 2.090265249758760935e-01 -1.158327117737671941e+01 1.257005763972118650e+01 1.642571309477249031e+01 1.826312119601218242e+01 -3.922659209855375906e+01 -7.592957961285868862e+00 -2.345190785760582486e+01 5.733973184602740858e+00 -3.240291722691221565e+01 -1.309296722056607898e+01 -1.377394365410692068e+01 5.964142013390697684e+03
-4.032220942247918316e+01 -2.431279169738145562e-01 -7.319371379764556096e+00 2.087474290118161591e+01 2.782426043262366022e+01 2.447440152355272858e+01 -3.744550362501110641e+01 -1.514887929906748809e+01 -2.530897919087112768e+01 9.055546954596948694e+00 -2.881589960403123030e+01 -1.422799918247432771e+01 -2.069719899387962414e+01 7.303821292035819170e+03
-3.872809081525474539e+01 -3.183030780928013836e+00 -1.027618086136217990e+01 2.504196739083235812e+01 2.811434884926454458e+01 2.963799044129219951e+01 -4.046837644416550006e+01 -1.442243391552283249e+01 -2.584113122473185342e+01 3.216267782704436140e+00 -3.562581733565906461e+01 -4.986845455462495025e+00 -1.326431542973848998e+01 7.905337901410360246e+03
-3.900020023036662309e+01 -2.102047515015753820e+00 -8.257208557855639341e+00 2.652228121637799063e+01 2.310175556103863670e+01 2.712225549995757845e+01 -3.809380588391683631e+01 -1.408719072490966440e+01 -2.031140114862840207e+01 5.204784236105712836e+00 -3.189765067639829965e+01 -1.096707896216767963e+01 -1.239118764033804254e+01 6.946863224840049043e+03
-3.476434824159055381e+01 -5.440629027156457909e+00 -1.592192310195176752e+01 2.042238048046314347e+01 1.573643862731615783e+01 1.926575754950511765e+01 -4.301988436868557386e+01 -5.251548446214798105e+00 -2.484404059243067309e+01 4.144371089731404112e+00 -3.356786687106004052e+01 -1.455663825991166860e+01 -2.007185296447024569e+01 6.781814589250796416e+03
-3.604548494837148809e+01 -5.064836560951684774e+00 -1.509996320712887297e+01 2.167965150188148016e+01 2.030443949815767368e+01 2.347665274251643908e+01 -4.325637672901719810e+01 -6.309749116243554390e+00 -2.741454463604629055e+01 5.995134484720916923e+00 -3.069254303805967865e+01 -1.035561484013222966e+01 -1.638255392513346465e+01 7.002454206673636691e+03
-3.071354058814403842e+01 -7.112280916651365636e+00 -1.963459222633714774e+01 2.215216417204499066e+01 1.283092315204435963e+01 2.753023591735803777e+01 -3.136238650015806328e+01 3.664421907768264930e+00 -1.958013763935390372e+01 7.022867382387200763e+00 -3.550460387620851321e+01 -1.007261572731260912e+01 -1.948825732473387617e+01 5.964244571997465755e+03
-3.217460010064155540e+01 -8.133000868859951993e+00 -1.992635610715526440e+01 2.338977241139701491e+01 1.121087766050651879e+01 2.447066869484609697e+01 -3.626124390687848376e+01 3.747611818650125493e+00 -1.440427019056828861e+01 1.034319082281263391e+01 -3.775150976772750511e+01 -1.856254891649946615e+01 -2.493442666790976148e+01 6.804846465642017392e+03
-3.051043859161986305e+01 -7.325484481148622606e+00 -1.755500438276012076e+01 3.100511835496664403e+01 9.599990701225458167e+00 2.406352467632068226e+01 -3.533628911350994883e+01 -1.250973275934390339e+00 -1.230180066892890167e+01 8.816161290237960912e+00 -3.946090415575347521e+01 -1.369714673097077196e+01 -1.778883402310679429e+01 6.465752833637443473e+03
-3.183289002341415852e+01 -8.501049139447516723e+00 -1.916052302250703931e+01 2.947181649483424692e+01 9.081156966301909605e+00 2.051044013103769359e+01 -3.898110803663289659e+01 2.211413069919104135e+00 -1.183592517014828616e+01 8.743271276927764291e+00 -4.163776126131687505e+01 -2.024984924096705896e+01 -2.235779746678071334e+01 7.209041613417439294e+03
-3.076174309202531276e+01 -6.200841385995476074e+00 -1.706677716054004179e+01 3.118124028870593278e+01 9.605515387429292673e+00 2.026538994508547376e+01 -3.792147417101291040e+01 2.101193547204514456e+00 -1.173691971072257090e+01 9.654798730396461082e+00 -3.696757202909182638e+01 -1.197010816658900723e+01 -1.511443288994219714e+01 6.162986449304629787e+03
-2.963703262370360392e+01 -7.100640834077173835e+00 -2.073802452644731886e+01 2.003015853597497298e+01 3.147194966934574012e+00 1.028417565320224725e+01 -4.360885380027394120e+01 2.788205549915116599e+00 -1.949181180486917242e+01 6.053603978319595846e+00 -2.747131853121170764e+01 -1.544347941384078027e+01 -1.599518593324258653e+01 5.450818260067703704e+03
-3.108823896373040441e+01 -5.668018204181046293e+00 -1.603125658524663777e+01 3.180500708212142058e+01 9.620625606849728229e+00 2.103181712667364778e+01 -3.537464210593959280e+01 -1.115477521603735367e+00 -1.419754387220458369e+01 6.137979396339533267e+00 -3.791993411123554836e+01 -9.783909217230391420e+00 -1.052365297756043994e+01 5.938306656002903765e+03
-3.158856520415407232e+01 -8.574516596219760700e+00 -1.832030730950598141e+01 3.473487640943079668e+01 8.309474111951242747e+00 1.759433876450803425e+01 -4.236677370300602519e+01 -2.003278064945380521e+00 -1.759788476796718726e+01 2.010654017375790747e+00 -4.138040595358394569e+01 -1.850965022303144991e+01 -1.303824460599731516e+01 7.329739087746217592e+03
-3.337661353551877141e+01 -6.091607855236555125e+00 -1.437130013228399861e+01 3.643635065122629868e+01 2.040901070888500701e+00 1.216803487275702444e+01 -3.991595576587709360e+01 -1.320770686243322523e+01 -1.247942513308378309e+01 5.885146156077916579e+00 -3.677893638906925133e+01 -2.026731249450158856e+01 -1.907476363363448968e+01 6.922873051016516001e+03
-3.254674949031550568e+01 -7.720951843760145650e+00 -1.616613420964384673e+01 3.613695815508503983e+01 5.973918527850167415e+00 1.560762493241096571e+01 -3.974869836789944344e+01 -5.337579659212836170e+00 -1.293210176065103845e+01 6.556306703420949233e+00 -3.746518546084456602e+01 -2.376255494176727723e+01 -2.234299153522337278e+01 7.251594900170708570e+03
-3.443260444032939205e+01 -5.394333416946240689e+00 -1.363868734604099764e+01 3.621834365876365780e+01 8.951835124629248241e+00 1.690629344488987584e+01 -3.956310017029930748e+01 -3.560072202810245834e+00 -9.731663127877862252e+00 7.179635494731037682e+00 -4.020286283423574503e+01 -1.690378267975717108e+01 -1.590172174178062647e+01 6.957481647159920612e+03
-3.407243531837173833e+01 -7.129303523840046175e+00 -1.666076922451730979e+01 3.525392100178745380e+01 1.059946197377293586e+01 1.317186375345277582e+01 -5.123570410163063826e+01 6.373673042939212330e+00 -1.555986151462116496e+01 3.771479497236815970e+00 -3.816647986746814780e+01 -2.200210511476234032e+01 -1.065197115785622373e+01 7.994316318588649665e+03
-3.665607556464374994e+01 -4.240558588863299505e+00 -1.645501187422225087e+01 2.184330839188697837e+01 1.737851264781292215e+01 1.366181375980562152e+01 -5.223563642590047351e+01 1.397331404591699489e+01 -2.492344796626484893e+01 4.835332141887060398e-01 -2.377609869928693342e+01 -1.494134675254802502e+01 -9.236969723370476615e+00 7.017301210237727901e+03
-3.587468535128124358e+01 -4.402575852316618743e+00 -1.854597264138678270e+01 1.636724461352443072e+01 1.878676205143445443e+01 1.696690964160121595e+01 -4.772871742626855962e+01 1.422567429417271256e+01 -2.982075607166996534e+01 4.691411825536317082e+00 -1.895891946922074567e+01 -1.594776381311890034e+01 -1.433681739186424764e+01 6.770037216696709038e+03
-3.924270093282451199e+01 -5.828291308796160308e+00 -1.884461383929587797e+01 1.987295117984094972e+01 2.557498734979315103e+01 2.824136010335509894e+01 -4.036866231173456043e+01 1.010169632544451090e+01 -3.085837317666875279e+01 7.461485319209677947e+00 -2.485673148322004522e+01 -7.592820265948001079e+00 -2.307037930198457687e+01 7.723003158388294651e+03
-3.845750691690052747e+01 -9.511806363443506385e+00 -2.179020090787459907e+01 2.431748391154640743e+01 2.508950992372175648e+01 3.182027021132361000e+01 -4.331174496506478278e+01 5.261230742312855924e+00 -2.623521394946384433e+01 1.607234434375266474e+01 -3.355917565369353639e+01 -1.103437265423224112e+01 -2.906018907178862065e+01 9.220285026324136197e+03
-3.615737437076667504e+01 -7.811416795284121584e+00 -2.476877621055771428e+01 8.914364091307659166e+00 1.520516770185849076e+01 2.522468591615954736e+01 -3.896190716055446757e+01 1.398966427260628365e+01 -1.514608570195366610e+01 2.284256985570054610e+01 -3.051785819077862527e+01 1.773698088374555892e+00 -1.272798832857015938e+01 6.490229206373828674e+03
-3.370419460513454624e+01 -1.058051539531983742e+01 -2.790923466041357059e+01 1.064427092040337541e+01 1.177753218915303890e+01 2.477997611223963403e+01 -4.017081002442282767e+01 2.226513010279824556e+01 -1.607999301470865916e+01 1.623324503734714597e+01 -2.783902857685265531e+01 4.331512031722694722e+00 -5.071705113780040186e+00 6.343913521011415469e+03
-3.272936190841005555e+01 -1.417031359435421578e+01 -3.190967853260877263e+01 1.535783355362304725e+01 6.609575417043161316e+00 2.174390887121545646e+01 -4.151765851290203102e+01 2.654515871313061126e+01 -1.830993032482119531e+01 1.695807398819070144e+01 -1.874119523366262996e+01 3.089734395231284125e+00 3.670243602512845982e+00 6.468024400911668636e+03
-3.125154302973438192e+01 -1.646451773702148103e+01 -3.416673976799808798e+01 1.800042498618219255e+01 3.144127398330663237e+00 2.048642036620492490e+01 -4.062858569331882563e+01 3.081536834760233035e+01 -1.589464609621185964e+01 1.525252629441614083e+01 -1.687330837905511771e+01 -9.467575864790256368e-01 1.299637984818902359e+00 6.541541827824370557e+03
-3.060494812739987580e+01 -1.803896931270399051e+01 -3.562795423646712578e+01 1.960860760023970428e+01 1.524895378226363896e+00 2.340214135360048431e+01 -3.854456665097074364e+01 2.444308857844796989e+01 -1.636704484198780207e+01 2.064691151635362942e+01 -1.109571806449950415e+01 2.608019317072463927e+00 -3.927524287212700749e+00 6.388566885430405819e+03
-2.796794585963497681e+01 -1.252519453057993282e+01 -2.903821667158681663e+01 1.570981021078253903e+01 -5.876306675342420904e-01 1.847882637006396322e+01 -2.998348090857998116e+01 2.241037375522667219e+01 -1.214324344072290174e+01 1.313068217289612782e+01 -1.123555329069817788e+01 3.622433643673567794e+00 -1.725574051390861952e+00 4.234359435665745877e+03
-3.249660859530561652e+01 -2.464048495161965846e+01 -4.450972140533360033e+01 1.224931112355778495e+01 -5.037846955167688989e+00 2.016518751094962880e+01 -4.170578995112123266e+01 2.051422296358592945e+01 -2.203323434382197732e+01 1.516883650822818375e+01 -1.905286454955403030e+01 -1.957831720493522720e+00 -1.409861029055524995e+01 7.667737521349332383e+03
-2.899080871297715234e+01 -1.453912906454006304e+01 -3.104287126550821796e+01 1.981256210781948113e+01 -2.168235734499199374e+00 1.700965506412232742e+01 -3.643138369046106817e+01 2.279672210601806981e+01 -1.417177900451887140e+01 1.216548294890319148e+01 -1.454392649500657164e+01 1.766228198222345780e+00 2.640839458468103196e+00 5.119474293971022234e+03
-3.184930304008384994e+01 -2.071160018808804537e+01 -3.955057385771119272e+01 1.604560599289311540e+01 -2.479873906715214016e+00 1.824701528814930640e+01 -4.171751647346357572e+01 2.911997603233375642e+01 -1.442665835012954823e+01 2.044552682660964038e+01 -6.465135766460062605e+00 4.889909248485500015e+00 -2.876087028844315885e+00 6.892614484903946504e+03
-3.090236934287223391e+01 -2.097995439613882596e+01 -3.963151059297317857e+01 1.571923905823906154e+01 -5.934605228869021865e+00 1.856183705910071424e+01 -3.740199581037565935e+01 2.395913237973968535e+01 -1.711339885223297230e+01 1.780820250602434385e+01 -7.489252476667857650e+00 3.901472703689950361e+00 -1.852638864406962682e+00 6.250319834588746744e+03
-2.923890618672375297e+01 -1.557783048614631483e+01 -3.312536735870448013e+01 1.346075885271801020e+01 -5.133536612153088541e+00 2.320218773055864148e+01 -2.156072357646974069e+01 2.106889225610191474e+01 -1.755872586540003866e+01 1.693817921102803936e+01 -5.016149117874618035e+00 -4.232509363925592183e+00 -1.880292141319917842e+00 4.491344319890215957e+03
-2.848455986470558798e+01 -1.885361050132103244e+01 -3.858606670122026117e+01 8.717798162910385784e+00 1.521312381832956806e+00 2.716277822874362258e+01 -3.020707456195791707e+01 1.820849659227738826e+01 -2.506849799758976971e+01 2.241143298516095328e+01 -6.770679195663669603e+00 2.487668830413586996e+00 -1.188753982702361611e+01 6.039907058534468888e+03
-2.953822730621411452e+01 -2.149301721457879921e+01 -4.142094581951200638e+01 7.951415524344172425e+00 1.712755304155220371e+00 2.993024202427516656e+01 -2.977394238096640322e+01 1.910464731282413808e+01 -2.334903954421454131e+01 2.551786539105987828e+01 -1.036535718971454934e+01 2.477199958362181764e+00 -1.375143440212569956e+01 6.762622734193178076e+03
-2.784175638462811975e+01 -1.571515076207835016e+01 -3.480810314934574734e+01 9.431132376670948503e+00 4.236278881388487072e+00 2.549096021133514256e+01 -3.561037664316687312e+01 1.448885386054589297e+01 -1.835573031764683094e+01 2.713788709491601736e+01 -1.441346771286695194e+01 8.468394178980631182e+00 -1.247623077587541474e+01 5.976956424258786683e+03
-3.208419862572249315e+01 -1.973141979172003246e+01 -3.971599636037358039e+01 4.914378128292026915e+00 -1.943705542735291836e+00 2.506225611673378850e+01 -2.845566306966322401e+01 1.609688442012526011e+01 -1.402302865873447146e+01 2.276605278569035917e+01 -1.776053679824704901e+01 1.169339475134019501e+01 -9.500323143553448091e+00 5.978332109612647400e+03
-3.234856965427196940e+01 -1.167289993673000659e+01 -2.902976915508225986e+01 4.856732978631733921e+00 3.664786641042806714e+00 2.285986962817543855e+01 -2.782890316442745871e+01 6.550817295267009399e+00 -1.531530598163370094e+01 2.434101295123120678e+01 -1.612619962425448961e+01 1.371778108162248877e+01 -1.008218895085963318e+01 4.779293138114416251e+03
-3.447920231716189932e+01 -1.362545820175827771e+01 -3.188597293973941760e+01 1.621241022111400198e+00 6.714357048720864363e+00 3.026277572786360182e+01 -2.520277032776268200e+01 1.990193211866299050e+00 -2.161198682868911547e+01 2.877665201807301187e+01 -1.409102788580325871e+01 2.130066070249489130e+01 -1.834242513091499305e+01 6.277764331925621264e+03
-3.802553626115539487e+01 -1.674668927387553552e+01 -3.733329647993929257e+01 -7.940298182284312389e+00 8.614615415123891395e+00 3.600356256127209065e+01 -1.777016002729035904e+01 7.801062263550145204e+00 -2.728494881973488262e+01 2.608377417103586993e+01 -1.942773743594707270e+01 2.113175897003035431e+01 -1.980325581792614287e+01 7.571308513694967587e+03
-3.829184725723260385e+01 -8.180117563033448391e+00 -2.670079809708801832e+01 -5.270847770884257599e+00 -9.791845183183044421e-01 2.014140228545539557e+01 -1.327447201476620897e+01 8.722105534791790404e+00 -1.709056535664729637e+01 1.319583924909401773e+01 -1.570661646610538753e+01 8.008900105950605308e+00 -4.225067312262070551e+00 3.727725038749230407e+03
-3.368524483936005964e+01 -6.358495264212011833e+00 -2.616674790004210038e+01 -2.312153085804887098e+01 -1.532552908257297730e+00 1.778137827439628182e+01 -1.013443926971702069e+01 -2.731621267001765330e-01 -2.786859395999062627e+01 5.567638343299232240e+00 -2.262344534190187062e+01 2.450796708189540851e+01 -5.276567219491133720e+00 4.763697692685230322e+03
-3.197979767462440037e+01 -4.660602249713258871e+00 -2.424898112568950737e+01 -2.494789871657146207e+01 3.514275743728575430e-01 1.766390374219878723e+01 -1.179558067633941398e+01 -1.865652889015172233e+00 -2.391201737333615895e+01 7.359161941634690507e+00 -2.705425790194504998e+01 2.087410650453307426e+01 -3.944737946669286899e+00 4.518756779395689591e+03
-2.865172788439483043e+01 -2.572111364235766806e-01 -1.760134108231741834e+01 -1.969790307554028175e+01 -7.919954695174016734e+00 -2.045668740288377752e+00 -1.865116076210525264e+01 -8.355933585874994463e-02 -1.873956567416091090e+01 3.679004901488747148e-01 -8.595604490006412135e+00 1.396181610144721397e+01 4.519955727490128972e+00 2.574138882309230212e+03
-2.956717132894911515e+01 6.123113558610818741e-01 -1.576864110998851665e+01 -1.784586616709170670e+01 -8.831519452168217654e+00 -4.118736281803489163e+00 -1.592689489131558744e+01 4.679274343011802451e+00 -1.477096329069987846e+01 1.469117942361807705e+00 -2.038819295336282256e+00 7.614172524030667688e+00 1.811982416741989343e+00 2.097994192637662309e+03
-2.971234115548172028e+01 3.923439675905568080e+00 -1.019196660561690493e+01 -2.012097001792929163e+01 -1.159795793093661231e+01 -1.255935922815705119e+01 -1.054513316077148133e+01 1.223366832335356946e+01 -1.080350214283303600e+01 -1.506165194859722511e+01 -6.616477457002363671e+00 1.132865197662140133e+01 1.219375620727172560e+01 2.624431657956205527e+03
-3.197279289666788671e+01 2.422302407952145131e+00 -1.145055821290791620e+01 -2.542254378756976152e+01 -1.458785368508530311e+01 -1.802387426865482922e+01 -1.323745975935471009e+01 1.396192429610186814e+01 -9.265619716318427734e+00 -1.865345125193330134e+01 -1.304318823200927646e+01 1.113925392548724247e+01 1.573185681110130751e+01 3.688881248640014746e+03
-2.994214880957164127e+01 2.571400492990740361e+00 -1.115277505682251302e+01 -2.520382769275001422e+01 -1.963723337859387286e+01 -2.342361218770985687e+01 -9.256511952408015276e+00 1.669583190440417297e+01 2.056719133731661209e-01 -1.527778419728472059e+01 -5.233566129108863763e+00 3.558089894758654115e+00 1.021986845029495505e+01 3.339430977037610774e+03
-3.076354878542642268e+01 2.548050412126581676e+00 -1.072627331466244449e+01 -2.395137360915142821e+01 -2.043210582456633517e+01 -2.293803672951935013e+01 -5.520273603062469725e+00 1.502812422049810870e+01 4.078477739039555239e+00 -1.396440650239824777e+01 -6.854374865382494519e+00 8.249467595776716067e-01 9.383820377323250028e+00 3.188909853889746500e+03
-3.012040558401858092e+01 5.804357250718355843e+00 -7.173820260781579528e+00 -2.421096777203660011e+01 -1.249717580641165426e+01 -1.851707031267785553e+01 -3.669510161755017208e+00 1.716087107808144196e+01 3.649546258548893363e+00 -7.797240789010579043e+00 -1.950600848221383687e+00 -1.200526697334590409e+01 -2.780440950883279250e+00 2.615364432785950612e+03
-3.214825135674263379e+01 3.528127639031444662e+00 -1.141800807052178790e+01 -3.421010473518865069e+01 -1.072658788115695039e+01 -2.428928543400511231e+01 -1.328387291988515706e+01 2.510505082870188431e+01 2.539864746947309460e+00 -6.803353772699846758e+00 3.727489322423638729e+00 -1.479549940525353513e+01 -5.101720939340327554e+00 4.169978926886637964e+03
-2.985561574840127008e+01 8.021657149399715081e+00 -3.117257881246227047e+00 -2.088928937364120486e+01 -1.397404134716428814e+01 -2.450871277553424576e+01 -2.498734512371185712e+00 2.523521542890507874e+01 6.899265383019123732e+00 -8.649217163589780100e+00 1.254183977909142911e+01 -1.416175681849692580e+01 3.361870884195488074e+00 3.332359185205977155e+03
-3.337727094251098947e+01 3.089879476957218873e+00 -9.416261262046408120e+00 -2.220592026412356645e+01 -2.257379003192938072e+01 -2.720461078527632637e+01 -5.886020244755856723e+00 1.555780868905144487e+01 1.015980217758823745e+00 -7.149817441166165466e+00 1.448086661062976432e+01 -1.833359465801500221e+01 -8.275232048728637935e+00 3.898163693178882568e+03
-3.327472232732547752e+01 3.672685810920261140e+00 -1.019448493176731318e+01 -2.201797417164459247e+01 -1.723282601257653113e+01 -2.622145875331221632e+01 -1.758893186842211520e+01 1.048838609658344900e+01 -4.939088339308015385e+00 -3.015719990973358300e+00 1.430338767290640511e+01 -2.154504213916155209e+01 -9.711576565292675767e+00 3.909906055158659910e+03
-3.639587225845894380e+01 7.149953051420772532e+00 -2.683198957417102015e+00 -2.389621859824220351e+01 -1.545886462051897858e+01 -3.152155336312135603e+01 -8.032134293436570260e+00 2.307627322987667995e+01 4.549668672227419108e+00 -7.922809210655192835e+00 1.661069174857701114e+01 -2.887188278810922171e+01 -7.021182105497119963e+00 5.025892640369612309e+03
-3.535235045729628212e+01 4.092373484473605494e+00 -7.984317454567687378e+00 -2.645757737716120772e+01 -1.527849106747158814e+01 -3.014681898918665226e+01 -1.170800305866439395e+01 2.787442262560405837e+01 7.737704417209081420e+00 -6.537443868285142123e+00 1.127299658076658773e+01 -2.077564637850997542e+01 9.838416974400853166e-01 4.748898807093350115e+03
-3.622374892045458949e+01 3.763290642599470992e+00 -8.911541922940124039e+00 -2.601802523898067676e+01 -2.139078623653387012e+01 -3.250642311784918803e+01 -1.368626781527477654e+01 1.357159087418376764e+01 8.182076337053885595e+00 8.369838409678198587e-02 1.383943425410593520e+01 -1.654602606638429307e+01 -8.053134053249282331e-01 4.501313671743611849e+03
-3.776858629148532742e+01 3.230771129702673328e+00 -8.828243066472303724e+00 -2.554308273929410689e+01 -2.335777263066666620e+01 -4.019035669130378352e+01 -2.261594620977672676e+01 1.416816076722528450e+01 6.754350926511206943e+00 -5.944577592486367301e+00 1.398568382000649812e+01 -2.005727252168231445e+01 1.680812958977824900e+00 5.722036984063483033e+03
-3.862222545094741832e+01 7.583757961240474188e+00 -3.854610431097022616e+00 -1.757760958573071619e+01 -1.566008912540559628e+01 -2.451348011262834703e+01 -9.532988390125440858e+00 1.242357952427439827e+01 8.111494549336288884e+00 -2.950341726022969624e+00 7.758336648435423477e+00 -7.154116443576488571e+00 3.552742591115377380e+00 3.162888368094149428e+03
-3.977940687244836937e+01 6.506691387063540333e+00 -4.874502822507120747e+00 -1.791239218412037104e+01 -2.136402240318670565e+01 -2.552890616384409128e+01 -7.470357262465913806e+00 1.495866998382257451e+00 8.660577365808014960e+00 -5.913963954745522604e-03 5.680626603321907275e+00 -5.790298026225668693e+00 1.549470334391353843e+00 3.278746737766749447e+03
-3.761210049825479729e+01 4.488162130296760921e+00 -6.645679825200356383e+00 -1.491411169498221412e+01 -2.529016889701783555e+01 -2.224936083607508763e+01 -1.606412298256325810e+00 5.524397179400097002e+00 -1.254615308266442630e+00 -2.988365049544808638e+00 1.655374480278592486e+01 -2.204505869571790200e+01 2.840967376307467429e+00 3.647722277077172748e+03
-3.904885822403436180e+01 3.409812233105154355e+00 -6.438113965002063566e+00 -1.180049201151722471e+01 -2.647869570285227780e+01 -2.415472717148171355e+01 -4.744255001966450891e+00 5.610938217297037234e+00 -7.571954875399817819e-01 -6.500287084062603249e+00 7.165220972328314453e+00 -3.545045706849575140e+01 -8.351424805652645222e-01 4.407303663352960029e+03
-3.659641377363706738e+01 4.567952030249012196e+00 -3.927868043008031051e+00 -1.006768931025730573e+01 -2.650505663129852252e+01 -2.076062130923801163e+01 5.347273267676437847e+00 2.970237422653647208e+00 1.419399386243288319e+01 -6.581648468296767696e-02 -1.595524035215255987e+00 -2.618048479845586485e+01 -2.094583111989220647e+00 3.541711821391726971e+03
-3.936171239576566450e+01 -3.168833368072715428e-01 -9.628188192692915592e+00 -1.585154821329267527e+01 -3.067552458649441149e+01 -2.831751033621353386e+01 -3.351803095030029267e-01 5.219966868624399403e+00 1.801673356565403594e+01 -1.435422916346402733e+00 -6.394437616867724827e+00 -2.888221244000867571e+01 -7.017048457987973720e+00 4.914621130908063606e+03
-3.813321206939787800e+01 6.492887666221178300e+00 -3.130414174337143418e+00 -1.541344751980076211e+01 -2.412398373688844089e+01 -1.786398092565289275e+01 1.186798763034692072e+01 2.201290463962614297e+00 1.361412934458302892e+01 -1.691351062166211783e+00 1.815281933006950510e+00 -1.118404701909247834e+01 -1.053964500920078429e+00 3.108150709892231589e+03
-4.101538953237491114e+01 2.784867905834782054e+00 -6.996522790927838464e+00 -7.758632423684615809e+00 -3.331214755755777190e+01 -1.674497335624724670e+01 9.007687876453992715e+00 -1.100321517046695874e+01 5.751109927832747992e+00 -1.250610808438649890e+01 -1.136812351971843604e+01 -1.237187134932177912e+01 -6.838125756374497932e+00 3.910003270284474638e+03
-4.094429505139001435e+01 1.760021783324364764e+00 -8.372720027208933047e+00 -6.960737841409283533e+00 -3.348248969394915520e+01 -1.503161797279755518e+01 6.781562176499170036e+00 -1.280964231149813592e+01 4.649463752383346637e+00 -1.147073175250022459e+01 -1.165639811186079733e+01 -1.360396711529203451e+01 -7.285433727546818616e+00 3.882402745508858061e+03
-4.322496283394772121e+01 2.998712868924088948e+00 -6.365197602741999638e+00 4.311176398748706617e+00 -2.763128381946546241e+01 -9.344829286812471381e+00 4.196458204979882645e+00 -8.362643293671100153e+00 9.650399174878165454e+00 1.503946133501866391e-03 -1.200308475202164438e+00 -2.361723344714852235e+00 2.843290801891658504e+00 2.983082404237417904e+03
-4.331294895800718336e+01 -3.551614600711323178e+00 -1.449046065068629829e+01 8.356420559150683047e+00 -3.802678689137542278e+01 -1.050696054230915699e+01 -1.919776407119198725e+00 -2.523248235342200019e+01 4.804340563518757490e-01 -1.108225904242460702e+00 -5.500865661262979600e+00 3.410778069130046664e+00 -2.096074860945175367e+00 4.412970617850356575e+03
-4.322573272686275914e+01 -5.184123191749718806e+00 -1.631497188399357157e+01 1.462948043697332068e+01 -3.599452979043055478e+01 -2.107034853693357856e+00 1.468632233100399809e+00 -2.163977137848775101e+01 -3.764003916759132373e+00 -2.501626811557679186e+00 -8.875931597371147674e+00 5.215268979044312969e-02 -4.914941307781298008e+00 4.269388857003768862e+03
-4.010812353720287149e+01 -7.280782394763614995e+00 -1.925838290610911940e+01 1.230717418596328017e+01 -3.160315882729669568e+01 6.470020002221084532e+00 5.266324297370166718e+00 -1.663692210929978899e+01 7.552115343370625844e+00 1.290240209317941300e+01 -1.485279011140268857e+01 2.180986756781746472e+00 -7.579929347584279498e+00 4.035489202300508168e+03
-3.859504060864088615e+01 -9.322096712672921726e+00 -2.189405521694224888e+01 1.505793162799158402e+01 -3.025713270068050065e+01 7.867046149534874466e+00 2.881294247013670984e-01 -1.457562711850644455e+01 3.715045454594485985e+00 1.350471755162955567e+01 -1.090568266769075656e+01 5.245561075750438285e+00 -6.516311951641329259e-01 3.815539431848775621e+03
-3.681461704326329709e+01 -1.086419061777883499e+01 -2.388904823707796510e+01 1.657988015916673064e+01 -3.175480604007385921e+01 1.107775598003477668e+01 3.823148195870487154e+00 -1.555502085144058100e+01 -3.411245860780783623e+00 7.728041020314434739e+00 -5.688314038365465564e+00 1.344512731259294469e+01 -9.967091695927151607e-01 3.992066248153586457e+03
-3.739344940165601372e+01 -1.511940321289199218e+01 -2.884805499918054039e+01 1.434461390599618724e+01 -4.030503554499089347e+01 6.782362200450376299e+00 4.254789799305192410e+00 -1.822732970636129934e+01 -7.458897237037478867e+00 1.138864482075197193e+00 -4.534154025079183192e+00 1.190828365350771634e+01 -5.039310631121569628e-01 4.905231627890939308e+03
-3.651451729625415510e+01 -1.239371702438659995e+01 -2.501755277245188225e+01 2.093371830249803267e+01 -3.327388660574316503e+01 1.124798821054742426e+01 1.973506833947561878e+00 -1.470348667783581220e+01 -3.761172817023975323e+00 1.292677239429360192e+01 1.902542850591102175e+00 1.235484090177927641e+01 -4.066751791677670980e+00 4.358816820730288782e+03
-3.819126749952815203e+01 -1.378599428106091374e+01 -2.852973990823839401e+01 9.822226705741456954e+00 -3.305062455474750749e+01 1.049618297893507446e+01 2.600762832104912103e+00 -9.833383494874812669e+00 4.367389444430434864e+00 2.168165192153562160e+01 8.851494598632355659e-01 1.309422294280743415e+01 -6.349975288831577025e+00 4.566754257897935531e+03
-3.720612096975631999e+01 -1.548387100108523029e+01 -2.899835538147469194e+01 1.864560686586686700e+01 -3.283976230285151132e+01 1.768290107820009993e+01 4.231922785147922639e+00 -1.396339642210006637e+01 -6.827775823739163918e+00 1.367515833073970732e+01 -1.117968268060279513e+01 -9.773523049653626060e+00 -1.107612047492713536e+01 4.993445538256739383e+03
-3.777815377861329438e+01 -2.004398391378687805e+01 -3.540381394640152024e+01 1.368933340156977607e+01 -3.855156408459296813e+01 1.247724449087054133e+01 -2.164333409813183062e-01 -1.286367012707614066e+01 -4.394462330343914758e+00 1.117025629497674899e+01 -1.751758994227425248e+01 -1.132063996921581861e+01 -8.255419780818552766e+00 5.724464388294291894e+03
-3.743692865671192749e+01 -1.975448021499048323e+01 -3.666596514486195701e+01 1.199883983379163332e+01 -3.349318222042786886e+01 1.407988462273183394e+01 -8.451955343336843285e+00 -1.688201801797497836e+01 -1.369984021808772923e+01 9.641495319887178894e+00 -2.088084810217407394e+01 -2.770594687664798883e+00 -5.541495739341034898e+00 5.711641002321681299e+03
-3.681289263738592155e+01 -1.310793756225642959e+01 -2.856391448821125678e+01 8.768927464381764736e+00 -2.337239838483714394e+01 1.516676689318430249e+01 -1.858228993752297109e+00 -5.302690688180735634e+00 -7.913650489569693525e-01 1.305520323887836476e+01 -2.039101270956851053e+01 1.839075872131194167e+00 -6.151328721748794415e+00 3.855748793690000639e+03
-3.856816344722256673e+01 -1.628428020822937938e+01 -3.324806098239341878e+01 -8.724527056843409678e-01 -2.893402836783480581e+01 6.924202808387874164e+00 -3.244043004464561175e+00 -7.105280216125795523e-01 -3.959366656067430323e+00 6.118304912299977971e+00 -1.566161260163108260e+01 2.503622321368736969e+00 -8.168955286727781484e+00 4.126423297416316927e+03
-3.790882253690689652e+01 -1.694969606756136926e+01 -3.401853389611490286e+01 1.082485518649779044e+00 -2.081398684495855278e+01 1.488335437201771505e+01 -4.989330176339830114e-01 6.362078985303346812e+00 -5.237269739375958189e+00 9.151960136548261460e+00 -1.517704627264141948e+01 -7.369915053800253801e+00 -1.245110733660325941e+01 4.129140539206798167e+03
-3.765035959656873388e+01 -1.490466028911458274e+01 -3.234723809640109238e+01 3.904032786320414505e+00 -1.384913790528385569e+01 1.750115223103831497e+01 -1.410722947945589567e+01 3.484191564969894017e+00 -1.563890759085908755e+01 1.641008582891046785e+01 -6.211270549150872178e+00 3.530964443658163976e+00 -1.672253965210108717e+01 4.255083496828614443e+03
-3.857018081232880746e+01 -1.767908741302781195e+01 -3.658488787057926572e+01 2.020241825485545206e+00 -1.200989715519242829e+01 2.043555742193435165e+01 -1.344359838369585525e+01 1.034318642854326775e+01 -1.371587517118065236e+01 2.141490179410237715e+01 -2.075995713209368265e+00 9.917801639194498975e+00 -1.751932532636495310e+01 5.048628415019846216e+03
-3.868784527168843823e+01 -1.717944573627459448e+01 -3.569850665462096373e+01 3.852648004567473805e+00 -1.777827968921029722e+01 1.372637901220691603e+01 -1.520693274402774620e+01 7.068633078844158035e+00 -1.132379243155488524e+01 1.390076009658268674e+01 -7.868401449859121044e+00 6.501277092267719659e+00 -9.151364721977452987e+00 4.376191315945007773e+03
-3.851141114508095598e+01 -1.389791001919030755e+01 -3.086353415999865746e+01 7.036445416023028088e+00 -1.155724207895819333e+01 1.841903004971677760e+01 -9.539436718082557221e+00 1.030579426206283955e+01 -1.430373284248493349e+01 1.113330106768342986e+01 -4.311196795852526797e+00 2.969309292892167829e+00 -9.108761716955271481e+00 3.787310678337890295e+03
-4.042387891415490486e+01 -1.642690201761713098e+01 -3.511329351389886710e+01 1.390116495197599500e+00 -9.182754460170899691e+00 1.782668378109664786e+01 -1.510693941617648051e+01 1.510197760561150204e+01 -9.439478250564325990e+00 1.256894381515982140e+01 -1.510901342040338236e+01 3.304411768871902133e+00 -7.772303149499172115e+00 4.543904100052930517e+03
-4.111745739271087530e+01 -1.647786212090207769e+01 -3.733427207456752939e+01 -1.195468642230173728e+01 -1.231189416417314675e+01 1.156864474174944846e+01 -2.036587514462191351e+01 7.434179758750835809e+00 -1.361158794739480804e+01 1.409042482769017113e+01 -1.807543298257241915e+01 2.320365251117726846e+00 -1.054970600018694782e+01 5.081596886843502034e+03
-4.082750272460469176e+01 -1.564424665383905300e+01 -3.527596669648967520e+01 -6.871962013944727055e+00 -1.618020020890754651e+01 8.764442978326684397e+00 -1.734692587955089849e+01 8.427549177263919944e+00 -1.340673033546621440e+01 6.463639117996819117e+00 -1.574304941815013592e+01 -3.237143941891566623e+00 -1.411634260580015088e+01 4.592911765895991266e+03
-4.178862726533737515e+01 -1.140431186749833792e+01 -2.914343385231907746e+01 -4.979053184420521916e+00 -1.355726718051852941e+01 1.328936454958283875e+01 -1.174748291646563381e+01 1.017622001621463435e+00 -1.142960573269155766e+01 1.208203847380727147e+01 -1.061142844728699330e+01 5.809174190393362025e+00 -2.013646036888565050e+01 4.078361513698018825e+03
-4.490868643207885214e+01 -1.599286966653824571e+01 -3.236860462335126698e+01 7.450497764393152700e+00 -1.861415454762744659e+01 1.082507951734410589e+01 -1.215386061025674636e+01 9.933401374038913545e+00 -4.023856848707041856e+00 1.146366040548598164e+01 -1.325016496623860718e+01 -1.447146561872621717e+01 -1.692896685536419810e+01 4.905043407504544120e+03
-4.749539140414064775e+01 -2.019143020883328532e+01 -3.802919865048932735e+01 2.081969056291461673e+00 -1.951142852025433072e+01 1.328985021134969813e+01 -9.407528835169154391e+00 1.610351841436379416e+01 -2.938101143734473730e+00 1.883174820895348489e+01 -7.525561010404048234e-01 -6.402610758104124500e+00 -9.307229678446306664e+00 5.510652937736428612e+03
-4.711939216436932298e+01 -1.280770600506222756e+01 -2.827279903182303755e+01 1.286431903493127749e+01 -1.395980685417360689e+01 1.917605325087472323e+01 -5.095403066166695361e+00 1.096376645514740922e+01 -1.038162974355447865e+01 9.190721983144223728e+00 -5.864486756393292310e+00 2.139473813009745928e+00 -1.777363356237996461e+00 4.292257033670287456e+03
-4.805691219736183939e+01 -1.546611654012039772e+01 -3.218099162738818819e+01 1.072937501150185291e+01 -1.959003478725689362e+01 1.618594671412309793e+01 -9.403042108427827728e+00 4.594142144108957382e+00 -1.096616634377096133e+01 1.227792626142050558e+01 -5.785800942732181262e+00 5.699326377940828081e+00 -7.307634730930610445e+00 4.845044574600562555e+03
-5.000152386382881531e+01 -1.378220928590027583e+01 -2.788398557860120874e+01 1.601080489781054439e+01 -2.464783304769746408e+01 1.449925169969550964e+01 1.371633475254558698e+00 1.229594823153439487e+00 -6.386718847197755622e+00 4.681202597119089148e+00 -7.378657589548394569e+00 5.739082834733900462e+00 -1.415702236432447414e+01 4.895608239566793600e+03
-5.052152167995956944e+01 -1.207476099837184336e+01 -2.657471885273209011e+01 1.359369874974506232e+01 -2.424857645293393560e+01 1.272078203887094539e+01 1.876258333994023975e+00 4.026907796227270353e+00 -1.426949631564787602e+01 -2.132966185934016767e+00 -4.204639132997829876e+00 -1.574054084933407260e+00 -1.492201913697394211e+01 4.809767782714318855e+03
-4.896888073793530083e+01 -6.041895640673670798e+00 -1.710224449605312813e+01 2.315652244303984020e+01 -1.277568720702203819e+01 2.288965661108827021e+01 8.758439371442673149e+00 1.006915024687897064e+00 -1.859404742184636561e+01 -1.666834744750168085e+01 -2.641137472813778686e+01 2.578833063366568368e+00 -4.068621880676259295e+00 5.372382968755346155e+03
-4.482459759376426689e+01 4.565445488315673095e-01 -8.771687590198292028e+00 1.741634530237331902e+01 -1.926798161238691520e+01 1.355684027204525144e+01 1.285909883041256485e+01 -1.653629438952930286e+01 -1.559155215017579543e+01 -1.553446737632615360e+01 -1.941511708694424954e+01 6.662596556954205163e+00 -3.061094932995816364e+00 4.298696499371127175e+03
-4.501869325163534086e+01 -1.474242845497643062e+00 -8.409362558553620914e+00 1.962472181447205699e+01 -1.346253641602279316e+01 2.177588818298513829e+01 2.097131554031794565e+01 -2.417123717350854406e+01 -2.959117014016416647e+01 -3.590119154757226738e+01 -3.930259966716967313e+01 -4.561528880154353871e+00 -9.479678965677846847e+00 7.984076298303371914e+03
-4.182543604152706251e+01 3.368406381065009558e+00 4.035721748842235890e-02 1.936950615075831905e+01 -1.939447017413726115e+01 1.406255859244174822e+01 3.155970323250446796e+01 -1.753949033722092565e+01 -1.651415408368747251e+01 -3.563061636191162762e+01 -3.309174607122096035e+01 6.358077861119738827e+00 5.222363043222565615e+00 6.718462271070657152e+03
-4.276444605388812192e+01 3.506490857785179993e-01 -2.731757448157218882e+00 2.287868721653757476e+01 -1.506503836601354784e+01 1.823803492687727612e+01 3.146320839328977215e+01 -1.540072543195275934e+01 -2.273857795696117279e+01 -4.640483914438753033e+01 -4.146910813365651904e+01 -6.253420878609690092e+00 -2.977781116242973258e+00 8.584626159761883173e+03
-4.051029884648296076e+01 3.479222469427375231e+00 2.846105460047739788e-01 2.644099495068340744e+01 -1.788859731934894626e+01 1.169980067543406044e+01 2.351487278956921756e+01 -9.162431669825803482e+00 -1.379074773142189336e+01 -3.838527016423157789e+01 -2.722511821470430249e+01 -3.968052826857225490e+00 -1.429140345886005803e-01 5.866769783116045801e+03
-4.273465594335723949e+01 3.554852436987925746e+00 1.415711472073093342e-02 2.447661979583381608e+01 -1.945607881533559791e+01 5.582663326698844131e+00 1.484444425136669743e+01 -7.596062005331170930e+00 -1.741964120728597720e+01 -4.029906685646119513e+01 -2.026824747477586541e+01 -6.008629320925751749e+00 9.647248262461719515e-01 5.501050592605693055e+03
-4.117016292188198889e+01 6.374507411578109739e+00 1.562276151595660023e+00 2.066682207495917467e+01 -1.069341623215928472e+01 8.270846924103912201e+00 1.148822715372694425e+01 -1.329161750684810173e+01 -2.219004135069278050e+01 -3.169139962440674907e+01 -1.434635726158647273e+01 -1.398827932366397686e-01 3.536757574349138622e-01 4.359282785560200864e+03
-4.393798084423256256e+01 6.094099962180856700e+00 2.390863478395075514e+00 2.063144691396093577e+01 -1.697752948129579309e+01 7.573713579744534741e+00 2.061971259728173678e+01 -2.626635625326654733e+01 -2.330514399541736381e+01 -3.442234113393256933e+01 -2.076381690671531288e+01 -1.607425217972910758e+01 -1.153815102216072752e+01 6.410422618518675336e+03
-4.365602495502154312e+01 8.081837891040763111e+00 7.112343858873222402e+00 2.683748747565984871e+01 -2.227174903635300041e+01 9.931284536735111024e-01 2.145412386097937585e+01 -2.686521228004400896e+01 -1.473998286879416142e+01 -3.757263071911965824e+01 -2.046537025021542533e+01 -5.627102320057739249e+00 1.985650947658696097e+00 6.504445102313854477e+03
-4.285248917246887856e+01 -6.506045759634897507e-01 -3.176253826392027690e+00 3.854567829390068567e+01 -2.242899399267215088e+01 1.548178480096213683e+01 2.165131375620624965e+01 -2.877313029299167368e+01 -1.935720440579911994e+01 -3.420669503617402540e+01 -2.513082282501989795e+01 -9.600585009033830275e+00 3.879550064561879008e+00 7.655614609258540440e+03
-4.285733522360634851e+01 -9.972708601533952777e-02 -4.968059763363459780e+00 3.198264559490706915e+01 -2.906164159798994717e+01 8.367767570302635960e+00 1.268787332947308855e+01 -3.595793290280270327e+01 -1.426149900838117190e+01 -2.509533879779538879e+01 -2.640376984985058684e+01 -5.403946909288224631e+00 3.128372578083037370e-01 6.812511934744226892e+03
-4.130289560430697549e+01 -1.033303064681515870e+01 -2.073561345478303508e+01 3.379247403329225108e+01 -2.882068232425362098e+01 1.611705235344234666e+01 4.225855481107995359e+00 -1.188899654323221355e+01 -1.442903936492869832e+01 -1.009924548482119100e+01 -1.515125313673146223e+01 -2.609457521416989945e+00 3.023924491489779154e+00 5.189900669693526652e+03
-4.267562114035249721e+01 -1.287923381964225733e+01 -2.168001044244703479e+01 4.214352005334969675e+01 -2.920911232714471595e+01 1.797859246994440241e+01 -3.001357858543138413e+00 -1.614180542241015104e+01 -1.428483165108186803e+01 -1.371473172623811010e+01 -3.077943075988372001e+01 -9.809891301292424259e+00 3.452467781055002849e+00 7.126827640845009228e+03
-4.115810000341268449e+01 -1.410468651594200118e+01 -2.487095271840920319e+01 3.876708547149917905e+01 -2.190099807879536797e+01 2.310906526596744825e+01 -9.935871470298721420e+00 -2.093402393808431938e+01 -2.159811141959969660e+01 6.815884724541154682e-01 -2.224473366977337818e+01 -1.013822212756022800e+01 -1.370751304984734276e+01 6.817470714806369870e+03
-3.848003388289511406e+01 -1.440764645887408335e+01 -2.572642874032928262e+01 3.703213294195904126e+01 -2.394004401000519877e+01 2.391888280537105516e+01 -6.209907219571596748e+00 -1.178160573077427919e+01 -1.235230452276799973e+01 1.112463733742516148e+01 -1.300735680419115603e+01 -6.513927147927185857e+00 -9.326002074977205680e+00 5.619063008738940880e+03
-3.647911157022874562e+01 -1.587733090340614162e+01 -2.861359514673589644e+01 2.867370253199668895e+01 -3.034318416385768558e+01 1.404958108927196925e+01 -8.331107467429101021e+00 -8.686431836670708506e+00 -6.782781726324826899e+00 8.903150608735529659e+00 -1.295639391905636018e+01 -9.352552319044423967e+00 -8.944354901091038812e+00 4.947307346928674633e+03
-3.731520545755580542e+01 -1.652651389867774512e+01 -2.995755724757481886e+01 2.759556125962332018e+01 -2.558776837535526383e+01 1.773178290495511078e+01 -6.964956392566353571e+00 -2.909934229699282060e+00 -1.956515787996141453e+00 1.152265675484542840e+01 -1.775028582854848835e+01 -8.889892601391379046e+00 -1.351437696801757937e+01 5.063989602660743003e+03
-3.722054613519685518e+01 -1.598237657053574345e+01 -2.907891676451964358e+01 3.135020248447561642e+01 -2.537126165537786804e+01 1.525516569277683843e+01 -1.447797784166371571e+01 -6.153019789712335985e+00 -1.470019602242299550e+00 1.752131044110676328e+01 -1.332548674149755996e+01 -5.717690329852509024e+00 -9.082884562781618598e+00 5.195033153467576085e+03
-3.905626980110859847e+01 -1.681581418683397544e+01 -3.129698242434024280e+01 2.702209769527419780e+01 -2.577645907816905435e+01 1.653464825250214432e+01 -1.104880837766157597e+01 -5.290654784621893647e+00 -1.543796505487973114e+01 5.460804733660777899e-01 -1.730650391514391728e+01 -2.391645898524832781e+00 -7.614772165243675062e+00 5.207595092240814665e+03
-3.724673183603482585e+01 -1.322981596287604411e+01 -2.891461970435406315e+01 1.677435111277758040e+01 -1.629902491786159402e+01 1.386849606348133079e+01 -1.654647292591707597e+01 7.011159058259542221e+00 -1.314058531381197703e+01 5.477110259367539591e+00 -1.306069813945484803e+01 -1.290494155215879069e+00 -2.992253831534243513e+00 3.844591177973191861e+03
-3.693955162043272367e+01 -1.356497627020573482e+01 -2.870085883137416971e+01 1.779711275632088174e+01 -1.413554564873708053e+01 1.757984368441595890e+01 -1.155776362208293051e+01 1.417485504526605311e+01 -6.385692437777826136e+00 1.160291384099798329e+01 -1.137891915492166639e+01 -5.920357144506072089e+00 -5.221065947768206428e+00 3.899583182499011855e+03
-3.727638550079109336e+01 -1.521203164776411221e+01 -3.046977123533912035e+01 1.729316865592342012e+01 -2.168589543649935791e+01 1.513194802699453767e+01 -5.844544359147735513e+00 9.048088752672830637e+00 -5.602973245130646873e+00 1.081388155350419211e+01 -6.811464679491596286e+00 -8.129358194482016131e+00 -8.859691716561433950e+00 4.002985981454543435e+03
-3.820182463413968321e+01 -1.683169461170665571e+01 -3.191046432091274099e+01 2.209410397548024463e+01 -2.270608867893837868e+01 1.643062721559155648e+01 -1.338354311591616685e+01 -2.263681028889893199e+00 -6.177484204012800184e+00 1.725938755137839564e+01 -9.274029896781620153e+00 -7.442334454071750649e-01 -4.368067209356434333e+00 4.660577259297207092e+03
-3.768477555448595950e+01 -2.045458608978319148e+01 -3.605442208594199371e+01 2.509426747690071124e+01 -2.652898592411501610e+01 1.658046101063281341e+01 -1.445665051005526358e+01 1.705160607358560565e+00 -1.043535449468710397e+01 2.076578593063383948e+01 6.073817888172813539e+00 3.496798747112275674e+00 -8.831036346081241106e+00 5.625997667912609359e+03
-3.781768706907244848e+01 -1.975679549877119001e+01 -3.456069049382434599e+01 2.687782405055510893e+01 -2.551972845737842377e+01 1.870676951643565289e+01 -1.428633041484532740e+01 -1.719557675429998489e-01 -1.545649851899022309e+01 1.730866394102693206e+01 -3.783226198197711665e-01 2.149250814594579229e+00 -1.248420205452622689e+01 5.641806650422468920e+03
-3.922492168154226988e+01 -2.061836264165584254e+01 -3.804696532179156065e+01 1.751750046947027073e+01 -2.264681750901198498e+01 1.839553776369814742e+01 -1.650087617234022019e+01 2.279314846853161214e+00 -1.504823242985734844e+01 1.520484735805391274e+01 -7.754639249789472721e+00 4.593558333693496643e+00 -8.310086490841346318e+00 5.454823523358995772e+03
-3.831418085632552817e+01 -1.787302852623432159e+01 -3.230574745082396504e+01 2.387283856819595584e+01 -2.490023822103619722e+01 2.034947929488177110e+01 -5.172579231688895440e+00 6.516144543338701078e-01 -8.854406049187355521e+00 5.588572128224823743e+00 -2.011474929287300384e+01 5.068220565562238100e+00 1.294720919231857392e+00 5.003897637384016889e+03
-3.858832844233480586e+01 -1.769665565512096705e+01 -3.239523889241277743e+01 2.027453804681424998e+01 -2.835925116640230925e+01 1.412812663180272565e+01 -3.659650746909543617e+00 3.929361172886399522e+00 -5.730286333043374647e+00 1.343862512367517345e-02 -1.720395093854352453e+01 3.568347271647447805e+00 2.642487180832264748e+00 4.643951251620385847e+03
-4.003316068667639627e+01 -2.055180166118702090e+01 -3.490173951885141435e+01 2.343395734575549483e+01 -2.970564168976867592e+01 1.812664236019243802e+01 1.098073630608404239e+00 8.003321734758884531e+00 -4.508417696098351968e+00 -5.399732749995122205e+00 -2.556665404374054162e+01 -2.771844743703448799e+00 -1.788138976475573294e+00 5.782588827522575230e+03
-4.134298042077714541e+01 -1.762394212488993972e+01 -3.310785622413227003e+01 2.061737538261132840e+01 -2.444584659856983677e+01 1.482062916046579382e+01 -1.104881392826679587e+01 6.369789590423562409e+00 -1.210411069780100313e+01 -4.053247115318011629e-01 -1.195218136492767158e+01 2.099763709851663496e+00 -6.354647404198757954e+00 4.855271625355565448e+03
-4.359919234800145915e+01 -2.002152914788532456e+01 -3.602585584175369604e+01 1.935448224410281881e+01 -2.434729240381906479e+01 1.788898760575835922e+01 -9.312223483811852276e+00 7.328526016107272056e+00 -1.077516743784777198e+01 7.087290551381428827e+00 -2.893998857545430958e+00 1.098656075470671922e+01 -2.820168632379509432e+00 5.330807818015769044e+03
-4.428733535507225128e+01 -1.319902413279961451e+01 -2.696158392308862872e+01 2.466971055387222833e+01 -2.479807089317563396e+01 1.492802947651962597e+01 -5.793255191443182461e+00 -1.498800326135119043e+00 -1.481551073242259875e+01 -1.775319644883105452e+00 -7.950832504173621196e+00 6.070666770155971115e+00 -1.644765055532352971e+00 4.670127632305692714e+03
-3.438846055946250146e+01 -2.182375800668761023e+00 -1.430234847927599162e+01 1.824204437203162110e-01 -2.015093388270503283e+01 3.892955769374347064e+00 9.518515860043871513e+00 9.308984895956799122e+00 7.337680616003852685e-02 -7.296156499279206287e+00 -1.279440494033960007e+01 8.705755711214798964e+00 8.495831513365120102e+00 2.355299435166381500e+03
-3.370346317377126866e+01 -3.478222473921173119e+00 -1.585430195982812407e+01 -2.856568357980971307e+00 -2.421530193322898938e+01 -4.860880051279687031e+00 -5.937457714589174707e+00 -3.364495305533457881e+00 -1.966400639439268616e+01 -2.291556922727245293e+01 -1.747798549931561496e+01 1.224423804488572287e+01 1.891434598828486457e+01 3.789072857332232616e+03
-3.108219921424089804e+01 -2.562968650899003498e-01 -1.216969332219621869e+01 2.330956610951287811e+00 -1.494313178759976779e+01 1.781974927704609524e+00 -3.159674890858433560e+00 7.301089311979139573e+00 -1.099245485228131436e+01 -1.356184696156508451e+01 -1.137259701415520752e+01 1.007063383760273112e+01 1.914859678275780297e+01 2.311645807351655549e+03
-3.336745264283918999e+01 -2.479503554260525267e+00 -1.396991449422625386e+01 -2.182140604427253994e+00 -2.721526407263866076e+01 -1.174901667895244373e+01 -8.082833860205351328e+00 2.899248613249936213e+00 -1.098733251049686643e+01 -2.468316825573704065e+01 -1.718730169866577739e+01 6.016215143480923899e+00 1.915087871766732164e+01 3.700237530369720389e+03
-3.435180418014898862e+01 -4.193683540901760765e+00 -1.684430409266232687e+01 -8.208635903516647403e+00 -2.875572822308253507e+01 -1.736735164707181056e+01 -1.501116195399472630e+01 4.843891012732152168e-01 -2.001157388026519257e+01 -3.192172556858617938e+01 -1.857781909625531469e+01 4.407671256986250619e+00 2.282752833222766498e+01 5.207950771201388307e+03
-3.163517875994484996e+01 -7.822500720975521515e-01 -1.565516173455353410e+01 -1.753129408990940519e+01 -2.015465239677282838e+01 -1.008166457632564850e+01 -7.730962429128959812e+00 -2.253136168595124111e+00 -1.603019337752957441e+01 -1.351628916366622413e+01 -1.140411888938747431e+01 1.078043728885943153e+01 2.129292843115584688e+01 3.265838917723473969e+03
-3.180444304494765007e+01 -1.513900373409147404e+00 -1.561088566980732395e+01 -1.698612615678662152e+01 -2.121071543332256937e+01 -1.155243896606721599e+01 -7.203314799153098136e+00 1.944169085195070368e+00 -1.940411799350133748e+01 -1.992565004249423311e+01 -1.146125203666435155e+01 5.709707374933072010e+00 1.935808546354483539e+01 3.497311411826502990e+03
-3.149036997415828765e+01 -5.588775642301604396e-01 -1.403284135165404045e+01 -1.604710017804702815e+01 -2.137449991652397685e+01 -9.712830777104299429e+00 -1.463481508811461884e+00 6.173091685463301559e+00 -1.290194530736743950e+01 -1.519608727922517488e+01 -8.678505750621134496e+00 8.940043893451589341e+00 1.956831761444570716e+01 2.973384135688416791e+03
-3.167944720713997953e+01 2.143653010605667930e+00 -1.265122741052365107e+01 -2.309446264672308757e+01 -1.151782462781991967e+01 -6.922840301987132960e+00 -8.911342997047501768e+00 7.908076086605699828e+00 -7.457885529634672217e+00 -3.458849121315644481e+00 -8.541200069342153256e+00 1.279284597431392001e+01 2.357661797023502359e+01 2.884175702398744761e+03
-3.179081106633363518e+01 6.468576424499793420e-01 -1.469519090679706963e+01 -2.451611180987019623e+01 -1.395046678388322370e+01 -6.041521357032384465e+00 -9.522372657872674395e+00 -2.227408943741891745e-01 -8.764439848048667159e+00 -2.326977996286278216e+00 -1.218980189901676070e+01 1.991142366108714157e+01 2.202895976441772419e+01 3.262464528759492623e+03
-3.096793444935886797e+01 6.714399148856738941e-01 -1.482963010612927413e+01 -2.321962982962786626e+01 -1.660147749698374042e+01 -8.159079745411247586e+00 -5.833025459441946836e+00 3.326752323925895372e+00 -8.983437569718461191e+00 -5.796026046954206201e+00 -8.530107693104994837e+00 1.641652526580207905e+01 1.923571403536637447e+01 2.932377840553810074e+03
-3.587479862906578632e+01 1.453435086656889474e+00 -1.421242264183684512e+01 -2.203714198676787817e+01 -1.873605095371715734e+01 -1.218190397307705375e+01 -1.046770375860564251e+01 -5.286408677102902409e+00 -7.997675355106988349e+00 1.582235563531095290e-01 -3.353149256794015542e+00 1.354047065869093913e+01 1.195092651242589987e+01 3.015100008833224820e+03
-3.055342617106343894e+01 -3.997627187314430230e+00 -2.132342573004092401e+01 -2.751874319793986601e+01 -1.894389815662899323e+01 -1.807645090011145372e+00 -3.802702871726638456e+00 -7.859487310252339931e+00 -2.347957825247258867e+01 -1.116067574199095525e+00 -6.070161116652604605e+00 2.096046059915864035e+01 5.980435716742983132e+00 3.664323111646201141e+03
-2.958899839681538424e+01 -1.791484661408229373e+00 -1.807003871500967662e+01 -2.393973801717894290e+01 -1.461749609662006222e+01 2.267546571648101139e+00 -7.099305800501026775e-01 -6.448473072496381242e+00 -2.221528976514381526e+01 1.277691007136059487e-01 -6.751792505158108249e+00 2.265231364050787022e+01 7.207165415838412414e+00 3.143448037820718582e+03
-3.310112670493925435e+01 -1.719552815027697745e+00 -1.711811787231291149e+01 -2.151772822470675095e+01 -1.530961725699746268e+01 4.960775677639816195e+00 2.399707379363799742e+00 -1.343412015198318521e+01 -2.021125273820276647e+01 3.037738888004352322e+00 -9.663697253082807137e+00 3.049776883390444482e+01 7.442136014060029225e+00 3.796520825803449497e+03
-3.595120437396334268e+01 -1.129154757364819517e+00 -1.440979470397197382e+01 -1.586714652625677147e+01 -1.625054629068461054e+01 -4.879731492571857676e-01 -5.950576635201171527e+00 -1.985142099653512204e+01 -1.354089176714833620e+01 1.226623793609357982e+01 -1.262459389862942594e+00 2.961858883600766745e+01 5.635988198320338149e+00 3.691414573387663040e+03
-3.817282492042492237e+01 -2.484986526978705701e+00 -1.868807665059978973e+01 -2.112234298577563152e+01 -1.686103431159742527e+01 -3.356978504943420649e+00 -1.063447041498544010e+01 -1.546650172035634796e+01 -1.436870484846216556e+01 9.876300897554299851e+00 1.340780698074859112e+00 2.847027489787802068e+01 3.828766128597038243e+00 4.037620415914438581e+03
-3.857896521436086346e+01 -3.291264196946756648e+00 -1.965636304006225998e+01 -1.946507389097092400e+01 -1.255991502683414751e+01 7.583847473218641611e+00 -7.317710206096190717e+00 -1.543078782149585493e+01 -1.347021647090051388e+01 1.115847573291573980e+01 -1.947469270955290810e+01 2.649175303171805496e+01 -1.377686156040550447e+00 4.160287956424012009e+03
-3.990147046596640479e+01 -6.192815344408253431e+00 -2.356422086130260141e+01 -1.934064114670726653e+01 -1.247737102831097644e+01 9.731457833147020509e+00 -1.147819880757922739e+01 -1.451192968630878610e+01 -1.948419465944958162e+01 7.575742042568680112e+00 -2.441130776806481606e+01 2.616723889843492756e+01 -3.562460210554514894e+00 4.882895592715015482e+03
-4.288556489776430425e+01 -4.635225901571468299e+00 -2.076595663687156090e+01 -1.122148098826441398e+01 -1.096599855295645476e+01 1.014651629673394773e+01 -1.163644658331406845e+01 -6.172709779191069224e+00 -1.227419979689669027e+01 9.953412796676802898e+00 -1.188187862528979188e+01 2.952588637246192604e+01 5.852367011853005785e+00 4.111451351043399882e+03
-4.578744558336528314e+01 1.544470521667840046e-01 -1.464733105356259024e+01 -7.793742718411639459e+00 -9.533808394181946255e+00 6.691575325218869885e+00 -1.411467227552481063e+01 -9.152629445089504046e+00 -4.238340234831526665e+00 1.100234985537406729e+01 -2.138613012386595713e+01 1.482604668157644490e+01 5.324799423365647044e-01 3.606943028584096737e+03
-4.667823058806700232e+01 9.318644438193178781e-01 -1.473778984475972820e+01 -1.271634823219529764e+01 -6.323996243001339224e+00 3.696818322234317389e+00 -1.986110451899525842e+01 -5.415837292381861623e+00 -1.127789069703166192e+01 2.499388368112046788e+00 -2.468832763386923901e+01 1.220737692307178790e+01 -2.088034446987691695e+00 3.932418925866150403e+03
-4.813813332087138264e+01 -4.160293356144052268e+00 -1.835703533231494688e+01 -6.861105141038323474e+00 -5.028376950946801038e+00 9.310380785087009059e+00 -2.301056284997437373e+01 8.436806438071100089e+00 -1.810457039079327757e+01 -9.433288372914873321e+00 -2.202345097993326561e+01 3.153328587760579893e+01 1.551210374285014382e+01 5.568045173440676081e+03
-4.896290788478281542e+01 -3.014554767132290536e+00 -1.769609283914612519e+01 -9.623832757109344271e+00 2.674619703630360390e-01 9.418691503655619357e+00 -2.430385130173390351e+01 1.877675621173020559e+01 -1.571475457913988016e+01 -4.885702361253710713e+00 -1.533825301818328057e+01 3.223541486257413879e+01 1.738392614326494012e+01 5.691659259376345290e+03
-4.982187814161548545e+01 -1.387860221280813988e+00 -1.754472236984978650e+01 -1.354920396363863766e+01 -1.041605666271842173e-02 6.908087692158241921e+00 -2.199677428610468510e+01 9.276046534780304498e+00 -1.208570305272556666e+01 2.270935578158152612e+00 -1.551061391926686106e+01 2.834326741791907978e+01 1.458099402247707488e+01 5.000915516439760722e+03
-5.238857032295685912e+01 2.034802670496927757e+00 -1.213792952181390739e+01 -1.814149636239834606e+01 -2.599702280517868225e+00 -8.021345152099131903e-01 -1.796077117921342747e+01 -5.175104342924261580e+00 -2.157523811887252307e+01 -2.845530995752122205e+00 -2.000711146212833746e+00 3.084385153654933731e+01 1.638136623754480681e+01 5.279201952816415542e+03
-5.316893054835548327e+01 1.427671741066258049e+00 -1.337520819892394286e+01 -2.103180651156807457e+01 5.986861994370849871e+00 -9.050588751246214647e-01 -3.209197909577001440e+01 -3.880928335452308975e+00 -2.773895310533489678e+01 -6.663448314744353063e+00 -1.080446697660003785e+01 2.904328973374681055e+01 2.067439691300105409e+01 6.733355812642375895e+03
-5.236666822149582856e+01 4.526079346214016752e+00 -8.935232129424031555e+00 -1.320025343969100362e+01 2.982348045434849215e+00 -3.912442219356036421e+00 -2.973421900565404385e+01 2.442397183252925874e+00 -1.530134941519596481e+01 -5.341624781039852721e+00 -1.291117093197976295e+01 2.489938653351548226e+01 1.879912026937567759e+01 5.333878043518080631e+03
-5.346877770621104986e+01 1.469326900609469133e+00 -1.250456589229925086e+01 -1.918809668801171497e+01 -3.795080130360379833e+00 -7.143712292579572853e+00 -3.069051554967923323e+01 -1.011407688301575902e+01 -2.051345373750503498e+01 -7.675353406967670544e+00 -9.245131210587766546e+00 3.078844830819364375e+01 2.010809155011580884e+01 6.412703068293814795e+03
-5.424686674286121502e+01 7.805669666654156957e-01 -1.186218568939589701e+01 -1.477402293247085829e+01 -4.314715139386427367e+00 -1.062135576740563181e+01 -3.293232380825187278e+01 -1.077293810241129890e+01 -2.342047759812990648e+01 -1.069644153071850567e+01 -4.654438390425115202e+00 3.102576145072629998e+01 1.992763281317693114e+01 6.678644003196891390e+03
