-8.340154847667261606e+01 -2.746402713413794938e+00 -1.437671630251038302e+01 6.994030968941782334e+00 -2.466201111078686381e+01 -4.812701644419369984e+00 -2.055398363363548597e+01 -2.881538021952876960e+01 -1.304856899353789679e+01 -7.440365783454008231e-01 -1.843192985509244863e+01 -3.303995804178355478e+00 -3.812707575410334115e+00 9.639144635284641481e+03
-8.357984306040984279e+01 -4.089440586661083010e+00 -1.506043784675774511e+01 1.194208751077804109e+01 -2.269207038562920786e+01 1.336064886506331817e+00 -1.704299070149064121e+01 -2.997083275134656333e+01 -9.670679563837346393e+00 5.827573790920501651e+00 -1.352339545270444887e+01 1.004976251452674774e+01 1.646431796685043025e+00 9.491246756538086629e+03
-8.462644037641189243e+01 -4.693101070440215850e+00 -1.692126183963283381e+01 1.411762369931073557e+01 -2.282406565197324966e+01 2.548488132505581039e+00 -1.520877479143412359e+01 -2.599660734267517626e+01 -1.329609678729259770e+01 1.788614285680965477e+00 -1.552821881241077229e+01 1.511057184329182013e+00 -6.871698603465376642e+00 9.574473644070703813e+03
-8.468903275232246131e+01 -4.930998068813425839e+00 -1.608250543875658423e+01 1.802246186348764212e+01 -2.722038991266741093e+01 -1.852500590281810577e+00 -1.364683359960010023e+01 -2.020515103526901868e+01 -1.046474016963308884e+01 -5.145187403375189206e+00 -1.376382054686839140e+01 -2.543584824837968217e+00 -7.351568859215734442e+00 9.504810589108055865e+03
-8.446096029968883556e+01 -4.110750941083445298e+00 -1.511988962637352429e+01 2.109816260302882895e+01 -2.216608667594405091e+01 2.744424818998773663e+00 -1.217619928193873591e+01 -1.329671673853651015e+01 -1.309913300747520282e+01 -1.175917026766085272e+01 -2.125081802310666390e+01 -5.702379797290742403e+00 -4.934144929695906789e+00 9.466550945796110682e+03
-8.561786066443171705e+01 -5.701900711312946513e+00 -1.775399833919344417e+01 1.782896929423712606e+01 -2.554290729197033372e+01 -7.770803785156819021e-01 -1.744447486766738464e+01 -2.330929434679998380e+01 -2.073382440349176647e+01 -1.407682635088892376e+01 -2.364712794575436661e+01 -7.303944652922532477e+00 -7.577154281104911071e+00 1.079467926187736521e+04
-8.488680164850178755e+01 -1.343502342748454703e+00 -1.173880813370471898e+01 1.912673107189720767e+01 -2.043832961364123690e+01 1.163488942146215788e+00 -1.158136669664227014e+01 -1.677469829020420988e+01 -1.213234709154362001e+01 -2.023121354185143606e+00 -7.592988734890602665e+00 -5.262161949457309973e+00 -2.915400505623696237e+00 8.790933384139611007e+03
-8.700640653433161731e+01 -4.206917542375389618e-01 -1.041886259002267145e+01 2.033628075607709818e+01 -1.518104939271835185e+01 -3.165912706792648912e+00 -2.006047356924767655e+01 -6.715034569395770703e+00 -1.492788550937387271e+01 -9.893003841664921083e+00 -8.022524390674243833e+00 -9.115558520566212408e+00 2.260937014205754991e-01 9.248629039145906063e+03
-8.699210068535526830e+01 1.715929292486103597e+00 -7.799748012793027208e+00 1.822447790290590319e+01 -1.644920942353260784e+01 -2.494766876956502344e-01 -8.615017160302917532e+00 -8.889225632821688095e+00 -1.298280831922901335e+01 -7.799654936744845557e+00 -3.769850751793657917e+00 -1.255628925945725349e+01 -6.426228278521437964e+00 8.829969754716599709e+03
-7.650846305505390887e+01 -4.972327749012855236e+00 -1.913980200346203731e+01 8.302998901068923132e+00 -1.796731162502092261e+01 2.918541187532046610e+00 -1.242608759592226164e+01 -1.338212587038847268e+00 -1.887280462169350415e+01 -6.771734461981085751e+00 -8.992402992499274106e+00 -7.193041842466151081e+00 -8.866964635847427445e+00 7.414346775629153854e+03
-6.527599836856457216e+01 -9.356885042106087624e+00 -2.242567411296225544e+01 1.538433864744202495e+01 -4.488564545306224396e+00 9.572419012413909911e+00 -3.925583874453209177e+01 -6.798181237013058542e+00 -2.063413045949789293e+01 1.933952114348411300e+01 -1.263908748046267938e+01 -1.182826155738283092e+01 -6.034794897754254706e+00 7.922968027984041328e+03
-5.992056097626972644e+01 -9.068208998319098768e+00 -2.192768317347565343e+01 1.315022592302164028e+01 5.485634084458874682e+00 1.408971591803923040e+01 -4.888679440725909586e+01 2.144855174155271271e+00 -1.667654142630026826e+01 2.085235040058593370e+01 -4.150994953658128850e+01 -8.200554356065635986e+00 -4.066937894036332657e-01 9.453007073712813508e+03
-5.845491808842171366e+01 -9.850422233552727391e+00 -2.322171247855319010e+01 1.117269195870771625e+01 7.582282537832859326e+00 1.281139631892915176e+01 -5.272337148660856343e+01 8.578167551551413084e+00 -2.156647462193136633e+01 1.859591027899431381e+01 -3.512645044180798237e+01 1.651020017891205338e+00 9.122506853176872710e+00 9.383781212275087455e+03
-5.593664351667387535e+01 -9.576303718604100013e+00 -2.569027171918745367e+01 6.027144320204537387e+00 8.727125466493527384e+00 1.261830021336236562e+01 -5.246227873188860258e+01 7.801107869512406978e+00 -2.466820731056996507e+01 2.334184258685657198e+01 -1.996307947035410635e+01 -5.850635597014924860e-01 4.002285348920127106e+00 8.533709599990854258e+03
-5.352686954211966253e+01 -5.659087660941123588e+00 -1.807233691284057642e+01 1.742454626498094328e+01 1.404197712150443422e+01 1.537111816181570667e+01 -4.598911813792460634e+01 1.382137345782899729e+01 -2.135501147542459677e+01 1.726608020156578860e+01 -1.992372301503318610e+01 -1.317451857767964185e+01 -4.957685741948097302e+00 7.616108323646838471e+03
-4.879788276072426356e+01 3.965244989615693605e+00 -7.694272439149814957e+00 9.489505159193468486e+00 2.362222464152271684e+01 1.281324204286986657e+01 -4.235025533993310631e+01 4.213304856673239840e+00 -2.904437171540334006e+01 7.223516024521130952e+00 -1.176372628691712663e+01 -1.964527287515529252e+01 -6.180322513744349600e+00 6.537966901093560409e+03
-4.251920957322030148e+01 2.651186743741685614e+00 -8.950046885948307107e+00 8.693072259467152563e+00 4.083403597709715882e+01 2.815657744725968570e+01 -4.073388035926500805e+01 1.689281335634622749e+01 -3.485719634341197093e+01 1.038415500104528988e+01 -6.775394063304934100e+00 -1.221013980147177591e+01 -8.070257315996636649e+00 7.958389662228129964e+03
-4.036627032738096688e+01 4.971478802671098762e+00 -3.244345759640332894e+00 1.078606293934900862e+01 4.020237765731386759e+01 1.778186954645029516e+01 -5.092001687961992928e+01 -4.941854444901823129e+00 -3.370346502896294538e+01 9.176269875686307032e+00 -1.606023919623344653e+01 -1.795403887141194232e+01 -1.146282590619655295e+01 8.262515069394070451e+03
-3.275152624046361183e+01 8.596420561235246227e-01 -7.732704994437298751e+00 2.305191763019890416e+01 1.853095986599752365e+01 1.006959830732978745e+01 -4.291489610608341110e+01 3.713941663415611938e+00 -3.225278553842415619e+01 1.636152043491547747e+00 7.676992514621766572e-01 -3.478704819718738861e+01 -5.097791965324680596e+00 6.244496778439147420e+03
-3.067559934057713633e+01 -2.702161595531960447e+00 -9.050784192015337126e+00 3.203721166426207390e+01 7.078817016860402767e+00 1.053386130578337543e+01 -3.109482384856822534e+01 -6.502569763967009031e+00 -3.158297585549025044e+01 -8.189784054433131288e+00 -5.095542391754590561e+00 -2.652115088278652166e+01 -3.545537389293763386e+00 5.033300824518871195e+03
-3.149551719320816190e+01 -5.845131676728674772e-03 -4.045716400810174918e+00 3.490903158829596720e+01 1.342551731790028136e+01 1.467179491931535296e+01 -2.525021534703814297e+01 -1.094533880319040975e+01 -3.482524766018505602e+01 -1.450541424055551509e+01 -3.222134708739059494e+00 -3.007049913635141536e+01 9.956205885617559481e-01 5.718669090688054894e+03
-2.983566725829312816e+01 2.162352341944573930e-01 -7.156329493580369849e+00 2.851315909621446210e+01 7.215060673189870322e+00 8.230496213348226675e+00 -3.027261217814265137e+01 3.197239885411404248e-01 -3.632054610325997146e+01 -1.538991019376377878e+01 3.987715127759901446e+00 -3.580374723278825400e+01 -4.978034097722771611e-01 5.644847932939133898e+03
-3.022543660015498190e+01 5.015362912717242772e-01 -6.189313605154400655e+00 3.139087273420082624e+01 1.690117775927476274e+01 9.911494190958583417e+00 -3.945580465256038138e+01 1.381605880169413991e+00 -3.157433129855068543e+01 -1.102349651520789919e+01 -5.911839508581184788e+00 -3.126352006632737357e+01 -2.134295402652690576e+00 6.015448555126425163e+03
-2.983295751366365423e+01 -1.609384771698959771e+00 -9.423335138564722158e+00 3.086153723502170010e+01 9.232848748922075188e+00 8.751143468359176225e+00 -3.894693526926732829e+01 -1.396489125307082135e+00 -2.468437159498123279e+01 -8.199760889623650684e+00 -1.752194994549969209e+01 -2.543533301614798603e+01 -5.215115867258292681e+00 5.272197764497645039e+03
-3.178035305944315780e+01 -1.011411883010765012e+00 -6.821271284827782111e+00 3.812311844742729505e+01 1.643000988537451690e+01 1.305782949618116007e+01 -4.138618911485111340e+01 -2.132979668445899452e-02 -2.325481627077655489e+01 -4.750782149513712582e+00 -1.222249688178491134e+01 -2.168744896945620582e+01 3.943336419420682137e-01 5.847431719741919551e+03
-3.363157474606731512e+01 -5.289563459789071720e-01 -6.548557187511738320e+00 3.552676445325349874e+01 1.668204113936135613e+01 1.213764850351183355e+01 -3.951604641220801994e+01 2.930157540737326816e+00 -2.485329679183075413e+01 -7.739650031899073745e+00 -1.245701924721023168e+01 -2.902642506098244723e+01 3.096132696062277034e-01 6.107509048268811057e+03
-3.569780247431285858e+01 -2.755731925551957673e+00 -6.665607758697520424e+00 4.165533446167681575e+01 2.346412913858807414e+01 1.829556275009266741e+01 -3.822451438343953356e+01 -2.078722993731781266e+00 -3.250362500144762379e+01 -8.153423147708270591e+00 -3.286014132393237919e+00 -2.504831709357163660e+01 6.029764113712322571e-01 7.173795543468281721e+03
-3.608124952792597639e+01 2.767662435501089813e-01 -7.610809785126967597e+00 2.979517159705063278e+01 1.380337473088318490e+01 8.585808014283369261e+00 -4.145386740945017578e+01 2.828348882225296901e+00 -2.285214663633821885e+01 -8.638388627476871306e+00 -1.751364267270977493e+01 -1.792829899843154706e+01 -3.619114495944584231e+00 5.476373715299586365e+03
-3.698300092184005905e+01 -2.695429764411460649e+00 -1.245881439578734451e+01 3.047458040392162815e+01 1.084680066145434196e+01 1.444033665179643222e+01 -3.723652131787133612e+01 7.714578807847995101e+00 -1.948547632697250975e+01 -3.910809191760202808e+00 -1.932707458548911816e+01 -9.104204302019272887e+00 -7.299674097470904011e-01 5.083112875637405523e+03
-3.819096716139483760e+01 -5.585460080919023795e+00 -1.543959037120422195e+01 3.679319705377144345e+01 7.940134990161881845e+00 1.972173162886852893e+01 -3.054177048000205019e+01 1.693628556968454646e+01 -2.127288471430560790e+01 -5.888840140457251238e+00 -1.149820469765126241e+01 -4.144007446754466528e+00 -2.391264629598126135e+00 5.395811310145263633e+03
-3.602536080044266953e+01 -7.439229572170281912e+00 -1.876508239690213387e+01 3.465431608170535327e+01 2.381539715467078544e+00 1.989596447346994523e+01 -2.180672934741704694e+01 2.978462304707852937e+01 -1.885054812587436501e+01 -8.183120370824367384e+00 -6.953985659967997002e+00 -6.415053518127669108e+00 -6.307028229942723385e+00 5.221993103458863516e+03
-3.480872582987391439e+01 -1.143065361925891033e+01 -2.424104228302071107e+01 3.296943613542588025e+01 2.665043090167363626e+00 1.973233010347773941e+01 -3.122108774609088755e+01 3.504551258583921225e+01 -2.747643717602209534e+01 -8.380708186644961089e+00 -3.945874946156004537e+00 -1.119990857712307530e+01 -9.075117343041087636e+00 6.664887170170483842e+03
-3.264043357509363119e+01 -9.670064379283283884e+00 -2.417823577749239305e+01 2.094067794650091940e+01 -2.395808362303136096e+00 9.965088377299530009e+00 -3.694728828962730205e+01 2.796770583750362604e+01 -2.096471317954562963e+01 -2.488174028063363075e+00 -4.195275361993886065e+00 -4.619770309892341942e+00 -1.106365635599419583e+00 4.920221559780197822e+03
-3.366104818388067343e+01 -1.384977297823709641e+01 -2.752312315404245879e+01 3.184067633951617182e+01 -3.360155974900744358e+00 1.605831433048119905e+01 -3.415699648261708887e+01 2.995400745990869140e+01 -1.577657962416374104e+01 3.305431818652084353e+00 -1.491267382168993239e+00 -4.227984565001774442e+00 -8.687960658401797431e+00 5.784743169664926427e+03
-3.518994740139613953e+01 -2.001676119411864008e+01 -3.421699787669910364e+01 3.594407079455992715e+01 1.139215287563877937e-01 2.117733780325982096e+01 -4.217772104686436307e+01 3.409987707203006124e+01 -2.933367854784727058e+01 -8.390747836637224566e+00 -1.287793049443503968e+01 -5.862017858392591485e+00 -9.402580643858060583e+00 8.711518895738860010e+03
-3.059033053302411176e+01 -1.233221802547146950e+01 -2.749233393979229589e+01 2.067822400362728530e+01 -6.121862359791295560e+00 8.457542607036661053e+00 -3.540697643412494955e+01 3.281936062977781177e+01 -1.901139948814399006e+01 -6.295334296174351252e+00 -6.164519902819668218e+00 -6.663370318727914743e-01 6.323389263566586926e+00 5.190536041854116775e+03
-3.231934397040105722e+01 -1.730208091892201239e+01 -3.194979411805617175e+01 3.180761703874760826e+01 4.694475227468051792e-01 1.640772383314605065e+01 -4.580069816601917410e+01 3.969428357615026215e+01 -2.537470359845247714e+01 -4.385850247885274555e+00 -8.165140776141470269e+00 -6.981145119510077990e+00 4.398212855317455983e-01 8.097900347095122925e+03
-3.053475018618356884e+01 -1.636138504688380024e+01 -3.110679102905932325e+01 2.905487277332896667e+01 -3.117065392895175702e+00 1.569106434609502898e+01 -3.733844904250365460e+01 3.630733338697567802e+01 -1.721991075380434566e+01 -4.934470898100390412e-01 -7.575025605120194960e+00 -1.259375251261176887e+00 -1.003946099634226208e+00 6.336935564246565264e+03
-3.289829050549620604e+01 -1.833092662779475646e+01 -3.260033171220340620e+01 3.680592980557720750e+01 -3.702295094603918812e+00 1.313724287280327196e+01 -4.822216654188235907e+01 4.118296196386685182e+01 -1.708154806893749011e+01 -5.079279538117980941e+00 -1.765974984245456270e+01 -1.078335991915047387e+01 -1.003791593008181993e+00 8.790219905457253844e+03
-3.082702472798760240e+01 -1.435031199486640041e+01 -2.884187449520716484e+01 3.054075887197729600e+01 1.877765391561713182e+00 1.298646075717078041e+01 -4.364579880175711679e+01 5.070020167705852288e+01 -1.722067988777966008e+01 -6.772574150493518630e+00 -6.737550419374948696e+00 -8.962300047078706200e+00 -2.873021890814075441e+00 8.044860192798558273e+03
-3.171183564841861369e+01 -1.598085603416983069e+01 -3.042810950414051874e+01 3.303892832359036191e+01 1.499959042484748650e+00 1.265998158761131798e+01 -4.584073133105962228e+01 5.202300037041170810e+01 -1.332861022014762398e+01 6.008524795279237551e-01 -2.959761157325092817e+00 -4.757960204708536978e+00 1.442614977851117919e+00 8.460251523473620182e+03
-3.310320692643329465e+01 -1.793487721768902077e+01 -3.317108659716516428e+01 3.112344815474974169e+01 1.056284974031452828e+00 1.447062676568478246e+01 -4.831803590254914127e+01 4.703620714221505494e+01 -1.946459913137973885e+01 -8.104921853889138106e+00 -1.904048662237586242e+01 -7.040963083290492364e+00 -3.278049682628597861e+00 9.111445572731248831e+03
-3.218163210043639566e+01 -1.660654947106699453e+01 -3.191714377043137318e+01 2.783728848169457493e+01 -1.180561645774519386e+00 1.301696842824193823e+01 -4.964625527720122733e+01 3.705069309422431445e+01 -2.324373291256276985e+01 -8.429263117629401947e+00 -1.814235589705679530e+01 2.848359556045823027e+00 5.956036170745421465e+00 8.097449534071056405e+03
-3.128515593174993370e+01 -1.242949473781461300e+01 -2.674391689783136528e+01 2.505152226937270399e+01 -5.270414449401198631e+00 8.574532143964338715e+00 -3.965081536925406880e+01 3.409820651097461308e+01 -1.388843457048196584e+01 -4.520164273591313453e+00 -1.007772031687284731e+01 2.902219971059104786e+00 7.248414909349881974e+00 5.688087242952758061e+03
-3.643887752500418031e+01 -1.647306686217640959e+01 -3.071095409026088774e+01 3.075156781798961347e+01 -9.037600603307700098e+00 1.228771072886121551e+01 -3.992596913297447259e+01 2.495428105459007995e+01 -1.622914029714588935e+01 -2.822553174669693021e+00 -1.875938114552314673e+01 7.924545121576604956e-01 3.282732302021490689e+00 6.572111062998164925e+03
-3.671882798906569434e+01 -1.335047038503182648e+01 -2.747454279228162122e+01 2.929697114269963976e+01 1.701325627959364928e+00 1.689809879461376951e+01 -4.093170884502796270e+01 3.538451650962909412e+01 -1.587307852321474044e+01 1.851502038037132314e+00 -1.239175708813298371e+01 3.705080136557520110e+00 6.308942754997930891e+00 6.818048160368974095e+03
-3.725879679960608826e+01 -1.042615062127731917e+01 -2.197805486469670200e+01 3.350768669435146307e+01 8.279760880351606289e+00 1.715037086149881063e+01 -4.567109662566983275e+01 2.133014179083803086e+01 -2.878959169402579121e+01 -1.110243078076604029e+01 -2.196360920440959319e+01 -9.223265164265452398e+00 -1.854713472250018258e+00 7.529249466494554326e+03
-3.640489773920810279e+01 -5.770980519357332028e+00 -1.841054083177443701e+01 2.431292314673267896e+01 6.637291600775605538e+00 1.131764225952492531e+01 -4.148092640459723413e+01 1.590647806634288841e+01 -2.656751615360172281e+01 -1.208654404851228392e+01 -2.420706180360845750e+01 -1.372474869003187337e+01 -6.405316608799594746e+00 6.101809117417066773e+03
-3.528975011458616251e+01 -1.961292826621122476e+00 -1.531747850689414214e+01 1.740390892034930204e+01 1.212198252956452293e+01 1.484440404130926261e+01 -3.304928092076446688e+01 2.272415966326992276e+01 -2.024966099294702104e+01 -5.460657658985452301e+00 -2.100036097781920930e+01 -9.972558363487072697e+00 -5.618875222707352179e+00 4.774581912466902395e+03
-3.629679416592146879e+01 -4.594719380790325047e+00 -1.312466259729066209e+01 3.221212776841210257e+01 2.779606140969110939e+01 2.360817687606328974e+01 -4.774775080842772468e+01 2.517122494521939036e+00 -2.795247903715025828e+01 7.235851631995167565e+00 -2.182981355652439603e+01 -1.750443353157490733e+01 -1.540648219154460108e+01 8.018601594646548619e+03
-3.580132173588438604e+01 -5.489913533440666349e+00 -1.460366926535446552e+01 2.607069978810546473e+01 2.839172796417720335e+01 2.197295450108779846e+01 -4.931931436859181872e+01 -8.038935568638501117e-01 -3.012164953228930742e+01 5.394907901882786128e+00 -2.777997721686458377e+01 -1.814653216623976562e+01 -2.303482839234543178e+01 8.494810177742370797e+03
-3.467062877282765498e+01 -9.378280931295280842e-01 -1.098968222351014035e+01 2.134354766488701571e+01 2.535503686042272875e+01 1.697419143871317715e+01 -4.609284435632756782e+01 1.965653877254993631e+00 -3.026457637839371984e+01 -4.108261503356290589e+00 -2.665643302134124326e+01 -1.077374498261944247e+01 -1.001387856466567960e+01 6.698406490769037191e+03
-3.312712181415017909e+01 -3.061968719233895353e+00 -1.462778107992296128e+01 1.971458527267565941e+01 2.647794736045791453e+01 1.472807909581326236e+01 -5.981692131676346236e+01 9.660608418976558198e+00 -3.078840409052489235e+01 2.008360761702917330e+00 -2.293397235447282512e+01 -1.130225789580009632e+01 -6.899854036259043255e+00 7.952083591650424751e+03
-3.367611594760468563e+01 -4.552924767273834661e+00 -1.314622095531882628e+01 2.800619882731947996e+01 3.537318334524033503e+01 2.112976846880614090e+01 -6.155177292681651835e+01 5.567929563895611444e+00 -3.492636040367984407e+01 3.100035640524639202e+00 -2.086612019744537250e+01 -1.758341412066297238e+01 -1.063880207615576801e+01 9.716548418867456348e+03
-2.872675793848299008e+01 -2.673221674852408025e+00 -1.656842525410534961e+01 1.249776144979758996e+01 1.783711890461491834e+01 1.813618315181738794e+01 -4.629978817088171184e+01 1.387738477686013816e+01 -2.434747859429673866e+01 2.273766122963902792e+00 -2.982042763376212591e+01 -7.376421175479708658e+00 -8.903682644947124913e+00 5.867330420025321473e+03
-3.049252908451649091e+01 -7.364940163523497674e+00 -1.726206136311044048e+01 2.719494642155462572e+01 2.656791732639597470e+01 2.594794555635147404e+01 -5.650868588276586024e+01 3.884843087384688420e+00 -2.496895529179696283e+01 1.147099476344569347e+01 -3.373500401665115334e+01 -7.864017099612459205e+00 -8.438017673676377228e+00 8.635180095060173699e+03
-2.954159581041125548e+01 -4.507681026512012856e+00 -1.739023704038770290e+01 1.712204044526144031e+01 2.022511483132525356e+01 2.307608186656916516e+01 -5.210651038184730055e+01 6.704810781686086685e+00 -2.304952129736141586e+01 1.198128102389814131e+01 -3.655107930020601259e+01 -6.035019404661037257e+00 -9.461602657310661968e+00 7.326969729717747214e+03
-3.053169026412200893e+01 -4.865315374150827488e+00 -1.759726363007082384e+01 1.653299737056418905e+01 2.483127179803529572e+01 2.466210583852481264e+01 -5.413229539483486974e+01 8.312044134676231266e+00 -2.397506032069342297e+01 1.795067906701194360e+01 -3.155342667905641818e+01 -6.877474246803751967e+00 -8.461343974970866100e+00 7.774609224721059036e+03
-3.248624638770898798e+01 -3.445228778940148118e+00 -1.769321348243566661e+01 8.384951440005345091e+00 2.314138159349192492e+01 1.799008709038590936e+01 -5.460387235419673857e+01 8.875407643937750279e+00 -3.358968547697818252e+01 3.097644727209357018e+00 -3.187614420227380307e+01 -1.093427137033446073e+01 -1.366450461890407375e+01 7.830333451565867108e+03
-3.438412410956334497e+01 -1.515887675798137435e+00 -1.501482748813484847e+01 1.074419525963794619e+01 3.043839023680684974e+01 2.552671995138006267e+01 -4.553602983271017024e+01 1.883701536325293802e+01 -3.041396328598797183e+01 8.815269048790058903e+00 -2.034997440209492581e+01 -2.341647950054166039e+00 -1.429237878507318804e+01 7.158515870696291131e+03
-3.996290055242897665e+01 -1.356629325999449298e+00 -1.249486286213068453e+01 1.515426430056967355e+01 2.410218681263561180e+01 2.518127544363899162e+01 -4.040202507779183350e+01 -6.667725388510366002e-01 -2.469345531096785251e+01 1.288820423999090359e+01 -2.678372044220983028e+01 -8.019803413484289933e+00 -1.590784301886408514e+01 6.643044387007843397e+03
-3.985699249938758726e+01 2.942094735841342956e-01 -9.391378584648023775e+00 1.436855687932541237e+01 2.374956451667594237e+01 2.585097506510620136e+01 -3.822343153307056696e+01 -7.065815827508770575e+00 -1.920547151988241552e+01 1.883072697811002527e+01 -3.029381578040965906e+01 -9.166460675849073425e+00 -1.896624337284826467e+01 6.711495105207813140e+03
-4.072084704152658219e+01 6.379942911788620830e-01 -1.183920508236958469e+01 8.381787629121605576e+00 1.957204449770011223e+01 2.498495761786058722e+01 -3.010588048398245320e+01 -7.376910098896710011e+00 -2.367149374205062529e+01 1.200100826250000097e+01 -3.049824548305345218e+01 -2.710152957687821385e+00 -1.536918065097236941e+01 5.715174872423778652e+03
-4.184539908325417912e+01 2.362068308502928815e+00 -8.404018030781754689e+00 9.103549531955760443e+00 2.221293932559096973e+01 2.192480725674513664e+01 -3.440523140906601185e+01 -1.041712469203620017e+01 -2.232030043223948113e+01 9.188343384872615260e+00 -3.098013890963994754e+01 -3.282615293449872018e-01 -1.799543097479314469e+01 6.042800970166485058e+03
-3.976799960525725197e+01 2.288213735772900659e+00 -9.545913462611729017e+00 1.761428735058410355e+00 3.192553363772905684e+01 2.784022636606323431e+01 -3.754660966153307555e+01 2.854191566810283742e+00 -2.134802031329624228e+01 1.258650526263722824e+01 -3.662924785386420723e+01 1.043386582504201243e+00 -1.661349362897531634e+01 7.126125728955345949e+03
-3.705896786279921429e+01 4.146614616976302514e+00 -1.077254753728574421e+01 -9.120482477264859611e+00 3.199527894562699970e+01 2.150647591126971392e+01 -4.542376985315020477e+01 3.548309273893825555e+00 -2.565910576416527888e+01 1.861637041412383553e+01 -2.550423724237909795e+01 4.486771677126931479e+00 -1.557165653454754128e+01 7.069960920845176588e+03
-3.758738695497893900e+01 4.499316251673498024e-01 -1.120421356087557108e+01 1.631338052533654714e+00 3.747186706919141841e+01 2.819514329424562149e+01 -4.369691118113863837e+01 5.018714970825176591e-01 -2.864738123103097678e+01 1.637517107905614822e+01 -3.411484859110181844e+01 -1.048570740377118682e+01 -2.685074674370646264e+01 8.733542844846448133e+03
-3.468386636548236623e+01 1.725410843482381162e+00 -1.183380656877844395e+01 -3.144407764252557858e+00 3.795404863314607979e+01 2.469978479230982060e+01 -5.236148267348078633e+01 8.077606975330379413e+00 -2.157089610426838178e+01 2.272435448659928880e+01 -3.373872974758771193e+01 5.087519210841681350e+00 -1.638445805169052605e+01 8.627770733302189910e+03
-3.258667120976910070e+01 3.443338406992505707e+00 -1.348770201734985008e+01 -1.120647086353868005e+01 2.718906466931800026e+01 1.622381631076370567e+01 -4.189705005404749016e+01 2.117274552553662659e+01 -2.111613717015471536e+01 7.900093009634749031e+00 -3.070088625921855652e+01 -3.170971828665001713e+00 -9.624474990280198483e+00 6.140888941268939561e+03
-3.145187122799286428e+01 1.700927742341614479e+00 -1.280748262971295937e+01 -1.461009494820416421e+00 2.809185427289672887e+01 2.224197177447207707e+01 -3.975058925225192752e+01 1.572689026280918512e+01 -2.011269626525900733e+01 9.559769011693511231e+00 -3.350428995431211376e+01 4.651990425863324674e+00 -9.822173776972702441e+00 6.006144819712527351e+03
-3.248994767167371123e+01 5.982327108013715256e-01 -1.239349471102897127e+01 -3.789421355318125073e+00 3.782790142655878185e+01 2.443092353363482161e+01 -5.370470899639713735e+01 8.054275512504212031e+00 -2.424958045830475228e+01 2.152327596729494275e+01 -2.978448473156894849e+01 1.028138201482139280e+01 -1.192851914263921387e+01 8.387205757471796460e+03
-3.242692064968976950e+01 5.522075783320169684e+00 -9.662655299965742017e+00 -1.608022312372568408e+01 3.165280133448125710e+01 1.476809486831723461e+01 -4.905676364823567326e+01 1.115756744601654837e+01 -2.179543317891338816e+01 1.648361366989514920e+01 -2.574428159528050486e+01 9.857901853309897433e+00 -6.457562130759709973e+00 6.733389615797832448e+03
-3.054874443896013148e+01 3.885612136762111035e-01 -1.430594241023839253e+01 -5.549450798931783169e+00 3.407791826366591437e+01 2.550142405194909401e+01 -4.829457485025123731e+01 5.811957330814267131e+00 -2.604417378646268943e+01 1.759492694876925967e+01 -3.222787028969023737e+01 1.126786046457465851e+01 -1.508370155494932163e+01 7.727603906881642615e+03
-2.897160796344594402e+01 -7.771207325844846359e-02 -1.401834913260251625e+01 -2.882056374980632718e+00 2.619977176164774590e+01 2.706955837826640732e+01 -3.987101127377216869e+01 -1.405577025949811931e+00 -1.297988629759836954e+01 2.533699742610265560e+01 -3.732799746798522733e+01 1.724810591765996293e+01 -1.569105498467729021e+01 6.802569332549800492e+03
-2.596244070257838743e+01 -5.097217432994608499e-01 -1.716635478155377470e+01 -4.576831546608556955e+00 1.253007109918450190e+01 2.066479160725458897e+01 -2.432580403397509627e+01 3.572597172025866463e+00 -1.918678416216334170e+01 1.184417917023503009e+01 -2.711597483777921624e+01 2.085485383682202709e+00 -1.902906710999806350e+01 3.788631755825009805e+03
-2.740951000543317306e+01 -1.965879350395281833e+00 -1.717430605653320086e+01 -1.991331525602839214e+00 2.243545252441231597e+01 2.993059167863504655e+01 -3.613407290047504006e+01 -8.021432778886683934e+00 -1.967700839513921096e+01 2.736262181044116204e+01 -3.320128054934394868e+01 1.879894047452102512e+01 -2.026399578793885325e+01 6.825525016636005603e+03
-2.669429250472945725e+01 -3.254910833107214518e+00 -1.814731825432447110e+01 -3.459446625001974862e+00 1.720438990116355171e+01 2.247401789816685991e+01 -4.107083934673971726e+01 -1.258160973910244884e+01 -2.099159111436796010e+01 2.826999540456598936e+01 -3.071462378515232672e+01 1.098019042156515646e+01 -1.653116207287649786e+01 6.287727441389654814e+03
-2.673347559012498564e+01 -2.959774132148544457e+00 -1.805296916642006622e+01 1.889274053739131431e-01 9.929746431276321061e+00 2.098239126960124423e+01 -3.609602639559987125e+01 -1.800017861860406043e+01 -2.063406549439745419e+01 2.128375885587567851e+01 -3.177117584922588378e+01 1.206437538285802447e+01 -1.401594310848470926e+01 5.445341008066310678e+03
-2.645005460503594819e+01 -3.682900239078602311e+00 -1.853446600227493590e+01 4.520764493292158903e+00 1.059475401823208607e+01 2.368668815102198977e+01 -2.752221603891343094e+01 -1.344817430688103244e+01 -2.514976671169937106e+01 1.276094318564638641e+01 -3.255030677100737080e+01 3.736375189421079490e+00 -2.262850209990107331e+01 5.069651174893408097e+03
-2.788065181414133420e+01 -3.622878298627745242e+00 -1.703188990513906376e+01 6.944399942075112797e+00 9.488267329449593390e+00 2.262531665120259561e+01 -3.239416262445592309e+01 -2.402054680318392954e+01 -1.837419342871768180e+01 2.539751403518969397e+01 -3.346246125493870949e+01 6.101273378123776681e+00 -2.345335250471802269e+01 6.046732865497283456e+03
-2.910509284766360238e+01 -4.449336664670067165e+00 -1.708563985785385597e+01 1.036512918900406000e+01 9.319475270145904489e+00 2.268906370252971882e+01 -3.192089405769119281e+01 -2.723178080189454064e+01 -2.611781164014605139e+01 1.299877649132811541e+01 -3.750422552162532241e+01 8.521177652782572221e-01 -2.489043913167076028e+01 6.506352884948709288e+03
-3.142613432143719265e+01 -2.542745821902029579e+00 -1.332133466975849956e+01 1.479492867215093987e+01 1.160539348965381379e+01 2.443233459612380187e+01 -2.515168584824693099e+01 -2.465782053047063727e+01 -2.278157735551352658e+01 8.762018664098084386e+00 -3.594465664785106185e+01 4.354258750946932155e-01 -2.103881760627448472e+01 5.693267914059948453e+03
-3.118553399733508869e+01 -2.770969030655780152e+00 -1.537316466813457438e+01 1.180592300845800935e+01 8.105621941164331545e+00 2.243224301912949770e+01 -2.641552038627146359e+01 -1.016986852684738096e+01 -1.637000161413269694e+01 5.741101970667910948e+00 -4.217708323178744934e+01 5.682457609361707185e+00 -8.290532272138854353e+00 4.906909191579277831e+03
-3.327810314969728012e+01 -2.205136052675305436e+00 -1.372941803065483946e+01 7.809588199694652566e+00 2.052108126664019139e+01 3.046651496868314624e+01 -3.261874143445359664e+01 -2.540236265733341980e+01 -2.400054031683809086e+01 1.299316476141770593e+01 -4.862573825760480162e+01 1.091455450739190169e+01 -1.847379276843486196e+01 7.990086200053967332e+03
-3.470483193073959427e+01 3.662055761561683886e-01 -1.201249094300807663e+01 1.373874852846499905e+00 1.895930347751676237e+01 3.054445014817163084e+01 -2.672295367207459549e+01 -2.466473141273419500e+01 -1.744335334793331427e+01 2.232302223669888264e+01 -4.590863215708090195e+01 1.585003162142774258e+01 -2.057290541350850788e+01 7.550289132349507781e+03
-3.855328211788608428e+01 8.385759520460985827e-01 -1.017000238037054238e+01 2.558112929997062857e+00 2.380511098442741513e+01 3.273263357198644741e+01 -2.272637744939419591e+01 -2.320772994165604075e+01 -2.137571047273836555e+01 2.836683233279232041e+01 -3.156151630624649584e+01 1.962409429525245486e+01 -2.236356664261056437e+01 7.433188908672033904e+03
-4.389312926356640787e+01 -7.198885870148062915e-01 -1.148100543525008810e+01 1.295333726396544805e+01 2.613037048927429140e+01 3.419456381164065562e+01 -3.297152440255378991e+01 -1.649839291508416750e+01 -1.545510875648096949e+01 2.657550653786528372e+01 -4.168810976171553762e+01 1.561227826649721173e+01 -1.381804998084960268e+01 8.555808482455358899e+03
-4.463462893525521480e+01 -2.432598988599278186e-02 -1.091249577289576145e+01 1.298768114444467692e+01 3.586864983099455628e+01 3.700901829838247892e+01 -3.673053932820779011e+01 -6.547264997238678497e+00 -2.073766145406161598e+01 2.396054694680032782e+01 -3.943571351157110882e+01 1.438386272821958656e+01 -9.983233106305680948e+00 9.194134154817447779e+03
-4.448944213697154026e+01 -8.821019827722386131e-01 -1.209007609116189386e+01 1.352075444491408085e+01 3.946121813603197381e+01 3.770776004242343049e+01 -3.773381514899825362e+01 2.990143753273010852e+00 -2.375484356835606192e+01 1.753932872275400712e+01 -4.071599489808450301e+01 1.059741129808481119e+01 -9.318204936051699860e+00 9.449760930770959021e+03
-4.462032963664096030e+01 -1.246367777219896888e+00 -9.153899961170697708e+00 1.596406510627034336e+01 4.178881349670464829e+01 3.264449692154561689e+01 -4.340984313868600708e+01 -4.677266844732513640e+00 -2.453132938744385783e+01 1.546656608307990233e+01 -3.935426082013085392e+01 2.878952308873689248e+00 -1.792640002126436372e+01 9.768834744655863688e+03
-4.576479091064084059e+01 3.528446506064009558e+00 -5.024616516504483599e+00 6.050876261114663812e+00 3.875924511706678288e+01 2.659935454826398171e+01 -4.278568787940572804e+01 -8.220079134026367029e+00 -2.278857653961111751e+01 1.779752329524401588e+01 -3.413921538533598721e+01 5.396927205709261877e+00 -1.919655075284709511e+01 8.675906896561966278e+03
-4.713780055432497562e+01 5.407185694352306449e+00 -5.944324464941723285e+00 -1.687207774727465526e-01 3.199384818429567900e+01 2.003983552217912134e+01 -4.012943206657607220e+01 -5.805700494756828256e+00 -2.888258169284301857e+01 8.608418604697002152e+00 -2.775458441675805688e+01 2.491218969593844257e+00 -1.825250967596772611e+01 7.373837797584453256e+03
-4.553293240318116375e+01 2.569380661966256696e+00 -7.435261213975068451e+00 1.252746858271549435e+01 3.735141520590339326e+01 3.299308633380541522e+01 -3.458232322105266832e+01 2.136804482783800196e+00 -2.786713169160599790e+01 8.904661857117188717e+00 -2.647064614885950462e+01 -3.027302185313874183e+00 -1.071954561066038814e+01 7.656883560771724660e+03
-4.556552258355615947e+01 9.347817425219938636e-01 -9.110758015242018004e+00 1.675292379404376675e+01 3.420851763460893835e+01 2.813201848505169167e+01 -4.207879444141649117e+01 3.951129511066466815e+00 -2.404527526658752024e+01 1.260457088023104255e+01 -2.641053828029891903e+01 -4.189827398389105007e+00 -1.099618443139359591e+01 7.761664268990281926e+03
-4.299365863714577074e+01 4.863719571575301437e+00 -7.372802378411450697e+00 9.758678977988202163e+00 2.752579890598023482e+01 2.206675624571035854e+01 -3.364574291181660470e+01 6.115327341786938931e+00 -2.266355978783821001e+01 1.198978418977907623e+01 -1.700689070957671944e+01 -1.640118897008060905e+00 -1.021922590090457383e+01 5.489493829382126933e+03
-4.310701221053610510e+01 1.232731789205680162e+00 -9.785995247605699277e+00 1.870883645861853495e+01 3.102586413785770247e+01 2.895878290372166219e+01 -3.371537951747978923e+01 2.482426572958285060e+00 -2.945521025235471413e+01 7.308893100568192303e+00 -2.169876882970451248e+01 -6.341543667534440765e+00 -1.221378928406636355e+01 6.830882727322165920e+03
-3.975375814110549300e+01 1.995919905854137255e+00 -1.017200682772021381e+01 1.243974809484708111e+01 2.894285314198162951e+01 2.578485131355015270e+01 -3.269354151949579546e+01 4.950657444512610361e+00 -2.949285302440980416e+01 6.123362939168357499e+00 -2.197169526947658014e+01 -9.949922251274461615e+00 -1.634307978167290898e+01 6.194662565434134194e+03
-3.977706361162335469e+01 -1.450400756719381290e+00 -1.319680349029320610e+01 1.787433916649294474e+01 2.645291436931968221e+01 2.831587404571747868e+01 -3.177778291283175349e+01 6.218642656849083572e+00 -3.036031861023347034e+01 2.632569073774059909e+00 -2.464405577561067417e+01 -1.233231737131776029e+01 -1.544729817355944768e+01 6.554724403594852447e+03
-4.167549789459461351e+01 -3.420910538982679494e+00 -1.178820565124558684e+01 2.480271708709917888e+01 3.501006348193270412e+01 3.743052983585232596e+01 -2.888413220286507155e+01 3.680792833568412026e-01 -3.037933607353138044e+01 1.032700438692424072e+01 -2.274883391392328846e+01 -8.585543390220149007e+00 -2.165564859684457844e+01 8.053603201104588152e+03
-4.227129200015939148e+01 -5.272228143835948622e+00 -1.278459859578253699e+01 2.638108953333772178e+01 3.486534836921448743e+01 3.494640983171572657e+01 -3.385429635228223333e+01 -3.237686298117725681e+00 -3.146842532330892084e+01 7.344056469883772920e+00 -2.504912448903913358e+01 -1.154297560295615632e+01 -2.358704296721184690e+01 8.628750911427185201e+03
-4.175676355837599374e+01 2.396133583702792169e+00 -1.042605479362559429e+01 6.584090261314876180e+00 2.652297419276944623e+01 1.811064908503697168e+01 -4.178180245982005658e+01 9.680838161644157447e-01 -2.956777654869201655e+01 6.436549902124289346e+00 -2.545896067366140514e+01 -1.066657069813361147e+01 -1.888030532356230040e+01 6.713624518356272347e+03
-4.171152282605872585e+01 1.252827514353254568e+00 -9.350921589195804629e+00 1.740845495551585742e+01 2.556073386364718303e+01 2.148954778616852579e+01 -3.813063657615776236e+01 -1.605533845445670460e+00 -2.603823613688833305e+01 1.013954742364376571e+01 -2.056141668618534979e+01 -1.067016202705107020e+01 -1.571184740406376434e+01 6.267876241840890543e+03
-4.104419890922915926e+01 9.072453624651448667e-01 -1.242068734662040619e+01 7.255447422474964547e+00 1.316657447018810068e+01 2.219957529348100778e+01 -1.805154055124967272e+01 -3.557753393354101235e+00 -3.156353436359049880e+01 2.564603806125199892e+00 -1.855819908132791340e+01 -1.261867935682816722e+01 -2.377017700536487155e+01 4.968552932605120986e+03
-4.358015227126137603e+01 -2.979426579846841339e+00 -1.331139680975440776e+01 1.794865823225249102e+01 2.036672947411629764e+01 2.706163550483619673e+01 -2.975526403558400190e+01 -1.283012577693789069e+01 -3.718297483185006769e+01 1.138574512700654928e+01 -1.571756035107826754e+01 -8.819004408896018887e+00 -2.585460998020864665e+01 7.110064131869552511e+03
-4.190912934083458197e+01 -4.442455690100326926e+00 -1.808207121762631076e+01 1.431059183616798691e+01 1.946634325330742854e+01 2.362277306612674721e+01 -3.572276007884940441e+01 6.163985401211714787e+00 -3.336662752607510640e+01 7.834418601710304131e+00 -1.751825761226460187e+01 -1.027949615580207876e+01 -2.239140262173212292e+01 6.647591353198699835e+03
-4.271781673329240192e+01 -7.950001806423840911e+00 -2.148145572706011208e+01 1.612863643415629511e+01 1.428456005859898248e+01 2.187156032640005776e+01 -4.103000436232846937e+01 -7.407579296648821199e+00 -3.677102075038091300e+01 6.280187707952623377e+00 -2.300394376998319501e+01 -1.930649731946384229e+00 -1.838596083751808763e+01 7.292848662698873341e+03
-4.388223732923760423e+01 -1.410861661425106917e+01 -2.944769460897816415e+01 2.088257024397797323e+01 2.043572821009959384e+01 4.398075105855536293e+01 -2.794669063102045214e+01 6.384634760415052845e+00 -3.406067155727181017e+01 1.640148919189371313e+01 -3.141377801187074326e+01 2.420585319812673220e+00 -2.026152778384303232e+01 9.434011188016496817e+03
-4.318303614032596727e+01 -1.388877974874223042e+01 -3.014424616281408476e+01 1.688534615391264282e+01 1.856077159239488594e+01 3.853416621391509267e+01 -3.481642394377631433e+01 1.286753624904086912e+01 -2.556572388304475396e+01 2.277343243895925085e+01 -2.518303648884881341e+01 7.195276397223106635e+00 -1.795983938942670122e+01 8.639353000768442143e+03
-4.037684515078689174e+01 -1.515235329122733354e+01 -3.320122609887405218e+01 1.077051494416046218e+01 8.989012196092936335e+00 3.513075796514549864e+01 -2.789533868915200188e+01 1.155911703678525093e+01 -2.064178169352065240e+01 2.180382043380137702e+01 -2.664593386305970668e+01 8.297479296799771475e+00 -1.260691860576685208e+01 7.144222531783691920e+03
-4.043265693325603394e+01 -1.686379743058955682e+01 -3.434609551960380003e+01 1.564782362333642141e+01 1.160782817594733096e+01 4.152669953607383491e+01 -2.600179543925928627e+01 5.111014413057590744e+00 -2.382660092611385849e+01 2.819273612259665995e+01 -2.480156637834600275e+01 1.528263893166449705e+01 -1.990086447384736701e+01 8.512378791880593781e+03
-3.622266529097089460e+01 -1.025573095971633819e+01 -2.716352203674313515e+01 7.734150733847012127e+00 9.001713552924655914e+00 2.871080250740308770e+01 -2.725284847968353219e+01 5.504764881946470290e+00 -1.952206315724647112e+01 2.269140382996710059e+01 -1.636680225141660827e+01 1.634780801809619177e+01 -1.778729153812741970e+01 5.640818270370409664e+03
-3.608005204279335487e+01 -1.271576307856608956e+01 -3.004360394757160790e+01 7.123847742464233690e+00 5.173260090375091380e+00 2.764343985487224842e+01 -2.590891043248662129e+01 6.038496880947106682e+00 -1.855904772919913981e+01 2.483074351655588075e+01 -1.406710115211183698e+01 1.354527044120286305e+01 -1.210589332432131648e+01 5.404400017778275469e+03
-3.830534282787495926e+01 -1.863823816697572866e+01 -3.679577488480975944e+01 1.170956262862056363e+01 1.104416951141240411e+01 3.550786120272050539e+01 -3.339627793068871142e+01 9.116129343160570997e+00 -2.943368062120166329e+01 2.931210209344754247e+01 -1.839595221267929404e+01 3.593889293552462671e+00 -2.258637777635277644e+01 8.473935641839847449e+03
-3.661766184914732492e+01 -1.686797168285825421e+01 -3.512919523678129252e+01 9.461906802552894291e+00 1.057573195562131474e+01 3.056251378266292917e+01 -3.628978834933235476e+01 8.966889312257119826e+00 -2.862170575165699304e+01 2.892101786266326613e+01 -1.376463527559921474e+01 5.700294680404802250e+00 -2.295210808190819662e+01 7.796621987270761565e+03
-3.515155112903902079e+01 -1.723112759181270803e+01 -3.616008234651875597e+01 5.822867142567065279e+00 5.642093861046261871e+00 3.030952083148671150e+01 -2.769973132803471572e+01 1.159565379084270020e+01 -2.311897985869131489e+01 2.228071403668089800e+01 -1.973482224522359374e+01 7.696251857893028792e+00 -1.832112254327293499e+01 6.541511701230595463e+03
-3.700925906887412253e+01 -2.184096549291299638e+01 -4.043958184308136339e+01 1.003634527797374787e+01 9.324785230940040748e+00 3.682953831830420199e+01 -3.135410161667696372e+01 9.651365060984733901e+00 -2.520564810432373193e+01 3.477964781879526157e+01 -1.429763351303908259e+01 1.125800797162337297e+01 -2.544068213301791204e+01 8.925738058457536681e+03
-3.487591501006649253e+01 -1.534709603969538350e+01 -3.230779293060932389e+01 6.645612949367869504e+00 1.853908904808492464e+00 2.708579852947238820e+01 -2.288705728161512809e+01 3.670384053380025602e+00 -2.598157066615121735e+01 3.001879353719625954e+01 -2.990913949772838532e+00 -1.877966147708121980e+00 -2.312656668157100626e+01 5.937667419771743880e+03
-3.668137595501605830e+01 -2.209899542701812081e+01 -4.275919764921816579e+01 1.340370171434830844e-02 6.270238640567731281e+00 3.237259988180367287e+01 -2.952832392615609791e+01 1.129539675833280299e+01 -3.587033574590410012e+01 2.708493217583044199e+01 -1.145410298941603777e+01 -1.012778304639117222e+00 -3.066520045439257203e+01 8.841898373221700240e+03
-3.483111518062213463e+01 -2.122639107418157778e+01 -4.003445269655694716e+01 5.531901363781733139e+00 3.282249672191790868e+00 2.783231445394931924e+01 -3.409990392139620496e+01 6.212036768689442212e+00 -2.831947998441163250e+01 3.212074259674484011e+01 -9.131654483411676182e+00 4.346828523222020735e+00 -2.891723929411668692e+01 8.056153148971194241e+03
-3.112766508918138797e+01 -1.488533172845156116e+01 -3.123586767891977090e+01 9.633028886400985868e+00 -1.026445456704896841e+00 2.662887367501931735e+01 -2.021428238711763825e+01 2.206602651132709703e+00 -1.969015738232679880e+01 2.552553677940174381e+01 -1.145431600852274912e+01 8.453837965849992031e+00 -2.219288054275023825e+01 5.117064124891476240e+03
-3.656738411102458741e+01 -2.490127533596574239e+01 -4.279761248043411825e+01 1.613345591702567106e+01 1.766691977307158323e+00 3.870890548579968282e+01 -2.745295372544314461e+01 2.009640613255441188e+00 -2.796306491979031605e+01 3.144263685435429778e+01 -1.832227158069231976e+01 1.255458641990934510e+01 -2.769249237451282397e+01 9.339144838057109155e+03
-3.418753379328469322e+01 -2.054157432002330808e+01 -3.879596489866349174e+01 1.062853251048888659e+01 -4.726113870342176781e+00 3.051186260593207678e+01 -1.825677189587609206e+01 5.774075999377855872e+00 -2.155274112848514534e+01 2.169096384389683863e+01 -1.166627035297079118e+01 1.506712029750826076e+01 -1.673567811953280682e+01 6.107017386617767443e+03
-3.642272781087740441e+01 -2.158743611463885514e+01 -4.106169830026149015e+01 7.795728965102340702e+00 -1.264837727294398917e+00 3.088725265473731696e+01 -2.336368931235246293e+01 9.123722879336895630e+00 -2.845454999043806055e+01 2.377077065999426608e+01 -4.329115706458966706e+00 1.910801168063195021e+01 -1.563420054940721471e+01 7.127191978019486669e+03
-3.468557024704242053e+01 -1.664832246724369469e+01 -3.500164800945295696e+01 4.608190842264733966e+00 2.567703216202062322e+00 2.914563154773466991e+01 -2.002981611654853822e+01 1.156696727635069344e+01 -2.471021468303350233e+01 2.131681169086590799e+01 -5.531672829267747282e+00 1.647328429662903915e+01 -1.775139678391497000e+01 5.799737172242989800e+03
-3.540264634668601218e+01 -1.894204562577539264e+01 -3.685484311596000140e+01 7.160502432010837026e+00 2.168235179678701108e-01 2.811758715852330681e+01 -1.923120631656465207e+01 1.438865776857995193e+01 -2.625293798912275989e+01 2.142085300796069092e+01 1.464478700130662281e+00 1.270237474241317521e+01 -1.495978744734057742e+01 5.924579164923850840e+03
-3.383169035737484620e+01 -1.595460362304262425e+01 -3.364336902539670149e+01 8.829165010256369683e+00 -6.690269075134647192e-01 2.440761091256008086e+01 -2.237990504279449411e+01 1.351940999785236741e+01 -2.105679124745516972e+01 2.067472280635929494e+01 -5.074368063687570540e+00 6.508691722971994054e+00 -1.203522962685531006e+01 4.972568399359770410e+03
-3.832152330673621066e+01 -2.305191059696360156e+01 -4.000480414980348343e+01 1.632236451989582804e+01 4.556160112671068241e+00 3.328539764063280160e+01 -2.942239015747287922e+01 1.084129994588499812e+01 -2.498536229401531727e+01 3.396378279731809613e+01 -3.433953774010121585e+00 1.215976393295765590e+01 -2.123427413495160465e+01 8.366973953798335060e+03
-3.724574026657099068e+01 -1.349088850962513675e+01 -3.091087083433185967e+01 1.149735078472767213e+01 -2.476086435323801460e+00 2.116088659503922997e+01 -2.251752430500107494e+01 1.519355634682766265e+01 -1.751017656312481918e+01 1.658704016315152430e+01 -3.475598980338898691e+00 8.033745194094510822e+00 -8.626625658929949481e+00 4.581493137422561631e+03
-4.264922408393498188e+01 -1.938966253819603125e+01 -3.616492606093363804e+01 1.790380069937189234e+01 -1.105121185902695480e+00 2.114934443849260504e+01 -3.431481779485538652e+01 1.987438078533252650e+01 -2.158506822614046428e+01 1.447410882946386046e+01 -1.037165792603190084e+01 1.012181174190046562e+01 -1.063768421593486657e+01 6.842974762975843987e+03
-4.204950081337761247e+01 -1.663112168907606403e+01 -3.375971035686963972e+01 1.487427711408566999e+01 2.500286650841797798e+00 2.486072944241445271e+01 -2.903523907673427829e+01 1.654832301566304764e+01 -1.901340670441758363e+01 2.285198138879366425e+01 -4.682404545765876946e+00 9.075878514078320691e+00 -1.256510003260979325e+01 6.292817204819967628e+03
-4.528450385009067247e+01 -1.828729390785388631e+01 -3.536957028002640868e+01 1.214643545509805200e+01 4.810893314801838905e+00 2.850551695621531678e+01 -3.240482890892307211e+01 5.767764425110872395e+00 -2.608242427112357120e+01 2.751307349863601104e+01 -1.049078056795882574e+01 7.392987538657644464e+00 -2.283891949223954754e+01 7.826294092432383877e+03
-4.834813874263114286e+01 -1.854880666528440614e+01 -3.486141347962539783e+01 1.406967449239571621e+01 1.317695850876202890e+01 3.742578874220546936e+01 -2.878178600253137276e+01 5.205067803207833244e+00 -3.464859643868005179e+01 2.723524576667895047e+01 -1.037482611408480260e+01 3.550773844494365949e+00 -4.103214824310319386e+01 1.027084652192967224e+04
-5.162868365040070984e+01 -1.174674244042232729e+01 -2.638022941167694313e+01 1.789327240497024007e+01 6.347831294004419034e-01 2.139731265201252342e+01 -3.029778184056920765e+01 2.936426516055638647e+00 -2.100907354902930280e+01 2.167268173126718267e+01 -7.750783618437411704e+00 3.070650696036323790e+00 -2.024445596922397428e+01 6.594846602798294043e+03
