-9.073000194228878001e+01 4.698831405799198890e+00 -7.349613669540874028e+00 1.724120339993558293e+00 4.885692625120457322e+00 1.337540755165886175e+01 -1.396953029908343957e+01 -1.300604889569267542e+01 -1.716526893469285397e+01 7.705429397847655792e+00 -1.611794528837103258e+01 5.571690904489994267e+00 -1.401759778597796569e+01 9.719423332669517549e+03
-8.976033575540893139e+01 6.797272897969715899e+00 -5.059979292716848320e+00 2.104450783409710368e+00 2.337098394292617343e+00 9.036055719586533641e+00 -1.364330503899492442e+01 -8.614399618728549868e+00 -6.021602575466132201e+00 1.190874310095718691e+01 -1.479403833338904484e+01 2.325949669092928218e+00 -8.180254054906084704e+00 8.949880910663228860e+03
-9.036199768735347959e+01 5.399300541440141821e+00 -5.037322639233831723e+00 2.615778504032414187e+00 1.468962507840904097e+00 1.597842182512030584e+00 -2.353902937382040150e+01 -9.159205475566642107e+00 -2.428010615064529087e+00 1.624387310927111017e+01 -1.350714167351656059e+01 -6.607355831437272897e+00 -1.596584275304111955e+01 9.620114699458332325e+03
-8.991177825081095421e+01 4.751493821441304277e+00 -7.713762512390347048e+00 -1.380819050541256310e+00 2.676176204318905238e-01 -1.452358576384459088e+00 -2.724006095288518381e+01 -6.557275719460186281e+00 -8.686205636255932561e+00 5.775179045990584292e+00 -1.816784551655303304e+01 -5.796278987983537689e+00 -1.676822533416026317e+01 9.708956808354798341e+03
-9.023917901589936719e+01 5.938053064644153167e+00 -6.340794343571635849e+00 3.648555255688094690e+00 1.165920870793056840e+00 5.198547704377160628e+00 -1.729763362188145948e+01 1.076581714260177736e-01 -7.278030855896749252e+00 2.194071700660758406e+00 -1.856320850571661651e+01 -4.020443800717499183e-01 -5.079103812197829804e+00 8.987826849946060975e+03
-9.256842097592650020e+01 3.217958033787014838e+00 -9.293727898936584353e+00 4.270711197834327955e+00 -3.909354171564200620e+00 5.504469301282859384e+00 -1.446538710433530639e+01 -6.122432655540024360e-01 -1.181487503724109267e+01 -3.772963145949212560e+00 -1.805221854915459545e+01 3.380263987923705749e+00 -5.636784398590746648e+00 9.461993307077324062e+03
-9.043689598218281844e+01 6.652759562563233864e+00 -4.245821115903324561e+00 8.972334090655490257e+00 1.022458785160544614e-01 7.962961024103471175e+00 -4.664391549034068163e+00 1.069520488893334331e+01 -6.615321121245226754e-01 4.543048613869657970e+00 -3.224153488135579781e+00 -6.932272668271474148e-01 -2.661720529556453219e+00 8.560221700681397124e+03
-8.860339707271096188e+01 1.155839141678931981e+01 4.142875147779967016e+00 1.886973280775949036e+01 9.807012388301185268e+00 8.784068085149295158e+00 -8.355089548509962327e+00 1.381728690448185759e+01 -1.367150015559128962e+00 -3.610365076208201351e+00 -7.940198931663396742e+00 -3.511759381187624651e+00 4.056318214444534220e+00 8.898187664198869243e+03
-8.461664896601088515e+01 1.446440844381937829e+01 9.584589686810426556e+00 2.168404005131002066e+01 1.042816999876964879e+01 2.715960673462692654e+00 -1.098145190723527698e+01 1.341956902427702047e+01 9.250670329997801034e+00 -2.779666294238451574e+00 -7.036244528649316266e+00 -2.240117455123967982e+00 8.382387548838753366e-01 8.496589590720883280e+03
-8.332029629795363235e+01 1.683390111355795682e+01 1.249135893646701057e+01 1.859678215658602696e+01 1.565422421444099754e+01 6.258455843241491401e+00 -7.639711391398166462e+00 1.460092185305747492e+01 1.502977512261290549e+01 4.801198376762167541e+00 -2.459715577571703005e+00 4.626730985412187636e+00 -1.899071723859172112e+00 8.563310430775371060e+03
-8.268182865038089346e+01 1.711054246898361342e+01 1.232358739417313487e+01 1.915929402281043537e+01 1.685479404532312486e+01 4.017790090411050841e+00 -8.804838039653347437e+00 2.103310651271678822e+01 3.293720229080070894e+00 -2.948696813954476692e+00 1.020365173663941860e+01 -6.952848580395831757e-01 3.770528796428897600e+00 8.606506491318063127e+03
-8.195517369594502100e+01 1.722369809831644716e+01 1.205836684099682010e+01 1.562156184588023855e+01 1.723649185820708851e+01 6.829051730445044655e+00 -2.016350825465522412e-01 2.861105330516839729e+01 9.974886430129259907e+00 -4.891963415169575669e+00 -1.881389358330046724e+00 -1.040044672754468280e+01 -6.122814740988536286e+00 8.837736747895951339e+03
-8.039733373404931172e+01 1.696199763888974843e+01 1.437005268692938031e+01 2.412333741825166555e+01 9.243357462256707180e+00 -4.236791059263357972e+00 -9.111482385685290453e+00 2.006134443261197475e+01 1.544249185339013675e+00 -1.517734005833768407e+01 3.690077359970121318e+00 -1.692612643197680455e+01 8.985661742891704051e+00 8.742330065893544088e+03
-7.523337240758635858e+01 1.180641073449747225e+01 7.271626571118398275e+00 2.672237694173864497e+01 2.436455487199303960e+01 2.166270508847182441e+01 -2.448203096435773940e+00 1.506912497045713373e+01 -9.222077511685593976e+00 -1.241924210859667710e+01 -1.016453457440507613e+01 -8.313369363468467554e+00 2.663252574723872890e+00 8.281197268041491043e+03
-5.976473966133853821e+01 1.505736906179347301e+01 7.304374868069775317e+00 4.488138335843110838e+00 1.195037450592571915e+01 3.180430693802456243e+00 -1.379235504125319878e+01 3.462997394556937003e+00 -1.690631838702131517e+01 -9.894319428008698125e+00 -8.183753016275998604e+00 -1.857908728328663983e+01 1.134706116157721212e+01 5.151826999617000183e+03
-5.679064775640237883e+01 9.405340246500845325e+00 6.261970187448964609e+00 2.306167113447968120e+01 3.036502822812057190e+01 1.118398520520694284e+01 -2.631976228050575273e+01 9.774312962613789679e+00 -2.495435620425252310e+01 -2.898598686144150349e+01 -2.422678732089888598e+01 -2.760393575037618419e+01 8.563119030184010327e+00 8.605223416874352552e+03
-4.548643462583054031e+01 1.554430376049869555e-01 1.649875323291829510e-01 4.939676173056621877e+01 2.256862763110504133e+01 1.286524773455906434e+01 -4.316686493860665053e+01 8.589827257361749346e+00 -1.601934591931290797e+01 -5.106692225776096272e+00 -1.343341915996024127e+01 -2.213713879333510093e+01 1.236349528825397037e+01 8.227191530418984257e+03
-3.797356597936891376e+01 -1.176422265360185682e+00 -1.049363379705014587e+01 2.495173081881907251e+01 7.224076941481903269e+00 1.005531149377226363e+01 -3.144173981639474746e+01 -1.918055748777345082e+00 -2.964940896027632888e+01 -1.568665311097784532e+01 -2.503461472728310611e+01 -2.784035504528012694e+01 -1.131238211350147616e+01 5.976585251278325813e+03
-3.792657391266239131e+01 -2.098515829491214735e+00 -6.472399449932261462e+00 4.587943272746479551e+01 1.115660319869929396e+01 1.589694530339746770e+01 -3.000725989199396437e+01 -1.357945817235455710e+00 -2.387340595308280911e+01 -9.249036925369678031e+00 -8.796554732940432331e+00 -3.655123532472774883e+01 -5.623495137688080625e+00 6.969585479797759945e+03
-3.544110969915946896e+01 -3.689279309460936407e+00 -1.008179525648386488e+01 4.433321867667013549e+01 5.316517089961557474e+00 1.663920320220394444e+01 -3.062928323262584485e+01 -1.206552831882296228e+00 -1.877790654930866410e+01 3.263248601051381925e+00 -1.028929138297327839e+01 -3.163008477068547109e+01 -7.205688669024635118e+00 6.103009405377031726e+03
-3.645520922107165518e+01 -3.018585040087657934e+00 -8.304915015409720880e+00 4.119903095119455827e+01 5.609154181432292496e+00 1.574888978921856797e+01 -3.027813231743741085e+01 -1.218309020185103542e+01 -2.421226475075043894e+01 4.168444793110334667e-01 -1.503527744748208228e+01 -3.577677206739467408e+01 -1.123284441300147840e+01 6.667730328221869968e+03
-3.590509126228584336e+01 -5.860485597246319678e+00 -9.647235486820036954e+00 5.059470209320603828e+01 1.164138406497755973e+01 2.795951406869749434e+01 -3.139946423707712242e+01 -7.436901411355155922e+00 -1.718801844657755851e+01 2.101138679703019463e+01 -1.246296203488171273e+01 -3.510929394440966433e+01 -1.274442519490830072e+01 8.222218680071524432e+03
-3.465289459175173192e+01 -3.287866054995260079e+00 -1.142622163745459396e+01 3.250620904823254875e+01 2.387649116288578011e+00 1.939804460807206610e+01 -2.539342535886203578e+01 -1.039543717304321824e+01 -2.186334194066354897e+01 6.343707595189068904e+00 -2.294818437100287412e+01 -2.821335928379451019e+01 -1.384889835979931760e+01 5.566374643422034751e+03
-3.652125502845898808e+01 -1.802785015983880967e+00 -8.450692281897795866e+00 3.806423520723400600e+01 3.424207850461757907e+00 2.462683584910133305e+01 -1.545729944774175735e+01 -9.363193627320887558e+00 -8.601951345631974277e+00 9.817081096753863534e+00 -2.779646307306012787e+01 -1.751811249807601456e+01 -1.054761862658238947e+01 5.163304580856094617e+03
-3.625466622386117166e+01 -3.641000991442329138e+00 -1.094887501315414902e+01 4.241197199562105880e+01 5.003326452777517197e+00 2.234899105372290862e+01 -2.565251512343082751e+01 -2.685635711583730156e+00 -6.044376238466853124e+00 9.934973530743883785e+00 -2.940710619671834181e+01 -9.880314195304721991e+00 -5.411508931328298466e+00 5.563006907425491590e+03
-3.826486767004740130e+01 -1.908435233058200398e+00 -5.770890139368066940e+00 4.464564446899439076e+01 6.529652354096318057e+00 1.184140280476594498e+01 -3.338885548651111890e+01 -1.286034308337558274e+00 -6.581788153174138678e+00 -4.219324689075881984e+00 -3.783452325577115261e+01 -1.478079300705309151e+01 -3.301206523945629523e-01 6.504858308768024472e+03
-3.846765291379931284e+01 -3.418851414896764140e+00 -7.150888575511783252e+00 4.847694947154004552e+01 1.285880620207213276e+01 2.147013130124874891e+01 -2.965278060934762294e+01 1.585805396699795144e+00 -4.119787924504159093e+00 5.823841324925698615e+00 -3.243015493828216478e+01 -1.394774945959899171e+01 -6.958810166833646171e+00 6.746285798404483103e+03
-4.124620417949934392e+01 -1.667470959531748163e-04 -3.028624378111804738e+00 4.403598289122244580e+01 9.828488176693737088e+00 1.113828979950645426e+01 -3.311805770731280063e+01 -1.819875068686091779e-01 -7.911397299059347965e+00 -6.678999986535973932e+00 -3.368240079207134841e+01 -1.442905906676812933e+01 5.227914508718641828e-01 6.417263686934066754e+03
-4.105799633107684343e+01 4.379842503835600809e+00 -2.218347226794010307e+00 3.208196749655637348e+01 8.748534966276299230e+00 1.096350961399742019e+01 -2.326504212922039727e+01 6.132768791305219125e+00 -9.242555328182024965e+00 -8.068954316826802753e+00 -1.832305631844464600e+01 -8.355501639600714014e+00 -4.003836257413147415e+00 4.086836589420213841e+03
-4.358731396892201815e+01 2.316736422599373402e+00 -1.951126896106224251e+00 4.225239067135567694e+01 1.911704043041528323e+01 1.724825452856568475e+01 -2.976727299217103351e+01 7.635772103873029515e+00 -1.151329618913596775e+01 -8.458679363344934643e+00 -2.119294710794184411e+01 -9.655889864855563332e+00 -3.972173778436702829e+00 6.063912322838788896e+03
-4.492022383987156076e+01 7.297722153835719539e+00 4.877478757052220004e+00 3.574934165073651826e+01 1.513055415093636213e+01 7.448393425124859135e+00 -2.528576901519803855e+01 1.928689858028155735e+00 -8.621644927680238268e+00 -1.478328131928859435e+01 -2.376567578192419461e+01 -1.787615832452602405e+01 -1.393585909310236293e+00 5.479575310059509320e+03
-4.462447479214910118e+01 4.246079653845854729e+00 2.734978065976569894e+00 4.549417768367754888e+01 2.561880792373032634e+01 1.501403891740219976e+01 -3.467208955453575214e+01 9.349174372692504065e+00 -8.566008270464161356e+00 -6.017832418333629363e+00 -1.680469037359962670e+01 -1.890558515845312471e+01 -4.456055473084684415e+00 7.027144794432454546e+03
-4.289381680135942787e+01 3.998616897220383493e+00 1.053767140552870130e+00 4.194045750249243554e+01 1.225097861556152345e+01 8.360400859370679783e+00 -3.069069874669316533e+01 2.878784611537257287e+00 -7.175879208817738331e+00 -1.174036309015602164e+01 -2.172666553118805055e+01 -1.479665443794996627e+01 -6.035887687586718009e+00 5.702920313298033761e+03
-4.155670050857351328e+01 5.284327391734962021e+00 1.460380906218731623e+00 3.680462333362157779e+01 5.899891340366327341e+00 7.387404723993372890e+00 -2.310423674570378694e+01 -5.373647189685921255e+00 -6.655864348826390220e+00 -1.190222809954980931e+01 -2.020762170690355930e+01 -8.752368266403465213e+00 -5.267104725165007828e+00 4.462318671837894726e+03
-4.230434954885714660e+01 2.871596701352126857e+00 -7.841891713468939207e-01 3.960460243580444484e+01 1.488672439107344481e+01 1.753030683387877531e+01 -2.467689247301631994e+01 -7.967363031973372145e+00 -9.193832583851182960e+00 -1.143095392765758334e+00 -1.625277021027311619e+01 -7.534500089120350630e+00 -1.209207988929004962e+01 5.121370513522189867e+03
-3.502610665406699297e+01 -1.689074518013798487e+00 -9.178150404594525469e+00 3.395077260709550870e+01 2.201644137510977117e+01 2.454894945175340126e+01 -3.411721870018961766e+01 2.640422512464187577e+00 -1.929712622643509334e+01 3.866086771572774250e+00 -1.849573320591812120e+01 -7.486158374276707939e+00 -1.412550934880729692e+01 5.709896014343626121e+03
-3.247400012885539411e+01 -9.668911179561521241e-01 -1.030524277138653844e+01 2.626644687418641411e+01 1.672062178742326566e+01 2.601935669656402439e+01 -2.030010501793074340e+01 1.019561720314696451e+01 -1.479964995241674863e+01 -1.971801661250550897e+00 -2.774844829201080287e+01 -1.195345672013221794e+01 -1.794157006656391573e+01 4.781929899661035051e+03
-3.099519445854874533e+01 -3.724007823912389270e+00 -1.213909637063951763e+01 3.267250128635939888e+01 1.703853759406812074e+01 2.305252883240836326e+01 -3.686014960355112180e+01 1.248353979624748783e-01 -1.792038831462518900e+01 4.920475566612333651e+00 -2.332574183987312821e+01 -3.769526879919157913e+00 -1.346540195626902303e+01 5.454805388656206560e+03
-3.009421858821994178e+01 -2.461925832417623639e+00 -1.241423095196895510e+01 2.618596925680912335e+01 1.264669978680792184e+01 1.910439498137948888e+01 -3.638620639155351455e+01 -4.395515047843323586e+00 -2.226804067724798841e+01 3.383987027826759753e-01 -2.442754184550776841e+01 -4.573189237635855164e+00 -1.476855111429774148e+01 4.951443790212519161e+03
-3.089208235798826507e+01 -2.419101076944042639e+00 -1.069998499815764248e+01 2.551876819369800486e+01 1.467898355700489255e+01 1.933180126937050858e+01 -3.583658002087071281e+01 -1.246680361027552841e+01 -2.477107547135407373e+01 -1.006208627162958613e-01 -2.802324344754818952e+01 -1.110980593628874580e+01 -1.956472927712430732e+01 5.659867667467644424e+03
-3.044688936018313186e+01 -2.833034576404111604e+00 -1.280601551000085259e+01 1.949842628747951068e+01 9.411712136809297746e+00 1.109089183651342836e+01 -4.239325494130586947e+01 -1.838657819784219072e+01 -2.691788182104813032e+01 -2.264554151045630181e+00 -3.380921298990602253e+01 -1.485413096946937905e+01 -2.629353939952694574e+01 6.610823218216698478e+03
-2.958132111524451346e+01 -1.686051611739823652e+00 -1.159239023979941763e+01 1.873371101589848564e+01 8.174443643967173045e+00 1.314668995459379275e+01 -3.891085073714653930e+01 -1.448153274451330574e+01 -2.447258209176595400e+01 -2.810969178309451255e+00 -2.957378226373645447e+01 -7.789018358431200717e+00 -1.756370296369308548e+01 5.177228738356517169e+03
-3.041542464461594264e+01 -3.110336285792400179e+00 -1.139538809060753444e+01 2.387165968923385151e+01 1.702831665669570071e+01 2.118737767684253015e+01 -3.750223449294656319e+01 -1.314302108185447970e+01 -3.016248438870624682e+01 -4.745505807135326215e+00 -2.838849791914116594e+01 -8.674512026553541588e+00 -1.528751330830142408e+01 5.999665716300967688e+03
-2.934869160051712100e+01 -3.726980130470517238e+00 -1.215768821928772425e+01 2.242336764944994698e+01 1.656126641775141906e+01 2.180696589328526969e+01 -3.431988528395435623e+01 -1.221257915182452436e+01 -3.446859143570490147e+01 -2.465030033956802313e+00 -2.128228402307859923e+01 -6.652816024614099710e+00 -2.039850612720537626e+01 5.710128596556848606e+03
-2.835908146749680370e+01 -4.615740893905209141e+00 -1.435256177589130466e+01 1.793799357099220160e+01 1.389345173391978960e+01 1.918489454272447148e+01 -3.710883572439374944e+01 -1.400425842365352302e+01 -3.331925994184675943e+01 2.323839959355122442e+00 -1.858752256422974369e+01 1.607101153314374198e+00 -1.870354919828273310e+01 5.301058168112621388e+03
-2.737914796763698533e+01 -3.223860496764832995e+00 -1.502894951426257641e+01 1.277166795251477716e+01 8.418571245294590000e+00 1.871658571742712596e+01 -2.880829516115546696e+01 -1.215429238058869998e+01 -3.244093111540414753e+01 -2.390580727347716206e+00 -2.199013016692644484e+01 1.830778552282369631e+00 -1.453415233209813628e+01 4.304111508549758582e+03
-2.770416382861631277e+01 -2.808916959027200733e+00 -1.374137772048014838e+01 1.224656762973893365e+01 1.131739839314609597e+01 1.911235686814237766e+01 -2.606080235678954793e+01 -5.029653144147745003e+00 -3.651253685299334961e+01 -8.225638773827158801e+00 -1.884288629645109125e+01 -3.584961764612872415e+00 -1.803339600830222267e+01 4.405979277072356126e+03
-2.758551004426344377e+01 -1.989301441788057456e+00 -1.411795539424649704e+01 7.263443756115157690e+00 8.085229542170639050e+00 1.114593217899333233e+01 -3.373934188178985494e+01 -9.919774457289195269e+00 -3.922275578008902386e+01 -1.111922512708298250e+01 -1.930182343430089986e+01 -2.694996322504405573e+00 -1.419631631020561180e+01 4.686760349386645430e+03
-2.910199711001981626e+01 4.292648220544117987e-01 -1.198589639967048370e+01 6.127167867185510097e+00 1.492592638851293785e+01 1.296928260619387707e+01 -3.202734740083021592e+01 -3.133071634624767232e-01 -3.615103220408707330e+01 -1.063203662370329816e+01 -1.831320958352006301e+01 -5.748862226604559034e+00 -1.287021149556056088e+01 4.399151853721711632e+03
-3.122187724772042117e+01 2.174085024844912561e-01 -1.184961672990115034e+01 2.669695553339505700e+00 1.763760952107639923e+01 1.112613338340849900e+01 -3.825582158658628629e+01 -1.224983248814996095e+01 -4.417345459778255901e+01 -1.290176607219133231e+01 -2.034638736254018454e+01 1.943896688060537947e+00 -1.531336136771584222e+01 5.940838879560109490e+03
-3.251938694544652009e+01 6.832209237425841408e-01 -1.081993803702298607e+01 3.296691800304301534e+00 1.870954964125062858e+01 1.783940404779287192e+01 -2.769413572212677366e+01 -8.330489533924959389e+00 -3.200176740682126564e+01 -1.026983387612508558e+01 -3.414499838702467116e+01 5.347221108154737834e+00 -1.608654622953291025e+01 5.273403610946576009e+03
-3.397727980082977695e+01 4.309348080737506193e-01 -1.182582296940221411e+01 3.737142165909153046e+00 1.194336024525325435e+01 1.266691324512409800e+01 -3.010012083922229920e+01 -1.029630014875211863e+01 -3.067012065509861074e+01 -9.013741824725833851e+00 -3.067656412695420087e+01 -2.688600993377024295e+00 -1.923205689794858486e+01 4.963639201484686055e+03
-3.806296511236002544e+01 9.859432516262495172e-01 -1.172678398000844702e+01 4.287075020715342966e+00 1.237740237744969285e+01 8.084741423218058998e+00 -3.962716644746754469e+01 -9.257728913748684008e+00 -3.161095680710121059e+01 -8.909902873841438975e+00 -2.789558304016748735e+01 -1.036356074885929246e+01 -1.889793808078876225e+01 5.801576838509748995e+03
-4.077705335497473982e+01 9.443481307793076818e-01 -1.006815897291104811e+01 1.187488060591360295e+01 2.144251381266641943e+01 1.902071596370115358e+01 -3.310290656129683384e+01 -8.097949333460784160e+00 -3.320481966930753259e+01 -9.827855304881735199e-01 -2.139446313880882400e+01 -2.662121336269305694e+00 -1.198975086229430254e+01 5.601078714223433963e+03
-4.299971352058081919e+01 -1.670365291719507317e+00 -1.516557218998378787e+01 8.829522616524315026e+00 1.231451583540335548e+01 1.703961324776415864e+01 -2.862392384314019012e+01 5.318631849569497305e+00 -2.714576547629404857e+01 5.537461898494021817e+00 -7.060344722279816132e+00 8.665921957555109856e+00 -1.543432787954580832e+01 4.580054329004466126e+03
-4.436707874290136289e+01 -8.160638621622561928e+00 -2.157261880518803565e+01 1.774765855309952300e+01 1.108232467480971017e+01 2.516784331335606950e+01 -2.221840612444693264e+01 2.415536116123589139e+01 -3.249745073413072305e+01 -3.042242838385712744e+00 -8.331771043014022382e+00 1.218944029647632821e+00 -1.459775372635227519e+01 5.998106458727843346e+03
-4.392480340607893652e+01 -1.045972986581877606e+01 -2.641776725849965857e+01 1.231774984191259570e+01 9.807182743927887358e+00 2.380579422034359993e+01 -3.039840573873400231e+01 2.442290194111298263e+01 -3.666159684023221388e+01 -7.443728810681061070e+00 -1.684560708558930386e+01 -5.562084310020118938e-01 -1.301052702847270659e+01 6.924697014678919004e+03
-4.260948815451684624e+01 -8.354336371693161567e+00 -2.399120005594112470e+01 1.694791351990267003e+01 1.538977457151369954e+01 2.583257287675387559e+01 -3.294952940589934087e+01 3.159816748019116162e+01 -3.204481154974366319e+01 -1.948774099158584239e+00 -1.221951761238735124e+01 1.110359838938686838e+00 -4.267052677641204106e+00 6.935880444728115435e+03
-4.124365583864537399e+01 -7.420888906050113754e+00 -2.281742261430799701e+01 1.310409289626434237e+01 3.086066084462534054e+00 1.239025439661376815e+01 -3.603030677720141028e+01 1.816829914181744599e+01 -3.003682580807359415e+01 -2.338046436893425284e+00 -7.328855578351555877e+00 -6.040384342225628700e+00 -6.600072258019592297e+00 5.281209759209556069e+03
-4.085758159213129659e+01 -9.347140999936137007e+00 -2.247312905886996148e+01 2.193940599527307356e+01 -3.121098054451679205e-01 2.295614509927747093e+01 -1.837419147093270766e+01 1.201883547069943070e+01 -2.505212090566613981e+01 2.697182531016296458e+00 -1.189760431920593575e+01 -4.482430429006637240e+00 -1.703607536416597767e+01 4.838992002562927155e+03
-4.069244617136111231e+01 -1.161522150610298887e+01 -2.560842444435895615e+01 2.166723583150845656e+01 -3.682941287727506730e+00 2.803338025435977698e+01 -1.299459930633734928e+01 7.470925358808869987e+00 -2.603902350920217046e+01 3.278622130385364652e+00 -1.399342663801228248e+01 6.599531148525441537e+00 -1.424975500303489895e+01 5.071363285496079698e+03
-3.862530082265799081e+01 -1.021222029913661267e+01 -2.198899641622595169e+01 2.375882182390217423e+01 -1.983854723048189328e+01 1.769512420758224991e+01 -1.316560319669628498e+00 -6.242482325022373768e-01 -1.538517184857450992e+01 -6.409954542389140641e+00 -1.470464606435738553e+01 3.777843359596751327e+00 -7.048635003161639823e+00 3.910982280581716168e+03
-3.828475998276618242e+01 -1.023225319316960125e+01 -2.158689280837029756e+01 2.459177825101747317e+01 -1.815421063035515559e+01 2.447329049395757750e+01 7.904987205703672970e+00 -7.296263564664567269e+00 -2.780868578028971072e+01 -1.320513296762481836e+01 -1.394892313170542586e+01 7.200438984918537955e+00 -1.063468316225588239e+01 4.992626752545623276e+03
-3.804671295654927121e+01 -1.169618617581579656e+01 -2.607513049664825289e+01 1.640967586112252974e+01 -1.643634636709975894e+01 2.397429126883487172e+01 1.615501543810938800e+00 -1.010409909767223624e+01 -2.519438623182322701e+01 -6.708213818421498331e+00 -2.449095567038627053e+01 -2.406891594613360663e-01 -1.543345003324034792e+01 5.000979268778363803e+03
-3.708914447066445064e+01 -9.704358029612173198e+00 -2.472489735229051178e+01 1.405690556445026296e+01 -9.399653058527411176e+00 2.585765833946995329e+01 -1.455838693776179360e+00 -3.344591353529058786e+00 -2.422901689733247821e+01 -1.558701837866327322e+00 -2.185409833388321843e+01 8.494982716910604026e-02 -1.804092161866518396e+01 4.441532570049318565e+03
-3.831321047961839810e+01 -1.249192559989783469e+01 -2.819076534618775653e+01 6.682385809531483645e+00 -2.073656851292205161e+01 1.594089844201722883e+01 -5.769648159639741980e-01 -5.658146344126668836e+00 -2.103150962482413888e+01 -4.224503300328779964e+00 -2.000483657944011640e+01 -3.505403103660600816e+00 -1.152267197462429849e+01 4.185212990798014289e+03
-3.870164881706990911e+01 -1.505626828146040985e+01 -3.139728237249395448e+01 6.898026862879065746e+00 -1.973361874780063374e+01 1.575015553008437941e+01 -4.182231881348729807e+00 -7.358405260140531423e-01 -2.339605437727655968e+01 -4.979907178352013020e+00 -1.529462508050819025e+01 -2.132292612813851740e+00 -1.149242488240956028e+01 4.356119477344011102e+03
-3.834554535519940544e+01 -1.226297081144651102e+01 -2.596600442338310799e+01 1.102498180098236880e+01 -2.148027343031681013e+01 8.969385628248128128e+00 1.803518656800536357e+00 1.385652502120480634e+01 -7.859856124493735052e+00 -8.710327284297688877e+00 -1.077124141394898871e+01 -8.618749279931854801e+00 -4.803894480979585824e-01 3.481833296002349925e+03
-3.793993678107015910e+01 -1.434786875979289178e+01 -2.958632896454141203e+01 9.184211497365362575e+00 -1.924429934347547899e+01 9.296000468230662506e+00 -6.410952454060868888e+00 1.348279104712581500e+01 -1.714117256759610797e+01 -1.384206282974108149e+01 -1.317004659360778440e+01 -6.077920663866105855e+00 3.192346244033217761e+00 3.990650212832014404e+03
-3.872803509322118742e+01 -1.607567014601122324e+01 -3.231741786830968266e+01 7.837124398758920307e+00 -1.223689370842319235e+01 1.905360961054727653e+01 -2.403276627783104580e+00 1.758782791314396121e+01 -2.468069204279087359e+01 -1.737007974987236025e+01 -1.507897230937334676e+01 5.784114329506884200e-01 -1.278415810933288821e+00 4.832213468322360313e+03
-3.781864447427594911e+01 -1.781085477284237228e+01 -3.387820443041201202e+01 9.690416927615705944e+00 -1.932743278343725279e+01 1.713399728803107891e+01 1.446945942115203554e+00 1.708143906962829917e+01 -2.103748409243000239e+01 -1.231007402205016454e+01 -1.040005490727843984e+01 -1.018623382892283402e+01 -1.039234422718319628e+01 4.864141047179909037e+03
-3.775232356906694520e+01 -1.610908031161898180e+01 -3.104505266314582812e+01 1.384133339839225663e+01 -2.304338387987118253e+01 1.166106345317145809e+01 -5.601381990784644493e+00 1.332306393735636263e+01 -1.777474854467329024e+01 -5.951474356793636566e+00 -3.915410172442486125e+00 -6.731527107708572544e+00 -1.263331052315308511e+01 4.287581824472864355e+03
-3.846499346838609057e+01 -1.757427035780205671e+01 -3.319515120579873013e+01 1.241647077574991087e+01 -2.497440412368893448e+01 8.732250191878804912e+00 -9.337486929342261988e+00 1.649781337533279313e+01 -1.055409158914700285e+01 1.992671618755224583e-01 -3.510535873402485407e+00 -8.333009795714200862e+00 -1.715691227833303856e+01 4.591388184277077016e+03
-3.827671868320499726e+01 -1.764194436296422452e+01 -3.302291779007025951e+01 1.603710347734709529e+01 -2.750886192997188573e+01 1.165897740764109969e+01 -5.779841667326285126e+00 6.669724590562708499e+00 -5.086308010322744266e+00 8.303478456603569313e+00 -6.642951917576930931e+00 -1.104437896727083146e+00 -8.957891371230395805e+00 4.315018910780359874e+03
-3.950815654737937166e+01 -1.716390725399745421e+01 -3.214752885514877789e+01 1.664390604696570009e+01 -2.787894347064395717e+01 1.700167012496593344e+01 4.520250785580763875e-01 -2.261713597612865723e+00 -4.610745168628726631e+00 1.350890705784667922e+01 -8.589370044083407763e+00 2.368128760527007604e+00 -1.234487799864477786e+01 4.673120182425330313e+03
-4.075902422368242384e+01 -1.773455545014012102e+01 -3.320040248216218259e+01 1.410274928333469902e+01 -3.178157437805924701e+01 1.245688317382447252e+01 -1.903127544933070014e+00 -5.095441175407626311e+00 -1.403666087844193999e+00 8.908599475563367065e+00 -1.807869362496905907e+01 -5.316288364821589063e+00 -1.786623717584913607e+01 5.227432537675029380e+03
-4.071964975675724929e+01 -1.645203656531775138e+01 -3.189131825874734716e+01 1.535610222959792459e+01 -2.453831131946917310e+01 1.796713915660471983e+01 4.112625672331581828e-01 1.822613119626464329e+00 -6.074476328987003626e+00 9.169463412478771502e+00 -1.026131892801612011e+01 -1.546944035613653678e+00 -8.607175486804171882e+00 4.412812800589772451e+03
-4.311677814852980362e+01 -2.128101016610307639e+01 -3.894300771075647560e+01 7.673505246461793661e+00 -1.929057424890547523e+01 1.896953858569474249e+01 -5.541780149596851501e+00 1.303009601462218292e+01 -9.652216191435201154e+00 1.135603241314012557e+01 -1.050783452581493194e+01 -1.185411370128491626e+01 -2.216374608648869327e+01 5.784133850536004502e+03
-4.349818886280809238e+01 -2.126478604853170040e+01 -3.867875014349275631e+01 1.090525157206259088e+01 -1.882384890306135361e+01 2.433269000039992491e+01 -3.887872144898468552e+00 5.380207555078733606e+00 -1.665552831465193506e+01 6.969476547326721061e+00 -1.715324023104620821e+01 -5.924117349911456110e+00 -2.220559515784168880e+01 6.098130557776091337e+03
-4.368888563691626814e+01 -1.584775667208356786e+01 -3.136697616875247263e+01 1.544687728180357844e+01 -2.015300625553597058e+01 2.255925343051560006e+01 1.333241438248103039e+00 3.503473619999271982e+00 -8.489874030775441227e+00 5.425155066347116417e+00 -1.749643591532966980e+01 -2.153106228787464271e+00 -1.194386122332657152e+01 4.866405993726009910e+03
-4.568304519403230302e+01 -1.864104615330792925e+01 -3.514406851455067482e+01 1.323917124469739548e+01 -2.568041352642282504e+01 1.573038947144728539e+01 -9.860271753195918976e+00 -4.407971385225384786e+00 -1.693976952039962569e+01 5.450115033449156599e-01 -2.192506546862203010e+01 1.776363743911149040e+00 -1.458345311741262940e+01 5.852188287207803114e+03
-4.013459804266187092e+01 -6.350796963002081519e+00 -1.629400599034865493e+01 2.944316282420002295e+01 3.212002159944507884e+00 2.882276076286602162e+01 -1.252052324872001421e+01 -2.775728474074548480e+00 -1.777693485547416330e+01 3.193807821976141437e+00 -2.910952292247262108e+01 -6.401535485200458453e+00 -2.091265288100655084e+01 5.440952570392810230e+03
-3.939965332580051438e+01 -2.375900543709453583e+00 -1.115853884966134402e+01 2.505073293989067906e+01 1.750388714644222077e+01 3.026811382228736491e+01 -1.694918460040986474e+01 -5.262557716025030530e+00 -2.670981515301931353e+01 1.178650099996527478e+00 -2.323568470647992257e+01 -6.697560623260441659e+00 -2.539127242884110913e+01 5.791818466803084448e+03
-3.844038363291689109e+01 -1.372213596746160613e+00 -8.034562516742543181e+00 2.570853428713482103e+01 1.245632702037779360e+01 2.053501418439818949e+01 -2.455657309818380796e+01 -2.284931544910282497e+01 -2.603298017788787533e+01 1.822455838528029615e+00 -2.299612724559719013e+01 -7.881930139832377336e+00 -2.783127775439717411e+01 5.953556497933219362e+03
-3.657671037717420148e+01 1.073952184088431849e+00 -6.875285293050843904e+00 1.876649100914245594e+01 8.519286103659119647e+00 1.739124235382820416e+01 -2.282081463628083995e+01 -2.268200897444841146e+01 -2.528733641849213853e+01 6.573758099414774847e+00 -2.156340688917435955e+01 -7.326508298966139421e+00 -2.983251575858881566e+01 5.240057421773474744e+03
-3.515310832100351490e+01 2.159836928498830577e+00 -6.595959360662794424e+00 1.329608622384426653e+01 1.314369294604998828e+01 1.941592522205429105e+01 -2.287566061536074713e+01 -2.731690226987296199e+01 -2.881250806494330874e+01 9.900805608599071661e+00 -1.618472777731265921e+01 1.147329571546114035e-01 -2.407129225267004813e+01 5.049514583927050808e+03
-3.565544817533876198e+01 2.228712010209306094e+00 -5.464189899537458039e+00 9.575938515857503219e+00 1.797246777077280910e+01 2.052424255263543884e+01 -2.252299904605638758e+01 -2.618563856691587688e+01 -3.336695868471858972e+01 3.409741710996361252e+00 -2.253268222764436857e+01 -2.416963921087372125e+00 -2.808458084398268539e+01 5.762348829396561086e+03
-3.501077336433119314e+01 1.477843031570315269e+00 -5.547812081738841883e+00 1.092930074178211619e+01 2.231698633218412553e+01 1.901826487559840118e+01 -3.067121931017658554e+01 -2.060425264015621138e+01 -3.060517748154417106e+01 8.706991405725959865e+00 -1.781063318417038133e+01 -5.539739323151762207e-01 -2.945134773235567849e+01 5.800563316661868157e+03
-3.737844877014696010e+01 3.670878015420943274e+00 -3.938880036246466432e+00 8.764276617948423720e+00 2.361345361028221035e+01 1.163351336355684040e+01 -3.686912375587728974e+01 -1.150805446304719482e+01 -2.968995794261196153e+01 5.584061611181305729e+00 -1.230143704729943366e+01 -2.461807931847174391e+00 -2.468036374026977242e+01 5.366834079863657280e+03
-3.683935844886239153e+01 4.468543381720333052e+00 -4.999087792207254743e+00 7.350700449946664605e+00 2.290854385201867771e+01 1.703813627621894966e+01 -3.169097696126480912e+01 -8.151368193382822369e+00 -2.477373205304083825e+01 1.507912774802375067e+00 -2.298370955067832355e+01 9.231417402795486282e+00 -1.911353318602453655e+01 4.936800903707622638e+03
-3.790168303509584291e+01 2.181969423184670909e+00 -8.124195788898328274e+00 9.708779402138551617e+00 2.083834924803138833e+01 2.003031552428342010e+01 -3.258167986486186152e+01 -5.462829936715173140e+00 -2.354771421225827410e+01 -1.339091720464673063e+00 -3.057355791295714198e+01 7.269948299659208857e+00 -1.137476149390950830e+01 5.201688037309419997e+03
-3.970951969400954340e+01 2.194183769988637067e+00 -4.730009961825078157e+00 1.522439680794639116e+01 2.868306492564891386e+01 2.394785590920723806e+01 -4.313024636611991269e+01 7.204989322136803764e+00 -2.245460094711015486e+01 -4.820084993290695508e+00 -2.828071960039093824e+01 1.107063963082488911e+01 -1.233217224544026491e+00 6.595484998772580184e+03
-3.848030820559447562e+01 2.866817817815717540e+00 -7.852356336565151196e+00 6.901233386320063445e+00 2.098350598724836402e+01 1.928678230895839008e+01 -3.694041304422115957e+01 1.384153402988013859e+01 -1.803958399971978466e+01 -4.611584759723434956e+00 -3.011809264669690833e+01 1.060469746745536845e+01 -3.477055383350077467e+00 5.345051293884189363e+03
-4.002400199924515789e+01 9.033720999705008303e-01 -7.535493585360242719e+00 1.330736223034541510e+01 2.673585179014109059e+01 2.311831779641368811e+01 -3.839926493856668799e+01 -7.695370320044560009e-01 -2.577765545111535062e+01 -6.394263141949938500e+00 -3.431235250095792821e+01 7.486391458166158586e+00 -1.121518032426675404e+01 6.625502476643080627e+03
-3.824392095850046047e+01 2.352286872228443571e+00 -7.946367150416942415e+00 9.036130292871369818e+00 1.957104920822027694e+01 2.268010010494230144e+01 -2.926675962031722733e+01 1.680628102707616200e+00 -2.199176170164611221e+01 -6.419299157451493265e+00 -3.366229084360489310e+01 1.023058080238359935e+01 -1.001970820961611075e+01 5.232761928156327485e+03
-3.920599255089658186e+01 9.171010632919419647e-01 -7.652384234250551032e+00 1.388396801494410226e+01 2.097114984440593943e+01 2.554544543582944272e+01 -2.881604077477085823e+01 1.737359946398249422e+00 -2.390950743145053181e+01 -9.921843826973498537e+00 -3.355747545271777454e+01 1.065611969824534455e+01 -6.772968641159309300e+00 5.670653692936574771e+03
-3.702875687672646166e+01 1.027409884295670262e+00 -1.018225591204088332e+01 9.168616700474421677e+00 2.468993811006106043e+01 2.689753630925244465e+01 -3.124145651430456994e+01 1.519715166307901910e+01 -2.097219406748156345e+01 -6.143533873738178386e+00 -3.476489416273392408e+01 1.040381401425979391e+01 -1.043319157024475174e+01 6.003243432749286512e+03
-3.850433928686796037e+01 -1.233515542135496190e+00 -1.279860440972104740e+01 9.385777717896406358e+00 2.272563609966573495e+01 2.468349281282896612e+01 -3.551141560839804612e+01 1.635231343375399149e+01 -2.635592621573547945e+01 -9.096642424624223011e+00 -3.077341888811130843e+01 4.055282236960657372e+00 -7.267287172914947746e+00 6.183836786469696563e+03
-3.638351963479822615e+01 -3.367570421165878014e-01 -1.243199698537273257e+01 9.860961737631381396e+00 1.488345195062147930e+01 2.003284926857008585e+01 -2.700064454766507538e+01 1.227099709844355857e+01 -2.580061586492699632e+01 -1.166744102259249161e+01 -2.725687457801875624e+01 7.817632599188031328e+00 -1.268108069243410263e+01 4.844774747090537858e+03
-3.906161777520787837e+01 1.936358721467349997e-01 -1.161695085489471779e+01 8.446624969305878139e+00 1.288480890035450521e+01 1.592437673630230144e+01 -2.853296179690173417e+01 -2.820388060103748984e+00 -2.764075113351807289e+01 -9.440737333484827687e+00 -2.908216065068565115e+01 5.659545779881216987e+00 -2.023054304039567342e+01 5.114051114037026309e+03
-3.688932455590268944e+01 9.532401774829759589e-01 -9.812297409769737300e+00 8.019196415395551725e+00 1.293443999913528941e+01 1.998823865811236544e+01 -2.004287497589243827e+01 -1.188944245294572966e+01 -3.122751400731924321e+01 -5.080554189187518332e+00 -2.601461988566533634e+01 3.157581498148892774e+00 -2.381624333405550686e+01 4.887138603725852590e+03
-3.734830374155928467e+01 3.132246119120372541e+00 -8.496536943379963347e+00 2.276933176394247749e+00 1.250439999939866453e+01 1.695134740030540854e+01 -1.937133071423039965e+01 -7.362163005271019856e+00 -2.772199719685353259e+01 -1.742287372655686672e+00 -2.319168673513678414e+01 2.519214613359109123e+00 -2.396546268663830759e+01 4.245329290174376183e+03
-3.775531454741962278e+01 2.157112956327911668e+00 -6.208820374838491141e+00 9.599760121012902658e+00 1.768765077723966073e+01 2.578124219491372315e+01 -1.515159169973387421e+01 -1.762511756601153934e+01 -2.774821493840832431e+01 1.173897741728140209e+00 -2.936720645917389305e+01 6.221740685509977276e+00 -2.940540205114193739e+01 5.615724707429430964e+03
-3.740987377733276276e+01 3.693507894594990071e-01 -1.049171068970032294e+01 6.369787735960883879e+00 1.116884971982179842e+01 2.411525833628268600e+01 -1.100744036281391480e+01 -1.232456053246982819e+01 -2.693945981863621597e+01 -1.899523452516344912e+00 -3.293052803544286178e+01 1.885075870141297738e+00 -3.361483344142105523e+01 5.476905589078577577e+03
-3.690364860606024422e+01 1.739997986389624884e+00 -6.570626402103422414e+00 6.274537712966185232e+00 5.602441904519914750e+00 1.624260778465467325e+01 -1.826351107970926435e+01 -2.889136690605081981e+01 -2.573556064034630353e+01 1.661455387854020138e+00 -2.721538169445013011e+01 6.631860333573482258e+00 -3.188954290813397208e+01 5.377607444485147425e+03
-3.703105053670813618e+01 -4.960882736147511629e-01 -8.724936757444785584e+00 9.455805903724117556e+00 5.245275586526359390e+00 1.423780911628873724e+01 -2.147058468743383131e+01 -2.783053089886496068e+01 -2.351082536872685580e+01 7.975408507818391612e+00 -2.405067199120469823e+01 -1.842738580173284291e+00 -3.782302932611264623e+01 5.631612281973902100e+03
-3.712083416192821517e+01 2.343133540885013133e+00 -5.026476476614346822e+00 1.025800812036964516e+01 2.301684138461966622e+00 1.373217471078161722e+01 -1.714052282038534258e+01 -2.835459962836952741e+01 -2.263210968492641229e+01 -7.956236571688408699e-01 -2.736561606097255606e+01 -1.418615366912921782e+00 -2.672843383879246559e+01 4.783734008062179782e+03
-3.818673636812549432e+01 2.400341252743188603e-01 -5.762490114754522885e+00 1.646098760346672663e+01 2.213601570997963730e+00 1.511621074180651547e+01 -1.812851054066183210e+01 -3.053538285928150131e+01 -1.814978204825434815e+01 3.184078382722864031e+00 -2.940209021249472698e+01 -2.835352520758747552e+00 -3.165779692942156487e+01 5.471198398677368459e+03
-3.923590710081079180e+01 2.753758269621108035e+00 -2.709694426719829741e-01 2.012231742139722002e+01 5.772861724704801745e+00 1.723815291798293003e+01 -2.226919141778566313e+01 -3.157453209667106719e+01 -1.262751243882028263e+01 4.528276721970559748e+00 -2.742957551399144833e+01 1.822275276558760204e-01 -2.021911093611872445e+01 5.116555112779275987e+03
-3.865589973590203243e+01 1.964857714345888129e-01 -6.121139055821184449e+00 2.337484326170181603e+01 1.210019018548117886e+00 1.876226665406277050e+01 -1.606535928689501347e+01 -2.581315497327496189e+01 -1.904292712112881958e+01 -4.889251838822903373e+00 -3.004092481829843564e+01 -3.686889972174657526e+00 -2.107735453881524634e+01 5.102913419459604484e+03
-4.009080613779785551e+01 1.481849009617812518e+00 1.842616485199617682e-01 2.954822444988124275e+01 7.952883543040015546e+00 2.023302691277837084e+01 -1.804546984448138147e+01 -4.264983928643085420e+01 -1.562498834947731829e+01 4.338678812249732175e+00 -2.398452487019872947e+01 2.140601776176387361e+00 -2.468965389230698193e+01 6.552254654822736484e+03
-3.977905377027713030e+01 -1.231153269112861492e+00 -4.395276611367854080e+00 3.119864587687295909e+01 4.645395873198700620e+00 1.799278843694085239e+01 -1.810730681663702768e+01 -3.787386994766207948e+01 -1.912482537918099013e+01 -1.610989629642212373e+00 -2.765521663960253207e+01 -2.169159289690677284e+00 -2.661842079239066194e+01 6.530598360050254996e+03
-4.035739145319782750e+01 1.736251708558357976e+00 4.381688456403298737e-01 3.320301337552020016e+01 5.968517066977895524e+00 1.337432079706576715e+01 -1.677685861851790605e+01 -3.039119552424625326e+01 -1.951080688306833011e+01 -9.783037824842405472e-01 -1.138013339441432947e+01 4.200635297399429646e+00 -2.089063319366407256e+01 5.119149099042567286e+03
-4.118043471721774296e+01 -2.643903769216440214e+00 -6.670161116991571326e+00 3.090254051401113955e+01 2.575717424689805135e+00 2.034982056900762259e+01 -1.120554753537255266e+01 -3.139112672366273316e+01 -2.963140165735784493e+01 -1.221811633697851107e+01 -2.166924007721638645e+01 -2.194365628776667521e+00 -2.480882653913556624e+01 6.351144551467162273e+03
-4.170959007630999338e+01 1.809084593452519263e+00 -1.458516117618944952e+00 3.333276863967466852e+01 -1.004300909258169394e+00 1.436948062258648662e+01 -9.950693805853649820e+00 -3.034435852126840771e+01 -1.747787760863481310e+01 2.135133078842940679e-01 -8.131657736039080930e+00 -2.080645998955430009e+00 -1.799630610299600164e+01 4.783292193112718451e+03
-4.406167109441062024e+01 -3.566341893827248644e+00 -7.481340721799241145e+00 3.062608036327204175e+01 -5.624572979932933592e+00 2.283792275200079658e+01 -4.115188611525896434e+00 -3.991454045119670724e+01 -2.392267131358856247e+01 -6.111704041060508352e+00 -2.905974409990909990e+01 -8.175365887592734637e+00 -2.914218735148108763e+01 7.481608312361084245e+03
-4.478468172981867212e+01 -2.293935901848949133e+00 -4.441443839324385578e+00 3.682645191841321264e+01 1.139768823894329985e+00 2.773001369182273024e+01 6.722999504242438418e-01 -3.305918776003501591e+01 -1.889114038727622003e+01 5.099105061656004523e+00 -1.370058511786394817e+01 3.742816134656989924e-01 -2.686832107361882294e+01 6.543087312911873596e+03
-4.457474313204821215e+01 -5.209358229069015245e+00 -1.265147188312401560e+01 2.865677974905031533e+01 -1.010412080540664626e+01 2.690893404665611044e+01 6.918244685984326736e+00 -2.356093112081976315e+01 -1.703830310371908752e+01 5.749541821621925841e+00 -2.155107111450253399e+01 -4.513780257471355917e-01 -3.334795966003758139e+01 6.324579304039359158e+03
-4.392468936298560322e+01 -4.614296684714023655e+00 -1.344847433759903232e+01 2.941356049182247290e+01 -1.551393056765823886e+01 2.289523511688877022e+01 4.140144044817543723e+00 -2.284117867939965407e+01 -1.608924654025149437e+01 -3.353313615379517110e+00 -2.794166325094437298e+01 -4.577531020090316538e+00 -2.648300023330408592e+01 6.073571344498672261e+03
-4.409569593185339187e+01 -4.681777319488297451e+00 -1.293289673946665808e+01 3.399838758055465604e+01 -1.479535551433255769e+01 2.467639757110389453e+01 4.117209246934982581e+00 -2.216661473185648035e+01 -8.206225941078875152e+00 -4.822456331024109200e-01 -2.904144416597035416e+01 2.170854560527974986e-01 -1.969759319029165212e+01 5.924659465148653908e+03
-4.461884226850636281e+01 -7.276282360852998288e+00 -1.493772740384245878e+01 4.089646119718545236e+01 -1.698296447065708392e+01 1.688046997932047688e+01 -8.892311988847257709e+00 -1.501193891352848375e+01 -1.207902869501263332e+01 -5.096474427522387884e+00 -2.222426404885118956e+01 -5.168131512164766406e+00 -1.681250866505622454e+01 5.792409409463968586e+03
-4.443645023081153056e+01 -9.968353924997677140e+00 -1.995401384787053090e+01 3.648311387622170798e+01 -1.982169935361536517e+01 1.697844589503967683e+01 -6.577633676671606366e+00 1.910842399518445367e+00 -5.443216642501782054e+00 2.322226525880824732e-01 -1.457607644207520714e+01 2.356001974789520559e-01 -1.515182155296637490e+01 5.003008172620756341e+03
-4.621982935853505126e+01 -1.039045193095208930e+01 -2.158626677941364491e+01 3.112901828996547238e+01 -2.156178011231722991e+01 1.937027780102735264e+01 -1.014604629367720001e+00 -2.802252991326905640e+00 -6.527691449870083318e+00 -9.680488024544509074e+00 -3.278216823359354493e+01 3.586203534113902580e-01 -2.024270987922731990e+01 6.149105948478908431e+03
-4.703980577970316546e+01 -9.462268944114502034e+00 -1.993071831628269663e+01 3.262629836990059573e+01 -1.921102063130052784e+01 1.837808402759112880e+01 1.387172316371441561e+00 7.060290298562882150e+00 5.013011997484491111e+00 -7.544788470941401926e+00 -3.083447689858163443e+01 5.368566633724136672e+00 -7.196001716767582046e+00 5.635999008020274232e+03
-4.785207028402214036e+01 -1.279831710689476765e+01 -2.310717888016201726e+01 3.896380816452342799e+01 -2.816171007892446454e+01 1.387032503465323607e+01 -6.690655153699033519e+00 -7.886935925027404259e+00 -1.597872742324046591e+01 -1.264829987776828268e+01 -1.637296258300363405e+01 8.919104824599157766e-01 -7.502899506355482195e+00 6.338636198444547517e+03
-4.493573945891869670e+01 -1.128528171793713142e+01 -2.088376177216975194e+01 3.876549425515386105e+01 -2.560488597832610580e+01 1.486393826025616427e+01 -4.658195296462593227e+00 -1.026439234772722564e+01 -1.638796118501538857e+01 -1.001156523129712639e+01 -1.614258497983064089e+01 -1.015415999283310811e+01 -2.062060641102612379e+01 6.246772828963637039e+03
-4.493210109191454649e+01 -1.164518970671749720e+01 -2.076281593622306687e+01 3.980293913920447579e+01 -2.265735869916447953e+01 2.323159020632956029e+01 4.213797703030835784e+00 -8.349196061916632772e+00 -1.472056790067222920e+01 -5.191789063366619494e+00 -1.688435206850335746e+01 -1.309189106006906655e+01 -2.492216850758417124e+01 6.631643726679089013e+03
-4.409828559784759250e+01 -1.016776629295198831e+01 -2.059294024342110774e+01 3.609437197495197580e+01 -2.166597974653751635e+01 2.549246260277296727e+01 8.309654323052159342e+00 -8.217575036286117296e+00 -1.181800078043885449e+01 2.871560278455040915e+00 -7.588087771855357211e+00 -4.484987663300282534e+00 -1.567232630774455515e+01 5.502001365718511806e+03
-4.432696997569868813e+01 -1.114462886937993424e+01 -2.195228650771138490e+01 3.205091095835775405e+01 -2.354229683569658249e+01 1.750980469093995495e+01 -1.174619878993893307e+00 -8.324585232976625448e+00 -1.821197799988099675e+01 -4.488016176888889319e+00 -1.023648107274787655e+01 -6.967220624949732155e+00 -1.972564813385201532e+01 5.424005581978222835e+03
-4.586181071438777934e+01 -1.083456102880661298e+01 -2.101605196598730529e+01 3.150060915349804702e+01 -1.838677103037368710e+01 2.343921878586188612e+01 -1.748669651973505934e-01 -1.599057942868757998e+01 -2.117376142789017734e+01 -1.646136935493155873e+00 -1.548993649909051307e+01 1.109187524284438453e-02 -2.544516649942142195e+01 6.136288440877802714e+03
-4.597153551334255184e+01 -1.061109054795410422e+01 -2.108133078797716564e+01 2.846963392053087816e+01 -1.939262780443446843e+01 2.301481521273885988e+01 -7.159104229894086568e-01 -2.358935656064233655e+01 -2.698273310991317686e+01 -1.265056457519449928e+01 -3.158630360307188667e+01 -3.916792182238043818e+00 -2.877565254887252166e+01 7.672824572618936145e+03
-4.434975641780919631e+01 -1.110893208943774724e+01 -2.125695897105724441e+01 3.496956242944558824e+01 -1.732486614491490684e+01 2.255094788525542171e+01 -4.327366891268765059e+00 -1.132905436047698444e+01 -2.534224944826106807e+01 -1.299122513600147322e+01 -2.679191023494593082e+01 -8.187542131036055437e+00 -2.221607641255383214e+01 6.810205571053353196e+03
-4.348924394070812838e+01 -8.216725048145544719e+00 -1.706106541369256391e+01 3.794337650875083057e+01 -1.688577935622892667e+01 2.051486610911912933e+01 -4.003633234243290318e+00 -1.388319461785335029e+01 -2.057971881897719157e+01 -9.400179574086147127e+00 -2.029289228095618824e+01 4.309438609203405379e-01 -1.674636932766222586e+01 5.808686408889676386e+03
-4.436004034821777253e+01 -8.371329013512365691e+00 -1.536521366141153955e+01 4.089992920488369066e+01 -1.252812754100721016e+01 2.782281258754738218e+01 3.175862740096000447e+00 -1.909589697876965175e+01 -2.304948231787459889e+01 -1.117643315745921662e+01 -2.257816470895918215e+01 6.001760128751041368e-01 -2.341633005780111176e+01 6.967238133998919693e+03
-4.231842686472808879e+01 -4.350532044498452322e+00 -1.327591445127582581e+01 3.269252285495461052e+01 -1.261331746175753210e+01 1.689808029312917981e+01 -8.642967023746775723e+00 -1.584554844502928184e+01 -1.693451802594539402e+01 -6.068964840370914438e+00 -2.212752572610183677e+01 -3.157692563892105397e+00 -1.819750182895877089e+01 4.979608240903377919e+03
-4.353665260381233537e+01 -7.069273419255833524e+00 -1.541273418023650699e+01 3.433416615757486312e+01 -5.634283936360393596e+00 2.339049036233772938e+01 -9.346606948268483706e+00 -9.587574198864738051e+00 -2.001915076180238628e+01 -9.315937162237137414e+00 -3.071482732932925686e+01 -1.161595395114945184e+01 -2.824148496991901780e+01 6.483408482404548522e+03
-4.312658104952489424e+01 -5.109614837864484116e+00 -1.217359483049740554e+01 3.674197977486589650e+01 3.030488718897214717e+00 2.929739006529883483e+01 -1.196488362178486931e+01 -1.058385335719563258e+01 -1.849338897405949567e+01 -3.083833623134193958e-01 -2.293773354617862381e+01 -8.734265243738583706e+00 -2.083257737029398982e+01 5.885400789686214921e+03
-4.336322836336882602e+01 -5.777464143294523069e+00 -1.236754198089783152e+01 3.734945300765826204e+01 2.986116964566326804e+00 2.410172935684315121e+01 -2.701303363175409800e+01 -2.278646727598788146e+01 -2.051773190255965318e+01 1.035873066401164522e+01 -2.261591095607170843e+01 -1.235936123160353972e+01 -2.733220631318602400e+01 7.239987093835446103e+03
-4.214070822355800061e+01 -6.362122992756073181e+00 -1.505932133145355500e+01 3.014206047849182468e+01 6.780238200027115525e+00 2.030172071064938066e+01 -4.016000295799503306e+01 -1.719738664840317810e+01 -1.850108095079483306e+01 8.570850526726170315e+00 -3.432153045189065921e+01 -9.738383678045732239e+00 -1.983264660287756342e+01 7.400237221989059435e+03
-4.140628469969919223e+01 -6.792248718866928492e+00 -1.477053569010770140e+01 3.022553332631290246e+01 8.275369453366920425e+00 1.912205645535015108e+01 -4.844667269111194230e+01 -1.065929721097782235e+01 -2.298814235039398213e+01 1.690691386791266515e+00 -3.159869256031112528e+01 -8.911309488461245820e+00 -1.323179972043757857e+01 7.571484597516619033e+03
-4.194029363299150504e+01 -1.237061833574890812e+01 -2.004761165393514943e+01 3.657911703920017032e+01 6.119834465242240285e+00 2.245426211572139863e+01 -4.754245876590583464e+01 -1.089658632492521484e+01 -3.179306978914634385e+01 -2.671544345838227308e+00 -3.295049157491469316e+01 -1.907547761022662058e+01 -1.886136279764167512e+01 9.395922387993059601e+03
-4.150137490105456806e+01 -6.481220143970441327e+00 -1.521090326142846116e+01 3.527236023692369571e+01 6.721183152418999995e+00 2.069902977495630836e+01 -3.578594068695327479e+01 1.275763844369965705e+00 -2.369410929603970573e+01 4.983635431870894195e+00 -1.188462275316469352e+01 -1.418308735007810739e+01 -1.131756472714083017e+01 6.052505502342452928e+03
-4.458337049946293718e+01 -9.849101095119564775e+00 -1.949822203519873653e+01 3.839511513494783657e+01 -2.237140554689704519e+00 1.922321576163219348e+01 -3.164485946507549841e+01 -5.922503856816110357e+00 -2.672689502268202588e+01 -4.999148459760466956e+00 -2.507095793253664340e+01 -2.165860119387237503e+01 -1.429116204832822490e+01 7.391260903710158345e+03
-4.815067123444350017e+01 -8.604736227518355207e+00 -1.588143945789504308e+01 4.450494077333357978e+01 -1.558027891859521397e-01 1.294049322985491379e+01 -3.752574091119788591e+01 -3.658442063650432008e+00 -2.474013984442786551e+01 -1.367479743337675302e+01 -2.916002630151505670e+01 -2.885463959666726197e+01 -9.244948016187400697e+00 8.781925595520175193e+03
-4.643668426249532644e+01 -1.166024401939576904e+01 -2.365491766615437186e+01 3.696271292849535683e+01 -9.586947604412509705e+00 1.433548142983217488e+01 -3.016876073686414372e+01 7.029845604106160550e+00 -2.291307967898580245e+01 -1.567114452027716931e+00 -9.750080006507680253e+00 -1.429176596401445742e+01 -1.134233516346894177e+01 6.430544928069209163e+03
-4.564481083173183862e+01 -1.248431459068098626e+01 -2.446398558955020519e+01 3.747858683152066561e+01 -7.760676739833517246e+00 1.598419653095373505e+01 -2.953817536471877503e+01 1.553993237271618355e+01 -2.863161399639788840e+01 -2.438185008256866571e+00 2.468420346579486502e+00 -1.736391728693364911e+01 -8.592334337039941872e+00 6.879294870790618916e+03
-4.462775580813188014e+01 -1.282816987702542910e+01 -2.527289388661483827e+01 3.671912296825205146e+01 -1.021118133759979152e+01 1.481277934111604644e+01 -2.775767740461809652e+01 1.692862697334540556e+01 -2.614906484649333507e+01 -4.894997812198115916e+00 -2.809971164056264126e+00 -2.051152508302095612e+01 -9.855382523604326650e+00 6.757447169833572843e+03
-4.431131237840057224e+01 -1.386275853848592554e+01 -2.571096786090446429e+01 4.211366087725079410e+01 -6.905567654206065775e+00 1.543788849316228706e+01 -3.208139765322571435e+01 2.587942811563324597e+01 -1.951471378294343140e+01 -3.054277025656766398e+00 -8.067887402582263334e+00 -2.331876808842516624e+01 -6.165733259490789209e+00 7.612283601661210923e+03
-4.483536052844603859e+01 -1.875974271165209828e+01 -3.184758846591049419e+01 3.953231380174314324e+01 -1.469237400371981472e+01 1.137237779382765623e+01 -3.628951382352055077e+01 2.435162300913689748e+01 -2.089499421013262292e+01 -9.003246123581631011e+00 -1.656478128345198186e+01 -1.375157270304137924e+01 -4.398690502594527096e+00 8.194842845930461408e+03
-3.958388612206231016e+01 -1.145065855902221053e+01 -2.528831517376148952e+01 2.431796397418161249e+01 -1.297086925385234046e+01 1.080866824195858023e+01 -2.092739097609435817e+01 2.168191614302858383e+01 -8.591456132905543441e+00 5.586299671046109916e-01 -6.201332248425034166e+00 1.089587153731421676e-01 -1.094355792834297958e+00 4.235787011383800746e+03
-4.105658036454099857e+01 -2.075844512864679103e+01 -3.555303745185901931e+01 3.426265475846981445e+01 -7.587560566129637252e+00 2.284657534016800540e+01 -3.185279903627030862e+01 2.612361933270444680e+01 -1.925324464566525506e+01 1.721585875542244404e+00 -1.469648359729785092e+01 1.779491692295902538e+00 -4.007142737335454896e+00 7.439946893182848726e+03
-3.939806925756276001e+01 -1.872543517763853771e+01 -3.383878849168505809e+01 2.935038816682164864e+01 -2.990658252830874275e+00 2.287874602518101241e+01 -3.637683926852130867e+01 2.952399342233644219e+01 -2.220730629919493282e+01 3.735699254979046202e+00 -1.007870469256219792e+01 7.394980985820400754e-01 -2.679876195519829807e+00 7.253109139314626191e+03
-3.896062309078817520e+01 -1.963771731962844669e+01 -3.547991233345166506e+01 2.778374347625435803e+01 -6.057566459594408315e+00 1.854425452869307023e+01 -3.693842640387412501e+01 3.372887306906653038e+01 -1.758252759116870223e+01 2.003678499279813785e+00 -1.430635028773808060e+01 -2.301397026942161972e+00 1.725735006002254934e+00 7.343104637197505326e+03
-3.619716746940266461e+01 -1.741471368415976073e+01 -3.294296071187940811e+01 2.507437628437539701e+01 -1.093215637078682079e+01 1.400440222428577464e+01 -2.968739413186266063e+01 3.190559155479386533e+01 -9.175931960531618969e+00 4.390340308639340883e+00 -1.002368098612256198e+01 -7.244336008817048977e+00 5.438775132038289328e+00 5.828421334427967849e+03
-3.598541369955952263e+01 -2.109794980355034966e+01 -3.711348917805675995e+01 2.797193870183408393e+01 -1.248290947265941497e+01 1.503351665499117829e+01 -3.442156848029419791e+01 3.084015360888546198e+01 -1.164696966424442337e+01 7.591071060682712535e+00 -1.273581181931764483e+01 -4.933042371941692039e+00 2.057717054420113101e+00 6.801749293356876478e+03
-3.683848357413445740e+01 -2.253686819681810150e+01 -3.960149549951417924e+01 2.716627679438435550e+01 -1.281166665044202801e+01 1.569691205415122681e+01 -3.443113521235290619e+01 3.056505972034294771e+01 -1.230365826793049244e+01 1.256205251357571306e+01 -4.339946080338478396e+00 -3.656718174381522690e+00 -2.677085464778111934e+00 7.050085815447610003e+03
-3.375113947238142487e+01 -1.553374879713135037e+01 -3.029476546722588637e+01 2.967530493313985929e+01 -8.023870815906184006e+00 1.415913442684625245e+01 -3.213015942344797793e+01 2.451485539328695751e+01 -1.759375217798107016e+01 9.896770513851317119e+00 6.624142274866835933e+00 -2.286630309635087066e+00 -1.530104938477315324e+00 5.535957517560809720e+03
-3.262116360901509182e+01 -1.357311588230922084e+01 -2.785429966505560628e+01 2.468888293636013032e+01 -1.343067891890692600e+01 1.116172511665831557e+01 -2.319202239156456713e+01 2.229504602265961566e+01 -1.256377580442923758e+01 7.936157183729351416e+00 5.462082471124994676e+00 -6.631007387316559587e+00 -2.758570049560228554e+00 4.275924329921859680e+03
-3.560690074941571481e+01 -1.861651609683901754e+01 -3.247445148929644887e+01 3.146066608087908634e+01 -2.019865036616973697e+01 1.471683517308374789e+01 -1.552498270797959989e+01 2.610618092108009591e+01 -1.340944817231420316e+01 -1.667989278692415756e+00 7.927536800746375345e-01 -8.620060451134168744e+00 1.980048942544764490e+00 5.467368029752733491e+03
-3.498185254822500667e+01 -1.595667618919353892e+01 -2.951243549428723867e+01 2.874918552305141972e+01 -2.205305201273437632e+01 1.159376682127225955e+01 -1.390910348690328036e+01 2.137572752455336200e+01 -8.540080533625697967e+00 1.955527760942963544e+00 4.456695187124307012e+00 -3.262430817693693363e+00 4.746297382077858451e+00 4.576772448966486081e+03
-3.873808868768808367e+01 -2.255964522668764261e+01 -3.746468511787488609e+01 2.188560338500755975e+01 -2.756417837307291663e+01 1.094744445721889115e+01 -1.258443035040005498e+01 2.973574034639893426e+01 -5.960833506022776618e+00 -5.558748694664812362e+00 -7.705155517851697944e+00 -1.294592803792509406e+00 5.308449142129533449e+00 5.970028232669017598e+03
-3.684811242497198691e+01 -1.416598328996319189e+01 -2.771265443856586685e+01 2.568961232263010075e+01 -1.764579857996680090e+01 1.346840512928113576e+01 -1.420111665773166543e+01 2.391461064825683991e+01 -1.872092543258223074e+01 -4.444140494407380793e+00 5.587848919479394105e+00 -1.168281422614001031e+00 2.343631543445006127e+00 4.661063309835829386e+03
-3.907934440368724438e+01 -2.305671437157549164e+01 -4.026813760942562226e+01 1.491396946305706805e+01 -2.761007803926223048e+01 1.462687780367200219e+01 -6.995680832128868154e+00 1.850953323161396469e+01 -1.163525206655327615e+01 1.933749036811118094e+00 -1.717461188385764004e+00 2.797821921031646841e-01 6.366116154706290331e+00 5.453234824579436463e+03
-3.826120895149068701e+01 -1.648406581120829273e+01 -3.152369697874865651e+01 1.789215768940858098e+01 -2.400711486468998146e+01 1.697421881410583211e+01 3.479249030481224580e-01 1.141710975996951660e+01 -1.268149026540642410e+01 -2.409478348200198294e-01 -4.755146250972289934e+00 -9.166742276712025461e-01 1.462620577329234450e+00 4.230923647245163920e+03
-4.341698991614396164e+01 -2.224134675106495962e+01 -4.146441573260517544e+01 -2.632496452414783139e+00 -2.708808373922896706e+01 1.313334197072248699e+01 -6.405789786744097158e-01 9.531682936431543851e+00 -1.173019022459038929e+01 1.561365749620376331e+00 -1.270639728396422719e+01 3.553817897592324471e+00 -3.000015691402204254e+00 5.426570074754951747e+03
-4.589623621959481170e+01 -1.747607636959001098e+01 -3.397277477127668277e+01 5.962759420905593188e+00 -2.274403221248600104e+01 1.564289961141558472e+01 2.852424570471765897e+00 1.230960423594241959e+01 -1.940260445685526136e+01 -3.827951269713582239e+00 4.094035296525612710e-01 2.960122357270825511e+00 -5.695761007596371606e+00 4.955721561591512909e+03
-4.843798429646702886e+01 -2.072969105578779292e+01 -3.849892827751816071e+01 4.867279896878073053e+00 -3.143781949458485059e+01 7.741557157933962152e+00 -5.966595791562674833e+00 7.973370052272860775e+00 -2.090619369631620827e+01 -1.069592929229960632e+01 -1.371350117426085369e+01 -1.306515442811475936e+01 -2.070207961942517372e+01 6.768065716768992388e+03
-5.058557249417288659e+01 -1.829759685117599943e+01 -3.508355653676915864e+01 1.537701498402433664e+01 -2.056124472744673426e+01 1.607924340807887020e+01 -1.379692684517107892e+01 1.045578608435675250e+01 -1.707466268307776858e+01 -2.092163394890247829e+00 -1.752334090391124377e+01 3.307948454359452839e-01 -9.155343836694457949e+00 6.028914706354371447e+03
-5.081270970756153105e+01 -1.382366489470257953e+01 -2.828688925958879352e+01 2.071389179645535350e+01 -2.078910179474966924e+01 1.366319616401429471e+01 -1.047754953822898294e+01 5.731699568389919897e+00 -1.587083354173510230e+01 -6.901743559223225688e-01 -9.179061661649212667e+00 -7.531614035420379771e-01 -1.059072302540909938e+01 5.213085240642683857e+03
-5.472061833590407076e+01 -1.812209511135468532e+01 -3.309089604772762527e+01 2.323955985241573785e+01 -2.430690378395426876e+01 1.284596694060495281e+01 -1.153700673740210370e+01 1.179843398229580131e+01 -6.247833898774640460e+00 8.786574245347635426e+00 -2.897770365311174712e-01 5.054651366603739149e+00 -6.390612024984083206e+00 6.168703661377539902e+03
-5.552577221774058103e+01 -1.675664445157203275e+01 -2.953138770814087977e+01 3.294911908674767886e+01 -2.302462956284881557e+01 9.079805544008905827e+00 -1.768821713675443874e+01 2.106818903470776405e+01 -1.149849478870397945e+01 -9.241940424150410394e+00 -6.180405358175765862e+00 -6.392129779526944944e+00 1.678242268916069868e+00 6.990463947948863279e+03
-5.536882273058730419e+01 -1.564074220329982978e+01 -2.930821935666508793e+01 2.746757365890162106e+01 -1.853691240222207526e+01 8.418467537766527897e+00 -2.114340698626104498e+01 2.719948114089021729e+01 -1.465029794136670560e+01 -8.685308536648797428e+00 -3.818686329755444309e+00 -1.436384002537604765e+01 -5.829804339849380845e+00 7.070076520567448824e+03
-5.540493253171467813e+01 -1.503730378334256024e+01 -2.924692423838167699e+01 2.632003373928240819e+01 -1.298914825090209213e+01 1.387411530264968995e+01 -1.803589816160507553e+01 3.599812509226043744e+01 -5.896559216633132650e+00 4.242574927713627098e+00 4.324247140604640549e+00 -4.506324619475281068e+00 1.887933337332784678e+00 6.921660707535792426e+03
-5.474240462380570449e+01 -1.527224284068361548e+01 -3.032738075434258818e+01 2.635981252841669686e+01 -6.675142390620258936e+00 1.919548934912839755e+01 -2.544537023719662017e+01 2.281096648482137823e+01 -1.771701295550843014e+01 5.215117739538849273e-01 -1.695832049023006860e+01 -1.040847175397348146e+01 -3.595790717083049870e+00 7.148408552680339199e+03
-5.522602528298534708e+01 -1.807378172238069780e+01 -3.374746163715060732e+01 2.385586769484802616e+01 -1.491778024044385553e+01 1.272242381441818360e+01 -3.038519288238157401e+01 1.743889387324945872e+01 -1.568490192573746178e+01 2.672582682125987485e+00 -1.803807529885488137e+01 -1.206133859234006422e+01 -5.511927526010571121e+00 7.450732486559112658e+03
-5.169478972390906790e+01 -1.414928391177780931e+01 -2.857257945367829066e+01 2.160181680979011887e+01 -1.542812709121487380e+01 1.227307091236825087e+01 -2.266992534939290493e+01 1.541890945679396729e+01 -1.147174896799650590e+01 7.565125788244117522e-02 -1.633110125852226702e+01 -7.855274188819599601e+00 -3.672834897908024754e+00 5.769414629864795643e+03
-5.262514989362770024e+01 -1.250407028754990968e+01 -2.621064642602169670e+01 2.420852288618874582e+01 -1.720670354319899431e+01 1.134143521836825919e+01 -2.053930593495975288e+01 1.238299761205031047e+01 -1.285647859071995747e+01 -4.031117827575024570e+00 -1.573811291757791153e+01 -4.605091426804088783e+00 1.298918531766126261e+00 5.650830466570974750e+03
-5.199547331212719570e+01 -8.163879670862256077e+00 -1.954100335104914166e+01 2.988823599723034263e+01 -1.285114338412361157e+01 1.151562687207301927e+01 -2.153567118247744006e+01 1.756414112576880848e+00 -1.685979409165473442e+01 -7.787331780650185387e+00 -1.695466403784472220e+01 -7.984365391900682951e+00 -2.156076785352657232e+00 5.510721895101886730e+03
-5.044497564925489286e+01 -5.743135135020920323e+00 -1.560137495298717880e+01 2.193075306255780887e+01 -6.881608548897235167e+00 1.389370908568784735e+01 -1.513611627986044539e+01 -2.033510988994339996e+01 -4.008718783950715192e+01 -2.098585795944374510e+01 -2.020342236974983408e+01 -1.256943610869559791e+01 -1.901121686079907036e+01 7.160034627642424311e+03
-3.896798965576984841e+01 -5.005076575313836429e+00 -1.833850655506929783e+01 4.353581887194117428e+00 -4.322448734089098465e+00 1.938112073095754795e+01 -1.475993320901037897e+01 -2.634530738850322962e+01 -3.004522967636238562e+01 3.948761666883319421e+00 -2.368833091497337762e+01 1.610828833907061153e+01 -1.114774620718725728e+01 5.068246526090710177e+03
-3.785554742686534269e+01 -4.732044586042482237e+00 -1.310359687683806129e+01 4.704045215540652691e+00 1.006974873493626577e+00 2.244659594673326453e+01 -1.190529295509635688e+01 -3.928935646336097420e+01 -3.923607316132134315e+01 -4.785220751429627661e+00 -3.373174411365307179e+01 2.213744290426970451e+01 -1.921404366112236062e+01 7.398964396956698693e+03
-3.329429686167775770e+01 -1.654641101038560436e+00 -1.219846731989624011e+01 3.841466948121254443e+00 5.069050705610423257e+00 2.669884716981731998e+01 -1.012568940440689147e+01 -2.158823405544852392e+01 -3.177840057683690489e+01 -3.910154396777212327e+00 -2.932733039533002639e+01 2.497120418379331142e+01 -8.587093118594298247e+00 5.164460230117012543e+03
-3.544366689743336707e+01 -1.287019920001734707e+00 -1.079401434816959870e+01 -1.875899563571682194e+00 1.191249419347919236e+01 2.138209320671943914e+01 -2.021006385996269117e+01 -2.740157967024605767e+01 -4.134077769024236915e+01 -5.978844952687442316e+00 -2.729549979183142838e+01 2.176659707920297038e+01 -9.330930293951563925e+00 6.187036170238057821e+03
-3.337259023787029832e+01 -8.381101640149731802e-01 -1.411114203549770707e+01 -6.042138952639159122e+00 3.688572952612884315e+00 1.248124945404708619e+01 -2.112349540224525413e+01 -1.521922013567479048e+01 -3.693171952846439865e+01 -8.170786222040492319e+00 -2.699985651653760144e+01 1.133570392783218850e+01 -1.182966504915760630e+01 4.625422923852309395e+03
-3.625843001215913830e+01 -1.245770554326006252e+00 -1.283309597602223029e+01 3.424380914625770878e-01 1.242910559382811719e+01 2.250562790854769091e+01 -1.937294845532881737e+01 -1.000466408747221081e+01 -4.090006907365940236e+01 -4.704248980720576512e+00 -2.312534617567921558e+01 8.732214667670378461e+00 -6.628215452235837191e+00 4.967333753704721858e+03
-3.689501555736916316e+01 -2.181822275220528962e+00 -1.297949046702293252e+01 3.082043799684694552e+00 1.303784586738916929e+01 1.966559550167830039e+01 -2.214651736002679883e+01 -5.754911632302458280e+00 -4.272903503827932781e+01 -7.645215108842947416e+00 -2.005652036036529040e+01 5.711512558592612976e+00 -1.017094439874288270e+01 5.046830242554890901e+03
-3.811229564941243808e+01 1.263652895449641489e-01 -1.435006003542024011e+01 -6.960294039742194627e+00 1.581589269042294887e+01 2.431460336237568143e+01 -1.689951893550891171e+01 -1.891985815277712701e+00 -3.511801257951550070e+01 1.049855138551847755e+00 -2.633832438088839112e+01 6.892960408519432036e+00 -1.447378446643944017e+01 5.022536387350133737e+03
-3.852995973328239643e+01 -2.107010814294632883e+00 -1.739619578912913056e+01 -9.617996580178768795e+00 8.959151958228838808e+00 1.512189920703851342e+01 -2.810635464972704511e+01 -1.189080632611536181e+01 -4.377748062168359411e+01 -6.929546704723212436e+00 -3.150943845322423087e+01 5.519535485268258768e+00 -1.291404605025679153e+01 6.278996460103484424e+03
-3.953096030226134161e+01 -1.483572306885896808e+00 -1.545865705862269301e+01 -7.678512049538291251e+00 1.548669284333625562e+01 2.016369596946520915e+01 -2.478514506752393487e+01 -1.024345669060678254e+01 -4.541864161021393897e+01 -6.854506704724533384e-01 -2.170138675025398101e+01 1.561301250395761109e+01 -7.280407952748912948e+00 6.059515080553135704e+03
-4.239194697838511416e+01 -2.697952200083334251e+00 -1.740352747152873292e+01 -1.164398748591869825e+01 1.641079342964615506e+01 2.197414071159207438e+01 -2.830609190905032690e+01 -1.147621547321499769e+01 -4.349277970262940585e+01 5.008226286761903179e-01 -2.990291593807108939e+01 2.222574692295582466e+01 -5.972729304002118766e+00 7.243651102259623258e+03
-4.319126606519179745e+01 -2.005310965498480424e+00 -1.911196722205955112e+01 -1.789094019763290078e+01 1.348304013595963546e+01 1.918951136304884386e+01 -2.930836766446951458e+01 -1.436069335884651998e+01 -4.366454225627082764e+01 3.682508736368282243e+00 -3.056585789313913892e+01 8.906826037047586908e+00 -1.611771662895934654e+01 7.363636544370239790e+03
-4.640379354686702129e+01 -2.030946211977835869e+00 -1.545954265318571430e+01 -3.419825850310163950e+00 1.239060331768192569e+01 2.540901323820427749e+01 -1.872890185924007866e+01 -1.705889208485862696e+01 -3.929403108423368707e+01 7.785572633602553694e+00 -1.560547938969500592e+01 1.707316056833585449e+01 -1.042918298719986581e+01 6.097479710916309159e+03
-4.648236157969282090e+01 -3.758582516047041189e+00 -1.825991847590592343e+01 -3.669745732998209498e+00 1.094734803479252427e+01 2.301901681329472993e+01 -2.220449515414266628e+01 -8.402320728488657409e+00 -4.232703503410520085e+01 3.520161662015631077e+00 -1.456814307431006661e+01 9.912163393619755070e+00 -1.713129047830330620e+01 6.142919021899666404e+03
-4.641434915556916962e+01 -4.507630611028494161e-01 -1.709074180987078861e+01 -6.473393605757959079e+00 1.009743907835657240e+01 1.735451528035140001e+01 -2.489504601898939740e+01 2.488792199654909609e+00 -2.619680568732221104e+01 1.136636479480527839e+01 -1.317128270946016677e+01 6.773440654273682249e+00 -1.180188323233374170e+01 4.691701665923846122e+03
-4.682482462103246235e+01 -4.935338813338620234e+00 -2.199772623488073719e+01 -5.913042427703920190e+00 1.116271912697182600e+01 1.595385342572456011e+01 -3.703002833183811049e+01 3.180669887554447239e+00 -3.658752520244765094e+01 6.332023041917468120e+00 -1.628983185101276376e+01 5.824207737691502018e+00 -1.095237226703322087e+01 6.294233188901825997e+03
-4.633725775752945708e+01 -2.314136435475171449e+00 -1.934017164732025051e+01 -8.490668900150687648e+00 1.392561826152661375e+01 1.307534683208472615e+01 -3.722336196767710703e+01 1.622620174466596410e+01 -3.592688752998673607e+01 -4.195783212011442997e-01 -8.873872533516443895e+00 6.792872217118453904e+00 -9.403186325078621843e-02 6.028201081880337370e+03
-4.645317928136982744e+01 -3.744870948774102093e+00 -2.079497657545972444e+01 -6.320381175637814763e+00 8.649334067153159111e+00 1.120218209278417021e+01 -3.533112503847292629e+01 8.823376064930027241e+00 -3.078074941223806249e+01 7.125143817299257165e+00 -6.016516332272170864e+00 8.637185140306012698e+00 -4.135988939577068813e+00 5.296868467090751437e+03
-4.710938603963710136e+01 -7.395696324639918551e+00 -2.206385548119372331e+01 1.129355144062928806e+00 1.255296494156701570e+01 1.730602811102925287e+01 -3.880346892860500674e+01 -3.651927024839067837e+00 -4.376084355328975306e+01 8.936649333464139033e+00 -7.697646553964900384e+00 5.284787948912835986e+00 -1.865173665405013992e+01 7.168146204737767221e+03
-4.764088695747756219e+01 -7.941812571791590614e+00 -2.192473072177457283e+01 2.473338462938193150e+00 1.185812024717272273e+01 1.913697121752980479e+01 -3.462204141536519586e+01 -7.434880522798040126e+00 -4.206763908170211153e+01 1.410217189373625324e+01 -7.322387631432410338e+00 -4.879340299568193373e-01 -2.831908832566817225e+01 7.404723314596089949e+03
-4.877550099648982496e+01 -7.437835650595393311e+00 -2.150237527814019245e+01 4.681543409878035078e+00 1.278512898637814210e+01 2.312055965151617087e+01 -2.447486973242119745e+01 7.732239366381858936e+00 -3.508623585511278975e+01 1.277840932277467267e+01 -5.064477007439118772e+00 -3.042755097489803884e+00 -2.781473355828452299e+01 6.478364843921566717e+03
