-1.837872919722830716e+02 0.000000000000000000e+00 0.000000000000000000e+00 0.000000000000000000e+00 2.658533217257963476e-14 0.000000000000000000e+00 6.864338900890931966e-14 0.000000000000000000e+00 7.681979238110637171e-14 0.000000000000000000e+00 6.748200841563957577e-14 0.000000000000000000e+00 3.507168814121481235e-14 3.377776869050522509e+04
-8.584621100539409611e+01 6.809064609153670844e+00 -3.125372148117413218e+01 -7.485723990635484881e+00 2.864221237581985946e+01 -9.010407770313991094e+00 -2.238809517410383521e+01 -5.588580919682022419e+00 1.621630488269370574e+01 1.084030021689016365e+01 -1.416286918962039643e+01 -1.303908629818839771e+01 7.662999171615173744e+00 1.069259613942938631e+04
-7.975910656704267865e+01 8.880268234669456362e+00 -4.614329405015649854e+01 -2.367739900004894693e+01 4.565798244086932556e+01 7.400464058298323877e+00 -3.261894131065076863e+01 -3.718856058783895691e+01 3.384775218087222726e+01 2.946773307222823490e+01 -1.580538979934433641e+01 -1.725858980168220214e+01 4.704211698107592099e-01 1.627850783801401121e+04
-8.331867498368205815e+01 -3.203277980888855847e+00 -4.198064732372213115e+01 -1.911776263480423310e+01 2.989173894321528024e+01 1.268839711929192404e+01 -2.638125752519670542e+01 -3.512285236435206315e+01 1.543574069616368938e+01 1.463406928923343786e+00 -1.715181881662446983e+01 -2.166039323881917511e+01 1.325003529184457518e+00 1.306973998307353031e+04
-8.843473276904315128e+01 -1.125294760864724353e+01 -3.525563525332728432e+01 -1.482631181231832862e+01 2.158772676370579902e+01 1.488818367877282611e+01 -1.393435337654511663e+01 -2.286850782332862053e+01 5.894204436027377092e+00 -8.786099415948866564e+00 -3.444105420939960993e+01 -3.614839965802823940e+01 -3.120320811539287309e+00 1.342949954679103757e+04
-8.889246904304609131e+01 -9.315477172582980359e+00 -2.810852425145800737e+01 -9.319126188183835424e+00 2.444032368980084868e+01 6.072460996616166007e+00 -6.336204760592703877e+00 -1.798154596476573985e+01 1.473919634871158735e+01 1.329240244060117071e+01 -2.416250903270404038e+01 -2.188212911514675696e+01 -6.793853569247969126e+00 1.136601484203333894e+04
-9.020866965893050349e+01 -1.223743917927099289e+01 -2.361604456755900117e+01 -1.472434608628455521e+01 1.337028340083870859e+01 1.233934695131678083e+01 -6.005904648760366449e+00 -9.893480049863990544e+00 -2.169547147693832168e-01 4.592005236405314328e+00 -2.045758651314374177e+01 -2.149616591839164670e+01 -7.769191537494817723e+00 1.048895064125629324e+04
-9.136104284123223351e+01 -1.581530767336528953e+01 -2.634082008291071020e+01 -1.614159163197945546e+01 6.626201403756818209e+00 2.387965959653466363e+00 -1.521400991439726980e+01 -1.302964363667451231e+01 1.875814990944095317e+00 -1.300263610544951431e+00 -1.068202776138268817e+01 -1.602080529295131583e+01 -8.177813458151960146e-01 1.037885057933259122e+04
-9.243020769881418630e+01 -1.857796947098385942e+01 -3.645533249523023045e+01 -9.938962206453853199e+00 1.543499773800077435e+01 -2.763002901799109523e+01 -1.815920003861611676e+01 1.296992762773898633e+00 -4.147228007327479204e+00 -1.612950470611614762e+01 -1.577578113424664785e+01 -1.679157914428506615e+01 -1.306800136960631598e+01 1.262832035952598562e+04
-7.772422840537308275e+01 -1.676036871992714694e+01 -5.577387326227891862e+01 2.836308751213952917e+01 3.919152986259572202e+01 -3.001033696252123306e+01 -3.589626903813822878e+01 5.653190344602163719e+01 1.642063881576854456e+01 -5.721566667595319444e+01 -1.053148704114703349e-01 6.052418324997247190e+00 4.197664229134733915e+00 2.075568302447502356e+04
-7.862915117932111286e+01 -4.621893398806483866e+00 -4.011169451627265659e+01 1.216011287786536421e+01 2.572298391454439326e+01 -2.265168951151802190e+01 -2.304656402040808416e+01 2.315261659017700069e+01 1.154159641261618141e+01 -2.649337606355038588e+01 1.341489398975380887e+01 5.493978271652273371e+00 -8.384462232409458649e-01 1.124863399632370965e+04
-8.353398284573228239e+01 -1.971780183211490467e+01 -4.451379300135002381e+01 1.010817155355859498e+01 1.821006990806650450e+01 -2.461653725765884815e+01 -2.253817837269351543e+01 2.033399100025587103e+01 1.318901286566054942e+01 -3.546596266498074357e+01 5.314547718594335723e-01 1.244346006693021778e+01 -4.122976936015378402e-01 1.289646882578140685e+04
-8.794747210292203476e+01 -2.517989788367202664e+01 -4.034963734276392699e+01 6.014625338690868794e+00 8.600126773252144474e+00 -2.564457283539248422e+01 -2.890881499996173787e+01 1.488266565137915087e+01 1.318803990670016191e+01 -3.814140302460309329e+01 -4.762183906580395587e-01 -5.196608916636304087e+00 -1.402061271829976086e+01 1.367437380685283460e+04
-9.000934068763369567e+01 -2.283945900324546230e+01 -3.697758425008989036e+01 -3.595058698367462835e+00 6.757611971980139742e+00 -4.692304372526793443e+00 -2.271846177709705117e+01 8.916781626112021186e+00 1.646774306141000821e+01 -3.153450397942033945e+01 -1.546655685099078426e+01 -1.078676264651183558e+01 -1.351036551010164288e+01 1.247061913077246572e+04
-8.869008693469393734e+01 -1.720923577654489378e+01 -2.767514755569403562e+01 4.433041984993801865e-01 6.304058268991081349e+00 -5.971269118542736898e-01 -3.295821109133081706e+01 -8.245879260617646977e+00 7.432369482209357336e+00 -2.782289872793823449e+01 -7.160013765209747305e+00 -3.161776079131156436e+00 1.628630570343418293e+00 1.101580441403963050e+04
-8.917265568395239939e+01 -1.895533156874865810e+01 -2.190955885478294363e+01 1.570879758582517383e+00 3.497905331658744399e-01 6.538717707042254190e+00 -1.210989226067479940e+01 4.127714412691046775e+00 5.523826377929144549e+00 -1.427418422577327561e+01 -8.515285758450712450e+00 -1.871509646249851144e+01 -1.405238789572578817e+01 9.854627774429878627e+03
-8.954250654011812571e+01 -1.710570031874598840e+01 -1.914111488324120103e+01 -7.655143782476661940e+00 -3.494080113227741702e+00 9.130855009897649310e+00 -5.747056447892490816e+00 8.596315414762226936e+00 5.122651601015205891e+00 -1.456700464223026081e+01 -5.656645374005386806e+00 -1.058520266276140553e+01 -1.645552151336620739e+01 9.591222896008428506e+03
-8.906577016253510237e+01 -1.680754275908549999e+01 -2.891213136974749531e+01 -1.113912057150691481e+01 -1.007454956211158503e+01 -6.933373203478750135e-02 -7.846611231378216367e+00 -7.030763359210054020e+00 1.031969625600363472e+01 -2.868870216534074302e+01 -2.874867062361094572e+00 -2.058601591535648367e+00 -1.815906172615884495e+00 1.033303653208202923e+04
-9.065364241370525633e+01 -1.785284732834183430e+01 -1.935950518795894482e+01 -3.468247565525075071e+00 -9.887253619388239656e+00 5.488330651891406564e-01 -4.220736579522117005e+00 -6.117680450737273956e-01 1.273474681946135156e+01 -1.289262151054174410e+01 2.876951459904846242e+00 -7.479954373961718694e+00 -5.237580487018409947e+00 9.459926384648701060e+03
-9.056426235750464571e+01 -1.379804690971802117e+01 -1.902443326917203592e+01 -2.859413368080761852e+00 5.788490227919206532e+00 3.853478845131677044e+00 -5.385082866333121387e+00 -1.233430879187080720e+00 1.574000892834490450e+01 5.312486896643948242e+00 1.756319490213968937e+00 -1.141539254491722133e+01 -9.660799153601884459e-01 9.251552962044561355e+03
-9.005049277002085262e+01 -1.606626770457684472e+01 -3.093078748570578185e+01 -1.927964299095332024e+01 -9.377328423332656371e+00 1.528086313951492858e+00 -2.915674691293139165e-01 -8.433211016851535069e-01 1.581285275117835631e+01 -2.619129021492864862e+00 1.687692947602960514e+00 -1.075422815576822799e+01 5.353121647963360319e-01 1.016239443142190976e+04
-9.003997481388677215e+01 -1.152030372551550919e+01 -2.035733548580964580e+01 -9.430115526443977103e+00 -8.110164958806041824e+00 -2.632637740123763059e+00 -3.669679481743338467e+00 -1.368169596136903010e+01 8.507403683654153781e+00 -1.240682463320121975e+01 -1.356540048254271325e+00 -2.344977373639589757e+01 -9.707779690694209762e+00 9.888901848974608583e+03
-9.191664120941329941e+01 -1.444332277668457643e+01 -2.200189694631847814e+01 -8.587188565077250146e+00 -3.854958864183986922e+00 -1.021836075073990635e+01 -4.739760229341610120e+00 -9.431683414558705181e+00 4.970344801943463509e+00 -1.759314033950186840e+01 2.485673249941177776e+00 -1.443811925706313781e+00 -7.677106179470066571e+00 9.847223402209805499e+03
-9.251083157007619207e+01 -1.601005250931217816e+01 -1.933079882599158594e+01 -2.333382234462015870e+00 -6.253477673273551751e+00 -7.939581901300693190e+00 -4.295579642006689625e+00 -4.148359673570256589e+00 1.246076680315925955e+01 -1.574157262987801076e+01 -3.795616010956427200e+00 1.748351818638377519e+00 4.779405687759018306e+00 9.774878003157708008e+03
-9.190572937823461075e+01 -9.496327520262834554e+00 -1.912743231297275770e+01 -1.215562569789027414e+01 -5.309411090113348664e+00 -2.567617219598578160e+01 -6.517525960683411057e+00 -1.298410226066397222e+01 1.178299924853025926e+00 -9.238840965776775604e+00 -4.741572852793471071e+00 8.568313376271644799e+00 -2.286974261944080489e+00 1.013685528444821648e+04
-9.127570639077607950e+01 -1.090174832804243010e+01 -1.857003490468033391e+01 -1.062151722841400847e+01 -3.743015034828899967e+00 -1.114677853954234266e+01 -7.442003500964292861e+00 -7.688811678020588403e+00 -1.153816224747656438e+00 -1.956603246130107365e+01 6.875438547403827982e+00 3.231969709682319003e+00 3.072135325184109256e+00 9.611843809863521528e+03
-9.084657984699698829e+01 -1.356171462378737758e+01 -1.934741004176047596e+01 -1.113205935440217864e+01 -6.904991689170248748e+00 -6.173211141822515735e+00 -1.217509940555063963e+01 -1.217922721821797793e+01 7.712801316991126477e+00 -1.043940342420083311e+01 9.505895698010723649e+00 8.003142594758692496e+00 4.930312425919352037e+00 9.664809034464118668e+03
-9.239537473433118464e+01 -1.660723140532770259e+01 -2.793957845856730060e+01 -2.096800864550817067e+01 -1.229641342563824047e+01 -2.115896923866006674e+01 -2.141902514029032289e+01 -1.102594224550916735e+01 1.659873342820819220e+00 -1.672496718676306315e+01 -1.034883475884210569e+01 -7.900099474838103930e+00 -6.405790592061896049e+00 1.170525645358661677e+04
-9.373284673911003040e+01 -1.696202387678750512e+01 -3.053271917830500826e+01 -2.136225125024085614e+01 -1.097547321867480008e+01 -2.266269303562067705e+01 -1.660630198337419117e+01 -1.831423582899610381e+01 -1.058340731499947296e+01 -1.770658330513931134e+01 -1.430270064920792450e+00 1.063500470428766320e+01 9.552567512023115270e+00 1.233932084460518126e+04
-9.348602275378542004e+01 -1.691278157586198461e+01 -2.512193633055394315e+01 -1.418729767107203443e+01 -3.596227849822810185e+00 -1.172121687744076191e+01 -1.499592306428506738e+01 -1.872578965010702134e+01 -2.145853699691766536e+00 -1.403876880367661073e+01 9.582841481904418757e+00 -5.164667674332183545e+00 -7.480611500311605155e+00 1.096007832665972273e+04
-9.434574801791288223e+01 -1.962946015004579792e+01 -2.835551739134184857e+01 -1.903378927623086270e+01 -7.239264239463136796e+00 -1.506713656022578718e+01 -7.997634174468932322e+00 -1.325188114685935581e+01 -2.567759493126338555e+00 -1.473302938801954731e+01 -1.672221858080590451e+01 -2.024503758462062564e+01 -1.353145465033171568e+01 1.206800638254050682e+04
-9.335338090351355333e+01 -2.090914823378800236e+01 -2.310693750475797259e+01 -1.721027632719072287e+01 -1.193304779960164730e+01 -1.348646941175101688e+01 -1.161562410230579268e+01 -1.417394517648572716e+00 2.159304462214266085e+00 -8.635194313112721787e+00 -8.375722467543083027e+00 -1.974710415416895160e+01 -8.688405741236758573e+00 1.105820301581147578e+04
-9.350066259090243648e+01 -1.643259526962427231e+01 -1.855252771842625847e+01 -1.236987775538923984e+01 -4.143722006500081712e+00 -5.074309368915362661e+00 -2.816790574830925653e+00 -2.906550301216705101e+00 7.944312816925314102e+00 -2.514191160079051190e+00 6.539193869222899025e-01 -8.877510306285804731e+00 -7.450672933563084577e+00 9.773099234382198119e+03
-9.380511277904400913e+01 -1.466737914360606965e+01 -1.749460839769581000e+01 -6.948120098071747464e+00 6.383000247850828757e+00 -1.302739933632149949e+01 -1.317494087751585674e+01 -1.004618112015039166e+01 1.458922598252108749e+01 1.071244385578685865e+01 -5.218726263121191700e+00 -1.129843335957505879e+01 1.977638569552860437e+00 1.034023226080875793e+04
-9.308856345305918012e+01 -1.629730587875110359e+01 -1.949740632886326352e+01 -8.103275088128054193e+00 5.594091144002238281e+00 -3.440879515507685227e+00 -2.252420529477465738e+00 3.090151487606001002e+00 1.236705548244779962e+01 2.953344904810133453e+00 3.831201600526458861e+00 -1.354654094236653705e+01 2.030278592802466697e+00 9.798625903196276340e+03
-9.472600167500242208e+01 -1.584518517154667094e+01 -2.007372038710938966e+01 -1.495698937734352896e+01 4.719645410816584175e+00 -4.721941289007769882e+00 6.596510798813100429e+00 -1.383419010404505878e+00 8.455904833561019629e+00 2.024360113837151331e+01 5.960018722277002468e+00 -5.064088381085643853e+00 7.054603419089469973e+00 1.053299061039055232e+04
-9.379600303356845359e+01 -1.794366354162357169e+01 -1.872269040418972708e+01 -9.415504354780626528e+00 2.995757516142906418e+00 -4.357244457389771952e+00 -2.727066559822571179e+00 -1.094820585122703527e+01 -3.682283078875510984e+00 -6.945961139489424951e+00 -1.910136585080476124e+01 -1.568380885237868583e+01 -6.477472524976329638e+00 1.042872362295406310e+04
-9.252557535852382387e+01 -1.695135506035488504e+01 -1.754321574440024278e+01 -9.864786314687551183e+00 -7.247702962159562112e+00 3.773874150615436629e-01 -7.080458813085226843e+00 -5.104169507794654059e+00 1.119218673035542189e+01 -5.411981661203992822e+00 -4.354382745530908316e+00 -1.372957123313284811e+01 -4.244448246876887154e+00 9.762297729922960571e+03
-9.403302885254434784e+01 -1.881807362523992566e+01 -2.197558076255491954e+01 -9.239989006222996792e+00 3.144432431738094280e+00 3.074921504615870660e+00 -5.858026159329216220e+00 -4.936750079756688336e+00 9.943476868100168176e+00 -5.036272238399008394e+00 -4.162492679595721334e+00 -1.247224513588611927e+01 -1.940061373967610470e+00 1.014354837870355914e+04
-9.370229775286179574e+01 -1.225681327653756014e+01 -1.690776839677974763e+01 -9.516247035052765924e+00 9.511584612743410716e+00 -6.664518904500384977e+00 -2.991332791300970850e+00 -7.838943604287145206e+00 5.743526452675618899e+00 4.299117365934804980e+00 4.059160542129067295e+00 -8.342226157203616599e-02 6.264198759806468786e+00 9.619259264348029319e+03
-9.645059798342003887e+01 -1.258195670896715512e+01 -2.121634262950033900e+01 -1.988558404334512275e+01 1.291980840148419318e+01 -2.175395299207516686e+01 7.038346942789808658e+00 -4.332450207931803909e+00 -4.838221964212068293e+00 8.347953690994049936e+00 -1.516856781582664127e+01 -9.997080316290592350e+00 3.583736597666385748e+00 1.145102446074380896e+04
-9.560756922688324266e+01 -9.313657992057718715e+00 -1.519811235550020179e+01 -9.917550106389338538e+00 2.002208981129234644e+01 -2.149365521449538008e+01 1.376410569928614436e+01 1.017929548557909669e+01 9.563454572351162142e+00 2.079054423882963221e+01 -1.543718166065759867e+01 -1.013531982137590148e+01 -2.080399063836322782e+00 1.158188763399904383e+04
-9.609435822078258127e+01 -1.152932478968357266e+01 -1.622700647103560812e+01 -2.723385025417784266e+00 2.539807083888960193e+01 -6.035302793003222810e+00 2.264484715899457257e+01 6.321326841288619214e-01 2.588222197604720942e-01 2.412033808707098714e+01 -5.882092035427469057e+00 -1.276241294822598249e+01 -2.926605437130177734e+00 1.162036006243782867e+04
-9.566869645913902787e+01 -1.158375950801884535e+01 -1.947752213552883305e+01 -9.879298103786300800e+00 1.589560587492128541e+01 -1.533553103244602589e+01 2.128831724372277989e+01 -1.368067570518611165e+00 -1.014129043572783928e+01 9.954552793981251924e+00 -1.912358658633244701e+01 -8.139551525200431570e+00 -7.683314737546793616e-01 1.134106331345867875e+04
-9.524572329560334083e+01 -1.170662589789413488e+01 -2.367457424542533673e+01 -1.896675328645191527e+01 7.563271042551395595e+00 -1.809287949291342912e+01 9.056563742324005517e+00 -5.372256111709431181e+00 5.579215430483384530e+00 2.001892657798969566e+01 -1.688637367974241599e+01 -4.644055134935576312e+00 2.841168221857923282e+00 1.137112809887173535e+04
-9.503528144052259563e+01 -9.698480393389081300e+00 -1.972863328616965717e+01 -1.622007274693195100e+01 1.607238024204037785e+01 -1.812681779888044531e+01 -2.494131207300577469e+00 -1.378304635966649805e+01 -1.231713121706848568e+01 1.640563662418674795e+01 -8.323173271710219367e+00 -3.796914947014259134e+00 3.479158615946791766e+00 1.107782391483073297e+04
-9.570591625215242004e+01 -1.259389170035195704e+01 -2.551895405524453508e+01 -2.476011178611567587e+01 5.946049217389782093e+00 -2.721950093862731634e+01 -2.651678743630851987e+00 -1.031679546043699425e+01 -3.029349951792298157e+00 2.015352504996685212e+01 -1.185311807893782543e+01 -1.546178689966986575e+01 4.936853540216583625e+00 1.229151038520596740e+04
-9.019935169727257573e+01 -1.990165822374488025e+00 -2.243593369183260133e+00 8.192640335488183823e+00 2.817474409659820367e+01 5.969825982504532114e+00 7.753431268631968187e+00 6.685609872727324543e+00 -1.687468633734408696e+00 1.365374099205076019e+00 -1.187338625539746673e+01 -1.706095459318750329e+01 -9.045249403752746886e+00 9.664886782856992795e+03
-7.896974931571919853e+01 2.173353836045125220e+01 2.411183803259844183e+01 2.420316839913926188e+01 3.196396360903018419e+01 1.186099221580712282e+01 -2.924102564072777355e+00 -3.595669906812528627e+00 -8.702036594152453119e+00 -7.112952134916787905e-01 -1.380745789351092689e+01 -1.570608675681064881e+01 -1.055141278661716697e+01 9.684490162600743133e+03
-7.285489865290583111e+01 2.443275290633277663e+01 2.480321483330329002e+01 1.232823176537048937e+01 1.655474652082192577e+01 -3.943982350987835339e+00 -1.859445596106112930e+01 -1.744840621778857681e+01 -3.600660750121174658e+01 -1.735491649605521758e+01 -2.835973287620458194e+01 -1.203740576289626318e+01 -1.891076771210339658e+01 1.051625537011994129e+04
-7.292033090883393243e+01 3.233195128594147860e+01 3.540399139680421570e+01 2.175317651795897689e+01 1.880569195743306565e+01 -8.247764425548329115e+00 -1.913867993838859149e+01 -1.746823699674729369e+01 -2.442565512908683090e+01 -9.340197749743039957e-01 -2.709963253585478427e+01 7.372117320692159304e+00 -9.421981424919721348e+00 1.065747802359768502e+04
-7.318594342446222356e+01 2.932754994848427188e+01 2.959941606259593172e+01 1.682570583946620957e+01 6.119680367914335228e+00 -8.444339734463481406e+00 -2.332595603742119295e+01 -3.061440886357459235e+01 -3.977850267011920948e+01 -3.508952622918474162e+01 -4.455000569250226761e+01 -3.938462588168122114e+00 -1.245920345993758360e+01 1.393466729691646105e+04
-5.373014850144956256e+01 3.022273400191641102e+01 6.983020338601256150e+00 -7.648756542721501184e+00 -1.239890996017024882e+01 -1.328829381970793921e+00 7.374162918891379315e-01 -8.427215173994069275e+00 -2.419537241110400672e+01 -3.749782188287186813e+01 -2.732248805320135077e+01 -1.495728266894764147e+01 -5.951105958345876523e+00 7.131826064795886850e+03
-5.496543393197448779e+01 4.176416216550040872e+01 -6.054402735275781211e+00 -1.200468797319128100e+01 -1.366033754455745353e+01 -7.317829754107903817e+00 -1.821331416250329127e+01 1.118582496393655035e+01 -1.020274892767686836e+01 -8.602397258508719347e+01 -3.725071181546633881e+01 5.304051778205643330e+00 -8.326078250422054294e-01 1.456387711839446274e+04
-5.045757798540207517e+01 3.558509416571708783e+01 -8.312364281684246237e+00 -1.253046057058704754e+01 -1.781462412973304055e+01 -2.014481867485341127e+01 -2.525486777862027665e+01 1.428677717596868924e+01 -5.394738627412402288e+00 -7.491211807619885121e+01 -4.160637540410772317e+01 -3.713404902581083800e+00 1.331596823758825154e+00 1.299105048577565321e+04
-5.198612711341525738e+01 4.464938890983476938e+01 -2.800952656058259294e+01 -2.506266046298972316e+00 -2.430844053466702093e+01 -1.067028372051480289e+01 -3.697215284099483057e+01 -6.796721659739195509e+00 1.880824411546760189e+01 -7.739979714727250837e+01 -4.095720741302162793e+01 -1.169557742603834605e+01 -6.056581641564137364e+00 1.580027123356685297e+04
-4.507387640861696809e+01 2.965892273411864721e+01 -1.393146758046471234e+01 -1.284754951905646436e+01 -5.426780478653870254e+00 -1.776300436346113898e+01 -2.286237338573043942e+01 5.407822599566178390e+00 2.444581601912463042e-01 -5.373301917264049621e+01 -4.441252648432217853e+01 -1.712137034767464705e+00 -6.164577975342866445e+00 9.068061335074575254e+03
-4.618385095528464035e+01 2.942599511479944141e+01 -1.806245672102003397e+01 -7.680791555504023371e+00 -9.479618681762334020e+00 -2.098929059029508082e+01 -3.520906230421381622e+01 8.744811730289431040e+00 1.126356327852404071e+01 -6.992396141164442724e+01 -5.607928257633324165e+01 -5.231881472198387506e+00 -1.049929904672909586e+01 1.352936950536412041e+04
-4.294749367013554320e+01 2.334514679342230181e+01 -1.488197428135939226e+01 2.759405257036287917e+00 4.892153225676994843e+00 -2.925780366773908625e+01 -2.689701863637834478e+01 1.574690877950731505e+01 1.442852419058124447e+01 -4.465449027737608390e+01 -5.348952016284960109e+01 -8.007769889466043622e+00 -2.884438537509116163e+00 9.605716497297309616e+03
-4.633793996815901295e+01 3.049864126657102759e+01 -1.579695508036494545e+01 3.583448412775532610e+00 7.308077888134258515e+00 -2.321424645903569584e+01 -2.714613647749736103e+01 2.035052994934205728e+01 1.970761017495198431e+01 -4.358414483098528791e+01 -4.515975940634846353e+01 -6.195822537733432611e+00 -3.990233963738115897e+00 9.464804360991563954e+03
-4.979589874583377451e+01 3.084486333649266143e+01 -2.001673987416208078e+01 1.734668556403326534e+01 -1.772243324518324892e+00 -1.210368896150590245e+01 -3.221414048735604752e+01 1.392961437625207388e+01 2.422818361856644032e+01 -5.972141915763877762e+01 -3.236710090422786834e+01 -1.389878000162139360e+00 -2.661470175388148718e+01 1.142559575719315217e+04
-4.740342879627580430e+01 1.973772133756119729e+01 -1.385182994585876948e+01 2.398524941307080738e+01 -1.977545421238280099e+01 -9.510522309338929503e+00 -3.602408626630781896e+01 3.569572195762801670e+01 -1.234578582817533032e+01 -2.721036346698894093e+01 -5.153303918199986100e+01 3.163007097634259690e+00 -2.411896148766012971e+01 1.059747142099743905e+04
-3.847911079959528990e+01 -3.753942616528904264e+00 -5.935433821548485867e+00 3.655778229759968667e+01 -1.722560348532682184e+01 -1.004488240270453581e+01 -2.320571995074934790e+01 4.176515449284471515e+01 -1.056338670921176082e+01 -2.420387612177085401e+01 -4.507729759051712648e+01 2.067824994225717194e+00 1.628932114999703806e+00 8.283194356618501843e+03
-3.560037452251762602e+01 -2.431527964574557998e+01 -1.309669485643164855e+01 4.247994157344176358e+01 -2.643563141017550322e+01 -1.389727516443423516e+00 -1.409435075568475959e+01 3.198280246492078049e+01 -3.494104802677131261e+01 -1.581335074653206663e+00 -4.717345232812519384e+01 -4.440306250945440070e+00 -1.157997983476350790e+01 9.359536984955953812e+03
-3.675585296552613102e+01 -2.918091258744567540e+01 -1.100157182465635408e+01 3.754426461993192987e+01 -3.896259479934040115e+01 -3.937225161629704040e+00 -3.911304822156539629e+00 4.194148755928861050e+01 -3.822088484612919501e+01 -9.310718436949909638e-01 -1.762278502331339780e+01 2.197225693084188336e+01 -3.579400390813536337e+00 9.308954661662603030e+03
-3.294350453100922493e+01 -2.532145447098500313e+01 -1.371321738853837324e+01 3.635044347608848625e+01 -2.166241508254186598e+01 5.862406293888236419e+00 -1.070829777220136414e+01 2.620086857935711322e+01 -2.713179668426187519e+01 1.166965159916979289e+01 -3.410177103906914198e+01 1.676291641484169048e+01 -1.909300677660619883e+01 7.221423031883963631e+03
-3.669779431618428589e+01 -3.928245336967195556e+01 -8.105494949391582438e+00 3.872857551856831293e+01 -1.124128697687640432e+01 2.880912295138557067e+00 -3.298967200453196913e+00 2.063783409165490568e+01 -3.372114828332259151e+01 -5.323663691227253913e+00 -4.183249202142607004e+01 7.455080885471527807e+00 -1.813573701057333665e+01 8.326808242909992259e+03
-3.643150081813492847e+01 -4.072953226586280806e+01 -2.439492236406163528e+01 3.121909024021569934e+01 -1.653364760000594069e+00 -6.578385550968206985e+00 -1.039834482232522994e+01 1.255097636117364068e+01 -2.508994490488756313e+01 9.574821862854980381e+00 -4.229788481186012206e+01 -3.577376684462381107e-01 -1.617322913703037202e+01 7.639549162733967933e+03
-3.318379346835931187e+01 -2.577198990956232549e+01 -3.045155417013759092e+01 4.571837198416145753e+01 -2.361183702167549470e+01 1.311773302207351932e+01 -2.978812632762724988e+01 2.880055120829631221e+01 -2.276175327934436154e+01 1.903210976863175574e+01 -1.684720124055343149e+01 -8.349904060604931288e-01 5.119908295184088409e+00 8.420281762461238031e+03
-3.343073164360297511e+01 -3.330415080046736165e+01 -2.999979048673147020e+01 3.732007759057173502e+01 -2.565792424618631884e+01 7.679239244639581408e+00 -1.977274561574576595e+01 2.901427670682140914e+01 -3.814905333477852878e+01 -4.851446926798554493e+00 -1.758392389385442200e+01 1.858297342443695044e+01 1.484393587818228077e+01 8.823395934162488629e+03
-3.667558259270899157e+01 -2.859108257957249322e+01 -3.637435349751900304e+01 2.544865195445833805e+01 -1.706795240125588009e+01 1.170653629348193725e+01 -1.915988142389381821e+01 2.739003542524721979e+01 -2.060755228574085152e+01 -5.987010563349699055e+00 -1.633854972051874554e+01 2.574250499382582547e+01 4.094413043608528646e+00 7.085853423378182924e+03
-3.441181901407988875e+01 -2.098436910800099753e+00 -1.259536765790551982e+01 3.553612634392053593e+01 -2.540166880311531372e+01 -1.112785494040822520e+01 -1.567891509950283435e+01 5.049769818022472379e+00 -2.610522766036980258e+01 -2.280785939767397608e+01 -3.204339319407821307e+01 4.698540324021745818e+00 1.230342936703877221e+01 6.052349839025921938e+03
-3.441550362153559206e+01 7.453768220306166370e+00 -9.077671560217936531e+00 3.255902049611498228e+01 -3.142663717520281708e+01 -1.016666469034078801e+01 -2.450236498016944253e+01 1.105674444670728995e+01 -1.463364547069851618e+01 4.157381429274238371e+00 -1.779424527131867606e+01 9.029397666052041416e+00 1.570247770840989787e+01 5.072251962557720617e+03
-3.488372769079192182e+01 1.535960239063225430e+01 -2.155405605809998093e+01 2.535954920223152698e+01 -3.887348653623095629e+01 -1.561092802166666615e+01 -3.859879677263894138e+01 8.283168262170963914e+00 -3.847227740976167709e+00 -5.313357779640718093e+00 -3.019480081456487852e+01 -1.385210333442811148e+01 2.165089990203989512e+00 7.025130239304872703e+03
-4.148507187428551646e+01 1.733307177635174767e+01 -2.383418768504199647e+01 2.521825967087449172e+01 -3.080821762354941384e+01 -1.959701853425584872e+01 -1.460733914685987322e+01 -9.879790269548529125e+00 8.546749799488203791e+00 -2.473575318051571514e+01 -2.407024951888578812e+01 -2.342647557369249967e+01 -2.842569819822704069e+00 6.690811000775102912e+03
-4.948818989573346272e+01 1.262178616653650032e+01 -2.341613599265002676e+01 4.094903039115792609e+01 -4.300966039262593910e+01 -1.903675390622702679e+01 1.165469109833535272e-01 -1.057663058673799661e+01 -3.833106383582464360e+00 -1.510497540098547375e+01 -2.181589202748464729e+01 -2.640742487835960972e+01 -2.386379357632222586e-01 8.573831692255949747e+03
-4.929354178487407978e+01 8.620118938926459862e+00 -7.471551112536087835e+00 2.888125762078587755e+01 -2.487884301802113640e+01 -2.928638990031839384e+01 2.706296319106791248e+00 -8.950048337096122353e+00 -2.983103116903330854e+00 -9.744123596654070241e+00 -2.085767318048993957e+01 -1.621756940145212766e+01 7.843120885573012790e-01 5.760701780436037552e+03
-5.543394681983664185e+01 1.720840985866411543e+01 -1.792547271369428685e+01 3.672501188039233000e+01 -4.740586993896327783e+01 -3.030934479858396102e+01 -1.183369959367119328e+01 -1.091081538089381375e+01 -1.305592826896967296e+01 -2.355716077153212851e+01 -2.285434583812227416e+01 -1.530429261782669847e+01 8.890140361064341690e+00 1.002513030309143505e+04
-5.646263962707356399e+01 1.419448359985737262e+01 -1.522367212310753182e+01 2.151457580869082875e+01 -3.088093890319784762e+01 -3.064147162518108303e+01 -8.957927919726466071e-01 -6.320194974814849154e+00 8.522409335982862544e+00 6.282997074094187617e+00 6.593168868104290148e+00 1.642666911477269842e+00 1.141816373641605331e+01 6.306079890148957929e+03
-5.854935864166210990e+01 1.574253978274464671e+01 -8.863028710871327931e+00 2.770778006728644982e+01 -2.164185580268413389e+01 -2.290047206927269841e+01 -1.612298070047708975e+01 -1.455722189177602033e+01 -1.595518020727816344e+00 -2.473295082156866886e+00 -1.053560095862852819e+01 -1.896904748937765106e+01 1.374058835173054050e+00 6.468168624016312606e+03
-6.328749513436015661e+01 1.495251651035076712e+01 -2.081178658950752336e+01 2.560112221287174705e+01 -2.619722223079351409e+01 -1.936105516584499142e+01 -2.065903275732422273e+01 -1.281498127172764079e+01 -1.133156903258855097e+00 -9.273020882551142208e+00 2.735178378077418593e+00 -1.763811873852092660e+01 3.127864390547864470e+00 7.385237929082327355e+03
-6.289410518334127431e+01 1.515611557877337923e+01 -1.477808720883354354e+01 2.098020654768254900e+01 -2.122221754604466781e+01 -1.659663302398451989e+01 -1.994701412785076045e+01 -2.009720423633926956e+01 1.603347744504008743e+00 -2.727700176162080048e-01 1.053925439620335247e+00 -1.995656437327975397e+01 3.851610407305610995e+00 6.788404221243034044e+03
-6.630120501051480630e+01 1.305174793841295333e+01 -2.482157074652328532e+01 2.195353174810262331e+01 -1.423622177664090671e+01 4.883256462878591830e-01 -8.022030258723281904e+00 -1.993490352985899250e+01 1.514899322132165871e+01 -1.087415220645147684e+01 -4.554029288525009100e+00 -2.853834662878223583e+01 -2.674894230918491989e+00 7.518998313301568487e+03
-6.531600873483598946e+01 1.314887659808842280e+01 -2.195137265011270244e+01 2.499675654078925291e+01 -1.188453808897837050e+01 -1.248246962762812018e+01 -2.131581644887562987e+01 -1.764387546860560363e+01 8.371210997986823443e+00 -2.643010107641751816e+00 1.199513637520917619e+01 -7.806142659913152926e+00 1.234049041560277971e+01 7.042668757237669524e+03
-5.432934828753285217e+01 1.997695937104480635e+01 -1.858471487926804855e+01 4.423306574137494351e+01 -5.371335408440956805e+00 2.387608619523269837e+01 -4.093746482995265978e+01 -1.012945618808784864e+01 -1.345966952500826075e+01 -2.778244343215010304e+01 1.851613426955118769e+01 -2.732006661244564683e+01 1.497816494452022873e+01 1.029671892841189219e+04
-4.126825058560363146e+01 2.818218107236863190e+01 -2.915537382281081946e+01 4.605275540118181965e+00 2.918008262015890608e+01 7.737477250190576861e+00 -3.968329336731180490e+01 -3.673774793889317891e+01 -1.630964027726399479e+01 -2.485065992023688253e+01 -7.607663276377787387e-01 2.833688318596474076e+00 -1.552490837376372212e+01 8.337510893305496211e+03
-3.473490999292074122e+01 1.915760187421687988e+01 -2.614727939068990281e+01 -6.829820199113439294e+00 2.577093138082070567e+01 -2.353479069404390334e+00 -4.931981057869116114e+01 -4.152662573337236296e+01 -1.462672508929124326e+01 -1.925116311947792269e+01 -7.427025071393129174e+00 2.035804567401687137e+00 -1.359582571289035258e+01 7.959138520310468266e+03
-3.072660461442114865e+01 1.431915933073049985e+01 -2.244066060879065105e+01 6.882066351099218604e-01 2.741631846764443026e+01 -1.658967460633202773e-01 -3.913614192640201850e+01 -3.022461611406959392e+01 -8.946977861304524993e+00 -1.602942007790711898e+01 -9.510445558970534563e+00 -2.277639493217783695e+00 -8.287299176369657516e+00 5.351372761091914072e+03
-3.179805549676514431e+01 2.249230731807520911e+01 -3.186310811790464825e+01 1.070056486002741991e+01 3.405672010333852029e+01 -2.425942841594205479e+00 -2.963414529029843081e+01 -2.305874560225802128e+01 -6.307736121999316659e+00 -1.547728951756851501e+01 -1.102825259980234840e+01 3.930207747126474693e+00 -8.607687587257965234e+00 5.712908867562890919e+03
-3.092359204225908798e+01 2.268930081028371859e+01 -3.666998006727936854e+01 9.325916278888646715e+00 1.636828570878942912e+01 -5.666943757259342185e+00 -3.361668706510705107e+01 -2.046513474586595294e+01 -4.200381168223938033e+00 -1.735101709551610938e+01 -1.339103425271406467e+00 6.303101658582757949e+00 -1.083638677448163534e+01 5.229322049658830110e+03
-3.114683007935809300e+01 1.583458921144169373e+01 -3.526482999159788534e+01 -1.200052471607538696e+00 1.534404141046266012e+01 -1.523555490832773707e+01 -3.534414846294836821e+01 -2.787839537464486739e+01 -1.556248476516851653e+01 -1.575764578489627610e+01 -3.645942435772933976e+00 -2.727855530861930777e+00 -1.260091432863069194e+01 5.629894565873119063e+03
-3.488775573576810274e+01 1.923983927778164116e+01 -4.079751927233360931e+01 -1.973677036448613364e+00 1.640434111420842456e+01 -1.175670610686483286e+01 -4.579648730898622944e+01 -3.023736106354305875e+01 -1.366157544620140563e+01 -1.986422701392514156e+01 -1.898318767445538402e+00 4.264140865929898716e+00 -1.162033133310052868e+01 7.412643465629208549e+03
-3.299740549790050181e+01 1.669218683718891327e+01 -2.690404083618551212e+01 -4.405775261302546042e+00 2.620897220136971839e+01 -1.735326886840303118e+00 -3.737911815686664596e+01 -2.215915740220987118e+01 -5.384775126529382838e+00 -1.303088615496979941e+01 -1.893929423868490058e+00 4.190644703708819918e+00 -1.013195978499055805e+01 5.011449332113068522e+03
-3.206341634244144245e+01 1.539504253663065292e+01 -2.663725620265795868e+01 -1.406521622143010353e+00 2.251530417645578197e+01 -6.314038157382025673e+00 -2.911137847523998090e+01 -1.437854395243262573e+01 -8.050601820990111790e+00 -1.306222643456146315e+01 3.449727273167436437e+00 3.215451786244991617e+00 -4.788438529375658170e+00 3.858215447371306709e+03
-3.746300789378195617e+01 2.485212421201037358e+01 -3.161221308185454504e+01 1.460081092831940541e+00 2.487471279469974306e+01 -3.716695496608514393e+00 -2.698282711118902455e+01 -1.719301474121788331e+01 -6.298036539612954954e+00 -2.309849031539246411e+01 -6.692509012369360910e+00 6.283827917048228073e+00 -7.708128604486160995e+00 5.395703703725941523e+03
-4.551852856233525557e+01 1.715788128588940253e+01 -3.731254047552774011e+01 9.940705374039980891e-01 5.483386353956007930e+00 1.022757629303663229e+01 -3.661616078274475683e+01 -3.022309195069324517e+01 3.415775933201155024e+00 -2.475982747634507319e+01 7.856209786451849197e+00 -1.170636157901254748e-01 -2.157600016172618140e+01 7.300366646898445651e+03
-4.431833809620953701e+01 2.679602981774226222e+01 -3.389508640074295442e+01 4.387817781487592939e+00 1.803202022197558207e+01 1.512133994937541637e+01 -3.466442336274744207e+01 -3.060973981978457914e+01 5.625971103492173775e+00 -2.631388249854403583e+01 6.641458809803313379e+00 9.263195737243979266e+00 -9.904034301733945611e+00 7.494736855500891579e+03
-4.278477524991695446e+01 2.175001406681375471e+01 -3.754390844536909100e+01 -9.589553023956744582e+00 2.705702050851575891e+01 7.387543545920423504e+00 -4.511766758921924492e+01 -3.772073051288795398e+01 -1.133401282839552060e+01 -2.630493588460270971e+01 -3.517262869768551514e+00 -1.929654229449995206e-01 -1.344298278251882728e+01 9.063751949732244611e+03
-4.044081419951778145e+01 3.222307263061001237e+01 -4.014110094812706109e+01 -7.076795516277726961e+00 1.000004693048707871e+01 2.122834923599459955e+01 -4.632000784554137596e+01 -2.028786784427190426e+01 6.817364861085170036e-01 -2.309529632014816869e+00 2.250558978533193866e+00 3.408509097735239468e-01 -1.855978624088444828e+00 7.457383884828645932e+03
-3.565316981424624032e+01 1.904498349933142975e+01 -2.645489038038799734e+01 -1.269616231706232412e+01 1.098782577148016060e+01 -4.850437209725708687e-01 -3.409142682057292006e+01 -3.645827624596654459e+01 -1.019768639079114614e+01 -7.005810428382788224e+00 -5.592634267997567576e+00 -1.343071815237784605e+01 -1.342232015036096548e+01 5.652207162844512823e+03
-3.801074882923109755e+01 2.829392771487977498e+01 -2.672330399077833363e+01 3.711958361222622571e+00 1.321555990134934966e+01 1.106777290605779784e+00 -3.582028397458579860e+01 -1.769432553711524392e+01 1.515485311904103050e+01 -1.151400055675505740e+01 1.273258208620050169e+01 -2.239186198717288079e+00 -2.674015989952638250e+01 5.989745397610526197e+03
-4.139789504976613443e+01 2.012118403635646757e+01 -2.324701542316692127e+01 5.896891516359193730e+00 8.165860498234410514e+00 -5.388850741152395152e+00 -5.808996144682572549e+01 -3.318695485630124153e+01 1.904570510794587612e+00 -3.689434126818510151e+01 -6.890818076454658048e+00 -1.616215658790003928e+01 -2.692786331012984746e+01 9.664011708959495081e+03
-4.277465502361403082e+01 1.905376836079925340e+01 -1.720526927989822852e+01 2.222917677595824593e+00 1.942658467301474801e+01 9.746741686326231502e+00 -3.975657156460712116e+01 -1.197252991506209518e+01 1.061774155462151548e+01 -2.237636634613119924e+01 2.858999058562082807e-01 -1.160890322400267394e+01 -1.895041020139424859e+01 5.797402102026470857e+03
-4.884842217472655790e+01 1.162687617391172701e+01 -2.387727060438475490e+01 -4.158008107758455196e+00 1.411155299615412773e+01 2.030785401384583011e+01 -3.056856430979461692e+01 6.133914095888249207e+00 7.588548883404389933e+00 -1.267152729919367538e+01 1.029904924033338176e+01 -2.954078688766171013e+01 -2.022137008563444027e+01 6.298158561758998985e+03
-5.257540742697599256e+01 1.525454055142976451e+01 -2.270691458675334928e+01 -2.882217679268570976e+00 2.156158142505307751e+01 2.311140775680694759e+01 -4.636862235990453485e+01 -4.773534333804247076e+00 -3.015578018790852965e+00 -1.171577253580059796e+01 1.317311862579226833e+01 -3.732207735747751798e+01 -2.259759530103239200e+01 8.916133216884580179e+03
-5.763420959923111297e+01 2.098154984016941071e+01 -2.150576571820258565e+01 4.202472813553857378e+00 1.035988109819722958e+01 1.928067239099644326e+01 -5.859021126297467674e+01 -2.942739595080796633e+01 -1.079351896812024236e+01 -2.036339546432725456e+01 1.398360008266089594e+01 -2.566337835706762505e+01 -2.478631223036055786e+01 1.101962149970431892e+04
-5.674995161316375913e+01 9.463116563299585948e+00 -1.909297088603250714e+01 7.456501613657253724e-01 1.071720546983865852e+01 1.415163324274360157e+01 -3.999969437533184191e+01 -2.817998058648591808e+01 -1.292169854615747404e+01 -1.606191520675763584e+01 3.217449667499322263e+00 -2.128409116104803900e+01 -1.032882242948627471e+01 7.379423692220988414e+03
-5.689568684361761797e+01 7.818376415944088720e+00 -2.944864109139715680e+01 1.116212824634647482e+01 -1.879969606541153126e+01 1.909341731105728712e+01 -5.642735462545145708e+01 -1.101605739026537734e+01 -3.392534968994009859e-01 -1.133056035601035738e+01 3.070285960146719972e+01 -1.326218652111457175e+01 -6.128721156276785820e+00 9.598057880480300810e+03
-4.837325741254013423e+01 2.246651928186884639e+00 -3.153288512238127694e+01 1.512845644046576865e+01 -4.427168119553803294e+00 8.056737139593787234e+00 -2.900659600556272721e+01 -1.558109843882145462e+00 2.694291408981565716e+00 -1.278182369684815889e+01 3.077499568841808752e+01 -1.367232697926189999e+01 -6.972693100883113004e+00 5.849819221952420776e+03
-4.855870372343152752e+01 -1.914703729983325831e+00 -4.679188399236988261e+01 1.761583358693841461e+01 1.283339599401496578e+01 9.674786435415125396e+00 -4.252596107267124381e+01 -1.752363714547114881e+01 2.826464382865352398e+00 -1.444566799342215724e+01 3.026894520176041681e+01 -8.533193245581088604e+00 -4.192834881270780301e+00 8.458515087081294041e+03
-4.407587673649810256e+01 1.407853858382176782e+01 -2.110753491850143604e+01 2.213274072312748331e+01 2.386569737437668692e+01 4.216785621236389225e+00 -4.631279434080009594e+01 -3.077772469702326674e+01 -1.383719648447575601e+01 -2.620448125516043092e+01 4.940755489485516350e+00 -1.878776283104209455e+01 -2.791330519966387413e+01 8.790456998893865602e+03
-4.621425470871585617e+01 2.917826961058205981e+01 -1.552187999691529896e+01 2.154237434534561402e+01 2.574306974874388132e+01 5.929122544273137230e+00 -4.663760643998043776e+01 -2.228326969729808482e+01 -6.169308568364005652e+00 -1.760243712037616604e+01 8.481898204196033575e+00 -1.119218941040322157e+01 -1.420002044926470397e+01 7.808356426402964644e+03
-4.994905599127933016e+01 2.232162474309913236e+01 -2.684126633557117003e+00 2.034484385882538859e+01 2.017561825907775130e+01 -6.962723841264561564e+00 -4.326856323715270491e+01 -2.497374300608247921e+01 -1.837773482034080175e+01 -2.096356827181959304e+01 2.374434009717485763e-02 -2.384444913779204533e+00 -1.465659314023293902e+01 7.363386028416595764e+03
-6.047919058350186106e+01 2.164161549463891987e+01 -1.650395645303563441e+01 2.950823291315409591e+01 1.755098032695364196e+01 1.102823159368697326e+01 -4.582898578419302993e+01 -2.153138704672578285e+01 -1.514570092231490150e+01 -3.758938139546997803e+01 5.510404836916555027e+00 -1.846391195713915678e+01 -1.681098624379931294e+01 1.055900748663799641e+04
-6.376555578852790518e+01 2.121765757275602482e+01 -1.589147969376248426e+01 3.232393635400749332e+01 1.416086368833343911e+01 6.529139127486366156e+00 -3.057604316616916762e+01 -3.222609937264048341e+01 1.197229078877793951e+00 -4.044447862813769490e+01 2.703257789350079321e+00 -2.768026760857147295e+01 -3.242004319571046267e+01 1.149193992812890610e+04
-6.433420597596871460e+01 2.264936778326885047e+01 -1.108761882992236103e+01 2.374571751793907382e+01 1.370743356001092828e+01 1.078380493845672916e+01 -1.696698467750974615e+01 -2.184144002956010766e+01 -5.301818661743190830e+00 -2.908387857934334164e+01 3.423050336110838643e+00 -2.014421802669803796e+01 -1.898046761123391590e+01 8.059535785255861811e+03
-6.693819000635539851e+01 2.468295680381059043e+01 -7.518012277889956962e+00 2.204209547204434472e+01 8.751379936605987453e+00 5.977959149356379065e+00 -2.291719827192327585e+01 -1.852180493905967751e+01 9.933355994742536055e+00 -2.776367283072526604e+01 4.585088792307135286e+00 -1.574308456450448901e+01 -1.421081405685045773e+01 7.953230077903059282e+03
-6.896452753755168885e+01 1.867661341550899579e+01 -7.798747336893365301e+00 2.612889719838142710e+01 5.611636607391822018e+00 1.202870369526933914e+01 -1.730324917793427275e+01 -1.291888358957913674e+01 6.919634076088263974e+00 -3.764833284510154954e+01 -9.722595094538860394e+00 -2.981498066951282411e+01 -1.771347889799857711e+01 9.253449403423297554e+03
-6.913955942449027248e+01 1.733531611217501833e+01 -9.294742329654898327e+00 2.384867207864441951e+01 2.247453123128271280e+00 7.557362605373675102e+00 -1.847362338471877052e+01 -2.790522691017008938e+01 3.398245658984933915e+00 -2.153752048433429778e+01 -1.666371612263478630e+00 -1.884878072578096919e+01 -1.574333205973321625e+01 7.999403177682999740e+03
-7.099826244076261617e+01 1.099236575788217074e+01 -2.105155311805818030e+01 1.877051556490870965e+01 -3.344670612653013908e+00 9.511395280035260802e-01 -2.098402461846748679e+01 -2.111152946409631781e+01 1.785685397877139025e+01 -2.750215957953341928e+01 -7.938820119724866231e+00 -3.098935568516494143e+01 -2.001148507854290060e+01 9.354263552509144574e+03
-7.041947105339234270e+01 7.083644137849016253e+00 -2.970820250080994285e+01 7.858971849676065879e+00 -1.708884448861145344e+01 -7.558743775203125459e+00 -3.515284130635320992e+01 -2.982915793717702257e+01 -8.075187918165748213e-01 -3.581067622981566956e+01 -1.642288162475545832e+01 -3.532981122686858555e+01 -1.041273165618413010e+01 1.133747298200661862e+04
-6.637054868145931152e+01 3.228905775795683386e+00 -3.413599986262758534e+01 2.577277504042304823e+00 -7.010017500574599048e+00 1.153984323261565414e+01 -1.543175923882011347e+01 -1.947436253171169085e+00 -2.322163391174972613e+00 -7.420216785277570892e+00 -6.296209002904255669e+00 -2.087307304061412339e+01 7.898692316522598844e+00 6.609793265331849398e+03
-5.729951741354967254e+01 1.941595263960150319e+01 -1.699606494524294220e+01 1.635135482262639073e+01 3.130226876014314819e+00 1.298271273346719212e+01 -2.442610865120528274e+01 -2.247156199999973580e+01 -3.033374152544259061e+01 -2.738357134683280236e+01 -1.307216423986193199e+00 -1.947030062643289483e+01 1.065613176457006706e+00 7.548334781006738922e+03
-4.206907154404618865e+01 1.939304207420977733e+01 -2.633411217165222240e+01 -1.297610090967187624e+01 2.629064162684748140e+01 1.356264318926252344e+01 -4.964969006640654925e+01 -5.977424297985483292e+01 -3.644443380764175089e+01 -2.683686771293517026e+01 -1.442433287971802613e+01 -1.335383719645084888e+01 -1.945936445111001944e+01 1.273442393102934147e+04
-3.409681554830806505e+01 9.024895964215586375e+00 -2.536663685182651662e+01 -2.874726468237738697e+00 3.556423045569400898e+01 1.674993476099658807e+01 -3.711492379109510864e+01 -5.525623807575640711e+01 -4.081800168332706846e+01 -2.546168503627355761e+01 -7.438748298687829497e+00 1.964649600716392719e+00 -4.002532922289187667e+00 1.026153787225203632e+04
-3.830617521685503135e+01 2.518248934479410295e+01 -3.264437550571043545e+01 -7.264645363021553948e+00 3.321440658102303445e+01 9.406204117723680369e+00 -4.250712733535846155e+01 -3.956568682239417001e+01 -2.018208083632314853e+01 -2.194905217683262677e+01 -8.882773266238054077e+00 -5.478149662688180044e+00 -1.051975265209805777e+01 8.892580341052038420e+03
-3.317115028648984776e+01 1.037074968913358042e+01 -2.444038653429448615e+01 -4.536828400299445896e+00 2.362731702178050597e+01 6.991832775251583421e+00 -3.029797530908299308e+01 -3.595876116476955531e+01 -2.108357029645860337e+01 -1.753831434623710450e+01 -1.626069340514009198e+01 -1.523223168207276856e+01 -1.594747973710616407e+01 6.146791162413448546e+03
-4.463280237630826974e+01 2.338548711628454058e+01 -2.069393549991910675e+01 1.032889864759142107e+01 2.846820619387429119e+01 2.642390465179775205e+01 -3.218817596057763097e+01 -5.698139121978514510e+01 -1.315501364403005091e+01 -2.771615298474712574e+01 -1.734806779867902193e+01 -2.822349672734324688e+00 -2.240114830757598696e+01 1.061748436710037095e+04
-4.318168584720015701e+01 1.789863931392858021e+01 -2.473892281258246229e+01 1.538864196507346271e+01 3.777938136972561978e+01 1.133044103543967118e+01 -3.077187540474970362e+01 -3.944273462773152517e+01 -2.266000061420288603e+01 -1.218816584084357757e+01 -4.807879197940880367e+00 -1.291198371549331370e+01 -1.370005819637396449e+01 8.131695701763139368e+03
-3.711785633982158572e+01 9.116896543341884041e+00 -3.505358885166086935e+01 1.608234517014214049e+01 2.654491490451667701e+01 5.024325978840748164e+00 -2.858889467146955710e+01 -1.527840778897800789e+01 -3.475445017985115470e+01 -7.437533840250360129e+00 4.591165464547063202e+00 -2.243049044316266105e+01 -1.320903493803110340e+00 6.518019186143108527e+03
-3.519942071570650910e+01 -1.533800122886659123e+00 -3.972743609266316867e+01 2.296448318315771431e+01 2.767831187131603343e+01 2.096364322399160685e+01 -3.924084443449621062e+01 -2.058912253002037929e+01 -4.130555466607442838e+01 -1.428184967105076142e+00 -4.179839468914324563e+00 -1.162178580730107313e+01 2.902676266239355929e+00 8.385458603077209773e+03
-3.241359176946671994e+01 -1.044277860987594586e+01 -3.848086527571717852e+01 3.062422797201276836e+01 3.383842968697381082e+01 2.493928417925643615e+01 -4.231620006336901696e+01 -1.743622205442517981e+01 -4.627944231536910280e+01 3.776647342959220222e+00 -1.039537892739715730e+01 -1.979230742598253556e+01 3.871423212661047608e-01 1.009600179577085328e+04
-2.996066754085598305e+01 -1.278140641000169708e+01 -3.513458025059046008e+01 1.294521312759165532e+01 1.955571957150638340e+01 6.890567168451111613e+00 -3.499986595140668300e+01 -1.084569295661034971e+01 -2.083514044414110700e+01 3.704138243930920282e+00 -7.852391956249453742e+00 -2.551734570052924767e+01 -3.610552828726981911e+00 5.409203778024278108e+03
-3.426776433748288042e+01 -1.708181256021841321e+01 -5.079662541509175355e+01 2.666681463789020512e+01 1.479471142313832033e+01 2.597747075236203429e+01 -4.853353931428773649e+01 -1.377574509734161090e+01 -4.804275153515585828e+01 4.760155692869053823e+00 -2.198001942218037641e+01 -2.720829867661272061e+01 -1.124122080324509376e+01 1.187701508677822676e+04
-3.425177969913185194e+01 -1.627281457280234989e+01 -4.798938020982230768e+01 2.562951532934966892e+01 3.399792125731386783e-01 2.935663429925310908e+01 -3.582276776140756169e+01 3.947656109371567190e+00 -4.004459893389254432e+01 2.554575724353183119e+01 -7.045255698337180128e+00 -1.562654966893090780e+01 4.558352929594093439e+00 9.129382698472612901e+03
-3.125967218613813614e+01 -1.491979557120534849e+01 -3.831045112437708156e+01 1.053896711114016149e+01 1.197381479556585049e+01 1.466399300886920543e+01 -1.661887446774284172e+01 4.966420726467053015e+00 -1.051164006146596464e+01 2.029419302446645190e+01 4.526140795317432186e+00 -1.316224778904291171e+01 6.236513411942232743e+00 4.192758817516564704e+03
-3.833803017088306575e+01 -1.818378278492725286e+01 -5.773220608905289453e+01 3.697577069605137723e+01 9.689072702865360043e+00 4.806856682497503641e+01 -6.025886660372226800e+01 3.057695417080563249e+00 -4.490159360137641897e+01 2.352499345377608364e+01 -2.365712375518214117e+01 -1.394394945659226082e+01 -5.932658434466269171e+00 1.590448359616555899e+04
-3.523150791032490048e+01 -1.887759820591864113e+01 -4.363192658490514475e+01 1.567218291116184758e+01 1.611844512873413393e+01 1.827703629108144412e+01 -2.033029113617936900e+01 5.970708322820692082e+00 -1.656257096190640610e+01 1.481256088559244510e+01 -4.160369744851531770e+00 -1.164256425222231073e+01 -6.378402200819007106e+00 5.477082333156371533e+03
-4.148897371795663247e+01 -2.363334692420308869e+01 -5.009127856821638147e+01 1.717118743653120561e+01 1.490710414710223475e+01 2.483769903558869174e+01 -2.869723599600117581e+01 -8.802335890076431468e-01 -2.310145800614843381e+01 2.026557160722790485e+01 -4.827927750779088534e+00 -2.215578207509760134e+01 -4.804570096742639684e+00 8.228937320122609890e+03
-4.061452657655869558e+01 -3.648835582436248171e+00 -3.821265070478145276e+01 2.663642767136144229e+01 1.007216583195629767e+01 1.126768410441627388e+01 -4.354766960734749404e+01 -2.156105162971404354e+01 -6.015349397875632320e+01 4.456176937705141200e-02 -2.600314973647562766e+01 -2.590136012576591185e+01 -2.413484879900384783e+01 1.197022743109271323e+04
-4.206074481373585172e+01 8.813641413545076020e+00 -2.966658096671883982e+01 3.255105530955497528e+01 1.109548165429559141e+01 1.380547153802192639e+01 -2.385762446115742819e+01 -3.206749110905307276e+01 -3.271187706579489429e+01 1.616323407210810581e+00 -8.514247628453787797e+00 -1.251178905850554202e+01 -1.709665862087202948e+00 7.002314383767647087e+03
-4.886779076680377187e+01 1.078789638920970617e+01 -3.597299401727078560e+01 3.625652749202890845e+01 9.524895963886017114e+00 9.950452204269872425e+00 -1.684414613970854546e+01 -3.003481613597882927e+01 -2.210068097413418187e+01 -1.527490225683840563e+01 -1.796256033140758390e+01 -3.583190157511587159e+01 -1.293961885993430272e+01 8.984357567834545989e+03
-5.242497051306325773e+01 8.655802266044251070e+00 -2.747502384405202847e+01 2.970409057911841089e+01 1.671697467040754503e+01 -1.935049018659612319e+00 -2.382050485860413858e+01 -3.313298928347636974e+01 -2.015302851294617525e+01 -6.987478344139814723e+00 -6.563332622658513138e-01 -3.962348044612276965e+01 -7.537037571986819451e+00 8.491150789171928409e+03
-5.634608903316440376e+01 9.606427275220458029e+00 -3.940176043499210579e+01 3.473166636994218948e+01 2.103046920680129617e+01 1.541730667622449680e+01 -1.739565926489919079e+01 -2.302336552575068751e+01 -1.485803560687184266e+01 -4.670329518328980356e+00 9.599391983372141723e+00 -2.968270234874742286e+01 -6.953054872890635174e+00 8.802740187281684484e+03
-5.887567266444047931e+01 1.199286312313880032e+01 -3.158811261995822051e+01 2.806018041795463702e+01 2.009493035927902937e+01 1.619515970659363546e+01 -9.463600845044794596e+00 -1.837881803036163575e+01 -1.173087904169208606e+01 -1.766756831356507362e+01 9.225676466131380385e-03 -3.530341301645033525e+01 -8.820146185590443721e+00 8.262668826437507960e+03
-6.156599088870926550e+01 5.286404804180570238e+00 -2.264576121396693154e+01 1.879688945822990576e+01 1.536367727336268807e+01 8.271990200313135588e+00 -5.246040807943998630e+00 -1.373385109624350164e+01 -4.255746327513057814e+00 -5.410967162682143616e+00 2.653285382962790262e+00 -2.086371249067088485e+01 3.915529978972114744e+00 5.710134615126553399e+03
-6.636138366956247125e+01 9.760961531212224429e+00 -3.306039338628792024e+01 2.346382816299711394e+01 9.140608016335095343e+00 1.440465444091446123e+01 -1.312788591900136126e+01 -1.981491244908849580e+01 9.666042008906527983e-02 -4.057811018604672881e+01 -6.050821282545874702e+00 -3.476334842874311448e+01 -5.132945150587603367e-02 9.890365220401105034e+03
-6.916120890013876021e+01 5.821567423082297132e+00 -3.581799869196144925e+01 1.628492740542233363e+01 -5.281047229582932268e+00 1.137926661472375400e+01 -2.726150912257749859e+00 -4.255734211396806077e-01 2.289528838192554261e+01 -2.177830309181644708e+01 5.156561888871375565e+00 -3.117077664137196180e+01 -7.220268098247765387e+00 8.579109968751778069e+03
-6.344947336616750988e+01 1.092040273088291258e+01 -3.444635805837410913e+01 5.639360136421025516e+00 -1.438535960566435890e+01 1.236684909725634363e+01 -9.523463196253823426e+00 2.899187963627328557e+00 -2.229666772350926252e+00 -3.099675577965296114e+01 8.533740669019543645e+00 -6.645057687119740208e+00 -1.131828791996744243e+00 6.906456842824872183e+03
-5.709581074779902821e+01 5.889659778285909475e+00 -4.288902910953060399e+01 -1.089764264223488865e+01 -1.049769978173551799e+01 3.105621777163065644e+01 8.064997785513277506e+00 -5.779606063665178262e+00 -1.269382732292010374e+01 -3.089350779320479390e+01 9.998832270855395166e+00 1.010106857959488735e+01 3.789202982211836268e+00 7.757893897230049333e+03
-5.423015217874701221e+01 2.902201028774720015e+01 -2.984978223615557980e+01 1.504135422945932099e+01 1.823775041802343511e+00 5.090515799839394617e+01 -5.587508850535739313e+00 -2.819500793163402719e+01 -2.226986786145344865e+01 -3.200522128666437283e+01 2.040389828947523654e+01 -4.089696116656430291e+00 -1.518432853549955475e+01 1.050516803372120194e+04
-4.814910790631317639e+01 1.892080296323068112e+01 -1.062382501126399958e+01 7.368356730912721808e+00 1.553626939238543692e+01 1.377837289342986082e+01 -2.259152359779469421e+01 -4.442383893384013049e+01 -2.034313198763343600e+00 3.185261125411760652e+00 -4.959704633327801204e+00 -9.094803506333336784e+00 -1.684396231823853896e+01 6.163882852118423216e+03
-4.834516522173318265e+01 2.026104528723578468e+01 -1.452430996913233230e+01 8.202935026478112235e+00 2.450482229922483768e+01 9.647198550073765588e+00 -3.910244299464005024e+01 -2.975342043606237041e+01 9.032214754721211492e+00 -1.726210804494092343e+01 -1.137819743275322892e+01 -1.604423573069416964e+00 -1.775073801018606190e+01 6.960518040408873276e+03
-4.926604468294134165e+01 1.896048257192818554e+01 -2.141555080593304794e+01 2.008109537929730948e+01 3.540447259357313214e+01 4.121113397722019123e+00 -4.088876106235579044e+01 -2.535526236691891455e+01 1.083453499374728324e+01 -2.059467656849507478e+01 -2.021133200521162365e+01 -9.480423322821017962e+00 -1.129888527580519231e+01 8.401328659963815880e+03
-4.999701545208195341e+01 1.219925479495568510e+01 -1.335046396506486310e+01 2.072567607349168739e+01 2.674272885032875990e+01 -6.318801122804181603e+00 -3.884270630876373787e+01 -2.131517279449987967e+01 9.504300561864932106e+00 -2.039457674348684080e+01 -1.834510533842836466e+01 -5.117135463540471996e+00 -1.424611831458553723e+01 7.046455469073458517e+03
-5.493564150648403910e+01 2.149802382878218765e+01 -1.329895540042456048e+01 2.274937688284312642e+01 2.621223560959908738e+01 1.914615273593502920e+00 -2.956414043283199788e+01 -3.322605814692447979e+01 -7.293145225101271834e+00 -2.720348669803983199e+01 -1.167749084285411953e+01 -7.173820685478599302e+00 -2.703564174557268984e+01 8.555215562398110706e+03
-5.438472996217969779e+01 2.196673550849116197e+01 -1.219762581216195763e+01 9.008784663865320397e+00 1.682597350882382159e+01 6.445484927830874566e-01 -3.158657221942256399e+01 -3.160731657039064402e+01 -1.260583636056616541e+01 -2.125482132826426707e+01 -6.674044388353628676e+00 -1.333167073666150770e+01 -2.448178211110690228e+01 7.382747939675499765e+03
-5.885746092009708264e+01 3.288515440187413930e+01 -3.147534387085306307e+01 1.079489309524189444e+01 4.588929475013066472e+00 -6.444328904534102342e+00 -3.665481616826895106e+01 -5.418689159904569408e+01 -7.130648809154512158e+00 -4.087437533036105464e+01 -1.132168043550013437e+01 -2.388275164682259799e+01 -3.314821174388625025e+01 1.351417441998642062e+04
-5.839968117901010913e+01 2.959862478034477107e+01 -2.148474917813467755e+01 1.672742111113996444e+01 2.212789361088271178e+01 1.236583890323901791e+01 -4.220366735138134828e+01 -5.050674293744795307e+01 -1.226194522979948509e+01 -3.043767926184928996e+01 1.065230579374711439e+00 -1.706244164723393908e+01 -2.240644200460199897e+01 1.187375857658924542e+04
-5.501840589461161812e+01 1.985625896497617404e+01 -8.744592310380484790e+00 -4.092605674936597993e-01 1.082613983522444734e+01 1.899609235019110498e+00 -4.605583678881281884e+01 -4.954026436783227894e+01 -1.696618872706971359e+01 -1.486793054925247404e+01 -1.670756117974733002e+01 -3.391897795869678589e+01 -2.133603881848236128e+01 1.058789624862666824e+04
-5.419518969703173639e+01 2.383144217941542564e+01 -6.747539552995988288e+00 5.831496937017149662e+00 1.422942132727463971e+01 4.684993516558720650e+00 -3.112637279269727841e+01 -3.745838824797136368e+01 -4.422756734730578287e+00 -5.572226695943418129e+00 -1.298747390756868825e+01 -2.225772629269700076e+01 -1.413463733325990823e+01 7.095478716367548259e+03
-5.856637293041089265e+01 3.372576020643309391e+01 -1.794638460181747064e+01 2.255184775278034692e+01 1.310631280849694313e+01 2.321798221863262768e+01 -3.351208144745027795e+01 -5.295648016465842289e+01 6.267375178345093722e+00 -1.674739014066770082e+01 -1.721816998064836790e+00 -2.182307233711545180e+01 -1.173432283382178909e+01 1.097306456570006048e+04
-5.336384467117716923e+01 1.807287457872830316e+01 -8.593837955353851754e+00 1.177768806157142123e+01 2.881535422944585889e+01 1.141279610088879437e+01 -3.161096791257323346e+01 -4.429193048202279215e+01 -1.150734066569492597e+01 -8.436697027542464866e+00 -1.184673200941997706e+01 -8.264882803248699616e+00 -1.129709083701607675e+01 7.848376007274653603e+03
-6.013346841085079575e+01 2.843594776174556671e+01 -2.352794138247272926e+01 2.190999977558520584e+01 2.580225482290694572e+01 2.694976880851191936e+01 -4.137085017671272169e+01 -5.745143301565754257e+01 7.282839524231551565e+00 -2.784137059145271564e+01 -1.640148405451616043e+01 -2.571242325846911925e+01 -1.867718735802909080e+01 1.396966644133224509e+04
-5.434138050212816751e+01 1.230281790109059514e+01 -1.137116549456193404e+01 7.845726510470329096e+00 2.593274692016788308e+01 7.310129349419071332e+00 -3.569720520929648444e+01 -4.843088216525261203e+01 -2.241525944404025239e+01 -9.215317322306900039e+00 -1.205209961342145064e+01 -1.684231860821441984e+01 -8.767944370602974047e+00 8.734149532329078284e+03
-5.807624264732211827e+01 2.892999996302109977e+01 -2.919410112117693501e+01 1.621431490452304658e+01 2.988824481437165304e+01 8.744624469160818592e+00 -4.701157844810252584e+01 -5.598387030074852078e+01 -1.156540983513357901e+01 -3.864037334229664822e+01 -1.357356155699532785e+01 -5.748339499118334750e+00 -2.838798367882081308e+01 1.428905203758550670e+04
-4.606251506695655706e+01 2.526928050413456006e+01 -2.593063522911115015e+01 1.536788464538145682e+01 4.541527923462488303e+01 -7.936096997971839873e-01 -5.320160242188121202e+01 -3.247956796978486693e+01 -7.822968778664923128e+00 -1.948638074273901211e+01 4.980877040715203208e+00 2.620772369682336844e+00 -1.860621707961583837e+01 1.043615856630871895e+04
-4.182566095516251181e+01 1.638245078992025583e+01 -2.389429013615305664e+01 -4.747024824190860137e+00 2.616947526870446694e+01 -1.246241398069957462e+01 -5.343601946906350264e+01 -3.170100995471264937e+01 -1.525561858545500193e+01 -1.632394475372336373e+01 6.632752337011743826e+00 1.007354658535764180e+01 -4.105185273236327426e+00 7.973284722171699286e+03
-4.119492994753380799e+01 2.481450516125530470e+01 -3.278714367906454896e+01 -9.504270818454534364e+00 2.447590212275317256e+01 -1.191058225507281421e+01 -5.762112096439307152e+01 -4.065209249077008735e+01 -1.679837236438550363e+01 -2.707498497158966799e+01 -6.790000233099281246e+00 2.816376603496323128e+00 -1.397969223939573524e+01 1.045653583440191323e+04
-4.684870689108842612e+01 3.990007101043717341e+01 -4.752827908006695168e+01 -9.997865105342762959e+00 1.577474205348382164e+01 1.200069038748977857e+00 -6.110204474178545553e+01 -3.168540266521440074e+01 -1.719015471619473601e-01 -3.329544074630928208e+01 2.226549351620584360e+01 1.920667188678482518e+01 3.129810926134997562e+00 1.311647897677112633e+04
-3.865943156576899753e+01 2.321345143436475311e+01 -4.262263604882787860e+01 -2.684587151971103225e+01 1.269791261540089344e+01 -1.129107924285995068e+01 -3.805308523396436726e+01 -1.067179834998722221e+01 1.619332804750162946e+00 -1.629292719910989362e+01 1.687563410584217216e+00 1.806710680136083980e+01 5.703340486165461520e+00 7.051333955576398694e+03
-3.395716166745135212e+01 1.257269863030176005e+01 -3.213766572275645217e+01 -1.952066582133475947e+01 3.631132826253989698e+00 -1.533646776554222413e+01 -2.759246546012150603e+01 -7.740738283607624837e+00 -1.066022512749783768e+00 -1.179006364386423655e+01 -3.538193170563785017e+00 7.819754695560155788e+00 -2.117905865448062919e+00 4.012997984432320663e+03
-4.772791937979384613e+01 4.983848764392917019e+01 -6.563138753133270598e+01 -1.741663598170348948e+01 1.459533107531880525e+01 -2.165050533035925895e+01 -2.163846595917866367e+01 -2.559928302251456067e+00 2.445592737223507385e+01 -2.555874377575480594e+01 9.420166353970461870e+00 2.327769221104401609e+01 -1.458364605012588555e+01 1.262380687735725951e+04
-4.530626048600777267e+01 3.745126501847408207e+01 -5.178314647962690742e+01 -3.518159967181232162e+01 9.941763196904233268e+00 -2.345107314401245091e+01 -3.924279197430571031e+01 -3.410775765974083384e+00 -3.775724055213434571e+00 -3.412829241298219785e+01 -8.614689731763148117e+00 6.582955974504258734e+00 -1.899933109551117028e+01 1.123243451162246129e+04
-3.395575442180847148e+01 1.751460620149020997e+01 -2.330735145292182153e+01 -1.769214772937146307e+01 3.189281372190176711e+00 -4.700943644789278508e+00 -9.403931072771754884e+00 6.240258044583930186e+00 1.030092942987119820e+01 -3.725781224506508615e-01 2.559387681081684462e+00 8.604801839396667873e+00 3.736410607339219592e+00 2.676446344482795666e+03
-4.522392109770904511e+01 4.400799765702218025e+01 -4.879063243796377947e+01 -2.117378468572700712e+01 -3.262878266541834549e+00 -8.516229865447982661e+00 -3.038768778888141142e+01 1.195840498971393018e+01 6.793051263030380760e+00 -2.895310738818723451e+01 5.869959683166428910e+00 8.506089689139344046e+00 -4.408805626261739441e+00 8.971024962028161099e+03
-4.009871828525589876e+01 1.931898144836292275e+01 -2.968974221827244975e+01 -3.172704616561344082e+01 -7.094314033288713794e+00 -1.931547949460220437e+01 -2.894231420142965305e+01 -6.135226144538516557e+00 -3.762988234459764492e+00 -2.700629454644476368e+01 -2.155640800852984640e+01 5.337856075196283356e-01 -4.190759099453089220e+00 6.393958235309830343e+03
-4.656931686792012925e+01 3.427656771300190996e+01 -3.335918795112073809e+01 -2.467820113360344791e+01 -4.876016876685774548e+00 -1.114752974197375579e+01 -2.078942875941821100e+01 7.834295032339722908e+00 2.909766629963595808e+00 -3.401262797305606256e+01 1.964251519657903788e+00 9.799965874962520473e+00 -1.235429782406163746e+01 7.124904779787009829e+03
-4.656938208548439917e+01 3.187329383799744065e+01 -2.746677486529558720e+01 -2.442204545987252473e+01 -5.721500539193629997e+00 -1.312426114332143356e+01 -2.045834696299786870e+01 9.003244992277423364e+00 2.537189020273566076e+00 -3.040982232229403692e+01 -5.376897967385022348e+00 4.207196448936351807e+00 -5.586783525392265304e+00 6.249076719348832739e+03
-4.897920519476522827e+01 3.186977339244016605e+01 -2.552332200468665491e+01 -2.470298881264300306e+01 -1.462367507253925858e+01 -1.586447936155988891e+01 -1.943539289037668283e+01 5.611641697036595211e+00 -8.853348240429536276e+00 -4.250129553970751317e+01 -5.830383359593837689e+00 2.076516904873381364e+00 -1.024926520248597051e+01 7.579175844795504418e+03
-5.041633778838179580e+01 3.248777812516991048e+01 -1.885749420000958665e+01 -1.766234628499805481e+01 -7.838567168393101525e+00 -6.697729054093366052e+00 -1.588671555151376857e+01 7.502477605013468498e+00 3.180663942726602134e+00 -3.651550643182813616e+01 -9.053248143034265283e+00 4.840966774848622478e+00 -2.987557437703933338e+00 6.137624612048522067e+03
-4.611673302281950981e+01 2.820480998644213955e+01 -1.458708597386966410e+01 -1.640106510711656540e+01 -1.204667877754076599e+01 -1.482784890676894030e+01 -1.824993000422296507e+00 1.713299683384783378e+01 -8.820358333906892057e+00 -3.714447671172207777e+01 -4.911870416995756550e+00 1.945898924190612078e+01 5.040586059382316186e+00 5.951597250115909446e+03
-4.627007741643446082e+01 3.123609911276494344e+01 -1.308082840864639707e+01 -1.113149532349407522e+01 -3.785767809739549961e+00 -6.032964341107008854e-01 3.869056919240609460e+00 1.608495794389737910e+01 -2.796081971417230250e+00 -2.407841434729205332e+01 8.559027977209433757e+00 1.988530777019601814e+01 5.553099840210390603e+00 4.787131144632856376e+03
-4.602470700051584629e+01 2.255771782824405491e+01 -2.130516334089851682e+01 -1.188784052766489197e+01 -1.966588892255269228e+00 -2.378448175414696664e+01 -1.762652119637885662e+01 1.113996461950843475e+01 -1.324364682809555482e+01 -4.580311166429514458e+01 -5.189760844954889762e+00 2.583085799337795407e+01 -1.407669440385649784e+00 7.196184725884849286e+03
-4.661955649324447393e+01 2.035321407991808584e+01 -2.261737536970056084e+01 -1.359758583410285127e+01 3.081650762118840259e+00 -1.626277866168848263e+01 -2.444374199825198701e+01 -4.395243643899683583e+00 -1.036261724935102357e+01 -2.137810818353906939e+01 -1.448969111249998276e+00 4.643763125020877958e+00 -7.638316874608428897e+00 4.821280888811843397e+03
-5.711894179927589477e+01 2.614812252114962376e+01 -1.562452509317633975e+01 -5.362370896240530094e+00 -8.440881658864553216e+00 -6.590127443927467965e+00 -1.757017456699496094e+01 -3.556014376987834513e+00 -6.084854819819380811e-01 -3.553387139353574753e+01 1.158899512626252015e+00 2.508560108797412092e+00 -1.120530032624382244e+01 6.051434113231703122e+03
-6.054778044458226560e+01 3.062545396317172930e+01 -1.981056868589912767e+01 3.227297248308882871e+00 -1.535013811266599326e+01 1.750101710050259385e+00 -2.777597373755014942e+01 -7.629176444177638849e+00 -7.789335087586838569e+00 -5.037007478155715745e+01 5.625938668014320854e-01 -3.132583715165135452e+00 3.682205539916375781e+00 8.696731277598313682e+03
-5.997750977175943632e+01 3.251255384502526624e+01 -8.044983517989678035e+00 -1.105539411766110591e+00 -1.823352738410646268e+01 -1.782354363497221650e+00 -2.433598002529605608e+01 -2.324658010671882025e+01 -9.163813150942578645e+00 -3.798059046736593558e+01 9.016425837265611420e+00 5.137188235019953808e+00 -4.482018077141283197e-01 7.822981777953135861e+03
-5.486423407058090618e+01 2.486730444346552460e+01 3.862706963066290800e-01 -6.700997134009411660e+00 -1.108334059043724906e+01 -3.988564235782876111e+00 -1.351414008109617804e+01 -1.366542210909756960e+01 -1.585650994783649814e+01 -2.046590049915668530e+01 5.213175806324464645e+00 8.982191792222451454e+00 6.556812678045827347e+00 5.002775159776339024e+03
-5.971948379180538780e+01 3.676179723523017628e+01 -1.148660125799764309e+01 8.184377359320032852e+00 -1.824907465217011904e+01 2.907167737662829765e+00 -2.456953429678634393e+01 -1.862610029071083417e+01 -2.891204548815976327e+00 -4.924715309669900876e+01 1.095161803519150290e+01 -1.185820197620838901e+00 1.862134527182730181e+01 9.310586257795059282e+03
-5.660394992177008788e+01 2.076815037675953590e+01 1.296098641044078459e+00 1.882744167758247711e+00 -7.309067876019835985e+00 -3.998327963388774275e+00 -2.585544796885673335e+01 -9.788295136161758947e+00 -3.045831771191349180e+00 -2.020905680766805546e+01 -2.597579303455580746e+00 -9.045425789325525656e+00 8.797546456712796115e+00 5.057918863008352673e+03
-6.134972910779477218e+01 2.233141208261676169e+01 -5.190322201655150458e+00 1.454996634008316292e+01 -6.208024382319496048e+00 1.500478918193712197e+01 -3.359107772968697248e+01 -1.618050224131219750e+01 1.594058347097196737e+00 -3.621671023287348845e+01 5.204936525193109453e+00 -1.597451025516557621e+01 1.301217127578907551e+01 7.920758678746845362e+03
-6.366789859152678588e+01 2.297703673449425921e+01 -6.209751830005016515e+00 2.161273334234346066e+01 -1.411039923773450333e+01 1.346753577252657585e+01 -2.409429120935495305e+01 -1.441076091244558022e+01 8.261836094662921681e+00 -3.919591886894151855e+01 1.885436759156128872e+01 -2.858732957573372246e+01 3.007658856562072991e+00 9.042246166848655776e+03
-6.502445772084463727e+01 1.941515030970929345e+01 -3.183324792067796505e+00 1.840853165702219130e+01 -2.836966092342082302e+00 1.902320887682164496e+01 -1.996907384950685937e+01 1.816241716626261660e+00 4.081920651712598769e+00 -3.467722472040051684e+01 1.289509112061705842e+01 -2.872746020375359066e+01 -7.464106047673760180e+00 7.992564469272670976e+03
-6.567823766135418850e+01 1.417541668207671890e+01 -6.878439827678366925e+00 1.594366246395141040e+01 -6.664313137239896712e+00 1.434953780554591418e+01 -1.538918675168802430e+01 -6.187580209420729282e+00 5.464493863839628318e+00 -1.933859657314206615e+01 1.702392740553032269e+01 -2.094746295830426419e+01 2.078709924685527177e+00 6.478295524445517913e+03
-6.929803990781266521e+01 9.827936705131421036e+00 -1.159422688327458317e+01 1.966070902888700189e+01 -6.310531940435219589e+00 1.423077535190333620e+01 -6.285850457686279480e-01 9.312232863403133720e+00 1.158971941325417987e+01 -1.224733941692431571e+01 2.136140474713191040e+01 -1.424596852139720404e+01 9.840791249913778405e-01 6.693771394512857114e+03
-7.173456178254336635e+01 1.281736815067451474e+01 -1.813772110670274529e+01 1.643365107444102691e+01 2.044019674539200970e+00 2.146003557118109129e+01 6.921531001485259793e+00 1.347904534245550323e+01 2.763046961105646204e+01 -2.150286601622590510e+01 2.195961100939540245e+01 -1.848967934419908588e+01 -3.275445338172772836e+00 8.664114890857115824e+03
-7.112630905438791729e+01 1.096053544007012981e+01 -2.394821207005769637e+01 1.168788458045592726e+01 4.799872115031351139e-01 8.967717198620386299e+00 4.604854562184607758e+00 1.333005036987138903e+00 1.621273078547970314e+01 -2.423343610596435127e+01 1.839751530568716120e+01 -1.751669735176722753e+00 -2.912575672892981693e+00 7.192972689955750866e+03
-7.426149043095239222e+01 5.851717354958482886e+00 -3.398659898872517715e+01 1.164870289015910831e+00 -4.894239439200866570e+00 7.797302265175000358e+00 4.868474955500064816e+00 5.834719431578832882e+00 2.072411534556857049e+01 -3.027698703960511750e+01 1.326428233393742495e+01 -3.555438731041618006e+00 -1.378630372928066006e+00 8.384622745342310736e+03
-8.141858932993766018e+01 -3.213401793197800060e+00 -3.020567691016261946e+01 -1.135291339701216629e+01 -9.051796939480404092e+00 -6.257827985737216991e+00 8.280418413005257605e+00 7.858513016131366768e+00 8.146856539618285709e+00 -1.473164370913833565e+01 1.852323774283724234e+01 1.682247934691768165e+01 -3.381129283513990114e+00 8.852931975551653522e+03
-1.081872459597716301e+02 -3.444491953327780465e+01 -2.502493381139640505e+01 -1.499609257283049502e+01 5.623550322871732732e+00 -7.539327385398515879e+00 9.464321054580809189e+00 1.519753065716865059e+01 1.479937157888137911e+01 -8.771649024962675512e+00 2.833460064973258863e+00 1.437230202880975583e+01 -7.007154326257906796e+00 1.471072186053568657e+04
