-7.048264551375481801e+01 -2.105060940296210958e+01 -1.552146815433417792e+01 1.571395430036747065e+01 -1.900818301907060359e+01 1.708256795103368830e+01 -2.882147564088473146e+01 2.761397649251627229e+01 -1.918403012071336278e+01 1.750029139101824782e+01 1.743852612244131572e+00 9.210089204604283708e+00 -1.265105265954498215e+01 9.067313222536831745e+03
-6.964141471557761065e+01 -2.369453172206341662e+01 -1.857312798723504343e+01 1.001002824860874085e+01 -2.238227885748808532e+01 1.598255852741077199e+01 -3.334638022914958810e+01 1.425740270324982362e+01 -2.025578576176259205e+01 1.615627867693779640e+00 -9.397917150559148558e-01 3.127931335778565192e+00 -4.356323941135679334e+00 8.370734247471657000e+03
-6.981088593677318954e+01 -2.052869401769816449e+01 -1.873129756861821704e+01 1.210386862220008197e+01 -1.806510814648462926e+01 2.405371129405145325e+01 -2.184158822027541902e+01 2.606923399509405570e+01 -1.925984747476617898e+01 2.695558374223296738e+01 5.664025294750878459e+00 1.719401334912834756e+01 3.733772324884944704e-01 9.279341221796952595e+03
-7.038237082144621581e+01 -2.309216835358275688e+01 -1.340649099207630002e+01 1.380637322522570720e+01 -1.441391400421100322e+01 2.283856144832249768e+01 -2.573963804767467423e+01 2.017154527469041270e+01 -1.832141238944024408e+01 2.095339161123498783e+01 1.244901816197004490e-01 6.287877868716204688e+00 -5.108146798180000836e+00 8.496422157183080344e+03
-6.972798679502054142e+01 -2.404375970233673243e+01 -2.164753470431901050e+01 7.274735063821108128e+00 -2.797695523508480875e+01 1.636900774968421857e+01 -3.271852613727302383e+01 2.370808896584579983e+01 -2.034295251751934330e+01 1.405975765180045123e+01 -1.820961179650399231e+01 -3.097559170051318311e+00 -1.800590415331056704e+01 9.921771847403753782e+03
-6.941671489546918394e+01 -1.918206641005728841e+01 -1.558681431910673076e+01 1.463261672078375497e+01 -2.083600104969791644e+01 2.238281376277498325e+01 -3.120685112312096976e+01 1.764295279563955887e+01 -2.468993133131471396e+01 1.855531321819546875e+01 -8.191103617607883081e+00 8.389831170727275023e+00 -9.743012848359501987e+00 9.050266966087625406e+03
-6.771065673541664864e+01 -1.798345629915873900e+01 -1.995461267539623407e+01 7.599333824156892625e+00 -2.513786387891505214e+01 2.983972771550505598e+01 -1.266383439977865066e+01 2.423183873312480330e+01 -1.671836704732162104e+01 1.137106806316894136e+01 -7.448358557131136592e+00 1.638752588428312862e+01 -9.813042575848750504e-01 8.367747431700545349e+03
-6.242559502761337598e+01 -1.050749940668784532e+01 -1.251863133944440776e+01 4.529652689700578883e+00 -1.446062522623345004e+01 3.814326352749027649e+01 -1.456858823257290148e+01 9.893780154245796155e+00 -2.580648310679516655e+01 -4.992467751286474353e+00 -2.143796457263402289e+01 -3.233143444672510469e+00 -8.098750912384707235e+00 7.385273838208456255e+03
-5.861917582850129804e+01 -6.066233425143086055e-01 -1.366603955709050133e+01 1.928956567914593911e+00 -2.965131076945204214e+01 4.491238542386030019e+01 -2.544090318750292923e+01 1.741214859652010816e+01 -3.664838716626888981e+01 -6.263749866085287499e-01 -9.471892422065723238e+00 2.510579060302350385e+01 1.240722113224121159e+01 9.691255577455465755e+03
-4.925021409445648146e+01 8.967726611347179855e+00 5.648144878851709905e+00 7.797210282419131389e+00 -5.040120100719525098e+00 2.184948313932159181e+01 -2.711405537527310017e+01 -8.089946483027377511e+00 -3.358467297402035001e+01 -1.485115691795580339e+01 -1.653725965761655914e+01 4.210096166241505955e+00 -3.162942528445113588e+00 5.551820887487544496e+03
-4.744347794682711594e+01 1.783329473124872067e+01 1.189465242364420483e+01 3.082156536606303732e+00 -1.284361277382111943e+01 3.923611962387217744e+01 -1.898116864946932836e+01 -1.242857902149207217e+00 -4.091165319561783775e+01 -2.054134491559879905e+01 -2.091305028258261700e+01 -1.473279828669417491e+01 -1.701370311569053939e+01 7.825740706472515740e+03
-4.569050744514228057e+01 2.497017171165103377e+01 7.025809170862754804e+00 -2.813242893825583124e+00 -2.114793730536544558e+01 4.995997067607512321e+01 -3.755628247073602211e+01 -5.390586316429428315e+00 -4.858866024918875581e+01 -1.146192050017328334e+01 -8.106796763497335689e+00 -5.652875688554752642e+00 -1.363547133321578464e+01 9.927009734228762682e+03
-4.093512525132219793e+01 2.248770097673843793e+01 8.814722209597364966e+00 -6.832561621910741678e+00 -1.220691973246070638e+01 2.523268173712493834e+01 -1.125904713211934194e+01 -1.026605424553300594e+01 -2.647036566893289944e+01 -6.591005918194309920e+00 9.251268266720247269e+00 -6.022933504404584859e+00 -1.109226037895778028e+01 4.312641080124098153e+03
-4.041778867612298143e+01 2.627044049271954052e+01 2.071951983427960275e+00 -1.269144695973737491e+01 -1.149181566518860542e+01 3.146164480492686621e+01 -2.151900147587048551e+01 -1.087501170188983401e+01 -1.813569634505024197e+01 -9.736775629025371970e+00 1.655403235665230710e+01 -9.613307138347042979e+00 -2.049293395871720214e-01 4.982531660256884606e+03
-4.171801194305643889e+01 3.121832493296123801e+01 -6.895531271073848778e+00 -7.165698876640815840e+00 -2.971968769736721327e+01 5.581093799525769583e+01 -3.316833382124582386e+01 -3.702517349109700984e+00 -3.282524453322952240e+01 1.088413638496108948e+00 -2.719631736491633589e+00 -9.063080513571275532e+00 5.177340511228260667e+00 9.120861566801188019e+03
-4.035080605374142948e+01 2.834198014774296581e+01 -8.663653825352524152e+00 -9.175171014434761574e+00 -2.933704894686161779e+01 4.930609645715564682e+01 -3.484111140024500486e+01 6.586400965902621252e+00 -4.059381789466743129e+01 4.258535856516757256e+00 -1.260322677013333070e+01 -4.242836101575772290e+00 -6.189346865655912522e-01 8.982954600929331718e+03
-3.924262236472056031e+01 1.804316031916277296e+01 -1.097028109150319963e+01 -2.762966296292610124e+01 -2.627670806003310489e+01 2.657744937103042204e+01 -3.098204451974531182e+01 -1.422588177924039954e+01 -4.057793903947855085e+01 -2.079899906381830732e+01 -2.370047878058202784e+01 -2.414068307924919665e+01 -5.769639638218894362e+00 8.565314897861684585e+03
-3.855435416499169321e+01 1.780262807207805054e+01 -8.627475193802515818e+00 -2.656767949948285690e+01 -2.176065312754699121e+01 3.061710691409316709e+01 -2.239290736829217110e+01 -1.025054219332407079e+01 -3.239960018787489560e+01 -2.358861809658832343e+01 -2.168380014490886865e+01 -1.543682414816945325e+01 8.673623854363290420e-01 6.916487931602100616e+03
-3.836924904212018106e+01 1.946844089960194779e+01 -6.571513153939035234e+00 -2.450828148530302286e+01 -1.744882543438996692e+01 3.109661922591046590e+01 -4.293470380066017889e+00 -1.103871802879239583e+00 -3.770910078495064965e+01 -2.983264783866401260e+01 -1.669528065299352093e+01 -1.383047379565260293e+01 3.675443800791410864e-01 6.568286416236640434e+03
-3.795949725874881864e+01 1.598690173434924588e+01 -5.169560812745733536e+00 -1.886709994418499647e+01 -1.174484405862764191e+01 2.052779957615382855e+01 -3.928857336551272006e+00 -2.565056302654947995e+00 -3.021172247083785933e+01 -2.307587423461953335e+01 -1.541335587561155052e+01 -4.353373850135342948e+00 8.454392460022054578e+00 4.433787931150500299e+03
-4.723364996340388444e+01 2.141026252277743325e+01 -8.909526893994563324e+00 -5.195083899113235759e+00 -4.158844164416642286e+01 3.551856907817673203e+01 -4.015335970398863452e+01 1.554049291839107116e+00 -4.593000018676887919e+01 7.007476205475803077e+00 -6.130508546465523345e+00 1.637151742274268429e+01 3.902549695110550498e+00 9.881169440635221690e+03
-4.539388794999511845e+01 1.581605993821521494e+01 -4.566680609761617049e+00 -1.220737507708215652e+01 -1.865689009882390437e+01 4.091853525492948762e+01 -3.221459609279946790e+01 -1.126354166975269777e+01 -2.819242214761014509e+01 1.206781965915536503e+01 -1.214668054550020138e+00 -1.173665477773153754e+01 -4.378969832907855242e+00 6.766525839713900496e+03
-4.676983291595977477e+01 1.823975794347992263e+01 -6.453978441102635522e+00 -7.217266728289115640e+00 -2.180014705402328445e+01 5.051931326599697769e+01 -2.909428596328601202e+01 -3.470463744687944718e+00 -1.671174004260868884e+01 1.722437454177127591e+01 -1.743830219642913804e+01 -2.323612777972725141e+01 -8.938766410462530843e+00 7.999692732568213614e+03
-4.811708488130136629e+01 1.978588204883280710e+01 -6.423750638199494212e+00 1.639434250024121686e+00 -2.316016826995789657e+01 6.129063679982819224e+01 -2.837714974758975472e+01 1.464933759416016779e+00 -4.116172377199550425e+01 6.435069854395099931e+00 -3.319557030341080406e+01 -1.505656310486477878e+01 4.971138014992337872e+00 1.094008733656100594e+04
-4.587265531513824612e+01 1.513244369928749755e+01 3.980385285897587888e+00 -3.939655545096605760e+00 -1.390187672467139102e+01 3.105870738427383770e+01 -3.187807024934229716e+01 -1.248199912663647559e+01 -2.834215534002603576e+01 -7.397213951380204655e+00 -1.890351892635349529e+01 -2.322641473652844724e+01 1.474631515656844860e-01 6.449400514935011415e+03
-4.722161233066964314e+01 1.978345187079386136e+01 7.308219012750344135e+00 -5.327891071452677263e-01 -2.467905572840414052e+01 3.578720471274449011e+01 -3.668009523164032970e+01 -6.545381951609639870e+00 -2.776820406412114650e+01 -5.888818279779248765e-01 -2.932546425285336866e+01 -1.838400928990032668e+01 -6.787107085356462122e+00 7.968450204853921605e+03
-4.631124766273344306e+01 1.879015209310691148e+01 6.790812059561209146e+00 -2.129299698263623419e+00 -2.096542360203616440e+01 2.354112887337635129e+01 -3.277636738886148748e+01 -1.142693389511448032e+01 -2.779435379941002537e+01 -6.908188745106532913e+00 -3.225858402040293527e+01 -2.098531092906702256e+01 -1.715221001358649389e+01 7.342496335299084421e+03
-4.535203163819045358e+01 1.929330085752261681e+01 9.941384901279194608e+00 -3.454351852811933909e+00 -1.862261103010902374e+01 1.785591656979443087e+01 -3.550980314226713830e+01 -9.531059200801021092e+00 -3.475447416462973393e+01 -9.872040959290419693e+00 -2.575759963972213740e+01 -1.586294899461677588e+01 -1.401937044335984517e+01 6.974185023782658391e+03
-4.511021518516815121e+01 2.021362023663602159e+01 1.508199194695004053e+01 8.908414937430933378e+00 -7.570613874402232213e+00 2.590187466400037408e+01 -2.363393603297586409e+01 -1.198899397307831460e+00 -2.386854164599866834e+01 -1.023121820905360524e+00 -2.647349551981147542e+01 -8.447893925723377606e+00 -9.017592541437927878e+00 5.462853803257295112e+03
-4.325735000680719367e+01 1.937780110229845221e+01 1.070538747625750453e+01 2.370244366659797652e+00 -1.352327542437804908e+01 4.724040090827845262e+00 -1.260644133224244889e+01 -8.274877122903697924e+00 -1.442984586059457897e+01 -1.362595061755865444e+01 -2.027502086998176623e+01 -6.918755271029573883e+00 -1.204532832496932215e+01 3.797434934019486263e+03
-4.639581782756604156e+01 2.346798621096326087e+01 1.314753580095908703e+01 1.764619157657984516e+01 -2.138141651959735867e+01 3.276395906569030814e+01 -2.402149764310584956e+01 2.418979874806193031e+00 -2.561235322592782637e+01 8.403103797600963709e-01 1.550354623165003387e-01 3.294692029611530959e+00 4.396740544701141507e-01 5.968860966319477484e+03
-4.228961850652341070e+01 1.501836216714939809e+01 1.193758454722362039e+01 3.195354678125610359e+00 -5.526917338335301189e+00 1.624696897454232669e+01 -2.087989373198699639e+01 -3.470614102649729027e+00 -1.465965898869578865e+01 -1.794993332101822103e+00 -5.248975797646632024e+00 -8.553509453062767776e+00 -1.054961760404811955e+01 3.339341497791891925e+03
-4.581993068622281129e+01 2.017822621309992925e+01 7.559416959152708060e+00 6.605722895321197718e+00 -1.871723856122463303e+01 2.971482707858045558e+01 -2.935114308876553935e+01 -2.699521846330264374e+00 -1.968282233419884264e+01 -1.321433739813689456e+01 -1.776135938938262626e+01 -2.379700113231134040e+01 -7.607849643214837698e+00 6.211164941768365679e+03
-4.127559428978138101e+01 2.120757389628670708e+01 1.136460909891809834e+01 -1.326722086862429650e-01 -1.683422924410491461e+01 8.351333088513186453e+00 -1.712288613214886723e+01 -5.772535668177675383e+00 -9.663214859682357272e+00 -1.914159016774177147e+01 -1.780842587903127994e+00 -1.002150688646310428e+01 -7.553924405525724861e-01 3.526210066472291146e+03
-4.045845718728338625e+01 2.362379147102899779e+01 1.037450567545130475e+01 -1.973444139822310150e+00 -1.128222461833103374e+01 8.103008682888507508e+00 -1.296578465050589735e+01 -3.632166094551271929e+00 -1.246500602280769954e+01 -6.296352702753355679e+00 -9.405302180706661019e+00 -1.195099048102868622e+01 -2.705622416127784202e-01 3.107126194440751533e+03
-4.387033097393077696e+01 2.296041378569900360e+01 1.382269054395707464e+01 1.067995591678628342e+00 -1.787593954205582136e+01 -7.101272670030067680e+00 -2.476320594943161524e+01 -3.335698637162091806e+00 -8.564237433357734020e+00 4.162740653578848260e+00 -1.035373083584734566e+01 -1.012524923839680646e+01 -1.160656177689324586e+01 4.073421734973428102e+03
-4.857304917806028755e+01 2.160585751353882955e+01 8.109802391266301314e+00 1.630735747062144725e+01 -3.676275811593534826e+01 1.861714745246941050e+01 -4.270283646817533452e+01 9.986631745834433360e+00 -1.603569014044072460e+01 1.111742010571083661e+01 -2.015481249525172913e+01 -1.042788006888159380e+01 -2.067834580179319204e+01 8.102508130097381581e+03
-5.137419974830828551e+01 1.199562634343863543e+01 1.163108122622692164e+01 1.434654434053240735e+01 -4.067871090609322238e+01 1.241084181763947569e+01 -3.806821988565277337e+01 3.071740837725763029e+01 -1.285884350981463164e+01 1.434696822151021678e+01 -1.438999875295049335e+01 3.126987867494796181e+00 -1.128994545557307738e+01 8.041342233620149273e+03
-5.084779482141091478e+01 9.952091956527009842e+00 1.439936677129203879e+01 1.315565541107399916e+01 -2.738847196580197974e+01 6.318947315117388719e+00 -1.760019155230856924e+01 9.900216626785191210e+00 -7.494164655953552412e+00 8.760992274347323416e+00 -6.169502106608331538e+00 -1.253836745935052299e+01 -1.351507915780278424e+01 4.773642197901097461e+03
-5.452660656530395045e+01 4.926892862443706278e+00 1.500392043271958364e+01 1.656569255171457655e+01 -3.496562843165903445e+01 1.094283196330901831e+01 -4.995950568710274098e+01 3.880956762757196365e+00 -3.339707392049965762e+01 -5.809089242199700465e+00 -3.162443008814050671e+01 -2.582157169256192830e+01 -3.725951282383208962e+01 1.155455917498513008e+04
-5.594801786371703400e+01 5.773312218144480035e+00 1.753225290681256254e+01 2.975931460689512775e+01 -3.241984542843278660e+01 2.822499474620060411e+01 -4.140126940768466568e+01 2.634197239408013047e+01 -3.016252381878900479e+01 3.299834090680399346e+00 -2.036918008199058860e+01 -6.831041120241143183e+00 -3.238218756091767148e+01 1.104300929828673907e+04
-5.419437032794898812e+01 1.988680515905749235e+00 1.762294102618090008e+01 1.564358480146801433e+01 -2.535112495896649421e+01 1.673936191961288245e+01 -3.833037792716350367e+01 1.923235908195197652e+01 -2.058416380187268047e+01 3.190568625196575692e+00 -8.114071114055377620e+00 -3.345383700408377514e+00 -7.589384420970325174e+00 6.826777728958023545e+03
-5.525622564488832467e+01 1.850684140573938707e+00 1.787606822501970782e+01 2.632292874950632822e+01 -2.135748715652339413e+01 1.795830924789086680e+01 -2.686995772562793405e+01 2.808679374912208004e+01 -1.258826245638722341e+01 1.215194342345294665e+01 -1.143873233977086201e+01 -1.194252530463576889e+01 -1.468401496929837968e+01 7.153854521859885608e+03
-5.688168491073052735e+01 -1.895664604520344909e+00 1.078330965413110398e+01 2.565232357041611522e+01 -2.952857223772488382e+01 1.894270915640380082e+01 -3.266070212907831660e+01 2.214764462643842080e+01 -2.581026751911116790e+01 -5.296165551203907418e-01 -2.392542799337716986e+01 -9.495286740374684342e+00 -1.260333701255826000e+01 8.289324610784566175e+03
-5.667956492580147909e+01 -3.545958526955212520e+00 -2.114159715186978428e+00 1.461652233923657285e+01 -2.490290773333282814e+01 2.319886487485694815e+01 -5.579999907656746672e+01 -1.516304507707727467e+01 -3.595273137943053854e+01 -3.349524424144757706e+00 -8.844276672137100448e+00 -1.467710510504139876e+01 -1.449040797505888101e+01 9.752588051569742674e+03
-5.395656248548066714e+01 -4.282611343314061791e+00 -1.199765466471258613e+01 4.418215909314616496e+00 -1.132953693645441895e+01 2.581599052387450399e+01 -4.351939194694655555e+01 -1.491523642518680859e+01 -2.737337539377652362e+01 -1.154724333417561510e+01 -3.209133726060039038e+01 -3.022311527492458794e+01 -1.080615776970981479e+01 8.947045450323032128e+03
-4.920568762130653795e+01 5.325873633306164034e-01 -2.353356745153296359e+01 6.430869720793948474e+00 6.874920913740486306e+00 4.065714721673253962e+01 -4.344673319771786169e+01 -9.030288063325146553e+00 -8.100750853038821475e+00 2.816142211041242405e+00 -1.420397114612514322e+01 -1.705604638186104438e+01 -1.488013073239667960e+01 7.473733737829600614e+03
-4.804567078468985386e+01 -7.772687641571286221e+00 -2.911605757521573423e+01 -3.908737279170138024e+00 1.541058385361732341e+01 3.876777051599385970e+01 -2.592653850883222333e+01 -2.063610681082909792e+01 2.385362648912669137e+00 2.125006566982268907e+01 -1.094826499369083628e+01 -1.866074094302550890e+01 -1.119403767527315452e+01 7.120934103341951413e+03
-4.894949778422275699e+01 -5.788808980217491351e-01 -3.147469020441261023e+01 1.174853563487945340e+00 -3.200598219797576305e-01 4.506063745126165543e+01 -4.680713005580329877e+01 -1.456435126480317521e+01 -1.037465730208266557e+01 1.388808066632147131e+01 -2.277564991772269565e+01 -1.240197785730330438e+01 -2.422170098227159585e+01 9.381758459562448479e+03
-4.521552211564827672e+01 6.323182265759854204e+00 6.782915886480657408e-02 1.449272452194675154e+01 4.736449383227345322e+00 3.553396860557886328e+01 -3.074460218661321775e+01 -7.074862896978700633e+00 -2.123095305177032799e+01 6.579272604181861661e-01 -6.511576817189936861e+00 -9.398180259517275204e+00 -1.667515985543593260e+01 5.434824482074180196e+03
-4.200052884090764138e+01 1.440408896570153097e+01 2.142539423085504158e+00 1.110847622847715765e+00 9.270091157448515418e+00 2.505475087685067948e+01 -3.085452123330046348e+01 -1.450788671273041608e+01 -1.702964506289956503e+01 1.109339384160860309e+00 -9.741582560921578704e+00 -7.220802471422694602e+00 -2.392542459379143338e+01 4.864205854395830102e+03
-4.377941081309346316e+01 1.548348039641087226e+01 3.722158893991449613e+00 9.585102523969023736e+00 6.951955430133057945e+00 3.584947442371544213e+01 -3.867812652290795228e+01 -1.131939895672377538e+01 -2.567596764735519699e+01 2.107492800869625427e+00 -1.420184962130186612e+01 -5.674792983630534415e-01 -1.156947413742411435e+01 6.219308536147917039e+03
-4.413922302708765244e+01 1.478167643458760061e+01 4.466438063150066640e+00 6.897963487110744474e+00 -1.913214081617444107e+00 3.083990235548561287e+01 -2.807983473025733900e+01 -1.696641419624003788e+01 -3.018079228328760877e+01 -6.327048959185453292e+00 -5.214211254992799915e+00 5.742643234195853097e+00 -3.413834706456777557e+00 5.288128220577063985e+03
-4.624446585827578815e+01 2.000736378542299931e+01 5.853004787841605605e+00 1.168331460896889773e+01 -2.467345144189901163e+01 4.006740379211699121e+01 -3.477042476998251175e+01 5.342174748256602435e+00 -4.695252275173282186e+01 -6.913459522632194876e+00 -1.826864626312886486e+01 2.001078656072426654e+01 8.157416712909618894e+00 9.214353833697670780e+03
-4.394197438144935575e+01 1.191232207922760900e+01 8.003576608186014241e+00 -2.943820102927708682e+00 -2.195699169756387548e+01 1.556940366525345532e+01 -1.785165442736362706e+01 -3.504478608693328390e+00 -3.225176620577903464e+01 -1.651054944535631108e+01 -1.911704266504805361e+01 -1.185667538610359628e+01 8.664596401910633627e-01 5.020570086348575387e+03
-4.763592180782105601e+01 1.392224031663553951e+01 4.320418359680111564e+00 1.370008812473432869e+01 -3.398912355859751244e+01 3.296480129148435623e+01 -3.702490393702609595e+01 -5.206512598299251948e+00 -5.330264806773417519e+01 -1.284255778783718505e+01 -2.210409478917059545e+01 6.253306786758389357e+00 3.981060370353284306e+00 9.858905456251077339e+03
-4.874687383691303211e+01 1.392035021694871766e+01 6.327319709205419862e+00 1.643274808610765092e+01 -3.043060375373234194e+01 2.337051766279519072e+01 -3.807349548022705221e+01 3.125816024534158188e+00 -4.114451819576689928e+01 -2.570618185564339964e+00 -2.389594165811626070e+01 -1.495704069188226182e+00 -3.366281371858085070e+00 8.095733032027139416e+03
-4.899549003680927939e+01 1.227225950367444973e+01 9.762569907715679562e+00 2.064099988798178842e+01 -3.043860900741000464e+01 1.589659120712218510e+01 -3.680333664349097944e+01 1.794364012355683258e+01 -2.267110586635337199e+01 9.333614310252986712e+00 -1.016422563516898236e+01 -1.306733992428548063e+01 -9.959243887095393433e+00 6.902544175699546031e+03
-5.059345249908309938e+01 9.528323997826678493e+00 9.944497376078594186e+00 2.224287614542858194e+01 -3.703704690419868939e+01 1.218032891314084054e+01 -5.538437698989108071e+01 1.129469999516697776e+01 -3.004298636147235513e+01 1.183256198923529112e+01 -2.509963043956247475e+01 -1.166406686327389508e+01 -9.662236765718873244e+00 9.861218955678610655e+03
-4.795398499680801763e+01 1.004398114259570285e+01 2.109783494974630713e+01 1.525925371340913372e+01 -3.692630511933006687e+01 4.973476478431524406e+00 -2.840385766765836095e+01 2.310235744949001102e+01 -9.915824384305361505e+00 5.044799732045122553e+00 -2.432467963431384561e+01 -5.281640499895186025e+00 -1.046816365614193067e+01 6.660157019470542764e+03
-4.878309542647462393e+01 7.772175135577202632e+00 9.156256233215703588e+00 8.928911444984317214e+00 -4.276686566683820701e+01 1.467224283891862990e+00 -4.636666393832087607e+01 7.446549811566494093e+00 -1.913987887905980401e+01 -8.928792135718427447e-01 -2.379647509263786631e+01 -3.545646774241470567e+00 -1.707033841673107943e+01 7.877608256796296700e+03
-4.936002262432126031e+01 1.242750902836507620e+01 1.112711828074661291e+01 2.280852708293661024e+01 -3.985135843239467590e+01 1.463735733503575176e+01 -4.938566532384371044e+01 1.194455452287131969e+01 -3.783227474036219462e+01 8.451459137172353309e+00 -4.273396049442368394e+01 -2.914692132593691642e+00 -2.173983118323874564e+01 1.142891104715967413e+04
-4.922673616628165405e+01 8.025857730101929377e+00 9.276636809468868705e+00 8.724694324990130312e+00 -3.430250698697023637e+01 1.262987669630858401e+00 -4.408283809681906007e+01 1.997900940085618915e+00 -2.762397328360755822e+01 7.306173852388898382e+00 -6.447073278673680186e+00 5.009630238361313381e-01 -1.436265242963102295e+01 6.839973152690406096e+03
-5.207940577644052382e+01 5.751858965263922485e+00 1.066464993131521055e+01 2.249869692018861755e+01 -3.391330590453933524e+01 9.440422009240258205e+00 -4.914012604071401569e+01 1.951554644444654940e+01 -2.829633945650355997e+01 -2.341712743328556279e+00 -3.225950892717295204e+01 -1.814635765126035238e+01 -2.101763352092032378e+01 1.001799051051692913e+04
-5.369208570685314896e+01 8.724911748547428125e-01 8.589684214316884336e+00 1.407010407049833134e+01 -3.204534853770569924e+01 4.705376128758353538e+00 -3.810529133609369268e+01 2.229721924490712937e+01 -2.234827326434505679e+01 -9.823316002603901254e+00 -3.425440266912470122e+01 -1.860031238503532336e+01 -2.289540922244421850e+01 8.793054294826235491e+03
-5.733487454623281110e+01 -2.034856548433387147e+00 -3.754862462021642866e+00 1.624505482393170652e+01 -4.441009735733452857e+01 6.693810025133047681e+00 -5.420494851094070299e+01 6.973057146938233863e+00 -3.730869253510419270e+01 -9.146335654973318796e+00 -4.194517304481671260e+01 -1.164315814758142764e+01 -2.418560282979503029e+01 1.252879113997708009e+04
-5.688820222009617567e+01 -4.065807385085663306e+00 4.448620629301025531e+00 2.406816779072921264e+01 -2.789306948793191410e+01 1.622932967242864066e+01 -5.311726386292755819e+01 1.277890930465503416e+01 -3.918152681029769724e+01 -2.254303622816214769e+00 -2.245140044624903197e+01 -5.698060216579735382e+00 -1.807222142810390153e+01 1.028143636579468694e+04
-5.778556359162441680e+01 -3.661982097260502833e+00 -1.528194191864079343e+00 2.687996124707665757e+01 -3.572411374129220718e+01 2.205865299371724575e+01 -4.890444708618004910e+01 1.281515033157000083e+01 -5.502890117259716618e+01 -9.649444856377972224e-01 -3.114149894589779777e+01 -2.293520722318039162e+00 -1.714981141927970754e+01 1.269439897168019343e+04
-5.653689444619615756e+01 -6.498881816435106984e+00 1.074708072691067251e+01 2.758659103829604931e+01 -1.335951970380211229e+01 1.873201777703328119e+01 -3.696292825387610748e+01 6.368175480635256847e+00 -3.071422390466970853e+01 -2.640759201042637283e+00 -1.600645991533510681e+01 -5.877954575859802411e+00 -8.759095615485195552e+00 7.369168652760360601e+03
-5.794197166992877612e+01 -1.040540956053442878e+00 7.178105102265277537e+00 3.496193890555987593e+01 -2.019021811719556325e+01 3.409497313056542112e+01 -3.892008146844153060e+01 1.618088142722842449e+01 -4.889808539287574263e+01 3.935652210963892284e+00 -2.116746042598553856e+01 -3.311769699594998784e+00 -1.389868990718489350e+01 1.103763783102091838e+04
-5.825603700755396375e+01 -7.559367840987014198e+00 -8.173702625353709283e-01 3.165324473495282120e+01 -2.076211525681076253e+01 2.922138646996055300e+01 -4.276137451099629772e+01 1.411701813534974548e+01 -5.129012931308013634e+01 -5.053203618515104800e+00 -2.160435203890885703e+01 -1.682092319024942384e+00 -2.485624123207010783e+01 1.150990851618545275e+04
-5.715855325436290713e+01 -1.054164602032679987e+01 6.244804041611616618e+00 2.684762455357591548e+01 -1.171232812085307984e+01 2.847770575410973848e+01 -3.511538440749696122e+01 5.874229943809523569e+00 -3.790731652034768473e+01 -1.067381704563915079e+01 -1.903650294533403553e+01 -1.739716665992908062e+01 -2.451779314631135165e+01 9.170841236228796333e+03
-5.420327614102532721e+01 3.671774497478829113e-01 1.246547726599070671e+01 3.331899750654746128e+01 -1.156968267853764054e+01 3.112363070354673766e+01 -3.176218455391367002e+01 1.714518993537149072e+01 -3.839256433717577011e+01 -3.973155538545005694e+00 -1.522024454755981360e+01 -1.880676429234641489e+01 -2.677617921863705064e+01 9.401094495121365981e+03
-5.499214011158202453e+01 3.625405771133163868e-01 1.562422556756601466e+01 3.262685012738904078e+01 -4.240154422744328855e+00 3.090912872019164581e+01 -1.996108593688170885e+01 1.357224528274671727e+01 -3.178914534350418464e+01 -2.871648825637874713e-01 -1.209882058085306866e+01 -2.667027965133325740e+00 -1.450365279102960336e+01 7.263381292345354268e+03
-5.393085186640919204e+01 4.399451390232155923e+00 1.812552244599735474e+01 3.132387272247659382e+01 -8.852217675070448877e+00 2.116429845505799534e+01 -3.048034041686293349e+01 1.496245389183232888e+01 -4.031990086013460939e+01 -5.864738041008758174e+00 -1.700132405423605420e+01 3.855989462971032289e-02 -1.216065463712995864e+01 8.013844572427417916e+03
-5.612131599338059118e+01 1.625572202313088299e+00 1.811586351431055419e+01 3.663577065027698154e+01 -1.406145256596403392e+01 1.759623150863179575e+01 -3.779453446929561977e+01 1.521826970844995941e+01 -2.703762308845838191e+01 5.858552700611449060e-01 -2.468846357297586636e+01 4.655559936265237120e+00 -1.918048784947551155e+01 8.720445050791946414e+03
-5.722646716819897250e+01 4.699261689462158387e+00 1.158133215195873866e+01 3.360031671111875085e+01 -2.020643611919714644e+01 2.973684800287668395e+01 -4.090892255396322952e+01 1.130716507498925694e+01 -3.400288519897708284e+01 2.187757816978975978e+00 -2.060603877785159099e+01 -4.410903320088414681e+00 -1.582754606722384949e+01 9.509590861669237711e+03
-5.415955236862809841e+01 5.860317269167160781e+00 7.454353710423036183e+00 2.721316175041694763e+01 -2.232800377533729730e+01 3.191274591905736457e+01 -4.071098116463252126e+01 1.816009824138109607e+01 -4.041184156771841884e+01 6.687539710744654364e+00 -5.038462202459406569e+00 1.333324632983082125e+01 -9.199195390773668990e+00 9.233487134341738056e+03
-5.149514200190464663e+01 1.768491377153790722e+01 1.277795356063816712e+01 1.988347869549148683e+01 -2.777420644872868394e+01 3.975744816789466540e+01 -3.378898271380493412e+01 2.943094921484400217e+01 -3.237343050192955474e+01 7.597775337048629396e+00 -1.195939967618921607e+01 2.072725262823490766e+01 -7.552538245671253092e-01 9.562053843339468585e+03
-4.693127603188030150e+01 2.088274914806146398e+01 8.429825185623476713e+00 5.742106770681544070e+00 -1.988678465077639501e+01 5.025679580855089768e+01 -3.961353241281226190e+01 2.540915427353341194e+00 -3.684990822434456703e+01 -1.073743963720480821e+01 -3.346792968433081938e+01 -1.893955481630127391e+00 -1.540925681105700829e+00 9.838857737687741974e+03
-4.462836441492470385e+01 1.849001602898022512e+01 1.181769327440609807e+00 -4.256886096382322293e+00 -6.189042692280201763e+00 5.643863886554163400e+01 -4.188775464181667729e+01 -2.387610982054468778e+01 -4.237178020165905679e+01 -1.565190880245487470e+01 -2.364610456356764701e+01 -2.277822375933717503e+00 1.760445040449164500e+00 1.050914198578774631e+04
-4.090250437967507224e+01 1.820183556423335602e+01 1.243589447036661744e+00 -1.298818921568047458e+01 -6.696777782509623300e+00 4.298682516805597231e+01 -4.092841823377059285e+01 -2.672225126264028106e+01 -3.960224825404461768e+01 -7.087005384985001655e+00 -7.941117740239667988e+00 -7.640263925635650821e+00 -3.330765234191106927e+00 8.207582051576078811e+03
-4.114258118548737997e+01 1.805515317812324483e+01 1.147835765554820364e+00 -5.710336547649927041e+00 3.865374982007639737e+00 4.132831122515869282e+01 -4.298400760413438348e+01 -2.185570303465194897e+01 -3.165710855998426965e+01 4.779594483567067620e+00 4.823888681134279821e+00 6.547835975734079383e+00 8.477516476419181046e+00 7.263922500035338999e+03
-4.153592456217734252e+01 2.195591826871564223e+01 -6.681300986470508185e+00 2.901316223931149629e-01 -1.969776745974660459e+00 4.707371367900476145e+01 -5.792965266302726945e+01 -7.737163565412399358e+00 -3.577977465718684158e+01 7.124421449499232395e+00 -7.353272572293871434e+00 -1.537634565849130830e-01 -6.532297066536502328e+00 9.315257054344028802e+03
-4.331217525395965140e+01 1.643182577889275819e+01 -7.485062498993520386e+00 1.801885798888138934e+00 -1.216076812557153275e+00 4.376322191383673754e+01 -6.325968756586861730e+01 -2.925463456438047771e+01 -4.715118781428500228e+01 -5.609720503802698488e+00 -1.504177125514451241e+01 -4.631201334814070592e+00 -1.086280726867925672e+01 1.159994949270510006e+04
-4.275609513984805687e+01 1.699900452568589415e+01 -2.073142337824068093e+00 1.550850782878873568e+00 -6.716930679449969466e-01 4.401532401000649486e+01 -5.207938099514161934e+01 -1.895271710254699826e+01 -3.284578359871790809e+01 -4.013482289732002606e+00 1.729480281354249874e-02 -1.670997325389664612e+00 -2.067317144503972415e+01 8.658146302536806616e+03
-4.464654869212821353e+01 1.469776353031899596e+01 2.244010905801538502e+00 -4.365445732361958875e+00 6.949504211152832234e+00 4.096053722188846535e+01 -5.623230011612730550e+01 -3.150065413102314693e+01 -3.858116405501534274e+01 7.721041212810771270e+00 1.006763494007749138e+01 9.876489874139504632e-01 -2.145069475817105342e+01 1.022444099628556796e+04
-4.346261367097801553e+01 1.081228886802087352e+01 1.123869899376804593e+00 -4.439997257311089740e+00 1.781177093108010823e+01 3.111041099450885739e+01 -5.615424929914819785e+01 -2.278458107895401596e+01 -2.787964170011753851e+01 -5.891456167240638919e+00 1.737102054214134883e+00 5.123041344292179389e+00 -2.109109361211860900e+01 8.270515725131393992e+03
-4.566087593808966005e+01 1.254866348291329814e+01 -2.075976005651534617e+00 1.420185209420276884e+01 1.247957539530615101e+01 4.389151776620899881e+01 -7.038369910020445275e+01 -1.709553922495630829e+01 -2.329996244155224971e+01 5.071836345061892182e+00 -1.900880113789918369e+01 -5.128032307499391429e+00 -1.519339214051544928e+01 1.096379669468264728e+04
-4.735576551402370882e+01 1.422507202893776679e+01 5.660048979129640223e+00 2.104203732957117623e+01 7.330014268309578362e+00 4.628831728601171847e+01 -5.775191354282371492e+01 -1.160968445300893137e+01 -2.626666737961121356e+01 5.126617886470064889e+00 -1.633780338903293128e+01 -7.754420569437069588e+00 -5.456792347525283304e-01 9.629703058331864668e+03
-4.882707852569214424e+01 8.418539300193122799e+00 2.882840383972455900e+00 1.035607431205037088e+01 -1.437970069469954426e+00 4.042645243348397344e+01 -4.622388596562979046e+01 -1.557428137591199047e+01 -6.251624485127919684e+00 8.809993482567790579e+00 3.498909844496826405e-01 -1.136651316222485875e+01 -8.113072045427683898e-01 6.832763191970347179e+03
-5.196822883989462838e+01 3.920889979871988729e+00 3.326101839829625817e+00 1.672375985644499252e+01 -2.954119262304364391e+00 4.802326449604424852e+01 -3.907906274748922471e+01 1.814256021239795791e+00 -2.587392368667006437e+01 9.629059185799274445e+00 2.120458676224840633e-01 1.244762434234920967e+01 -4.234413544100380733e+00 7.787339988808554153e+03
-5.324947233027385352e+01 2.952022231742888358e+00 6.362193421972974328e+00 1.469858430043805519e+01 -1.596231423025722629e+00 4.240093154177006340e+01 -3.957312734123197373e+01 -6.921512492268472094e+00 -3.226997138571522328e+01 4.769969793883879206e+00 2.591115428572003054e+00 -2.799258984247120718e+00 -1.942583036703711485e+01 7.971089597940119347e+03
-5.545128147699431764e+01 4.297839356331765170e-01 1.087146081818831611e+01 1.555912536554748904e+01 -7.138038018941236018e+00 4.720099091645325018e+01 -3.993588604657633567e+01 -9.943344672258155326e-01 -1.733758947985260335e+01 5.305846704685770021e+00 -1.001027987461601931e+01 -7.235698931311450366e+00 -1.807745811181316142e+01 8.118152751949808589e+03
-5.817720867948886365e+01 -3.552477387155443367e+00 1.432452225932037804e+00 2.072289786844265791e+01 -1.379756064307823138e+01 4.235431488684763224e+01 -4.947628290532158246e+01 -2.913655893504965899e+00 -3.723492904541312498e+01 -1.746204343763040567e+00 -2.902503546868181061e+01 -2.628165342665570137e+01 -3.484095444211187242e+01 1.240591001865688850e+04
-5.682396015175182669e+01 -5.619706477437793168e+00 6.172339078204915452e+00 2.158159343096678029e+01 -7.306521259358999210e+00 4.190191817783539108e+01 -3.642911386643160654e+01 -2.994352114230703243e+00 -2.671032159423937458e+01 2.096663902415032865e+00 -8.885122217635286646e+00 -3.209833088570726911e+00 -9.028744712655887739e+00 7.798212910061725779e+03
-5.454495412294681245e+01 -4.339220494437201481e+00 -1.190676615311801398e-02 9.348404824999157370e+00 -1.705344568575082320e+01 4.369332848123468693e+01 -3.019501174132187060e+01 7.171724404320521273e+00 -3.082475956913417647e+01 -8.317469064538730805e+00 -1.780168512515944457e+01 -1.960301776866353407e+01 -1.146169081931122413e+01 8.096367747338716072e+03
-5.372710835414410013e+01 1.726452422324146196e+00 -1.026667108982043786e+01 1.507811569491372694e+01 -3.089708953722560381e+01 5.056172909068934018e+01 -3.655214241396421926e+01 8.044430563342229945e+00 -4.375192632180809937e+01 -1.011721172506359956e+01 -2.491174843550129125e+01 -1.053900390173384949e+01 -1.168758556521330405e+01 1.101908198654833359e+04
-5.380305486352666833e+01 -4.619066562401165754e+00 -7.345155267279324995e+00 6.408920851481495262e+00 -1.324505385314818717e+01 4.733053766448018962e+01 -3.347091595287968602e+01 -5.268207317467989093e+00 -3.477197167683453216e+01 6.807375933424039793e+00 -1.703166629918652220e+01 -1.067274233313384535e+01 -1.141771791523274793e+01 8.364577280804365728e+03
-5.176601825797065715e+01 1.754727627057310446e+00 -1.099380107662801587e+00 1.379912352632598704e+01 -6.415058345781833538e+00 5.520240083397814601e+01 -3.352811154196499643e+01 3.833628928922129919e+00 -2.026542993598007669e+01 1.449301830125961210e+01 -1.416216929466730789e+01 -3.357722536746835296e+00 -1.296769743134020736e+01 8.102450914201876003e+03
-4.793985900355097840e+01 1.075695078239205138e+01 8.556193577637774439e+00 1.028517057914297972e+01 -4.337253288239363513e+00 3.127124645387631574e+01 -3.184997621489204178e+01 -1.351842676692703726e+01 -3.095238770400086636e+01 1.317227099419672776e+01 -1.047815818516109765e+01 2.396177983024691649e+00 -1.339602787848699883e+01 6.213352780326736138e+03
-4.665129820681729456e+01 1.952574046077742409e+01 1.323092368111796757e+00 2.396706523317200244e+00 -1.945373552673053652e+01 4.746182053627797615e+01 -3.827450509065878492e+01 -1.886973696214259633e+01 -3.677162509532247014e+01 2.525507846652476118e+01 -7.251306240449013174e+00 1.149871145712350184e+01 -2.300025587073284683e+01 9.720954866001064147e+03
-4.416327051559510863e+01 1.669961092243899259e+01 -3.717161620153695001e+00 -4.506657380906736066e+00 -1.337803300298002185e+01 3.223700229870225797e+01 -3.359612942941922142e+01 -1.316582443291190785e+01 -2.519116562954809524e+01 1.737705384021348465e+01 4.871829627652917161e+00 8.612527923665945551e+00 -1.257654975812439169e+01 5.976270439641992198e+03
-4.466140076938639680e+01 2.214024360361886323e+01 -8.839242196158442866e+00 -5.339392006257408951e+00 -1.466624794389252351e+01 3.645534261983560498e+01 -3.569645314301999406e+01 -2.665537966096395905e+01 -2.560360274156560578e+01 9.268599260172871723e+00 1.403117950792308832e+00 -4.625851592293965808e-01 -6.565718675933627679e+00 6.907052073591915359e+03
-4.196444989354397848e+01 1.621263155111023124e+01 -5.192539509793482111e+00 -1.037731350479817216e+01 -1.058367544525937909e+01 2.487309809749628187e+01 -3.332963949897177969e+01 -1.817422899339772613e+01 -3.291371548630344535e+01 3.164830536911789505e+00 -9.867677019320609588e+00 8.841760911866760608e-01 -3.934921915560826378e+00 5.537333489391705371e+03
-4.244339529688819113e+01 1.737104618329042438e+01 -3.353012824686542270e+00 -9.877925517713798342e+00 -1.385255568940745796e+01 3.544058324748359468e+01 -3.598176085527958179e+01 -1.770187597983713701e+01 -1.691473004661321511e+01 8.965672690049830251e+00 1.230119944244209051e+01 2.823636232262423107e+00 6.557199508999236315e+00 5.836763598898555756e+03
-4.281078723955716470e+01 2.149029403220689716e+01 -8.007213234999356999e+00 -1.687945022760257263e+00 -1.697747407743639414e+01 4.208053682643794247e+01 -3.439131066186084951e+01 -1.634701969458442150e+01 -1.703062169373809454e+01 9.587019071313880758e+00 1.447664656412287165e+01 -1.458509593535568527e+00 9.296132421737491214e+00 6.550626005367331345e+03
-4.553691488144346522e+01 2.221431735131024610e+01 -1.087149559116809172e+01 -2.974905631696395769e+00 -2.972994931161242960e+01 5.620858436433134386e+01 -5.061211003392167385e+01 -1.618461008697535775e+01 -3.157055444940368716e+01 2.068760709123679931e+01 3.870445990575804629e+00 1.105372751608157955e-02 -6.868127593787124674e+00 1.104775676667680636e+04
-4.519416224609227584e+01 1.398944503463915012e+01 -2.417890219905539873e+00 -1.539147658889764436e+01 -1.771081792436298485e+01 4.296086519896680045e+01 -4.374501780875930734e+01 -1.849521770746428118e+01 -2.206326159802437914e+01 2.772713850180702266e+01 1.498499018142674188e+01 8.653039072615701599e+00 4.675232142835535676e+00 8.472833822894624973e+03
-4.254842896975394950e+01 1.006306921561293066e+01 -2.864783414588454313e+00 -1.110863711127742803e+01 -7.365598307543836043e+00 3.231927480109114015e+01 -3.390214653969644587e+01 -6.555112098547726696e+00 -2.019050766853215961e+01 1.311665910891738918e+01 5.930162351569258306e+00 -3.830747827400198702e+00 -4.329463006872024344e+00 4.982644619488656645e+03
-4.654644630667650773e+01 1.856988375489243381e+01 -2.489160915830272547e+00 -2.058195048055936560e+00 -1.809257631116011211e+01 4.962717568722042927e+01 -4.527550132115177206e+01 -2.482645959401971858e+00 -2.889355964237314467e+01 2.594150092850686562e+01 7.621687597899493127e+00 8.222856115052648462e+00 3.716562663654781606e-01 9.001719642618281796e+03
-4.620225811017341044e+01 1.386814771623987674e+01 5.978357852083544088e+00 -1.738302030327893766e+00 -1.303920346939987063e+01 3.494618441243403595e+01 -3.104096058996583807e+01 1.954648543302413444e+00 -1.938326919314909702e+01 1.578775434769524999e+01 5.220391602650763296e+00 1.029793137379565238e+00 -7.166571176140834609e+00 5.428992166265415108e+03
-4.808718786469513162e+01 1.350859413553422250e+01 1.561120578055004593e+01 3.289153646217725768e+00 -1.970820808770757537e+01 3.625037103674153371e+01 -3.162347023230037735e+01 -5.809395369701187306e+00 -3.677394209421761673e+01 1.767112811811613726e+00 5.497075329027330426e+00 2.269646189499724187e+00 -5.949477463408796574e+00 6.911894758233343964e+03
-5.159791950635042213e+01 1.308849477743276246e+01 9.385248326450891909e+00 1.475296007453076008e+01 -3.552490014061906720e+01 4.072706306734535531e+01 -4.680039005833666010e+01 4.048816711443219418e+00 -4.847459285837180687e+01 2.903632635939936701e+00 -1.510776933508979880e+01 -7.411875134824919442e+00 -1.772899574424376112e+01 1.122248344516568613e+04
-4.962986840464238014e+01 8.501307717120553775e+00 1.930290645790961079e+01 7.535731255035323706e+00 -1.708423643335992992e+01 2.852430077072436987e+01 -2.752728148821966059e+01 -4.243486418357071521e+00 -3.052124441189383219e+01 -5.580791643775639521e+00 -2.927156961781607336e+00 3.757031780904467322e+00 1.707511997789880054e+00 5.834341514844395533e+03
-5.120371671776328526e+01 1.016099760384006423e+01 1.416105582605674940e+01 1.698163731026773959e+01 -2.207670735860111222e+01 3.014969455522325958e+01 -3.950829082714837881e+01 -1.608457526164236429e+00 -2.995769330089593296e+01 5.773771053780580864e+00 -9.175820677761722166e+00 -3.863768436717261334e+00 -7.338600402569483094e+00 7.257634522734575512e+03
-5.464754123919713891e+01 8.442960110335871349e+00 1.395494961249355903e+01 2.770143572315230074e+01 -2.318364583962479841e+01 3.524883075909271213e+01 -4.737683422678440337e+01 2.544897925940350358e+00 -4.486345255894687511e+01 9.233852103997776339e+00 -2.709669392576614655e+01 -4.497740712901658888e+00 -2.060520607366828472e+01 1.132777834058448934e+04
-5.224930106980365707e+01 9.028721562211003970e+00 1.672076381586801119e+01 2.014235785448019911e+01 -1.533045299307706166e+01 3.087221258966730986e+01 -3.734842738310506149e+01 3.085459551138173495e+00 -2.610990854245428139e+01 7.664619820201599154e+00 -2.170611977201120268e+01 -5.765419978301826731e-01 -1.047054867353216245e+01 7.410941332482758298e+03
-5.157425615091833748e+01 8.360323500914120132e+00 1.613263510387621835e+01 1.637754538085370015e+01 -1.690692870664752334e+01 3.106816114754019864e+01 -3.636164241947695785e+01 1.566137222216790192e+01 -2.120003687394366665e+01 7.604614254543805352e+00 -1.340617262212294669e+01 -6.090774241546485612e+00 -1.129474041785045912e+01 6.928473187120855982e+03
-5.778713733697285448e+01 3.197224292251962030e+00 2.566119463244567811e+01 3.551213780016313137e+01 -1.589963068590157391e+01 4.590102123869122863e+01 -3.786099648064507761e+01 2.107406122970467521e+01 -3.291027192378422939e+01 -2.693693948078764056e+00 -3.433946284150194828e+01 2.527693519993627014e+00 -1.232546051313338786e+01 1.193430434862082802e+04
-5.858371278242311320e+01 -4.487458923220846718e-01 1.631563924236851904e+01 3.357863761383529777e+01 -1.528755048856842613e+01 4.243921066310252854e+01 -3.725451104937717872e+01 2.012440647552228512e+01 -2.784644527249139756e+01 6.932784298131713818e+00 -6.962874789073462800e+00 1.994972700560809642e+01 2.327829969684610534e-01 9.923679328594205799e+03
-5.580469068320440584e+01 5.613026207557157976e-01 1.830050584945440661e+01 2.617687152737695300e+01 -1.346640041631872187e+01 3.664972054474911545e+01 -3.451198007186900441e+01 1.078224663158247587e+01 -2.363915625440815660e+01 -4.021332935766819272e-01 -2.223717957214591934e+01 9.674227134528997851e+00 -1.306528664173010057e+01 8.284251207884110045e+03
-5.870817657281530444e+01 -5.440908705891212449e+00 1.761785907443085719e+01 3.211927791012112010e+01 -6.687179049954682597e+00 4.324491823945798785e+01 -3.468031074877708164e+01 1.010851521155866806e+01 -3.749675223457786899e+01 6.445684221097284450e+00 -1.651195431160872928e+01 2.547002130877029913e+01 -1.293986202930448570e+01 1.057439772969714431e+04
-5.908762044896175780e+01 -5.933615149977152115e+00 1.411672844027380336e+01 2.335589179255657655e+01 -3.705672688397666725e+00 4.764781460251342082e+01 -2.282009444960335287e+01 1.568252861960042566e+01 -2.288304068348338305e+01 -1.512952730084705655e+00 -1.166616519405699037e+01 9.168471182826278820e+00 -1.095515654091856916e+01 8.188177349299880007e+03
-6.135508320075854272e+01 -4.856146011328178247e+00 6.190542519036192459e+00 3.318666069313921696e+01 -1.618274438489868317e+01 5.011643332384344518e+01 -2.206969330519464734e+01 2.794381565501455000e+01 -2.452465784162730600e+01 8.960180562168869045e+00 -2.644309692938919198e+01 2.686749557508472108e+00 -2.196087119009805733e+01 1.083965149395937624e+04
-5.955167263211674111e+01 -7.575237923214200642e+00 1.532336284597597142e+01 2.458594622758924686e+01 -1.143966112810508662e+01 2.663380048272905398e+01 -2.928405910899166287e+01 1.703616625649039662e+01 -9.666203835596181904e+00 7.754315321486291879e+00 -1.310920725246144691e+01 1.277910966399498705e+01 -1.311312683875581442e+01 7.091748353966874674e+03
-5.882212937037345313e+01 -6.706521967246433569e+00 2.061456602901886725e+01 2.145459117135066052e+01 -1.409783013445285782e+01 3.005942425619145908e+01 -2.137655714592310474e+01 1.910590491567419846e+01 -1.400962783415543811e+01 7.712796366776868418e+00 -1.438892838340646207e+01 8.349799119807174819e+00 -2.401895691076648909e+00 6.852877162751638934e+03
-5.858328855147902914e+01 -3.119788511082462801e+00 1.087002585918796349e+01 3.039331669798555069e+01 -1.927406100475715789e+01 4.242233931774749323e+01 -3.346570571040027886e+01 2.365016101363396928e+01 -1.463843561588591058e+01 1.508919140953233118e+01 -1.454544962951621834e+01 9.552124273420872669e+00 -1.873465714779336011e+01 9.429841871593307587e+03
-6.077952344577860799e+01 -1.171922699002040069e+01 8.055430502228292156e+00 2.153911311923331340e+01 -8.134361030926598346e+00 4.489544609132852315e+01 -2.255700749534037186e+01 1.843290186575627487e+01 -1.425918714193755221e+01 1.183371816537790444e+01 -1.799220084117207108e+01 -2.650896295608504261e+00 -2.141911932734243962e+01 8.423559992141688781e+03
-5.559031949833499908e+01 -7.031358900624424813e+00 1.847658423420137419e+00 3.008942625727230702e+00 -4.863313009166722267e+00 6.175566181689308820e+01 -4.224486929801377855e+00 1.198475332527105941e+01 -2.909623853788450276e+01 -4.684244628328029236e+00 -2.444621068554626220e+01 -5.865180493967397268e+00 -1.200863389720141683e+01 8.795843481223606432e+03
-5.660414757904913330e+01 -8.200852021060976327e+00 -7.932982228464690699e+00 6.594586474383213215e+00 -1.211788972171627421e+01 5.681789349255493704e+01 -1.818711071219562925e+01 2.004698556106015772e+01 -2.909676269301843732e+01 1.368521291064368484e+01 -1.217923959181660720e+01 1.164592688430091982e+01 -2.280690877583419862e+01 9.323496402771434077e+03
-5.900384156836890526e+01 -1.099574370283820102e+01 -2.552684393678249286e+00 1.278489718467574399e+01 -9.052899808233867418e+00 5.715333265205951108e+01 -1.770403873025905384e+01 1.308335499877978947e+01 -2.884260837909281605e+01 1.627561207691273282e+01 1.033957804101183520e+01 5.072722533012173685e+00 -1.682523619264776116e+01 9.117914654090993281e+03
-5.545090254080909631e+01 3.891884099809523434e+00 7.854028356754124474e+00 2.170723835713917182e+01 -3.824364736126268927e+00 4.058072786939457899e+01 -3.826938601020597019e+01 -1.489238351850452169e+00 -3.425303725868463545e+01 3.528125562644585322e+00 -9.979719228443904910e+00 -2.671164686237954200e+01 -2.146218301076721957e+01 9.210474694467899099e+03
-5.494072905088480496e+01 9.729979646922410907e+00 9.135366726428225448e+00 2.925259953011964598e+01 -4.834741418311675254e+00 4.092416075489557414e+01 -4.969798188035172615e+01 -7.945286671314905291e+00 -2.471124682803582928e+01 2.164503234864146464e+01 -1.924995881000347708e+01 -7.205876268566045795e+00 -2.854427860457271748e+01 1.059991891162179127e+04
-5.420091367738408650e+01 3.385608877366961256e+00 1.286798077366062998e+01 2.628058867894511863e+01 6.566174515566632230e+00 4.388005541932810161e+01 -4.382918504017116135e+01 -5.078867918115821389e+00 -2.493283107147889766e+01 1.543163814097699316e+00 -2.080199791615233806e+01 -1.329101591621230583e+01 -2.639910656221116625e+01 9.651136401891997593e+03
-5.614265995663463116e+01 4.978695565699458037e+00 4.238738892826006577e+00 2.965986715755168035e+01 -4.046469247980288841e+00 5.508530851375859072e+01 -5.595263908097834360e+01 -2.895466853388466877e+00 -3.416040689487027038e+01 5.646803368856192051e+00 -2.073855620039016046e+01 -2.237579140688080059e+01 -2.293552145005870457e+01 1.291992866566021075e+04
-5.713268486152060177e+01 1.296757206116460281e+00 1.156608733076820883e+01 3.586423803249372355e+01 -1.615508443792442961e+00 5.569698924430683462e+01 -4.542394320093443838e+01 -6.029861359500218176e-01 -2.382186944994016997e+01 2.314368662207151317e+01 4.144638729132442689e-01 8.739567905597333208e+00 -2.769706343909663637e+00 1.104164068640666483e+04
-5.561862538698728287e+01 2.000477548473085676e+00 1.245714912643573236e+01 1.987268524792714430e+01 -2.117383104302383501e+01 3.461346222156090136e+01 -5.248359557163099254e+01 -1.282162954265028887e+01 -3.670940247455472161e+01 -6.029300475248525082e+00 -2.913120427576416915e+01 -1.652074163115086947e+01 -3.132389957943724212e+01 1.169956380566072767e+04
-5.806430889021849850e+01 -2.159156677243919020e+00 1.477438785695841617e+01 1.770897663827706481e+01 -8.703278057429349346e+00 3.235392292366019262e+01 -3.430511269202612112e+01 5.061035801438434900e-01 -3.522191985135069103e+01 1.302204578060182349e+01 -2.748511881855819627e+00 -4.701377357770093468e-01 -2.450757444446193389e+01 8.226190456253209049e+03
-5.953554430800727459e+01 -7.649777174955971759e+00 1.387904846678027226e+01 1.930490199364490778e+01 -2.644909925603196488e+00 3.440054064423038227e+01 -3.281742638852067273e+01 -1.047673289577479494e+01 -4.367461012685726018e+01 -3.153226637057162218e+00 -1.616083027627141533e+01 -8.766700711843691707e+00 -2.044750278831854828e+01 9.218987761095340829e+03
-6.224992013199248220e+01 -1.005598893791533399e+01 8.124791879473635348e+00 2.607946195002545409e+01 -1.357344597550494569e+01 3.010555068643551024e+01 -3.746524604831911631e+01 2.693379738844018156e+00 -4.274833416531402719e+01 5.844919176432649799e+00 -1.578957648583686435e+01 3.707049268183820079e+00 -1.914425759780133873e+01 9.714946315246894301e+03
-6.173374437682311822e+01 -1.455783589659150223e+01 1.007754813491730772e+01 2.393450650782238753e+01 -7.564823148623089466e+00 2.417516188057938820e+01 -3.381417620094570253e+01 7.786754499429054732e+00 -2.487984874932394064e+01 -4.503533634396171159e+00 -2.755073829323913515e+01 -5.734281935644467865e+00 -1.784362351299694183e+01 8.292709176843702153e+03
-6.270030599565635754e+01 -1.249449937659753296e+01 1.257984492560754042e+01 2.281781590417228855e+01 -1.571515597766774164e+01 2.511158350275558249e+01 -3.070565385930019175e+01 1.472650942955674225e+01 -3.099324530316323134e+01 -3.824940772265174260e+00 -1.769075928443418988e+01 -2.768417339440241154e+00 -2.083964980192644489e+01 8.533740648759467149e+03
-6.286995795309201185e+01 -1.094175153232468212e+01 8.690705042209698306e+00 3.027523520705306126e+01 -1.123184895521573345e+01 2.296918461367404518e+01 -5.003204335711809847e+01 9.417064274172959770e+00 -3.583636735339020873e+01 -5.338795578420289623e+00 -3.399339808328122103e+01 -1.619181733805546486e+01 -2.148274363747482241e+01 1.150207839486017110e+04
-6.306161415619217792e+01 -1.420801853400472758e+01 1.165799936847878726e+01 2.916189749256116670e+01 -8.654306810014418261e+00 3.294828093388530732e+01 -3.378314195262935016e+01 1.148145815370165224e+01 -2.407282634892403195e+01 -5.487720672965018309e+00 -2.763536596701013082e+01 -7.031633184130972047e+00 -1.649957498168688730e+01 9.293580328228976214e+03
-6.460333515140058580e+01 -1.290517525702430568e+01 8.511121634934037061e+00 2.735813586666501962e+01 -1.426497180494543393e+01 4.078515788471631964e+01 -3.033427987295361916e+01 1.855258414383860455e+01 -2.764737901522060426e+01 -2.839665746683585290e+00 -2.792049833698661843e+01 -1.670641566423815760e+01 -2.624436764401055910e+01 1.081219334151437579e+04
