-8.887151781019643693e+01 -1.032276844919046965e+01 -2.227536733303595184e+01 2.760567548839438334e+00 2.051138674163564701e+01 -1.208489779906402362e+01 1.678719250049568856e+01 1.104397604766875540e+00 -6.054411060228608754e+00 -2.423817819352194203e+00 -6.610492742839801039e+00 -9.505439161496930467e+00 -9.985074717015967494e+00 9.634594707522015597e+03
-8.844046058602518201e+01 -2.400920221793060527e+00 -1.817665210939025755e+01 7.849751987977986900e+00 2.961528594714181395e+01 -9.786191986501036055e+00 2.702519081185295846e+01 -4.958781546819380992e+00 -1.453062408849072185e+01 1.636057931495080942e+00 -1.348697103161385868e+01 -1.841438409404750232e+01 -2.700236942697052100e+01 1.141120554872955290e+04
-8.900641792517863848e+01 -4.845481608651633465e+00 -2.445782303728701379e+01 3.912360905795592814e+00 3.177473179326280217e+01 -1.088067822891681224e+01 2.574708552930405503e+01 -6.390890215808726627e-01 -1.139036753056876883e+01 3.106959805057505353e+00 -1.085378068798505957e+01 -8.840401980358130629e+00 -1.462702633638180494e+01 1.089975722031168334e+04
-8.854291386640208827e+01 -4.912149244976999007e+00 -2.196040783210391112e+01 -1.188060226888198789e+00 1.744164150071713948e+01 -5.045820710488674088e+00 2.575316561408287797e+01 5.969704695246877080e+00 -1.714786595913765410e+01 -1.664855897522737660e+00 -6.017075413718737664e+00 -1.020527266872040961e+01 -1.495189035701610969e+01 1.003691474772744914e+04
-7.567609783318870598e+01 -4.146253413534361698e+01 -1.040625787577327088e+01 1.018858450897067947e+01 -1.740343117416292529e+01 2.621345063114051754e+01 -4.140985286898170870e+01 2.521507504684482015e+01 -2.836802090680222932e+01 -4.160737796260406185e+00 -6.799404011222226707e+00 1.177367467843695259e+01 -2.082182375990742429e+01 1.243916731653834540e+04
-4.947830848091586375e+01 -4.189494155067832537e+01 -3.915125054364603585e+01 3.209709745203942077e+01 4.411652303744597603e+00 1.102789344159201335e+01 -4.754668565851573447e+01 2.690751091450152899e+01 1.253151515545799199e+01 -1.838168627884460449e+00 -4.024800050557876041e+00 1.450519314905053747e+01 -1.364685473203897814e+01 1.046536581598807061e+04
-4.834258309108509621e+01 -1.675896894040143081e+01 -2.049055612244590208e+01 2.304502505168499837e+01 -1.496781635357574913e+01 1.191130903978053013e+01 -3.587809573441431610e+01 3.216317289537377633e+01 -8.886861255314299157e+00 -1.230173921324033470e+00 -5.722044356663138487e+00 8.896848609229568439e+00 -7.161246188618098252e+00 6.500095487981813676e+03
-6.478345531968197690e+01 -3.064326027589544310e+01 -3.259541899813406474e+01 2.867621438042364801e+01 -4.273843163528716182e+00 2.237548114585711190e+01 -4.201426523174486505e+01 1.903814397285898607e+01 2.121399250042673046e+00 3.925467121946232041e+00 -1.386835056701324831e+01 1.097130334073656499e+01 -1.823272008489027485e+01 1.033231174818075851e+04
-6.224849354181350236e+01 -2.114322828167133039e+01 -2.370736725004777057e+01 3.798620168723572732e+01 1.186126833658343038e+01 2.559226935010527626e+01 -5.088381788439446751e+01 2.801141322234342468e+01 -6.337604190288040895e-01 -5.170463491624992081e+00 -3.423677181144348491e+00 9.492561829327815559e+00 -1.547010503386454872e+01 1.086464775146397915e+04
-5.217459554384812748e+01 1.209095518160563110e+01 -6.784662366573890324e-01 3.099161919251348607e+01 -2.329622968216499057e+00 1.048397519359119023e+01 -3.370400894451235985e+01 -6.406196114442602729e-02 2.516567176674291417e+00 -2.163516810953074199e+01 -1.093759508772475186e+01 -5.426463783597482937e+00 -1.603151498572073308e+01 5.961126173593774183e+03
-4.816390304644649945e+01 2.009191659131834129e+01 -8.682146081035838847e+00 3.009036724904849436e+01 8.812578911167006979e+00 2.715165911082247518e+01 -4.608930091603577495e+01 -3.136992859456886773e+00 1.713661082290219184e+01 -2.276601981711359812e+01 -8.080381232436739225e+00 2.019062818158590566e+00 -1.038898963949677245e+01 7.642450423463657899e+03
-4.450212461929277197e+01 1.639097342710075367e+01 -1.602518852543093786e+01 3.602899268852743830e+01 2.002216243537456464e+01 2.409235462159776731e+01 -5.536496574954787775e+01 -1.247924790952558816e+01 1.829929651380048128e+01 -2.574704996125345602e+01 -6.750247021971111039e+00 -1.127298875245694454e+01 -1.021060704127964058e+01 9.281015128611259570e+03
-4.344372279752715826e+01 1.965952198771541504e+01 -2.583875662279782048e+01 3.974950477513171165e+01 1.998616614211102060e+01 3.319101971366394110e+01 -4.896587930756039242e+01 -2.065879293578172238e+00 5.782320119551147108e+00 -2.761545956400122748e+01 -1.207223690088390988e+01 -1.395802019067372512e+01 -1.206944861243696288e+01 9.706819803423872145e+03
-3.904201484872115202e+01 1.323615535989965153e+01 -1.311801987671002934e+01 2.250063644939956120e+01 2.320336817560685816e+01 1.248812209474649926e+01 -5.810768752072878129e+01 -1.574869524386420849e+01 1.027303348132421235e+01 -1.957734123935596315e+01 -5.666186320849774027e+00 -3.994652376088408730e+00 -1.139376649437829414e+01 7.363398394177188493e+03
-3.810446829156528992e+01 1.648023923386172385e+01 -2.014857486755505533e+01 2.967449206396233308e+01 1.789635404561627752e+01 2.348801262484320773e+01 -4.524005758880658590e+01 -4.862601204868517435e+00 7.314785278989149653e+00 -2.177553461111720168e+01 5.312858249197604188e+00 -2.200262248631474904e+00 -8.913546236867039951e+00 6.592562178276086343e+03
-4.081374283585767415e+01 1.580885579024371523e+01 -2.058167636527972633e+01 3.862672202157735057e+01 3.104288359372529982e+01 2.089579092125569559e+01 -4.797362884929243165e+01 -1.900860088835566941e+01 -5.456952316930386182e+00 -2.759027625718885446e+01 -2.383127862030402166e+00 -7.124782960466816917e+00 -1.057269503846904790e+01 8.853626638100700802e+03
-4.236006571116395492e+01 1.110859452068606501e+01 -9.640771313942156695e+00 3.673446062522965860e+01 3.881429107425265812e+01 1.907936641707226855e+01 -6.011332962913128597e+01 -2.367703349367640442e+01 -1.782418210768165423e+01 -2.135279490621748266e+01 8.349873891637859202e+00 -3.220928407873585808e+00 -1.227653034420513478e+01 1.040937812609028333e+04
-4.762158630596584885e+01 2.676525132304605847e+01 -1.901650741863232597e+01 2.547935162258820085e+01 1.366628705199373961e+01 1.674156873759059749e+01 -5.937516572511331248e+01 -2.222319741768796764e+00 -1.234597911792452862e+01 -2.131704194308327516e+01 1.082034230451017542e+01 -1.394750350023497454e+01 -1.271061714659539810e+01 9.072427537001611199e+03
-4.996204422591320338e+01 1.883324521065080148e+01 1.867650888721219982e+00 3.427245901676158724e+01 3.307531159127928788e+01 -4.617389901161539356e+00 -3.187289067643889240e+01 -9.166503950891348451e-02 1.094363999880443750e+01 -3.264664525256419925e+00 -4.732470449924546685e+00 -1.416075966346333637e+01 -1.659266751457976952e+01 6.788833941146678626e+03
-4.700427892513084771e+01 1.776946584109784411e+01 1.586693658942146756e+00 1.805620433083308995e+01 1.985899570097080868e+01 -5.272777063838614886e+00 -2.843979190948135383e+01 -2.009261835270153895e+00 -1.111445339904651064e+01 -1.338993003140838134e+01 -1.152244922031266583e+01 -1.234593864534404517e+01 -1.105316408844849008e+01 4.798923824387999048e+03
-5.268958503381884384e+01 2.704979009770538667e+01 8.982324911160253222e-01 2.677248023799710452e+01 3.172640051918854454e+01 2.751928364105701075e+00 -2.847130239283920616e+01 1.198933486031849327e+01 -5.086558031830789695e+00 -1.541147192592439374e+01 -4.578928650874134476e+00 -6.788044114929395079e+00 -1.006065738485033556e+01 6.625600342076571906e+03
-4.706484695845327337e+01 2.294204505376411873e+01 6.368612692081340398e+00 1.300050342137945592e+01 1.007129054707619886e+01 -8.791899736087421147e+00 -1.934474862170347365e+01 -1.050843252237006453e+01 -1.198996875321835986e+01 -2.170633872735459846e+01 -9.327883453348096765e+00 -3.689706817652035564e+00 -9.868785589203710629e+00 4.427325181644708209e+03
-5.126393302583507960e+01 2.795791371753324128e+01 7.930058632386249862e+00 1.755138140254969770e+01 2.045555519007067602e+01 -1.637544554691038989e+00 -1.896866205807688388e+01 -1.713258020703622320e+00 -2.387786184108882992e+00 -1.628705071273598293e+01 -3.349246233262707317e+00 -1.363105548251184906e+01 -1.836204603732167584e+01 5.369586673742162930e+03
-4.794351848279901418e+01 2.607568333961794593e+01 -1.629855356659511534e+00 1.044017268674447507e+01 1.316331691058862319e+01 1.081583928603413369e+01 -1.734907520279949367e+01 -4.134030654952870698e+00 -3.804264802000518753e+00 -3.715187415521341308e+01 -5.865778150690349468e-01 1.522529127745818167e+00 -1.125030650903263840e+01 5.222477520703288974e+03
-4.088665416805202568e+01 2.746373368537212656e+01 -3.846507947337895672e+01 1.578473213681157183e+01 -1.644545536986282475e+00 2.211801812154446623e+01 -5.576542722709496047e+01 -3.038958259990319988e+00 -2.082425189861482284e+00 -6.483890934294551300e+01 2.280147215401227356e+01 1.045527399990180184e+00 -1.399910926215557971e+01 1.269102064081993558e+04
-3.362162361901354757e+01 1.325724058788425275e+01 -2.374702982034648358e+01 -3.454853652520949225e+00 1.099915497888078697e+01 1.110902467175056074e+01 -3.346426383534723215e+01 -7.276869331736841140e+00 -6.639261226349351119e+00 -3.865964068941163845e+01 2.136624829845132467e+01 1.710124279533718550e+01 -5.047151852900868541e+00 5.612317483740823263e+03
-3.325245698571991682e+01 1.940923423074045573e+01 -3.190033249497252754e+01 -1.322269694331826617e+00 -6.825631045699963373e+00 1.424573404029500523e+01 -3.225655496251995658e+01 -1.494235951054308309e+01 9.626462333127669524e+00 -4.229541406659969027e+01 7.911424822419145464e+00 4.853219968150011887e+00 1.610542215870907734e+00 5.985422563881867063e+03
-3.380262710712065655e+01 2.158313971075075699e+01 -3.500403595818686853e+01 -2.417886536387512830e+00 -8.737084664301727699e+00 2.079516351809929731e+01 -3.440756390709811541e+01 -4.880252970173827087e+00 6.831864656083779686e+00 -2.699610254206131188e+01 7.226646251413827216e+00 8.618949521700729477e+00 1.751701663371503059e+01 5.764871530818398242e+03
-3.443362821671339447e+01 2.110310110341607270e+01 -3.449200130097103312e+01 -9.160539884724627768e+00 -9.987843724299951376e+00 1.695100748745229424e+01 -3.494065457315831225e+01 -9.450984945046663199e-01 -3.963905567055951984e-01 -2.356066022198422516e+01 3.434426575383087155e+00 -2.021301544917744053e+00 1.607555237771636669e+01 5.343031668994565734e+03
-3.412494237692580867e+01 2.436688474474516752e+01 -3.465900068837397185e+01 -9.939073084401647051e+00 -1.591116630878413751e+01 1.717444400895045931e+01 -2.063639248752901878e+01 -2.857389173784770531e+00 1.246627483560583532e-01 -1.954974675885147661e+01 1.427555525569538908e+00 -5.188821351090463274e+00 2.815178290143821016e+01 5.244133176456030924e+03
-3.539934079589794891e+01 1.808450110226834795e+01 -3.132094569770159254e+01 -2.518686013766473408e+01 -1.510797110965959611e+01 5.368645499908824448e+00 -2.012775329838391869e+01 -1.076667744026366336e+01 -7.595655250413726023e+00 -1.469938922850660745e+01 -3.631371904760484881e+00 -5.197460532470053352e+00 2.715513059240593918e+01 5.025030611154176768e+03
-3.473941285401856760e+01 1.834510270816807420e+01 -3.315634712057977396e+01 -2.834889113315649922e+01 -1.580148003129963818e+01 -1.050714731806165342e-01 -2.357718215094369896e+01 -1.925085603752637908e+01 -1.530698193860138723e+01 -1.884418355271883172e+01 -1.500023050988129292e+01 -1.479861690493750359e+01 2.057557789116352609e+01 6.079316702266746688e+03
-3.794115975023582621e+01 3.346110958532758417e+01 -4.333207489238934329e+01 -1.776873813067154373e+01 -2.227172639559612932e+01 1.389318911903622400e+01 -1.843184674029102865e+01 -1.331203570314123752e+01 -1.164488434706455688e+00 -1.829643361136466950e+01 -5.702002348498911743e+00 -2.297253545713986611e+01 3.142448384880453105e+01 7.842431913952372270e+03
-3.470242579334453836e+01 2.249719672023312356e+01 -3.115623064986394652e+01 -2.116293031745908593e+01 -6.277503984306977536e+00 7.478789064840715817e+00 -8.028315044395743172e+00 -6.036026574316715632e+00 -1.036210052702549156e+01 -1.527616223745379465e+01 -8.207787104725834837e+00 -9.459719023063618337e+00 2.474447673134622860e+01 4.435066787445043701e+03
-3.477771666050951893e+01 2.212237703153301993e+01 -2.648965004714068527e+01 -2.292359049360571532e+01 -1.447817693505424330e+01 1.203390972685228633e+01 -1.273799281771887060e+01 -1.224562838191681458e+01 -7.586353305553083182e+00 -2.039543027521618512e+01 -1.268989315466704149e+01 -1.174321624505964223e+01 1.937795512165343936e+01 4.740694161891316980e+03
-3.234038350602958189e+01 1.551042292127473132e+01 -1.970636492141036911e+01 -1.661034670916369294e+01 -7.059573940597285713e+00 4.781748800041897063e+00 -1.037795844081278673e+00 -8.082835308487869019e-01 -1.857840973246351890e-01 -1.200945503135137926e+01 -7.979135680386215235e+00 -3.239885999342530631e+00 1.371868213633417355e+01 2.431778341951381208e+03
-3.428416210660335395e+01 2.173183384209149338e+01 -2.638859842995764637e+01 -2.396066959975437882e+01 -1.001214716448245667e+01 6.709552391029490970e+00 -9.212485898262315231e+00 3.802872693215865407e+00 -1.052799738580330879e-01 -2.084592857860452497e+01 -1.675783021631862013e+01 -1.456229155209230441e+01 2.267129555626851101e+01 4.604177782719957577e+03
-3.218061037176436656e+01 1.843677939727778181e+01 -2.405406396405647840e+01 -1.798457893219556425e+01 -8.705427181354986388e+00 8.081404181270960052e+00 -1.540423677638740108e+00 -3.631841603146559461e-01 4.699451765108813461e+00 -1.376249606744364051e+01 -1.549953992498952715e+01 -5.722410411415762788e+00 2.132921483590475020e+01 3.360556224008548270e+03
-3.233092600443823983e+01 1.915328590508980611e+01 -2.408267367464407371e+01 -1.459554171342017526e+01 -3.140993022635847787e+00 4.311070241748552689e+00 9.088003695001564131e-01 7.273598827075117512e+00 -2.109541206762823862e+00 -1.346068031613114435e+01 -1.762435568245441786e+01 -1.161178230278311396e+01 2.340369856892333900e+01 3.466149055150550794e+03
-3.384620401466552408e+01 2.452139064573889726e+01 -2.842159774007259898e+01 -1.086807657102534819e+01 -6.986996401767240350e+00 9.454888572930196133e+00 -1.196221474855408395e+01 2.131209755194025113e-01 -1.753370613822778701e+00 -1.681210675426142842e+01 -1.041756535560699426e+01 -1.828382184830107349e+01 1.891198215524725512e+01 4.040327591126272637e+03
-3.328366976182096693e+01 2.227028481390152237e+01 -2.904243811628553118e+01 -1.474977692611032332e+01 -6.569516107557667794e+00 1.532897364009876995e+01 -2.330845800976677396e+01 8.712731996287839564e+00 -5.431668069666879539e+00 -1.146569773551790128e+01 -1.655025168132652524e+01 -1.384090952049783319e+01 2.128044474336061853e+01 4.641423456119423463e+03
-3.174384069551041065e+01 1.797353139920120313e+01 -2.806329559525327255e+01 -1.479065570629387594e+01 -4.265567833042959833e+00 1.818830114196236636e+01 -1.360051951900945078e+01 1.441090757070242745e+01 5.776519918672170739e+00 -1.508097179956316758e+01 -1.650565103762949448e+01 -6.148712224405382898e+00 1.223003226554028622e+01 3.799309824716729509e+03
-2.883148314184182226e+01 9.103488123080975214e+00 -2.940441967659194944e+01 -2.190442977493270504e+01 -4.883382508785446774e+00 9.991810028281805645e-01 -1.639191924778243958e+01 8.838969245515567508e+00 -2.854349667628131915e+00 -2.514228369247878092e+01 -9.726874319956152704e+00 -3.943654602567398526e-01 3.659177500180447407e+00 3.378658967228473102e+03
-3.295902222676451743e+01 1.872828123214477003e+01 -3.965370845937776068e+01 -1.460403990546281250e+01 -9.619391187700140122e+00 9.887181792796816637e+00 -2.816643159342500624e+01 1.083398479015115967e+01 5.303116070126709936e-01 -2.833902097736817538e+01 -4.949635729890538904e+00 -1.340122893192685849e+00 -4.387009972711446992e-01 5.153621008111194897e+03
-3.125035828022574691e+01 1.327154390111199156e+01 -2.845090017119404280e+01 -1.132835595022154962e+01 7.729814192280383800e+00 1.876204662332084494e+00 -1.318583036024516630e+01 6.985632848138948248e+00 -2.038534507134798002e+00 -2.603262378219913131e+01 3.627377789392653540e+00 1.597374630139755425e+01 -6.363163637542944562e-01 3.327015962173554271e+03
-3.389523235074003082e+01 2.050461134861905421e+01 -2.263415223687201561e+01 -1.110658154313935064e+01 9.851065613034355906e+00 1.705223179280120860e+01 -2.560072690009713980e+01 1.082972582506867809e+01 -6.384639958031960383e+00 -3.586874027790757680e+01 9.268025138771623261e+00 7.263850899472080513e+00 2.050538038839681665e+00 4.835683828441197875e+03
-3.858729820909432817e+01 2.320912622798847380e+01 -1.938964588907009912e+01 -3.978879142060466556e+00 1.567251464479080258e-01 2.540674941409593046e+01 -2.696048297099433100e+01 1.779347278758753959e+01 -1.714256757351409632e+01 -5.326311345878478676e+01 1.782152279812571294e+01 -3.299329164059157660e-01 3.293526200460851427e+00 7.567825488451462661e+03
-4.076396645155612930e+01 2.263613354380819231e+01 -2.932897058358355480e+01 -3.340113665752170391e+00 -4.815086737798266014e+00 3.434905006273925210e+01 -2.253306005118617605e+01 6.826285823231084571e+00 -9.163252723359551766e+00 -5.349677710640587947e+01 7.151803352129617153e+00 -7.018307510833706075e+00 1.777303444494499951e+00 7.852253751668060431e+03
-4.089270488507694523e+01 1.248203336943246988e+01 -2.157815410729044814e+01 4.475383103153713904e+00 -1.065782694463916336e+01 2.171864490604486519e+01 -3.580235319986706077e+00 2.208299767747693210e+01 9.273166471367733976e+00 -2.997028591409606335e+01 2.109402375740976887e-01 -4.441656083434844859e+00 -4.712919598663772192e+00 4.425620011427442478e+03
-3.950151875959611658e+01 5.352360726077651343e+00 -3.137792170481730736e+01 3.477607708246991081e+01 -2.638532934785022377e+01 2.640552835687912037e+01 -1.728077458738776073e+01 3.367094421241646529e+01 -3.274731798488923573e+01 -1.407055881576097178e+01 -1.415836105697804292e+01 -7.546201178152438516e+00 4.456931461193235577e+00 8.156398483194472647e+03
-3.637637855364437200e+01 -1.340299024025703822e+01 -3.183074391409317627e+01 1.596323118490676762e+01 -3.426590656008086455e+01 4.935008589108470289e+00 -2.699181639950441891e+01 1.731716128893404516e+01 -3.718546639695080813e+01 -4.233359853688202890e+00 -7.111685495208947216e+00 1.959138067697347108e+00 3.047361557985439173e+00 6.462231913681832339e+03
-3.623749789840633895e+01 -1.248643964491037472e+01 -2.871363295713459252e+01 2.583220172585657792e+01 -3.230166422094863776e+01 1.677405433165045778e+01 -1.056992019536023797e+01 3.371204330154882456e+01 -3.732657428380512954e+01 -2.148488631704809393e+01 -2.291245444372283302e+01 9.704094055958837117e+00 1.733866736097759764e+00 8.010864070973268099e+03
-3.592972991294302432e+01 -1.431152009939769165e+01 -3.177851350733657654e+01 1.899167996511746637e+01 -3.693721615652228252e+01 7.731601945136084453e+00 -8.316353811034989718e+00 3.683383483115012069e+01 -3.647890988777740517e+01 -3.109701034464504943e+01 -1.217218230314938054e+01 5.064383778685495940e+00 -1.179141786272393766e+01 8.326934122184187800e+03
-3.675513266565325665e+01 -1.458953264606868672e+01 -2.992071757537954824e+01 3.404069964598440379e+01 -2.894100987849302697e+01 1.811941815060762906e+01 -6.839192296202207366e+00 5.737603445331929208e+01 -2.497748733225288476e+01 -2.171168700759005077e+01 -6.322808430567723903e+00 1.037366297855180619e+01 -9.277889223478325675e+00 9.451434305104514351e+03
-3.598722312135379298e+01 -2.405754422484909583e+01 -3.044544768148659131e+01 2.594562363222537371e+01 -1.368217440472657387e+01 3.754294288338461127e-01 -3.256370933064900886e+00 5.033428625410958546e+01 -9.828882214604014678e+00 -3.084785173428292282e+01 -9.810061601925696095e+00 5.322594678382915667e+00 -5.230382524691410406e-01 7.378471274335978705e+03
-3.793438341097085953e+01 -1.773574583288614903e+01 -3.799099049077450019e+01 3.527981820617453224e+01 -2.754230586098264766e+01 9.334225392105716779e+00 -3.000080343432336250e+01 5.254317412383564090e+01 -3.188216986524892960e+01 -1.345982956355119775e+01 -3.254485368567644699e+00 6.730854405447866284e+00 -6.643684514558308329e+00 1.024576917284026604e+04
-3.822907847844198415e+01 -1.402912845421088228e+01 -3.617007740989493669e+01 2.006839918815462198e+01 -2.636781727439457867e+01 1.214186050115030113e+01 -2.223498294265569086e+01 4.445840766874497518e+01 -2.177251461426792289e+01 -2.291191341650985080e+01 1.420392917960200618e+00 1.837249771235022067e+01 -9.706100189675659351e+00 8.115697813612191567e+03
-4.441972050278327089e+01 -1.121571664897567722e+01 -2.614692124533501882e+01 1.496639591003749103e+01 -2.779840729621216155e+01 -6.167020301251712411e+00 -3.193402901869869126e+01 2.039350552881172263e+01 -3.586578829862664719e+01 -3.927035916083856648e+01 -1.808384005468702682e+01 1.317551992242878445e+00 -2.034702411294486168e+01 8.824297714895836179e+03
-4.409447728303712921e+01 2.868392224091469878e+00 -1.501383194002292676e+01 2.684122425700710934e+01 -1.294136594600739087e+01 4.676725929056967601e+00 -2.710927952901219129e+00 1.143409250790819520e+01 -2.651505892103351769e+01 -3.213016471721212497e+01 -7.787133524540915452e+00 1.449373412361405222e+01 -1.041213873170775273e+01 5.340371634447355973e+03
-4.697599135007276772e+01 1.623643057191336680e+01 -1.548538847499711935e+01 4.327158060331424139e+01 -2.674597067287281504e+01 1.796615943618570554e+01 -1.931116795627508154e+01 1.112162521520471614e+01 -3.416102549444015324e+01 -4.767250442914743047e+01 -5.796004945390079932e+00 -1.307985020698109846e+00 1.227310247109192787e+01 9.742910856339080055e+03
-4.603787779671865366e+01 1.681449102711105326e+01 -1.152385724210817308e+01 2.734825454276750989e+01 -1.447927985475374868e+01 2.367957471728661645e+01 -2.557209571000384329e+01 -1.630145816318794871e+01 -3.998544218890991431e+01 -5.201226064969981877e+01 1.225228911248541941e+01 1.122246410608359213e+01 1.215138458131986843e+00 9.554630729466156481e+03
-5.051358580799240627e+01 2.090890998122482713e+01 -1.893191633055880274e+01 2.430881891732922284e+01 -1.464762307116151341e+01 2.377483416062848676e+01 -3.232245663733165486e+01 -2.477242412273960781e+01 -4.595420096355741890e+01 -6.395841665247067453e+01 1.200461353244058493e+01 4.696383221102133021e+00 9.676232401210087541e-01 1.274592150492403016e+04
-5.292959374184285082e+01 2.288477791626768720e+01 -1.194883366484815923e+01 2.145502630270299349e+01 -6.022972966759622793e+00 2.206696141639056563e+01 -7.091317349436725870e+00 -1.323502737049276945e+01 -3.333969098224507377e+01 -5.173657870355873456e+01 1.018831554551603347e+01 -1.266058773209463695e+01 -5.791328703200017358e+00 8.762867768578911637e+03
-5.429154578115259255e+01 1.826293464076361417e+01 -5.366336737673845114e+00 8.504747158091074510e+00 3.590933782172975430e+00 -9.554393436900462944e-02 -9.886079732357996974e+00 -5.388573260788271924e+00 -2.365307816721070822e+01 -2.907248148318862491e+01 3.965325048303209421e+00 2.498298779779113410e+00 4.922885697140675809e+00 4.972787637031109625e+03
-5.934005759171090943e+01 2.212440836926976928e+01 -7.638382912524910751e+00 2.226901072003358806e+01 4.245853324520266092e+00 -4.036186763014236512e+00 -3.548671045222082654e+00 -1.301818901310736365e+01 -3.748067620815245959e+01 -3.751877455308195408e+01 -4.132788703159245181e+00 -6.117383646850630186e+00 3.482260451800529122e+00 7.660457994039809819e+03
-6.316430092736156610e+01 2.233450012861491629e+01 -5.259187273894882608e+00 3.087985822701844896e+01 9.483140923849411763e+00 -1.176780837742164110e+01 -9.587369820359702421e-01 -1.526498489785380208e+01 -2.365812453342851285e+01 -2.229811175576068294e+01 -1.009429160282545812e+00 -5.313723081141896287e+00 -8.711290462229126064e+00 7.094187544903394155e+03
-6.042242074815569453e+01 1.908632448457503727e+01 -4.532814525066660494e+00 1.526465979170524712e+01 4.258342167450982707e+00 -6.912012973492816847e+00 -2.458898955323960855e+00 -1.603682952311072896e+01 -1.342696513420138515e+01 -5.349121019164927660e+00 1.293296891171511920e+00 2.982718990476037613e-01 -3.876701450730231979e+00 4.823535329564737367e+03
-5.970380753127248141e+01 1.877682148013628449e+01 -4.125028205732497177e+00 2.935639670006375113e+01 2.223379659953579335e+00 9.070202460569309011e+00 9.034683892112619352e-01 -1.160350124791302839e+01 -1.269749506989865395e+01 -2.664102768917742736e+01 4.080773463011403424e-01 -1.638546027963750618e+01 -8.732285991235508860e+00 6.234470421380863627e+03
-4.832881346524690258e+01 7.338783059491023941e+00 -1.010561093975931080e+01 1.983412044443185351e+01 -2.073051478319298369e+01 1.379800320527562718e+01 -6.210245007514072491e+00 -4.253599743464764771e+01 -3.705850201902781293e+01 -5.001613724176542775e+01 -1.374111081516980626e+01 -5.524126579993296815e+00 -2.464567315768139810e+00 9.453419759907519619e+03
-4.357101554173353009e+01 1.521297204071735010e+01 -7.838888616959450495e+00 2.090920867872738498e+01 -2.420298987873448127e+01 1.679584125308253562e+01 -3.041015944807254012e+00 -2.961238996262775203e+01 -2.644865341649339285e+01 -2.807380501139213180e+01 5.789342287892662142e+00 9.670298098522788877e+00 1.898352791352883884e+01 6.357612792561337301e+03
-4.052959715174257838e+01 1.357161657866035576e+01 -1.203356914877735484e+01 7.455702441980364137e-01 -2.224371600532373705e+01 1.655513035414300660e+01 -1.921396895418467565e+01 -2.304787543631235280e+01 -6.001069129147847292e+00 -2.985834807994465834e+01 1.264627509918365433e+01 2.604362412612315048e+00 1.248085702521755991e+01 4.891452641456781748e+03
-4.131280252606077141e+01 2.198328404629714328e+01 -2.418397256426275277e+01 1.784619816114871194e+00 -2.900975245023849070e+01 3.093306349009099421e+01 -4.933635629073550888e+01 -1.045463333892663016e+01 -9.029191759490318603e+00 -3.445761735652663305e+01 2.826589914589088792e+01 4.719887717373437042e+00 2.363268356829304295e+01 9.768453216246280135e+03
-4.155380976695101225e+01 2.782983321617331285e+01 -2.590813885662769067e+01 -1.897532048305079266e+00 -2.128171043541105334e+01 3.101121336877730172e+01 -5.294591001949569886e+01 6.791490381099357654e-01 -1.757630006630187935e+01 -4.163810703665866697e+01 3.593106093327505590e+01 1.905529648690228894e+00 2.260123067460399682e+01 1.124253428740199161e+04
-4.186231381913671612e+01 2.809967016680760210e+01 -2.333948942334583876e+01 -1.495828981691899884e+01 -2.072105677589391348e+01 1.729570611914039446e+01 -4.293322438368774385e+01 8.053374791040265990e+00 -8.125430747082425853e+00 -3.416176746969533440e+01 2.195934511300124825e+01 -1.602196529959116322e+00 9.075983110744223481e+00 7.747351550557394148e+03
-4.251776896584600252e+01 2.350089390004344025e+01 -1.354945916589456623e+01 -9.883861878265859602e+00 -2.914006053468639390e+00 1.410232841188367559e+01 -2.941808313092790428e+01 -6.809732761697832260e+00 -1.174885579379221312e+01 -2.631247495949000026e+01 3.512640269695922512e+01 1.444285029360828609e+01 8.557103192953187332e+00 6.106560491595725580e+03
-5.153495842098038082e+01 2.705911696180323744e+01 -1.683688803498948872e+01 -1.033198217812217656e+01 -1.048980130413377054e+01 1.072960781449843637e+01 -4.219732317777371833e+01 -1.445835673776151786e+01 -3.562181272258264642e+01 -6.898954666843658856e+01 5.114992906269634432e+00 -2.743561965913006517e+01 -6.576426752690487376e+00 1.284369384131981315e+04
-5.249449924011514668e+01 3.145948445159881857e+01 -6.169706804533829470e+00 -3.131651092020601435e-01 2.320601365552484197e+00 4.598220474516585554e+00 -2.253078926247382796e+01 -1.494131955251806509e+01 -2.653546992928471582e+01 -4.693960477300402090e+01 -5.381948650774390330e+00 -8.319092029416424339e+00 3.992769514812176457e+00 7.562515816346584870e+03
-4.660674025523512398e+01 2.079924400545763064e+01 -2.341214724895768207e+00 -6.601622931193708688e+00 -3.897716250792591541e+00 -3.679778519702191719e+00 -4.530535168464411733e+00 -1.181295653011222768e+01 -3.162319616846974313e+01 -3.169022894964713899e+01 -5.683527465137988344e+00 7.991100287378727351e+00 6.426085906038071727e+00 4.984416048064294955e+03
-4.895824080778402987e+01 2.205171215089087866e+01 -3.509664224071401550e-01 -5.334104035693739698e-01 6.414655811441456912e+00 5.428263505370543918e+00 -5.966147314678228675e+00 -2.680796975927119519e+01 -4.477707620929148646e+01 -3.994196510939189437e+01 -1.165729200893922624e+01 8.081239874465367734e+00 5.749113967803655356e+00 7.543069403082149620e+03
-5.294759110414055669e+01 2.687824908509125876e+01 -3.639225894425256458e-01 2.641065169877660157e+00 1.363207863292268396e+00 -1.282974947937625210e+01 -1.376821294944786800e+01 -1.853314623555926488e+01 -3.516922477942728165e+01 -3.959770026887920835e+01 -1.923628747264956118e+01 -4.543863578479172105e+00 -8.526037384399883123e+00 7.500724350686492471e+03
-5.018381113621978784e+01 2.554845587210427027e+01 2.395569298353209309e+00 1.037784013280182993e-01 -2.646633960947495368e+00 -1.315357228727891581e+01 -7.951948640278931002e+00 -4.802103911450248397e+00 -2.200106943121071268e+01 -3.433002713311724818e+01 -1.538268454858466860e+01 1.175491102526615350e+01 1.204404410935074310e+01 5.625664578937039551e+03
-5.283485963699893517e+01 2.994193390128641141e+01 1.661718833011330554e-01 -7.374477331789077716e-01 4.934324987251332395e+00 -3.401013176982323749e+00 -5.049995747575465543e+00 -5.977137714091088405e+00 -2.239760866375633697e+01 -3.376850963549127727e+01 -1.920178010973523541e+01 1.913165677128030540e+00 8.030317812600321403e+00 5.864576010197084543e+03
-5.529373299622544380e+01 2.928773675735373772e+01 -4.688090896588845702e+00 2.586496933554345734e+00 7.813739998293343980e+00 -9.080148165285532258e+00 -1.129303259387766722e+01 -5.041603968811219083e+00 -2.851255370097798192e+01 -4.983339292259294240e+01 -3.267253364136323768e+01 -8.822874805276921251e+00 -3.974325689285818530e+00 8.697756182665880260e+03
-5.756290615323900539e+01 4.256277717949649286e+01 -1.211411662974946779e+01 1.248529734856167650e+01 8.993353648643450882e+00 -1.656399213586687935e+01 -4.210795771521665287e+00 6.142736136656605339e+00 -9.881436328845211392e+00 -4.843562764769313844e+01 -2.816901641833273828e+01 8.928158754342274683e-02 1.553188450422972444e+01 9.316816594217825696e+03
-5.375311296838143704e+01 3.456560181275133203e+01 -5.153421564961935708e+00 6.478141146203933332e+00 2.278055422703391120e+00 -1.601606905158966754e+01 -8.984618990444275255e+00 3.843752300480837825e+00 1.813111490596305941e+00 -2.962215892352457303e+01 -2.226594822763587800e+01 4.279279849308455397e+00 8.669131470250016847e+00 5.979902063051526966e+03
-5.378216167597953756e+01 3.455134621680574014e+01 -1.220743859937800302e+01 1.761984681299231781e+01 -2.963161384574232837e+00 -9.242659197849416586e+00 -1.038356845231029446e+01 1.055816026386357409e+00 -8.796373422833479339e+00 -6.174925985737552736e+01 -1.994385062966105693e+01 3.518480433646733907e+00 1.269826876225925893e+01 9.210667504916065809e+03
-4.632553566366757281e+01 3.630478433489026457e+01 -2.507627614254236192e+01 -9.860449430253639846e+00 -1.248742244014410030e+00 -8.454544199365230384e+00 -2.478049171416979135e+01 -1.393647001830210952e+00 5.221120420777720206e+00 -3.230583912202483532e+01 -1.312365145427164848e+01 7.244250137308923421e+00 6.144145124188712614e+00 6.212581651323624101e+03
-4.042459947486153027e+01 2.902363065494148842e+01 -2.468297444957045528e+01 -2.537932648417561055e+01 -7.714596839105781534e+00 4.879383018733711275e+00 -3.311129174662794128e+01 -2.257026962803190262e+00 -1.062725206622324503e+00 -2.507474100433375241e+01 1.478501831500067354e+01 5.554208165856857171e+00 1.210848612667109059e+01 5.940587466944109110e+03
-4.436227643778492791e+01 4.166553226151683020e+01 -4.435021015308476677e+01 -1.054924085347726859e+01 -1.939407044583549222e+01 1.770996693224909535e+01 -4.584229315026601626e+01 6.250512082968869620e+00 1.090215655134541350e+01 -4.014464166185472749e+01 2.029459992456454032e+01 1.532295471043450652e+00 1.841342300658274667e+01 1.109633554631588959e+04
-3.803188859961466761e+01 2.109184745774223657e+01 -2.363379131972243385e+01 -1.994124302721332853e+01 1.098993994302630117e+00 -3.836894321758202775e+00 -3.525370127016171296e+01 -1.275503230932965515e+01 -1.503814649806708736e+01 -3.218937876498601725e+01 5.794727850306624184e+00 1.545417647709413878e+01 4.524265527148107147e+00 5.824125068919927799e+03
-3.824724340681847679e+01 2.231783546855697509e+01 -2.423627910374477068e+01 -1.700431502950112517e+01 1.058637371317188824e+00 -1.229079861157653397e+01 -2.560298335211396292e+01 3.834129437910315463e+00 -4.974676986309521709e+00 -2.947178458796406986e+01 2.347203992094419434e+00 1.907956452142195403e+01 1.810500149620756893e+00 4.926029668925546503e+03
-4.385988469738294526e+01 2.792703626098280978e+01 -2.275455438151666243e+01 -1.028800679651875072e+01 6.887816853728889299e+00 -5.119463410879932397e+00 -3.297673320239841388e+01 5.770031127393085768e+00 -1.463323490852076603e+01 -4.345393983625328360e+01 4.550831991241729213e+00 1.414290270542711880e+01 -1.472581896411311764e+00 6.846907504845687072e+03
-4.801213005836670078e+01 2.910227788737717702e+01 -2.376075359770946349e+01 -5.184121306715844923e+00 5.024724546736171860e+00 -2.859027123264886949e+00 -1.887457937227399896e+01 2.879692207996740194e+00 -1.458721870478844629e+01 -5.151443507729056392e+01 1.487456854149927565e+00 1.243769273637115091e+01 -4.647316027476602329e+00 7.186550248414948328e+03
-5.446894473815204663e+01 3.269571734820213749e+01 -2.239037488515953100e+01 -9.202821953166115065e+00 1.090380633124018450e+00 -3.180285572942668004e+00 -1.236591661232397321e+01 -5.060784077063747333e+00 -2.299077421490493833e+01 -4.387233546977747523e+01 -3.249661731422685662e+00 3.828757733167638566e+00 -1.064852705708568603e+00 7.291438385595469299e+03
-5.791293161461467065e+01 3.455780394800947164e+01 -2.208333521786132891e+01 -6.064139429370631440e+00 4.325795690463732690e+00 -1.201177319217539186e+01 -6.783179900405352569e+00 -8.998748293817170563e+00 -2.935918494389177980e+01 -4.752057346426955320e+01 -8.568039005342319214e+00 1.149542387841238522e+01 2.260996056321304071e+00 8.693415955914839287e+03
-6.015669585349402126e+01 2.865914120692167444e+01 -1.327213509950660253e+01 -5.722303513486158622e+00 -3.577921501830701789e+00 -1.708754345121453611e+01 -1.057246928941555808e+01 -1.372322064647005391e+01 -3.579097732695097278e+01 -3.933661549539298363e+01 -1.438581314031342728e+01 -3.947749777323781739e+00 -3.147071345415590304e+00 8.314762096302036298e+03
-5.871768445595139951e+01 2.457299478674038085e+01 -1.041670306547020530e+01 5.901085206645706016e+00 -1.352253826650369284e+01 9.749007264001509299e+00 -9.291334298559720040e+00 -2.966503755132879228e+00 -2.928628824840198419e+01 -4.230378370530873156e+01 5.649340864742622870e+00 2.450859858288672477e+00 1.253847083062777656e+01 7.410392083583094973e+03
-5.441057241121253440e+01 1.407443417935010110e+01 -4.987062242739072060e-01 -1.151152651124188253e+01 -9.218107653547438218e+00 6.178848809908001449e+00 -1.270280463165782869e+01 9.275152552069866330e-01 -3.892516757216876044e+01 -3.190994123739214672e+01 -1.024173207486624371e+01 1.153546415637503664e+01 -2.540840475040932134e+00 6.354566149299817880e+03
-5.425547244705949623e+01 1.775468078778057190e+01 3.926629139551268910e+00 -1.590680911745423565e+01 -5.381387422799319253e+00 1.255500245996055142e+00 -4.815818495161447998e+00 1.660344564440182324e+01 -4.788225705404984467e+01 -3.055456815189441855e+01 -1.428955832269263837e+01 1.306825791587609231e+01 -1.219713475611979092e+01 7.606765213346522614e+03
-5.300625568668971965e+01 2.700757720417656316e+01 -9.500158493090303580e+00 1.228692801497706455e+01 -2.185026726735676661e+01 9.366157795594258317e+00 -3.123671232372585038e+01 -2.830853072702895545e+00 -3.622665852235137152e+01 -4.046375915172686888e+01 -2.986495409886576802e+00 1.294989646146836648e+01 -4.199463616727955539e+00 8.473140057470938700e+03
-4.041534944646209482e+01 2.398432294616075211e+01 -3.082327098361724538e+01 7.066746356171226040e+00 -1.537848240964682311e+01 1.470610140408836086e+00 -3.634844613825555371e+01 -2.763718773455890343e+01 -5.865359789621912512e+00 -3.337237677468882424e+01 7.553267248212842233e+00 -2.401993351022753131e+00 1.295847391404936566e+01 6.911206695623030100e+03
-3.392479656397752308e+01 1.818832186136668128e+01 -2.561964453641622796e+01 -1.008944461353355848e+01 -1.338256416737000443e+01 -1.043585128092027503e+01 -3.542721591904268763e+01 -1.601861772136772544e+01 -3.844361531982845470e+00 -1.424867948549805874e+01 -2.850409551186251278e+00 -1.323388763070960872e+00 3.484072768316349045e+00 4.279372648102544190e+03
-3.123757678075284616e+01 1.964793229504569538e+01 -2.096108275886457406e+01 -1.774398551045127448e+01 -8.373390826196875025e+00 -1.264148732074105652e+01 -2.422877961088352095e+01 -1.243387551455214712e+01 8.724060594227003862e-02 5.253671904733837827e+00 -5.338469433014521925e+00 1.430844879850008233e+01 6.944850201790226052e+00 3.396669942813791749e+03
-3.067182738593441371e+01 2.577752110268363239e+01 -2.130630725168954598e+01 -1.410874600365364628e+01 -1.285894928146491978e+01 -4.376550952797215288e+00 -9.089965307436052910e+00 -1.390993190631579246e+01 -1.448193844434326083e+00 1.185967643304709540e+01 -5.329175816094579687e+00 8.999139890755611049e+00 8.205937264277972432e+00 3.038348712230450019e+03
-3.356726826929749308e+01 2.941187320844524322e+01 -2.178300127344682835e+01 -1.545742627090241150e+01 -2.371544924355983142e+01 2.531236244612777853e+00 -3.483964457908342194e+00 -1.005394694479285178e+01 -1.410962331132204817e+01 2.867602967796804236e+01 -1.006609810524087223e+01 4.551367726618140708e+00 5.531456327037981069e+00 4.561334939778867920e+03
-3.337401520534144339e+01 2.618736295702648320e+01 -1.599210521410040364e+01 -2.094708948114747571e+01 -1.702443412405018108e+01 -2.055825845767198956e+00 5.629240669131869268e+00 -1.588193458693359084e+01 -1.480003875357719778e+01 2.509746583824579957e+01 -1.644673548992338530e+00 -5.158816318480956564e-01 7.775921014331513170e+00 3.984472801537612668e+03
-3.699729204843327324e+01 3.301777886632620351e+01 -1.601478073830525162e+01 -1.838737678629555106e+01 -2.041341032790061050e+01 -3.387808107288682535e+00 2.161844611638015667e+00 -2.042983515975384190e+00 -2.639763435150210569e+01 2.878016144287175493e+01 -4.934256176984955111e+00 4.936673981857899740e+00 7.052512768472771754e+00 5.114162448524443789e+03
-3.450413950844390598e+01 1.628705056356496073e+01 -1.200481570765319361e+01 -2.391292832628619536e+01 -2.059779579039938824e+01 -9.419931793269176623e+00 -9.913091834919407930e+00 -7.830515638845817250e+00 -3.924940735166032368e+00 4.724203900579348137e+00 6.435101658198885133e+00 -3.343055361779097900e+00 -8.729017361287142451e-01 2.935409844114717089e+03
-4.181509786141969442e+01 3.108620761110287489e+01 -7.908947149391826414e+00 -1.918872916368534831e+01 -2.116295077334661912e+01 8.732117251356431353e+00 -2.143115143713234616e+01 -3.734001365783758408e-01 5.648942781334238106e+00 7.816035487934810178e+00 3.159472537220012711e+01 -1.451570896746461159e+01 1.774377539982088337e+01 5.745942530347275351e+03
-4.576805286874488132e+01 2.886720622849065876e+01 -4.292384490164341315e+00 -1.762884799629319588e+01 -2.283548918743206357e+01 2.217817384163220051e+00 -1.222948544909085200e+01 -4.506221674693235535e+00 -4.026386362197993840e+00 -5.377018902620473106e+00 1.024917628601958697e+01 -1.610597987607975057e+01 1.628083280275739897e+00 4.365698710527011826e+03
-4.962196723748292726e+01 2.385057326381141607e+01 -1.099444363316386131e+01 -2.240358089073343351e+01 -1.264581142382316337e+01 4.916900391334283249e+00 -6.657122298757420786e-01 -1.127774061500315561e+00 -9.856317968260865925e+00 -1.215737902223339795e+01 -3.692349603072304198e+00 -1.561268333089016735e+01 -1.453828622420432559e+01 4.553495169493273352e+03
-5.306751843159922544e+01 1.966754161150443991e+01 -1.681898319903165984e+01 -2.629352810520022743e+01 -1.568436131269841027e+01 1.105806524275261826e-01 1.143019417440219065e+01 6.076028421490649478e+00 -1.336444666350054611e+01 -1.509020359324647309e+01 -5.184589529866436841e+00 -4.340547421173307718e+00 -1.553084972634154015e+00 5.045235472255964851e+03
-5.695212674624067972e+01 3.103668497158595940e+01 -1.923705188383678077e+01 -2.354237532544508937e+01 -1.196280701342981700e+01 2.258466846726552735e+00 1.999000510906530437e+01 1.255675455226341164e+01 -1.924389373666931302e+00 -3.562285041370067962e+00 2.041636059915259871e+00 -8.770814702915020078e+00 -6.965660540431366954e+00 5.982619013671451285e+03
-5.868247882219031908e+01 2.497552365474717462e+01 -1.997855221237452383e+01 -2.767195223935746995e+01 -2.668572291235808081e+01 -1.067884826258682551e+01 1.692843382822726994e+01 6.587025212072450842e+00 -9.922994667039406025e+00 -1.312635282971195849e+01 -1.033480541406348685e+01 -1.006895765391457687e+01 -5.496369682332500339e+00 6.897585125017085375e+03
-6.197738039381332698e+01 2.545541736702706004e+01 -1.993872616618494931e+01 -2.305435044902056774e+01 -2.331405784673651738e+01 -1.142516571185093532e+01 1.205002560460174976e+01 -9.397858151208936528e-01 -1.665202314433160424e+01 -2.552624125892160833e+01 -1.549814722344269313e+01 -1.186541363531223325e+01 -1.647706655941561849e+01 7.819749046947430543e+03
-6.657130361059144263e+01 2.348967687156573803e+01 -2.911038779532365695e+01 -1.964564742424768795e+01 -2.630443494978111474e+01 -1.972780696788009536e+01 1.666720764131912347e+01 7.378308383982035146e-01 -1.512402616962430635e+01 -2.177652203762658090e+01 -2.097129565490580383e+00 -3.704932392290097187e+00 -1.247467638844839399e+01 8.453014502027361232e+03
-6.709595893017932156e+01 3.077228289157135421e+01 -2.650453790260187148e+01 -1.365937363548634842e+01 -2.034541137010661771e+01 -3.024344986806608659e+01 1.765030118352586186e+01 4.585229374003167102e+00 5.236073391784281661e+00 -8.035422518801420111e+00 7.170968593011763925e-01 4.255977018920323651e+00 5.394911091131049385e-01 8.109932699253793544e+03
-6.444049159871863708e+01 1.881466325694273323e+01 -2.458085418513831399e+01 -2.322184211264431752e+01 -2.412527944467371555e+01 -2.685444854268583370e+01 1.383300813839828391e+00 2.801265256594363873e+00 -9.748263388034407839e+00 -4.276922605899559748e+00 -2.827600639004385630e-01 -7.063637712706309912e+00 -8.738748451713933107e+00 7.202653339078804493e+03
-6.771778421019595839e+01 2.884058902191819840e+01 -2.432052304177241098e+01 -1.447720856225849317e+01 -1.825536030155769041e+01 -2.509041254606172089e+01 1.144793323557149378e+01 4.028785020166188779e+00 5.837001150106853942e+00 5.825111150687021233e-01 7.449470551143042574e-01 -3.607267975410119121e+00 -8.006552668238750670e+00 7.440710663442594523e+03
-6.763282253484833006e+01 2.227022401866289769e+01 -2.274182985604764795e+01 -1.080596954122238884e+01 -1.720167633195844914e+01 -2.996415203641011971e+01 1.174604446193471574e+01 1.158899367341341780e+01 7.920522597610309745e+00 1.759662356728047428e+01 6.465872873506253171e+00 -1.148826612018889115e+01 -3.290722136100968420e+00 7.727136237383161642e+03
-6.941154162725250387e+01 2.385647117291052055e+01 -3.107508164912378845e+01 -1.390080637587850809e+01 -1.765000045206316059e+01 -4.150160809297377540e+01 2.349107120015669636e+01 9.430160029863037252e+00 3.226156891424192708e+00 8.803629419527027267e+00 -3.374415752362327048e+00 -1.554358105116327593e+01 -5.684093118314706317e+00 9.593861267261358080e+03
-7.188044502651059986e+01 6.823792688942273976e+00 -4.743685548536741692e+01 -3.473955168776812741e+01 -4.473815337019330229e+01 -5.372418070590802586e+01 -1.078863581798684379e+01 -2.149622216669104802e+01 -2.570626824113528386e+01 -4.604730487354319024e+01 -5.437518329117666838e+01 -5.306540408966764488e+01 -4.798990243701696556e+01 2.499352134149191988e+04
-7.048840144183056111e+01 1.167164318906019815e+01 -3.128467855542694664e+01 -1.858824510932917207e+01 -2.211633973369862005e+01 -2.454947274523257406e+01 1.975126436603157387e+01 1.761875758791482838e+01 3.112533266055834247e+00 -5.511067375269564472e+00 -5.196644188881345272e+00 -5.724918913447412550e+00 -9.043738024894246719e-01 8.322095545715232220e+03
-7.253709856671275702e+01 5.449641957616022658e+00 -3.979400833837375728e+01 -1.922946461622480641e+01 -1.408202948307103775e+01 -1.166496244551750294e+01 3.925535488709346765e+01 2.809983220226419220e+01 6.768020621724325281e+00 -1.725359023359142041e+00 -7.172272760326136698e+00 -5.917004057712238030e+00 -7.042589745194972828e+00 1.009445650611108067e+04
-7.344915459509248024e+01 1.342518589102148496e+01 -3.915186972295753520e+01 -1.766305914669547406e+01 -2.047448466482556029e+01 -2.844124752235955000e+01 3.015325076933681103e+01 1.075326703983131260e+01 7.060474158703169856e+00 -7.497236952239398455e+00 -9.899931773701142745e+00 -6.846505910421665675e+00 -1.232400190251798833e+01 1.007565002753449335e+04
-7.366919856751552231e+01 1.606048801292223160e+01 -3.788419399573930235e+01 -1.471298175803398145e+01 -1.776301333279079131e+01 -4.442816401013261896e+01 2.082018131485990509e+01 3.768794989924928007e+00 -3.418005104463164301e+00 2.021131528170559299e+00 2.563613536522177050e+00 5.422795430173090736e+00 -6.443519769164302247e+00 1.016710974855023051e+04
-7.363373215084661183e+01 1.528249381752118907e+01 -3.287972835159953888e+01 -1.290370033420560425e+01 -1.892368675533522548e+01 -4.602579524199497740e+01 4.204060510769943804e+00 -6.245551588263022147e+00 2.237076711855687794e+00 4.941139746330176941e+00 2.095946304168257779e+00 4.364795213056494205e+00 3.910192732244928138e+00 9.504377343599790038e+03
-7.331830915971869445e+01 1.768549479150268411e+01 -3.489094954938587279e+01 -5.667555469162977921e+00 -6.478160486733257173e+00 -3.871083549300694671e+01 1.428916503891018408e+01 -4.565146564205833535e+00 5.167869779121804008e+00 1.317027543778015186e+01 -5.761363106860436512e-01 7.099007056767029589e+00 7.909469755452486206e-01 8.954883342554197952e+03
-6.119700945811942461e+01 1.291588372344107949e-01 -1.256162729856937332e+01 8.093466509469207537e+00 -3.442164977078784460e+01 1.560713619695288124e+01 -2.796956229572785446e+01 2.305130141395687815e+01 -2.926761915096168565e+00 3.408308286451183733e+01 -6.481811872317168266e+00 1.675137143652837324e+01 -1.180553569951469761e+01 8.342696390417168004e+03
-5.271353004098425998e+01 2.358492808907523752e+01 -1.086239416937688596e+01 5.197022144623593576e+00 -2.727750032059030261e+01 2.222425910369929980e+01 -2.980016727495470974e+01 -4.389924486931661818e+00 -2.315900530902467835e+01 -2.193958992193838498e+01 -6.114596060668167077e+00 7.541219950914340053e+00 6.025603725044405223e+00 6.773518168106358644e+03
-5.071417722379511872e+01 3.674620533435973613e+01 -1.326301020695494515e+01 -4.156472270639091526e+00 -3.327720659019787774e+01 1.601506949648803868e+01 -2.835468203830229328e+01 -2.294149290465022517e+01 -1.777670584307941581e+01 -3.554346743940119069e+01 2.636526083964872313e+01 8.035772649287824976e+00 2.520428103428676536e+01 9.783855850975411158e+03
-4.691692962460741967e+01 3.769288118211902372e+01 -8.536500424526845876e+00 -2.034725252421633002e+01 -3.022216769840590800e+01 2.877818328464513442e+01 -2.686104971236558470e+01 -2.925739387916595824e+00 -1.357711246755275880e+01 -6.655152128986479454e+00 3.189177902640901507e+01 -8.550772679303365820e+00 2.319296383028219921e+01 8.437217185094992601e+03
-4.275840018268261389e+01 2.255636739363569987e+01 -7.283116960746261803e+00 -2.242850887616729949e+01 -2.408905207266471749e+01 -5.301000151924927017e+00 -1.787250613410063238e+01 -1.457819954470366142e+01 -2.240844066764201870e+01 -1.468413088945787415e+01 1.055681730297145648e+01 -2.033795360411922104e+00 7.413800138781396321e+00 4.921794769868361072e+03
-5.095723259955353512e+01 3.489854823177705612e+01 -3.557200877660323446e+00 -1.404302016649645601e+01 -2.060145915472459777e+01 9.060986825537765910e+00 -1.421117202594851392e+01 -3.795639216605240840e+00 -2.886581650102266394e+01 -1.456663158927772450e+01 1.620858344918075744e+01 -7.626695841942391141e+00 1.576522013070166217e+01 6.362143156133906814e+03
-5.845621137642937981e+01 3.205970804466478796e+01 -8.744836088391380713e+00 -4.853172474260701641e+00 -4.925477015813590320e+00 1.285336596706026668e+01 6.023646460406806291e+00 1.327054946093715593e+01 -2.128911963996948131e+01 -2.487826368490291173e+01 6.921108688523348818e+00 -9.400068959213125908e+00 1.239796648863262440e+01 6.308967343854397768e+03
-6.213912826788114074e+01 3.466639265746145071e+01 -1.222358074003965278e+01 -4.805687616479887403e+00 -1.112137259383775145e+01 -6.134606397639189801e+00 1.161031351693371860e+01 3.653659098392547655e+00 -1.302450636287651875e+01 -9.634841770995105747e+00 2.141960276223727533e+01 4.492499013536864538e+00 3.237027158610517930e+00 6.296935746795596970e+03
-6.369953466250865404e+01 2.943760859628470783e+01 -1.278906382848810885e+01 -5.661997060392661041e+00 -8.337596544548532052e+00 -1.352900136454294078e+01 1.237065895513358527e+01 2.233536605684234733e+00 -1.036603011186000245e+01 1.315741384792963764e+00 1.821498716954677732e+01 1.743968640232230172e+01 1.216662172846694290e+01 6.423534022577213364e+03
-6.820849813057554911e+01 3.337588293148126439e+01 -1.978664789495429588e+01 -3.318459254314775286e+00 -6.007351648530844912e+00 -2.529697333279538896e+01 3.234960330568361542e+01 -6.518064771046440109e-01 -3.648994601318280573e+00 -1.019554612503188196e+01 -3.443042545394712217e+00 1.146559401862744210e+01 -2.961860580128495180e+00 8.161170533427681221e+03
-6.968904242471356270e+01 2.694402308784226818e+01 -1.801951772762607007e+01 1.199193301441593640e+00 -8.510237245395758876e+00 -2.470015186946021757e+01 1.728279317937706949e+01 -5.211922869027750593e+00 -1.417535711325693271e+01 -1.679579431017863200e+01 1.421521746730599611e+00 -1.436116262467991955e+00 -8.305114319553423385e+00 7.473162352018091042e+03
-7.081556424292976715e+01 2.235515505100263312e+01 -2.640288574746265837e+01 8.165079908724158508e-02 -1.497282543730533932e+00 -2.038268642820790433e+01 1.976752492383086235e+01 -8.277588535049945406e+00 -1.726523986389811416e+00 -7.927399865919950273e+00 4.668094618941558416e+00 -3.999751218880160941e+00 -1.492856961322448406e+01 7.415161275252696214e+03
-7.110726243139666281e+01 1.716159736994113771e+01 -1.723974020131100460e+01 -4.696070209375724502e-02 -5.258275595588712825e+00 -2.610374338126234051e+01 -8.290584805905112376e+00 -2.139177077951462991e+01 -1.993565313383231441e+01 -3.063132729966380197e-01 7.003708349801653021e+00 2.371005042650545125e+00 -2.350736751377433098e+00 7.341094229082212223e+03
-7.055025414158804153e+01 1.726389770793216272e+01 -2.679923663538134804e+01 -9.299504749828011896e+00 -1.096481028832167937e+01 -2.962958941711005068e+01 -7.213519906983587582e+00 -1.470165532031122702e+01 -1.342074962667849647e+01 -9.215820543953293864e+00 8.847436376349207876e+00 1.157295574217364731e+01 -3.801743362136653204e+00 7.838085125110684203e+03
-7.187517749376900156e+01 2.036075245248860810e+01 -2.465074868344021297e+01 2.353857420687524571e-01 -2.522438684802204900e+00 -3.338869836887315756e+01 2.412324996051276926e+00 -6.237972817566273420e+00 -8.209369086415286176e+00 1.801953169486785411e+00 1.097968051237550391e+01 1.714237023774553847e+01 7.008445118327981671e-01 7.839761890313028744e+03
-7.343461827215494964e+01 1.089869364508617977e+01 -2.412278129385152425e+01 3.341837404253449328e+00 -5.467027692724525600e+00 -2.335998724184421604e+01 7.201537192746748417e+00 -7.748234174712107070e+00 -5.261590017360291860e+00 5.514782264427627867e-01 3.663223233182360872e+00 4.014032235188021325e+00 -1.265899353966206320e+01 7.009746039454335914e+03
-7.151901291962495577e+01 5.176877588694776655e+00 -3.214907506362673928e+01 1.556274947691482780e+01 -2.287869025382181931e+01 -4.663724602536430730e+00 2.860049633874643504e+00 -3.436817024887599814e+01 1.441727740698728688e+01 -3.767820977323108877e+01 1.468213522953520034e+01 9.232017320742619049e+00 -3.346345908360274990e+01 1.120017098645074657e+04
-6.629065076715505711e+01 1.506437424897786315e+01 -1.236085609496936044e+01 2.837280554463279358e+01 -1.260113363638959427e+00 1.142409657346466823e+01 3.149499654917585545e+00 4.004429654008511363e+00 1.112255628223076975e+01 -3.159467317298428313e+01 1.689648378765709680e+01 -2.721672439785427056e+00 -1.105569272608623699e+01 7.274306919728333014e+03
-5.796040572504580979e+01 2.418409286473323405e+01 6.597331993457455468e+00 2.528560971644977684e+01 8.307188427313011658e+00 1.685156949124061754e+01 -3.505828451907295573e+01 -8.266457644619091383e+00 -1.758029656354517911e+01 -3.224211274578056674e+01 2.102598126469864326e+01 -3.684336408276389108e+01 -1.398165069684898221e+01 9.621200819823103302e+03
-5.839382792029466174e+01 1.747614925182748635e+01 6.343020890084606123e+00 2.878318553184597661e+01 1.854900830078168994e+01 3.114418566442578751e+01 -4.744797962258729740e+01 -1.643764300189296890e+01 -4.473811471049723565e+01 -4.468117919770434554e+01 -9.822696810150478797e+00 -4.749755239653836014e+01 -1.414477109960453127e+01 1.496997759068891355e+04
-5.721773034560960269e+01 2.366976233381448225e+01 -4.593305731801935465e+00 3.742599733015138241e+01 1.619955770405174178e+01 2.405392181499773585e+01 -6.642439222413727862e+01 -7.982746462038803337e+00 -2.957019902936269418e+01 -3.130234358878169942e+01 -4.189741184962003651e+00 -4.934939985403036644e+01 -1.040929343327217182e+01 1.498837496817277315e+04
-5.758558492748895219e+01 1.923867898989062297e+01 -4.836754091587172510e+00 3.080856294185142730e+01 1.583667228997206244e+01 2.343871521461807106e+01 -6.291200064936673186e+01 -1.218197370263560231e+01 -3.599356654933754385e+01 -3.593593985323028051e+01 -1.731832427848441114e+01 -4.719302692341795336e+01 -7.032290873990662661e+00 1.472876983755335459e+04
-5.340227190772394295e+01 1.663286343667797595e+01 -3.874558932011687329e+00 1.748529559693030677e+01 1.222883696022622324e+01 4.028077555155274325e+00 -5.205727521538450020e+01 -6.475687180304423585e-01 -9.931262538375989379e+00 -2.939082608161255905e+01 -2.234164167169347692e+01 -2.704396840096648447e+01 -1.038972380074884150e+01 8.626273843804738135e+03
-5.494862969370211658e+01 1.756535881616948558e+01 -1.155466423384427266e+01 4.301687716752704205e+01 4.710015848402351324e+00 3.670506983333964968e+01 -6.802851104701959173e+01 -1.259725723179386847e+01 -1.450819923985121385e+01 -4.201498661288206904e+01 -1.018696294049799889e+01 -1.764636357954319124e+01 -1.000887514623382479e+01 1.395896421664964691e+04
-5.649123231539783774e+01 9.417244070487949870e+00 -1.111911099730004082e+01 4.070661033227094805e+01 3.791145265131401931e+00 1.705852790690965293e+01 -7.906768806443832887e+01 -2.521978186116233900e+01 -1.236806018420137576e+01 -4.786702540811044315e+01 -2.737437524180083770e+01 -3.649243118790408147e+01 -1.418297674595177504e+01 1.698014123566085982e+04
-5.604586709195336880e+01 1.306223201153830082e+01 -8.578961026998689121e+00 4.440584725575428848e+01 9.957575676175387525e-01 3.540026932275270610e+01 -5.809616545531900300e+01 -7.699085097036548753e+00 -6.099094830545648271e+00 -4.690998305422977666e+01 -1.943542513400513982e+01 -1.759865615912246284e+01 -1.188965534733705987e+01 1.311240774014151793e+04
-5.351165161770674672e+01 9.054612942943084164e+00 -4.768059622786411822e+00 5.127612495550521743e+01 2.127734484651180313e+00 4.231738776585548578e+01 -6.982442982242584151e+01 -3.226465760570866337e+01 -1.277788832223010473e+01 -2.840864140581122399e+01 -5.869969921767646426e+00 -2.496765612422316494e+01 -2.446134136574292839e+01 1.553572890635447220e+04
-5.419264448966573156e+01 8.480844068963330429e+00 -4.592201879290136901e+00 3.312816525101627008e+01 1.538664333637371229e+01 2.568430958518369422e+01 -7.231971382119407110e+01 -4.658836326941205641e+01 -2.737487002451878482e+01 -4.637981980975252583e+01 -1.416226578214167908e+01 -3.115681877535622135e+01 -3.341400486756639054e+01 1.761266427925318203e+04
-5.644636800432083845e+01 1.920799036738108967e+01 -1.018311906338998973e+01 2.694433704924654549e+01 1.210282249754156503e+01 3.067601983975148627e+01 -5.945897842083862628e+01 -4.124508543517532644e+01 -1.918965536252608572e+01 -2.107037222358654205e+01 -1.072162891621830383e+01 -3.770592529000333570e+01 -2.832356755101177725e+01 1.385997432671782735e+04
-5.650200778959496972e+01 1.885744928249075869e+01 -7.789103828637626847e-01 2.666856564028216425e+01 2.862076950701428757e+01 1.056922569144684232e+01 -3.848219415514751773e+01 -4.275249875231553176e+01 -1.491552956431891275e+01 -3.021284306547189047e+00 -5.721457752307512301e+00 -3.462526818862848899e+01 -2.673410402148400777e+01 1.067736954266579960e+04
-6.139623776944747391e+01 3.356743987906173743e+01 -1.286649660831080588e+01 3.271424726189750487e+01 3.382494118745601952e+01 1.346617735728807652e+01 -3.041361287892614129e+01 -5.301604568184477273e+01 -1.805829078888253392e+01 -1.270829953715662519e+01 -4.520617056553692059e+00 -3.738539088835254631e+01 -2.267940270930063207e+01 1.361325474924211085e+04
-5.964145384487441248e+01 3.397938615547815289e+01 -9.489727833936587587e+00 2.083725917933109884e+01 2.906589156817106456e+01 1.121770969576136956e+01 -3.104462314855084415e+01 -4.672619698883597295e+01 -1.546679059149119517e+01 -1.439634539057597884e+01 -3.940317614769589305e+00 -3.731632574528417479e+01 -2.516675551240714626e+01 1.184159340450879063e+04
-5.701009231129047095e+01 2.906056062218413416e+01 -1.274134003561893991e+00 1.139654150450240699e+01 1.836954659109190757e+01 8.647572795055046058e+00 -2.536700785649530232e+01 -3.528560941574804843e+01 -1.560511628670817430e+01 -1.020300937680744369e+01 -2.765450338483458559e+00 -2.924125019165793304e+01 -2.436343009008110272e+01 8.330847670145602024e+03
-5.639873691789058086e+01 2.496209435254115050e+01 -2.954024547672397638e+00 9.455200462672987527e+00 1.962119765933578464e+01 1.942094929387005342e+00 -2.142385112317960605e+01 -3.337246872382392127e+01 -2.307113720248721833e+01 -1.103307212313313812e+01 -6.091910004403588985e+00 -2.465796518009430116e+01 -2.588380883507027264e+01 7.832621179613633103e+03
-5.676365925245881527e+01 2.459771024780344106e+01 -1.159082566801381997e+00 1.216632009644487056e+01 1.768843138895151768e+01 2.549992878558088094e+00 -2.027653689022847772e+01 -2.690826440199459668e+01 -1.742225324568083877e+01 -7.763402374799710515e+00 1.301119116123131247e+00 -2.268971522036123645e+01 -2.213977179288960784e+01 6.801589795687103106e+03
-5.950212322713915825e+01 2.534856273830683193e+01 1.431594278309703538e+00 2.036930008931165048e+01 2.197990151938017078e+01 9.561815133423543500e+00 -2.475947772828409654e+01 -2.875524710076289381e+01 -3.069846418804810995e+01 -7.308337988770995608e+00 4.620721269935559761e+00 -2.886911533108816741e+01 -2.371839714100407548e+01 9.027597258047879222e+03
-5.863739929418790098e+01 1.907772850201795123e+01 5.833867101717197023e+00 3.205073334652338701e+01 1.707724694949646249e+01 2.378120079451998592e+01 -3.311974238467459486e+01 -2.669505965497138078e+01 -1.895493183403184645e+01 -2.778127847053675126e+01 1.094615731759748378e+01 -1.659851590358717033e+01 -2.701444853861356776e+01 9.786507648765169506e+03
-5.330141193343116868e+01 2.137129497642670728e+01 4.069909613775362978e+00 1.796204534770830108e+01 1.846597522805725688e+01 2.534852906687618201e+01 -3.114105935307759410e+01 -3.370898851563892862e+01 -1.143156747722663980e+01 -1.581760814762346001e+01 1.356577554008275044e+01 -9.169080198194766496e+00 -2.825389469919890928e+01 8.173835977617465687e+03
-4.779820235565586728e+01 2.283042629130277845e+01 -5.846490215003876223e+00 1.584029938086959000e+01 3.158113624521084972e+01 2.710033234735298890e+01 -3.058108103723123605e+01 -4.807660191078877432e+01 -2.461080735614726933e+01 -1.272685288440584017e+01 2.477437112701062460e+01 3.799096017894519228e+00 -3.234235968928213367e+01 1.051124684257991066e+04
-4.694215452574520242e+01 3.292302841700495719e+01 -2.902322020368764299e+01 1.344592929550913318e+01 2.859603253009797186e+01 3.017152903570118383e+01 -4.361264444858960587e+01 -3.243967929844009745e+01 -1.072098542969260571e+01 -2.947890831329059225e+01 1.769924836017293046e+01 9.242761906133756256e+00 -1.952565862789675677e+01 1.075697073582554367e+04
-3.713628159834522080e+01 1.353466572377287847e+01 -1.866797671629897692e+01 1.636039126178580050e-01 2.501395300301543401e+01 9.012537639981722748e+00 -2.128806022632695871e+01 -2.409204501810154753e+01 -1.745865864600283501e+01 -1.241324278297696182e+01 6.592096742601748716e+00 3.442462774750034704e+00 -1.568971204107204898e+01 4.411709240487378338e+03
-4.041846291664273139e+01 2.593528637207634802e+01 -3.739595996572600001e+01 -3.938208607535165773e-01 2.416681329666561240e+00 1.005666998375112797e+01 -2.917408178481866443e+01 -1.546027026577797692e+01 -1.305863081487897759e+01 -2.213262786338913202e+01 6.416083011999062613e+00 -4.812847676661558438e+00 -1.708066696849878596e+01 5.918487967826556087e+03
-3.937028192586974029e+01 2.022345147526678844e+01 -2.903225274930919753e+01 -5.993393086671298775e+00 2.069221214307132684e+01 5.801857735861393195e+00 -2.998209376007525151e+01 -1.352566465825575293e+01 -2.214841806155202431e+00 -1.659978524082054463e+01 8.667714279866554961e+00 2.602703723972697780e+00 -1.708012327043159928e+01 5.035590638845621470e+03
-4.346415629818525161e+01 2.856477606806860692e+01 -3.393474581208516838e+01 6.657460603482144634e+00 1.669190153927769416e+01 3.158996006888288122e+01 -5.155047474711639666e+01 -1.190583440514894420e+01 6.381212940461326255e+00 -1.742737901969601566e+01 3.040983985523618927e+00 7.866255038175258285e+00 -2.299663161230143160e+01 8.921117598761582485e+03
-3.998392983948078694e+01 1.679827832887021799e+01 -1.822375160330921773e+01 -1.257239341577144787e+00 2.755326614478354941e+01 2.173103399673151515e+01 -3.976642028944454665e+01 -1.187644693180399891e+01 -7.694641573777530219e+00 -1.767780220166023497e+01 1.152482088003159877e+00 6.208084687681493463e+00 -2.660366176180308528e+01 6.287756610875863771e+03
-4.150390902416909711e+01 1.033462907911363793e+01 -1.087825988985985681e+01 1.509589989770990925e+01 4.723560082805341409e+01 2.206337130083342757e+01 -4.268994488048921454e+01 -1.305938432247153358e+01 -2.990537416165089368e+01 -2.225725925840165331e+01 -3.488933234096358138e+00 1.153112185690511104e+01 -1.811756364339399994e+01 8.749677538176492817e+03
-4.305775777580385721e+01 1.564829389457971232e+01 -1.133212401816508930e+01 1.921699847163981900e+01 4.033877711470212546e+01 2.287339267360820116e+01 -4.609473862807365663e+01 -9.946760519462717554e+00 -1.623991280119680525e+01 -1.925683336803540158e+01 -3.174837261037096514e+00 1.443945759484714131e+01 -1.987779836477674777e+01 8.218886471298614197e+03
-4.294441847960772662e+01 2.353837423831860320e+01 -1.119236432614031251e+01 1.419325522603562639e+01 1.509349081326865338e+01 9.737374369651512040e+00 -3.861416561857689800e+01 3.415589173280278779e+00 -6.982345673646586093e+00 -2.606914834262930825e+01 1.896969815972212459e+01 -2.747038752413077045e+00 -1.653423481185536303e+01 5.919475851227844942e+03
-4.133772607797504151e+01 1.695848029602066731e+01 -2.771950286346124059e+00 7.936130867388035526e+00 1.026097310986236444e+01 -3.051241730925419393e+00 -3.398943675230439254e+01 -1.041478735724574634e+01 -1.738896652603380488e+01 -1.062890948748137809e+01 -1.296976152914949942e+00 -1.542028466817607679e+01 -1.772144955450186643e+01 4.414277758918074142e+03
-4.785235924460579326e+01 2.305629441047415540e+01 2.749648280132161116e+00 1.362635526829843968e+01 1.253400845384125262e+01 1.107888537410958918e+01 -3.265525312418636616e+01 -5.899560869204577784e+00 -1.744480131519597421e+01 -1.579231653880405517e+01 8.486951761419708973e+00 -1.634764255005990918e+01 -1.670953884693660640e+01 5.567893375098270553e+03
-5.679269949643119020e+01 2.703406345526162013e+01 -2.546232910515363379e+00 2.961426694048682506e+01 4.705838498920727808e+00 2.311304973432450893e+01 -5.344671826962343175e+01 2.900110828047118172e+00 -2.562868472696907318e+01 -9.047677794719771072e+00 1.054450843027776408e+01 -2.615788517564401872e+01 7.952721471483758187e+00 9.858417080071605596e+03
-6.147875257660994208e+01 2.623911734635103343e+01 -9.262489935454658152e+00 1.981128987763157312e+01 1.139359915006066259e+01 -5.825294004074328846e+00 -3.876592073703572083e+01 -2.533233995059228505e+01 -3.173184509206018689e+01 -2.544886118602487457e+01 -3.266836898756832586e+00 -1.830694036118010359e+01 -1.085240145904191245e+01 9.372826868451395057e+03
-6.212633093610890711e+01 2.402947741399040638e+01 1.874441939488643433e-02 1.818663476333451356e+01 1.227506098364280263e+01 -1.419199302835733612e+01 -2.842331762892171199e+01 -2.592823777510706407e+01 -1.932563627860801603e+01 -1.763511359382338739e+01 -1.227974977668405288e+01 -1.851371714891237019e+01 -1.557402077996593448e+01 8.020676652709556947e+03
-6.529996965221911864e+01 2.101987828114537393e+01 -8.010493346182743224e+00 1.627186919672491783e+01 8.067076481399119814e+00 -1.913647238370395698e+01 -1.696551108971367583e+01 -2.965429234675065828e+01 -3.421945188281311090e+01 -2.278746017647323185e+01 -1.403553578797596302e+01 -1.981091737536452513e+01 -1.567334852415106106e+01 9.158712764233323469e+03
-7.131690383959046642e+01 2.197855085423928756e+01 -1.574778577205470320e+01 3.052099828240901047e+01 2.865476510792202092e+01 -5.764672076778823318e+00 1.498748629477634253e+01 -3.147875904169571726e+01 -1.921905755649341430e+01 -2.555602189191022333e+01 -2.554098949733605295e+01 -1.473106747862830446e+01 -2.052886540000656268e+01 1.113180882405346347e+04
-7.028426416152026945e+01 2.384853533944241377e+01 -1.778482203226506186e+01 2.874401533245737994e+01 2.938864661192358341e+01 -6.831462028685573173e+00 1.112414071593319420e+01 -2.472766723036761860e+01 -1.486475653269602404e+01 -2.418944285496368707e+01 -5.685102024593344794e+00 -8.620762150938084289e+00 -2.096614174865795022e+01 9.649021352496241889e+03
-6.910777486652993673e+01 1.439519396562477738e+01 -7.548391361234750185e+00 2.222727715234483625e+01 2.050865911252410712e+01 2.945157686042594758e+00 1.811753674841090733e+00 -1.202306988420393274e+01 -1.465131179951259455e+01 -1.318783145195979856e+01 -2.172964144626940541e+00 -6.972685437139401365e+00 -8.229898946075969945e+00 6.620903119162174335e+03
-7.260919784448569203e+01 1.166049585965631685e+01 -2.254858737708939742e+01 2.247604369509443245e+01 1.438850785735004045e+01 1.677981297822193341e+01 2.066048950221099290e+01 -1.230352882003125536e+01 4.090520513456802343e-01 -1.548021808951349065e+01 -1.517402732380782604e+00 -2.126179462532938302e+01 -1.675017927750009150e+01 8.463237441290122661e+03
-6.409512331966644183e+01 -2.720617457915521786e+00 -1.730571906638739677e+01 2.550290091616220778e+01 3.170011959230762399e-01 4.249057637934860310e+01 -1.977813920736247510e+01 1.268679452999257551e+00 -1.222549430197564391e+01 -4.107381652416193241e+00 2.704861482857762733e-01 5.881984129495203995e+00 -2.170178039960885741e+01 7.935777836662759910e+03
-5.590855232765179750e+01 -8.705365474622636768e+00 -9.510826469480427647e+00 2.767988873502221736e+01 -2.506823310859668652e+01 4.070737532037377093e+01 -4.361165245680623315e+01 2.179582361802909674e+01 -1.896925515307302490e+01 -1.815570050715459516e+01 -1.433399783394713189e+01 1.350455521403125125e+01 -2.279663174319715324e+01 1.031770757203375979e+04
-5.345557734734553179e+01 8.467320916264734265e+00 1.212320532521467520e+01 2.932364758468026622e+01 -2.534927197490996775e+01 2.994616606015140192e+01 -5.585571544320753645e+01 -1.509102678370309469e+01 -2.157929058145690249e+01 -3.784660896955958975e+01 7.534680886303524172e-01 -1.853059268337286625e+01 -8.406221653306602093e+00 1.113564791081990916e+04
-5.222817243395250841e+01 1.629118393468717230e+01 8.099991244783639743e+00 1.113393443466606492e+01 -1.909251039104854186e+01 1.208407595626983166e+01 -2.767439749348222477e+01 -5.024107158578456911e+00 -6.353401363607245500e+00 -2.953623230198438065e+01 4.846485753914042682e+00 -1.179264408283005139e+01 -1.710347984008761868e+00 5.562656694400304332e+03
-5.726675378439691144e+01 2.862984543873027121e+01 1.234215690947721455e+01 3.048626848037608994e+01 -2.459506843384417607e+01 1.655900671603552921e+00 -3.704277620649448721e+01 -1.833963792714917274e+00 -6.395349081182297724e+00 -3.059484287077919618e+01 1.048185807522033564e+01 -1.612366312113358546e+01 8.859264071154697717e+00 8.589353953654335783e+03
-5.775076072899999247e+01 2.849197296066997609e+01 6.012102572587418869e+00 1.562183383838736539e+01 -1.835898478168497050e+01 -1.372008098014275390e+01 -2.325571495234242292e+01 -1.494539562667416810e+01 -9.835942679197688943e-01 -2.571813284982223990e+01 4.412617977432018890e+00 -1.382479153597791033e+01 -1.145620126185919574e+01 6.720846451230700040e+03
-5.837346770730469103e+01 3.198204630105312418e+01 3.911931101090139418e+00 3.025879934494706269e+00 -1.416971047895064650e+01 -3.163242760369873707e+01 -2.282344561002590311e+01 -1.517371582120503071e+01 -8.285648240394140274e+00 -2.352828940475651720e+00 3.089664599394297717e+00 -4.654545834264587789e+00 1.804859517128058477e-01 6.512745834818600088e+03
-5.733564406123955592e+01 3.165184526880301874e+01 4.826656297340075952e+00 9.613927645342505102e+00 -2.695713237709458365e+00 -2.308148203977879476e+01 -2.149108497774688686e+01 -4.131095677292962343e+00 -4.491940694427929426e-01 -7.045464585653486544e+00 9.250381017271829265e+00 4.675294900162353606e+00 -3.446985118421967975e+00 5.593043956962745142e+03
-6.366765491528153120e+01 3.678144399741420045e+01 -5.237504684291989676e+00 1.573673865659296212e+01 -1.066096128712448099e+01 -4.093923191277928453e+01 -2.239335511983634674e+01 -1.782191734246749704e+01 -8.275588871589638629e+00 -1.401164341676757275e+01 -1.886505067916459222e+00 -6.550911710725856985e+00 -1.335606068212509712e+01 8.779950425236744195e+03
-5.337731964449844924e+01 2.461561105911541603e+01 4.930275985230387903e+00 -6.190519403003137411e-01 -1.074887900245904682e+01 -2.342982078502661025e+01 -1.676243505213080098e+01 -7.632626895881177376e+00 -7.199696942333491556e+00 -5.772378286445738915e+00 -3.163037648540460101e+00 -4.930756672245388827e+00 -5.319863017665205973e+00 4.631262629073511562e+03
-5.976091525902428714e+01 3.346405288756776741e+01 4.387134610242751087e+00 6.957913353659757938e+00 -1.193743481121192040e+01 -3.008306604189952083e+01 -1.091152182199797949e+01 -7.112788295835891894e+00 -6.194128302467893477e+00 -1.340039681370668312e+00 2.980163479045829789e+00 -6.082060679472022002e+00 -1.554404639979746960e+01 6.303668761474938037e+03
-6.011581684580591656e+01 2.962963756149645889e+01 2.847853186510153733e+00 5.243175019864442454e+00 -4.741478952830670224e+00 -2.816872761172820461e+01 -2.763726124331636314e+01 -1.587184313506336331e+01 -5.798459097191202005e+00 -1.317295370827598733e+00 3.323947293534820435e+00 -1.186389740627265077e+01 -2.246800948632592565e+01 7.051089993134416545e+03
-6.349099960375617968e+01 3.386993841411722173e+01 -4.545671702765376132e+00 1.258624387298029035e+01 -1.695899881675608611e+01 -4.052185693086293838e+01 -1.347794667572836502e+01 -2.057602069227733210e+01 -8.874431974673488099e+00 6.931301356856332418e+00 1.819690707479115233e+01 8.191982764780318949e-01 -2.044360593052421748e+01 8.768550646754578338e+03
-6.443200350990609593e+01 3.555736115084030047e+01 -2.264308716754940942e+00 9.654803736892956678e+00 -1.682162487082684521e+01 -4.532264426125917822e+01 -2.035399785739005551e+01 -2.899900954319750923e+01 -1.455926650782214082e+01 -9.474394606399433982e+00 -1.668400448844339079e-01 -1.522773435130705444e+01 -2.792543532908851134e+01 1.041996632866432265e+04
-6.333223010144700282e+01 3.519191166591744491e+01 -2.238331108576448347e+00 1.494858326561097428e+01 -1.187102266624433966e+01 -3.948679848411659776e+01 -1.675713670401413324e+01 -2.540036790616675333e+01 -1.537336011658181434e+01 -1.696619510767337413e+00 1.090843878894362362e+01 -6.528683111075029188e+00 -2.009095420678562505e+01 8.908503938032803489e+03
-5.645587041918274451e+01 2.193854461919279686e+01 3.057138754025622074e+00 -1.802439445167606902e+00 -9.673140681887074876e+00 -1.900050870351132204e+01 -1.498131372553877050e+01 -3.460246840779081623e+00 2.951311604408179967e+00 8.952578305990266827e+00 1.647854611836129024e+01 8.028818802542707189e+00 1.564550927789760681e+00 4.799473112552527709e+03
-5.977232850481150450e+01 2.762201181006294348e+01 6.470348820881399732e+00 7.749837143560652564e+00 -8.008331163745955550e+00 -3.006873456529068989e+01 -2.198585230637749532e+01 -1.001377403112189768e+01 -8.074816068803533753e+00 1.755305554628919129e+00 1.159434001318881258e+01 -5.893710003712845591e+00 -1.176468208684066319e+01 6.365403753997144122e+03
-6.445995636461216804e+01 3.529979426131844633e+01 -1.173483804561926025e+00 2.143833473810766677e+01 -1.148705168193054149e+01 -3.427919718401240345e+01 -2.055069258390113873e+01 -2.384739586191885863e+01 4.690852282642842042e+00 5.334678749067042425e+00 1.844492373061082091e+01 -1.024583701057648710e+01 -1.412219447972688080e+01 8.855277337890562194e+03
-5.795397065797836689e+01 2.084201878277754716e+01 4.446461405717743176e+00 2.668661592294010010e+00 -1.067691662188356005e+01 -2.419729794881498819e+01 -1.669413244289370724e+01 -9.615821958090656096e+00 -7.221387810531092022e+00 3.751694982133960132e-01 3.411845857152552508e+00 -4.459802500514637558e+00 -1.790331389104189208e+00 4.977634113260999584e+03
-6.457138725838331084e+01 2.896854061883410836e+01 9.314176651904105819e-01 1.528762917128895538e+01 -1.046192940929789650e+00 -2.663185860205648581e+01 -8.828211095861284718e+00 -7.560510258762979774e+00 6.788261199259685297e-01 3.736784746101368793e+00 4.924677816251518792e+00 -6.198845321408883891e+00 -1.269964658945411351e+01 6.327052104948007582e+03
-7.092034152945780079e+01 2.660263482404051771e+01 -1.269950307770469777e+01 1.611876564558735225e+01 1.079802808614802778e+01 -2.362391993426818004e+01 2.847433455736518404e+00 -2.518251183565196527e+01 1.508408211176784031e+00 -1.325225655407628045e+00 -7.471896204943264230e+00 -1.017846635124316279e+01 -2.831312877657611793e+01 8.440535979490856334e+03
-6.872061345167813329e+01 1.629162298824396871e+01 -1.145521495432757852e+01 1.491374299347742394e+01 7.189379068459535560e+00 -1.862319164378095948e+01 5.156373896674872892e-01 2.786178114555662777e+00 -7.515258576190949391e+00 -1.720945300024024904e+00 7.426180426341562335e-02 -1.084672646815059949e+01 -1.240988839766254870e+01 6.079223565411617528e+03
-7.293722332296377431e+01 2.067401505688426866e+01 -2.051265536804142542e+01 1.565553748782554955e+01 1.112557306193398432e+01 -3.640568020812133909e+01 -3.021594929441905997e+00 -1.650442929833348060e+01 -5.871756065555100434e+00 -3.934988906297054445e+00 6.355902173992706850e+00 -2.726008797312216458e+00 -2.907349092135007851e+01 9.086854626418944463e+03
-7.373525453861429924e+01 1.223377783267660135e+01 -2.545555328068335399e+01 1.122705674578786095e+01 -3.674181004700564301e+00 -3.747952822248637261e+01 -8.853932524136050475e+00 -1.732469756588551846e+01 4.002002255046493984e-01 -6.939741304676544154e+00 -2.446700651281996208e+00 -9.398777919602210318e+00 -2.421501275222176730e+01 8.886347369304765380e+03
-7.470273202431353354e+01 9.193962827104114055e+00 -2.697790084660022103e+01 1.251006344432029493e+01 2.216781404372039521e+00 -2.170189891581608066e+01 6.569843143627668525e+00 -5.809444765479798711e+00 5.896875233320055365e+00 -6.113170195288809339e+00 -5.258758459707903121e+00 -1.819818746944639543e+01 -2.500693629601489576e+01 8.158454387572107407e+03
-7.708320735309014538e+01 8.593938671154752740e+00 -3.037355442543884720e+01 7.543667719439690167e+00 1.191611427439442039e+01 -1.829639466603381948e+01 1.909128000880036780e+01 -6.221445612571523398e+00 -1.348224343863887675e+00 -1.845817344956436346e+00 -8.708134177183650237e+00 -1.128598826276896716e+01 -3.094163052394695868e+01 9.040885945827743853e+03
-7.827916591943730396e+01 4.450389253498502562e+00 -2.892174946504172794e+01 6.057219460082696294e+00 4.885217527497983880e+00 -1.458475203026205058e+01 1.237898506758050665e+01 -5.023931665694011173e+00 -5.120002122012457413e+00 -1.297799472661345277e+01 9.262927283676916090e+00 1.674896976520169556e+00 -1.631491893324347942e+01 7.985077234413213773e+03
-7.763117280764036821e+01 2.094363731507678850e+00 -3.488035322067812416e+01 4.091358811902032322e+00 5.982461032574738269e+00 -1.551884092556249506e+01 1.040605084216813658e+01 -8.161065972026962712e+00 -9.562199609588278859e-01 -1.268865081305508014e+01 2.258077648581785724e+00 -5.609918006204420493e+00 -1.533113770994534519e+01 8.149406858519377238e+03
-7.720092471067184192e+01 9.372597112091490823e-01 -3.718904033022771927e+01 8.116316956187313636e+00 3.448222248610417040e+00 -1.040008211188431986e+01 1.022370711339864435e+01 -5.046393812182125238e+00 -5.674526256653502188e+00 -2.648302189946919327e+01 6.919163888494789028e+00 -8.240415855438847359e+00 -1.419289734584162765e+01 8.710571090444844231e+03
-7.581507351085190294e+01 1.518029632325452072e+00 -3.108479400116745239e+01 1.128735462568486803e+01 1.176939908521414146e+01 -7.387621695905797203e+00 9.219086749392703117e-01 -6.498396982054775783e+00 -1.196141219946741785e+01 -2.078112474303202006e+01 1.349487281215432599e+00 -1.218735630673477210e+01 -1.703958170857755405e+01 8.095704007915433067e+03
-7.171053861461422230e+01 1.587572502222824511e+01 -2.098058718542830903e+01 1.902588882832721850e+01 6.985629105671527839e+00 -1.227338017166593787e+01 6.318201564798196834e+00 -1.018876074989602287e+01 -1.812899269729483009e+01 -3.232905552337909683e+01 -4.361552471771596551e+00 -1.269738084355515895e+01 -6.337972494931751299e+00 8.134019592054101849e+03
-6.568757979437825156e+01 3.300268956989746982e+01 -1.553071251518972185e+00 3.462401394609888428e+01 1.672891524889655201e+01 -6.202493126605020279e+00 3.142950728963072038e+00 -1.877618890147984487e+01 -1.442342873087824984e+01 -2.297279553103160055e+01 -1.500843269877800479e+00 -1.544955703074366404e+01 -1.221441390665754767e+01 8.411938846396262306e+03
-5.819674848597401251e+01 2.452324460498670788e+01 8.107280235804994462e+00 1.252042933115580858e+01 8.089098815964911537e+00 -4.896420746232153398e+00 -9.936127813842443146e+00 -1.066436874363276388e+01 -9.228480275518897713e+00 -1.094584564155734441e+01 -6.725229046096059093e+00 -1.000327757791859185e+01 -2.953930596850549595e+00 4.871600415164625701e+03
-6.083494763615642142e+01 2.396958989463513845e+01 9.109350482295635487e+00 1.976100729642690368e+01 9.997881851938839048e+00 -4.082128705473751396e+00 -1.617037537260829438e+01 -1.614449103891262638e+01 -1.566389614303002986e+01 -2.063547183620066860e+01 -1.284151509349294074e+01 -2.907027825027101997e+01 -1.807584540785016358e+01 7.395558931014940754e+03
-5.615698457073390415e+01 2.205995775915224755e+01 7.066353065420445390e+00 9.287444354348979303e+00 2.730820640806283173e+00 -6.140562934483096313e+00 -7.502016142690393075e+00 -7.693237154556110902e+00 -1.086345286674042931e+01 -8.172024583302587075e+00 -6.905552441746017678e+00 -1.334361555743620897e+01 -8.259212139714207979e+00 4.415818569156716876e+03
-6.463475105372616270e+01 3.106341197755545380e+01 -4.783757535653002435e+00 3.512028462140317231e+01 2.029070268083124162e+01 -3.009359331106144619e+00 -4.524385644025204378e+00 -1.379179228323772755e+01 -1.111211279033659238e+01 -2.456153000678548537e+01 3.939265861309296124e+00 -2.529783485549317845e+01 -2.123933062601144428e+01 8.863713030500517561e+03
-5.834631334829160920e+01 2.385429670294899296e+01 6.378224265622514544e+00 1.463045635876045125e+01 1.032212536331277697e+01 -6.299767870386074442e+00 -4.775887011747989241e+00 -4.800313998350072886e+00 -1.638481177821802248e+01 -1.512854565202885482e+01 -4.037822722453281443e+00 -1.356521650969260406e+01 -1.116709681077161065e+01 5.242495322073051284e+03
-6.203198109405916938e+01 2.558002832696238826e+01 6.157468728774802891e+00 2.440957890360299842e+01 1.905170532776512005e+01 -8.622491805976739698e+00 -1.511688339755871802e+01 -8.403360936464535413e+00 -1.257379066007217361e+01 -1.298276443519278622e+01 -1.057546692477857597e+01 -2.097574488896538014e+01 -1.273351317545952099e+01 6.913115086639654692e+03
-6.358646688778363654e+01 2.173923740181620090e+01 1.381553813101429551e+00 3.045530615389116136e+01 2.270715433208627232e+01 1.042868601142327201e+01 -1.618814864451085711e+01 -7.232828749978043037e-01 -2.049486094597855157e+01 -1.604279018051815697e+01 2.826754140596989817e+00 -2.201612505635243267e+01 -1.566248583043161702e+01 7.747643428217477776e+03
-6.166671723583370124e+01 2.231021737365947999e+01 3.450406218064206776e+00 1.827563078169735533e+01 1.116743069320320281e+01 -2.258275510121556806e+00 -3.472847460413606591e+00 -1.027039664400566998e+01 -1.594793664502214448e+01 -1.319680939287425936e+01 -5.221531661013468550e+00 -1.574519937525145430e+01 -1.749510164365330311e+01 5.903533569879042261e+03
-6.799134453913441689e+01 2.632013167354463690e+01 -5.654417703897599345e+00 3.363651000632226840e+01 2.022139688815957470e+01 8.978132751636463738e+00 8.258169662223080465e+00 1.603144218839227531e+00 -1.263597895338146238e+01 -3.129868196858820184e+01 -5.697723670543443752e+00 -1.178202474060354987e+01 -1.621647306691101686e+00 8.352424064981007177e+03
-6.703099610103679140e+01 2.002882262228408905e+01 -4.864339555107999313e-01 2.038692857018144622e+01 1.217626962880905239e+01 1.604634605792128355e+01 -6.364479453244178409e+00 1.347893349149996389e+01 -3.447094649685854506e+01 -4.443640237262224346e+00 -1.300714979087026713e+01 -2.466726172500591474e+01 -9.601240918220250720e+00 8.015942323923239201e+03
-6.648405312422258362e+01 8.421102895572373015e+00 3.060459579691232612e+00 1.884517163004684193e+01 1.065503171131595295e+01 2.056920423086386762e+01 -2.543727284998191962e+01 1.716237941455594296e+01 -4.451674139565735544e+01 6.431604265585218805e+00 -8.994909129268148007e+00 -1.408511357104551109e+01 -1.095787787131624924e+01 8.756254880993505139e+03
-7.012201554133044112e+01 4.974626139470479380e+00 -1.165928600083332434e+01 9.509718186271989282e+00 8.404572797560899033e+00 1.447005677724030903e+01 -1.365922430422457090e+01 1.052623474273923421e+01 -4.666847287846208303e+01 -1.571307945582736210e+01 -1.607275062680956523e+01 -2.266350943139423180e+01 -2.185136862102392641e+01 9.419910582199325290e+03
-7.109933531114336347e+01 6.655280523594511166e+00 -1.882194092225391202e+01 1.811087199371191403e+01 1.876543558463506400e+01 1.768044022045753749e+01 -5.884069154504221189e-01 8.954798150293509451e+00 -3.421168260370829728e+01 -2.078038409267399445e+01 -1.163445457875275579e+01 -1.033977590075538444e+01 -1.693250265735429250e-01 8.371515316271941629e+03
-7.510360722057549765e+01 8.181255476785514347e+00 -2.303790140159098954e+01 1.427878735110335917e+01 1.772835171542718413e+01 3.798734874802507377e+00 6.719925130937261848e+00 -6.107035802752736053e+00 -1.191923059344126656e+01 -1.685621251485897787e+01 -1.415147851749422614e+01 -2.187476390222977685e+01 -2.077450763019134428e+01 8.389841314754796258e+03
-7.502345774905354858e+01 5.683763256423376653e+00 -2.545033570570169346e+01 9.561522989763837188e+00 1.025571779479676593e+01 -1.448793739916053980e+00 1.460198227162197959e+01 5.165086054823387229e+00 -1.403721104227605920e+01 -3.128089556119201475e+01 -7.557793112584437090e+00 -5.435104781553866005e+00 -9.769637630498229086e+00 8.104785578903557507e+03
-7.577548259748962778e+01 6.596545157485132371e+00 -3.331758013779583649e+01 6.969368971176008287e+00 5.255758985259872063e+00 -4.424662906690212338e+00 1.519879411798781454e+01 -1.143388235701049993e+01 -1.759053712990601070e+01 -2.237822506761982311e+01 -8.638610866933654764e-01 -1.486237551051934958e+01 -1.209674907290447265e+01 8.531188827357202172e+03
-7.791197421352951835e+01 2.324454628797847366e+00 -3.144341905970149398e+01 6.778488648760846225e+00 2.496705446076169732e+00 -5.914374751994008861e+00 1.307705266851747794e+01 -8.493014774550147195e+00 -1.253609117862439959e+01 -3.104855588809236266e+01 -1.556757832563425481e+01 -2.693064436486664803e+01 -2.856127252973004715e+01 1.029919109306777864e+04
-7.798777313774580477e+01 5.301911135339731018e+00 -3.129029611499890251e+01 7.689445972616769431e+00 1.557199822540470713e+01 -6.761460067067591062e+00 1.596470656289501555e+01 1.350071567287430829e+00 -4.383633012111847194e+00 -1.034921845442553945e+01 1.330884019166037113e+01 -6.350720899790063712e+00 -1.388800784773540364e+01 8.229968457023594965e+03
-7.920748748181374310e+01 2.651236858201977409e+00 -3.848254510432406761e+01 5.216805172645381461e+00 1.828154606297378493e+01 -1.234051320296864152e+00 2.611882592636613865e+01 -2.035421874123902075e+00 8.974756575094295030e+00 -3.759772508234125787e+00 -1.921729245592264990e+00 -9.771235350920651541e+00 -2.975249715348484258e+01 9.890113598407320751e+03
-7.800415620706817776e+01 8.241677215918533639e-01 -3.273279812094423136e+01 6.775129546961778715e+00 1.861240255232364760e+01 3.076426567434620729e+00 2.133617134078415845e+01 -4.820802620218558765e+00 -1.300893776750446662e+01 -1.587045029455008738e+01 -4.534664437359263722e+00 -6.119231436368724353e+00 -1.395925394379703555e+01 8.710996965784876011e+03
-8.092174211752973179e+01 2.251696711177193777e-01 -3.498597771032753201e+01 6.269494505757303493e+00 1.877132617710492823e+01 -7.154887533012795231e+00 3.014183905742747172e+01 1.164476423735589898e-02 -1.047083956921789216e+01 -2.190729709938342396e+01 -1.409498467532527677e+01 -7.035031548931648615e+00 -2.409945906514211345e+01 1.054230228245328180e+04
-7.939965976606646336e+01 5.038748044994235009e+00 -3.033653183677282428e+01 2.315667349677270170e+00 1.433340617450624777e+01 -8.939494521976302011e+00 2.912490317349952562e+01 -3.118657453162209103e-01 -7.104477018093494856e+00 -2.686754349958724752e+00 -7.569032533144297581e-01 -3.373918862031631605e+00 -1.575408344547530781e+01 8.706920390833673082e+03
-8.146074343924640004e+01 1.169405719277692990e+00 -3.653625168988632765e+01 -3.072501874193494853e+00 6.346531642463093092e+00 -2.333503429278274766e+01 1.295372368511094407e+01 -1.464971489886078970e+01 -1.785211832189551728e+01 -2.271649755214603772e+01 -1.971305034813826040e+01 -2.547794652859924724e+01 -3.214300587046188440e+01 1.185441390933344337e+04
-8.135186361670768918e+01 3.138483821006874397e+00 -3.491134792141997423e+01 -1.551475539501330436e+00 8.108010368139103363e+00 -2.085034168513325881e+01 2.036256348204368294e+01 2.675803805202731089e-01 -3.331871638081813636e+00 -4.755948508821247422e+00 -9.415259946277602765e+00 -7.271833843905151085e+00 -2.355642603060825380e+01 9.494519565459266232e+03
-8.370534493515461349e+01 -4.244017409280559150e+00 -4.224606901462069430e+01 -6.177442044223181661e+00 1.527610372083758250e+01 -1.716037794765240321e+01 2.600947465565650774e+01 -3.552816227108654523e+00 -1.660096831722555510e+00 -1.311834193241420143e+00 -4.217317957988177213e+00 -1.041445807041008997e+01 -2.948794793467430608e+01 1.106470339458264425e+04
-8.379921878516272216e+01 -7.613614607836420412e+00 -3.931260140336132025e+01 -3.766208679723894281e+00 1.700614055440450656e+01 1.362883307441335567e+00 2.692373138385871911e+01 1.777828006091557356e+01 1.034054634090312952e+01 7.256987820316711968e+00 3.765696181375046248e+00 -1.325735920299218940e+01 -2.388938791940259065e+01 1.089219364112328731e+04
-8.304339314190509924e+01 -3.851297294970079221e+00 -3.902282074572678994e+01 -5.533699826912100939e+00 1.438521598100408028e+01 -9.444286888430267979e+00 3.029500495501146418e+01 1.314907944172828813e+01 8.374320426703430797e+00 2.776277496106601905e+00 -8.258331754982677353e+00 -1.199294233304946644e+01 -1.634617908200199921e+01 1.040831985624748268e+04
-8.267784675423308727e+01 -1.158923305524847791e+00 -4.051107602150953113e+01 -7.058725558113957632e+00 9.910511136229654738e+00 -1.451503641948618295e+01 2.899517467049374631e+01 -3.320237436706898304e+00 -5.251667380039083177e+00 -2.681550073715469384e+00 -9.426784996593372767e+00 -8.715393749726034756e+00 -2.177488518079799107e+01 1.036232968740883734e+04
-8.287500513906483945e+01 -1.617004303401791354e+00 -3.954276830673574494e+01 -8.625661048104412032e+00 8.510298706077179531e+00 -1.647853765457725927e+01 2.360357687488006917e+01 -1.981873200610998254e+00 1.032990132932325089e+01 3.700482089595313884e+00 -8.651919654369701007e+00 5.027569764008938957e-01 -1.664850963201839562e+01 9.886619563985233981e+03
-8.488943618428281468e+01 -2.813621108472824428e+00 -3.804388677404998731e+01 -1.271704390234461179e+01 2.824200302341726976e-02 -2.315356920801767515e+01 2.791288927012466203e+01 2.808488045136775746e+00 5.034904375334419591e+00 1.500308412448227458e+01 7.678178570149128968e-01 1.471723405931600670e+00 -9.829418042602474870e+00 1.049611469152188874e+04
-8.566975537208527669e+01 -6.977657016749049923e+00 -3.647799815116492539e+01 -3.399570281229128632e+00 3.453046154269113099e+00 -2.001662286625153442e+01 2.579286844633633891e+01 4.875491577732920412e+00 1.129829092842978788e+01 1.811034869985749296e+01 9.256663094130558322e-01 -2.042005195223920566e+01 -2.395212098540091006e+01 1.127900289717922351e+04
-8.645325740661100156e+01 -1.114231082090863367e+01 -4.389016064290449037e+01 -1.636079771065323030e+01 -7.421518131949498276e+00 -3.223933058126791451e+01 1.279006445720881935e+01 -1.157712208049229652e+01 -1.751522029219013632e+01 -8.336392594697427327e+00 -2.089137690702598249e+01 -2.080716222154559603e+01 -2.195794035375253728e+01 1.291222473857062687e+04
-8.589032616258225517e+01 -9.073031523497931516e+00 -3.473651471372431843e+01 -8.908063993101052347e+00 4.004544355353416130e+00 -1.463323178953937997e+01 1.419294676435815639e+01 3.884593072069316033e+00 4.906779982188794742e-01 1.684764800705654819e+00 1.842778566822246278e+00 -7.673857474430402448e+00 -1.197150450485256989e+01 9.400824776020521313e+03
-8.715354193312948894e+01 -1.072861205906414028e+01 -3.632136205323691058e+01 -9.144245441876433844e+00 1.251500559649103650e+01 -1.265127289543933742e+01 1.722753411448084293e+01 1.133999218425484301e+01 5.437117028086010606e+00 -6.875402600288975652e-01 -3.706133530542373156e-01 -6.612200830758771630e+00 -1.878255119073796209e+01 1.028244271616959668e+04
-8.915882702960684014e+01 -1.231866108756463341e+01 -3.954684297037712071e+01 -9.692461692519096061e+00 7.061722137717340253e+00 -1.946973910933174423e+01 1.845462913729629051e+01 1.545607726028575213e+00 -9.848147764347489286e+00 -1.635139691813242591e+00 -7.340078177563518658e+00 -1.576774659566389936e+01 -2.251977288329825555e+01 1.144014179851723384e+04
-8.780355738064936588e+01 -1.376252519249096729e+01 -3.721286240834088233e+01 -1.055441940703127379e+01 1.134478608118809628e+00 -2.217679085435421982e+01 1.479654138925937268e+01 -2.209197412506681335e+00 -1.381080604250589339e+01 -8.961471943160111309e+00 -5.934614121545544130e+00 -3.772172639036601716e+00 2.050131910020980719e+00 1.043667828558469773e+04
-8.813905806764773843e+01 -1.305355862099044906e+01 -3.183757828752579400e+01 -2.085112151508113687e+00 8.275529028473179949e+00 -1.459764345373942618e+01 5.129795440883944124e+00 -2.470398351061571171e-02 -5.645622049456692437e+00 -1.866921012019416848e+00 -3.014192533805604590e+00 -4.127304776534936437e+00 -6.921957836972125300e+00 9.374150964314740122e+03
-8.829817203654373259e+01 -1.542029499177858654e+01 -4.184269912488941401e+01 -1.155816323633803400e+01 1.013271095088721552e+01 -8.268468363713113334e+00 1.377762622686723404e+01 -7.502982513004718079e+00 -1.183128792425242537e+01 -2.606785902223980766e+00 3.474192595992376287e+00 3.446444967857123398e+00 -3.922552168079501023e+00 1.052202154072448684e+04
-8.763046995597530042e+01 -1.167654527608282855e+01 -4.127943079587353026e+01 -1.192287261813300248e+01 7.165165702438756057e+00 -1.707158607110870818e+01 1.053631916474957286e+01 -8.110827392412463865e+00 -1.084631942477423294e+01 -3.850034884783015698e+00 -3.162392119821751724e+00 -1.565254490640790763e+01 -1.654829144893076176e+01 1.084247971517035876e+04
-8.713326685472576116e+01 -8.087080234484185226e+00 -3.680305136651011111e+01 -1.134523059633909092e+01 6.098543048555297830e+00 -1.796647249461915408e+01 1.307047350793697937e+01 -4.115131902601099512e+00 -2.752956581114240464e+00 -1.342948278991501887e+01 -1.422316549630173377e+01 -1.352950479924805194e+01 -2.251950164332013671e+01 1.076894752523208808e+04
-8.727193268429495276e+01 -9.333504106698686797e+00 -3.680815017343444140e+01 -9.031649192950432337e+00 6.189808712316227535e+00 -1.706655401112111647e+01 1.306651565457852726e+01 -3.602809037247740598e+00 1.345084585128608445e+01 1.159437648478968619e+01 5.893543253028146189e+00 9.011123364592121376e+00 -1.060439137897795270e+01 1.019695233478814953e+04
-8.633411841720005953e+01 -5.561175015192082682e+00 -3.030656128676506711e+01 -6.273258281486664423e+00 2.796048986540915937e+00 -1.776701758555403643e+01 1.385588266862809803e+01 6.817968819666516467e+00 3.824640298011606987e+00 -4.980676491772814352e+00 -7.355449176085240737e+00 -1.039415290075599785e+01 -2.052381386651725137e+01 9.627106078551250903e+03
-8.698233740023053429e+01 -9.039754919877886152e+00 -3.268009148566891753e+01 -2.139182589503379361e+01 -7.781201754675981519e+00 -1.035653806603774107e+01 2.106922969293326275e+01 1.710479396489198933e+01 1.825260726178962623e+00 -7.774992718807394176e+00 8.154960457779333538e+00 -4.395366040095716187e-01 -1.105198988433524576e+01 1.033015932254307518e+04
-8.648240909153216194e+01 -6.394548606903764032e+00 -3.412306011212079682e+01 -1.676343115929393690e+01 -5.479804223252215500e+00 -1.365935806558031373e+01 2.256291492436679391e+01 7.914759843517540361e+00 -1.251332647834509082e+01 -1.800652006219227985e+01 -4.818758540526277834e+00 3.218142624365966764e+00 -9.738663244760729754e+00 1.036306460208394856e+04
-8.808088096084128438e+01 -8.860522290429354797e+00 -3.777807968152156803e+01 -2.016377789146309141e+01 8.194973995467029759e-01 -1.883096509268031582e+01 2.487520569759821498e+01 1.067733913496063813e+01 -1.939541391246967805e+01 -1.901494841498877975e+01 -5.812407361494783764e+00 -3.615672471250772624e+00 -1.481555885129543704e+01 1.176267823607935497e+04
-8.743031841583324137e+01 -7.535330238446015905e+00 -3.491206421956330530e+01 -1.354961488410219417e+01 1.423703661750333005e+01 -5.960821267676593926e+00 2.387442220981422025e+01 -6.172061687393116669e-01 -1.391081321444566399e+01 -2.091071809380619229e+01 -1.245593982868096639e+01 3.083332659215042515e+00 -3.316779504501554232e+00 1.071830691188575292e+04
-8.687087723538124351e+01 -6.304503368858583201e+00 -3.393032875385335245e+01 -1.216552542310044771e+01 7.207067778635847688e+00 -9.687119832835419331e+00 1.819329981530449203e+01 -8.107641555187644400e+00 -8.491913504568140425e+00 -1.408850299434572229e+01 -9.705167734922214962e+00 2.649647440685635846e+00 -8.045025249697864922e+00 9.864607274097765185e+03
-8.557087208677043577e+01 -2.348213917712500542e+00 -3.107184028554392086e+01 -9.647614303250803047e+00 7.958550403465526557e+00 -1.341799106130971353e+01 2.755337221497036637e+01 3.942182908495535543e+00 3.652672283984555790e+00 -1.203777651053179465e+00 -5.329421957390453102e+00 2.893189949155725582e+00 -1.265163321045355183e+01 9.616162318736054658e+03
-8.760563165521462281e+01 -7.650805228468369634e+00 -3.512914976826402835e+01 -1.592353280528617177e+01 -6.885872365057580380e-01 -1.880475144769885887e+01 2.960230058756453886e+01 6.990936243800605965e+00 -7.204096028319531442e+00 -1.471075353934946328e+01 -7.705132048192179894e+00 -2.430892802970412436e+00 -1.254137916059869085e+01 1.099102955805891543e+04
-8.731034007342688597e+01 -6.045020328962779743e+00 -3.198963160581304521e+01 -1.221966717701124239e+01 1.637774484089558946e+00 -1.990736693461292006e+01 1.563962570891796489e+01 -8.395922031430146149e+00 -1.336057907748613083e+01 -1.351778825154872443e+01 -4.244991196345913487e+00 6.309225992503900926e+00 -1.274958971919794415e+01 1.012798350669942920e+04
-8.846396846719531482e+01 -7.770112217800782872e+00 -3.187767035092187484e+01 -7.974991068216191081e+00 1.382322967426115135e+01 -1.051280261682910933e+01 2.567306028360189174e+01 -2.399949375410583841e-01 -2.957798193878624193e+00 -4.064715031854118088e+00 -1.065633207090345991e+01 -4.611218164819113952e+00 -1.701824008905763108e+01 1.037651075010922432e+04
-8.776483148196312811e+01 -7.430225134146002830e+00 -3.471188636949501216e+01 -1.416152962314886388e+01 2.344721302481342029e+00 -1.777013883942419170e+01 1.378884332869660945e+01 -1.122477772337472812e+00 -5.504282322380672277e+00 -8.448043555630113666e-01 8.331238003790975011e-02 -2.595896665515518897e+00 -1.006248847771060184e+01 9.815015689347404987e+03
-8.708108566860245503e+01 -8.009498169010848656e+00 -3.281330518314045719e+01 -9.504391926199023288e+00 7.045110022101527036e+00 -1.379953951446363547e+01 2.046303204355291427e+01 8.438246536070671766e+00 3.028002903981317218e+00 1.841002326572122261e+00 -3.420390499058179934e+00 -8.638028399455928152e+00 -1.313263349257785784e+01 9.815653315523513811e+03
-8.808796150715981810e+01 -9.147176551512879783e+00 -3.174222972112611885e+01 -1.268882467789551605e+01 1.854715594341958540e-01 -1.613802811846231933e+01 1.707556934632028245e+01 9.408082403728327492e+00 2.319272923734370551e+00 1.576578847296650432e+00 1.148181286299342396e+01 3.813297046806627844e+00 -1.957765618125492324e+00 9.810363389954514787e+03
-8.701060291335825525e+01 -7.174866326681484274e+00 -2.841652587809884878e+01 -3.974892623748384146e+00 7.527197501185818318e+00 -8.951267919814537066e+00 1.101383327134054646e+01 1.994836901405254492e+00 2.294118940059966416e+00 8.202124767658702353e+00 1.648621788158785151e+01 -4.406468852977606154e+00 -1.071836479599836878e+01 9.186323761796031249e+03
-8.789570310262355690e+01 -7.711143682951044021e+00 -3.632436728586370833e+01 -1.594068571093297493e+01 2.015706411918393837e+00 -1.963448915607403933e+01 2.431537696602722676e+01 6.249802781490206627e+00 4.143290562307046621e+00 1.530598585232098863e+01 1.868263019601111807e+01 1.322137047326163639e+01 -7.645455106269973378e+00 1.121229366063258567e+04
-8.927983576705847213e+01 -8.849550471306057986e+00 -3.206771253374093078e+01 -1.784843888100130016e+01 2.523053465526345907e+00 -1.461958053808313807e+01 2.082522311016031580e+01 3.221240130968002546e+00 -1.547129544785857469e+01 -3.834020125649658439e+00 1.392218529588992615e+00 -2.417409874912776147e+00 -1.397398853618340198e+01 1.051738800694698512e+04
-1.097315985319995661e+02 -3.319955541615523487e+01 -1.904588444773069611e+01 -6.558406789383759872e+00 9.281856667690727036e+00 -1.049983504345259533e+01 1.745611998353933325e+00 -1.266109172456171272e+01 -2.859108599383199500e+00 5.692959700902128439e+00 1.216993935812245908e+01 7.915975643610238421e+00 1.161584164596116409e-01 1.416011029356295694e+04
